X Y Value
0 0 0.0
0 1 0.0
0 2 0.0
0 3 0.0
0 4 0.0
0 5 0.0
0 6 0.0
0 7 6.21886679809e-06
0 8 0.0
0 9 0.0
0 10 0.0
0 11 0.0
0 12 0.0
0 13 0.0
0 14 0.0
0 15 0.0
0 16 0.0
0 17 0.0
0 18 0.0
0 19 0.0
0 20 0.0
0 21 0.0
0 22 0.0
0 23 0.0
0 24 0.0
0 25 6.21886679809e-06
0 26 0.0
0 27 0.0
0 28 0.0
0 29 0.0
0 30 0.0
0 31 6.21886679809e-06
0 32 0.0
0 33 0.0
0 34 0.0
0 35 6.21886679809e-06
0 36 0.0
0 37 0.0
0 38 0.0
0 39 0.0
0 40 0.0
0 41 0.0
0 42 0.0
0 43 0.0
0 44 0.0
0 45 0.0
0 46 0.0
0 47 0.0
0 48 0.0
0 49 0.0
0 50 0.0
0 51 0.0
0 52 0.0
0 53 0.0
0 54 0.0
0 55 0.0
0 56 0.0
0 57 0.0
0 58 0.0
0 59 0.0
0 60 0.0
0 61 0.0
0 62 0.0
0 63 0.0
0 64 0.0
0 65 0.0
0 66 0.0
0 67 0.0
0 68 0.0
0 69 0.0
0 70 0.0
0 71 0.0
0 72 0.0
0 73 0.0
0 74 0.0
0 75 0.0
0 76 0.0
0 77 0.0
0 78 0.0
0 79 0.0
0 80 0.0
0 81 0.0
0 82 0.0
0 83 0.0
0 84 0.0
0 85 6.21886679809e-06
0 86 0.0
0 87 0.0
0 88 0.0
0 89 6.21886679809e-06
0 90 0.0
0 91 0.0
0 92 0.0
0 93 0.0
0 94 0.0
0 95 6.21886679809e-06
0 96 0.0
0 97 0.0
0 98 0.0
0 99 0.0
0 100 0.0
0 101 0.0
0 102 0.0
0 103 0.0
0 104 0.0
0 105 6.21886679809e-06
0 106 0.0
0 107 2.48754671924e-05
0 108 0.0
0 109 6.21886679809e-06
0 110 0.0
0 111 0.0
0 112 0.0
0 113 6.21886679809e-06
0 114 0.0
0 115 0.0
0 116 0.0
0 117 0.0
0 118 0.0
0 119 0.0
0 120 0.0
0 121 0.0
0 122 0.0
0 123 0.0
0 124 0.0
0 125 0.0
0 126 0.0
0 127 0.0
0 128 0.0
0 129 0.0
0 130 0.0
0 131 0.0
0 132 0.0
0 133 6.21886679809e-06
0 134 0.0
0 135 6.21886679809e-06
0 136 0.0
0 137 0.0
0 138 0.0
0 139 0.0
0 140 0.0
0 141 6.21886679809e-06
0 142 0.0
0 143 6.21886679809e-06
0 144 0.0
0 145 6.21886679809e-06
0 146 0.0
0 147 0.0
0 148 0.0
0 149 0.0
0 150 0.0
0 151 0.0
0 152 0.0
0 153 0.0
0 154 0.0
0 155 0.0
0 156 0.0
0 157 0.0
0 158 0.0
0 159 0.0
0 160 0.0
0 161 0.0
0 162 0.0
0 163 0.0
0 164 0.0
0 165 0.0
0 166 0.0
0 167 0.0
0 168 0.0
0 169 0.0
0 170 0.0
0 171 0.0
0 172 0.0
0 173 0.0
0 174 0.0
0 175 6.21886679809e-06
0 176 0.0
0 177 0.0
0 178 0.0
0 179 0.0
0 180 0.0
0 181 0.0
0 182 0.0
0 183 6.21886679809e-06
0 184 0.0
0 185 0.0
0 186 0.0
0 187 6.21886679809e-06
0 188 0.0
0 189 0.0
0 190 0.0
0 191 6.21886679809e-06
0 192 0.0
0 193 0.0
0 194 0.0
0 195 6.21886679809e-06
0 196 0.0
0 197 0.0
0 198 0.0
0 199 0.0
0 200 0.0
0 201 0.0
0 202 0.0
0 203 0.0
0 204 0.0
0 205 0.0
0 206 0.0
0 207 0.0
0 208 0.0
0 209 0.0
0 210 0.0
0 211 6.21886679809e-06
0 212 0.0
0 213 0.0
0 214 0.0
0 215 0.0
0 216 0.0
0 217 6.21886679809e-06
0 218 0.0
0 219 0.0
0 220 0.0
0 221 0.0
0 222 0.0
0 223 0.0
0 224 0.0
0 225 0.0
0 226 0.0
0 227 0.0
0 228 0.0
0 229 0.0
0 230 0.0
0 231 0.0
0 232 0.0
0 233 0.0
0 234 0.0
0 235 0.0
0 236 0.0
0 237 0.0
0 238 0.0
0 239 0.0
0 240 0.0
0 241 0.0
0 242 0.0
0 243 0.0
0 244 0.0
0 245 0.0
0 246 0.0
0 247 0.0
0 248 0.0
0 249 0.0
0 250 0.0
0 251 0.0
0 252 0.0
0 253 0.0
0 254 0.0
0 255 0.0
0 256 0.0
0 257 0.0
0 258 0.0
0 259 0.0
0 260 0.0
0 261 0.0
0 262 0.0
0 263 0.0
0 264 0.0
0 265 0.0
0 266 0.0
0 267 0.0
0 268 0.0
0 269 0.0
0 270 0.0
0 271 6.21886679809e-06
0 272 0.0
0 273 0.0
0 274 0.0
0 275 6.21886679809e-06
0 276 0.0
0 277 6.21886679809e-06
0 278 0.0
0 279 6.21886679809e-06
0 280 0.0
0 281 0.0
0 282 0.0
0 283 0.0
0 284 0.0
0 285 0.0
0 286 0.0
0 287 0.0
0 288 0.0
0 289 0.0
0 290 0.0
0 291 0.0
0 292 0.0
0 293 0.0
0 294 0.0
0 295 0.0
0 296 0.0
0 297 0.0
0 298 0.0
0 299 0.0
0 300 0.0
0 301 0.0
0 302 0.0
0 303 6.21886679809e-06
0 304 0.0
0 305 0.0
0 306 0.0
0 307 0.0
0 308 0.0
0 309 0.0
0 310 0.0
0 311 0.0
0 312 0.0
0 313 6.21886679809e-06
0 314 0.0
0 315 6.21886679809e-06
0 316 0.0
0 317 0.0
0 318 0.0
0 319 6.21886679809e-06
0 320 0.0
0 321 6.21886679809e-06
0 322 0.0
0 323 0.0
0 324 0.0
0 325 0.0
0 326 0.0
0 327 6.21886679809e-06
0 328 0.0
0 329 6.21886679809e-06
0 330 0.0
0 331 0.0
0 332 0.0
0 333 0.0
0 334 0.0
0 335 0.0
0 336 0.0
0 337 0.0
0 338 0.0
0 339 6.21886679809e-06
0 340 0.0
0 341 0.0
0 342 0.0
0 343 0.0
0 344 0.0
0 345 0.0
0 346 0.0
0 347 0.0
0 348 0.0
0 349 0.0
0 350 0.0
0 351 6.21886679809e-06
0 352 0.0
0 353 0.0
0 354 0.0
0 355 0.0
0 356 0.0
0 357 0.0
0 358 0.0
0 359 0.0
0 360 0.0
0 361 0.0
0 362 0.0
0 363 0.0
0 364 0.0
0 365 0.0
0 366 0.0
0 367 0.0
0 368 0.0
0 369 0.0
0 370 0.0
0 371 0.0
0 372 0.0
0 373 0.0
0 374 0.0
0 375 6.21886679809e-06
0 376 0.0
0 377 0.0
0 378 0.0
0 379 0.0
0 380 0.0
0 381 0.0
0 382 0.0
0 383 0.0
0 384 0.0
0 385 0.0
0 386 0.0
0 387 6.21886679809e-06
0 388 0.0
0 389 6.21886679809e-06
0 390 0.0
0 391 0.0
0 392 0.0
0 393 0.0
0 394 0.0
0 395 0.0
0 396 0.0
0 397 0.0
0 398 0.0
0 399 0.0
0 400 0.0
1 0 0.0
1 1 6.21886679809e-06
1 2 6.21886679809e-06
1 3 2.48754671924e-05
1 4 6.21886679809e-06
1 5 0.0
1 6 0.0
1 7 2.48754671924e-05
1 8 6.21886679809e-06
1 9 6.21886679809e-06
1 10 6.21886679809e-06
1 11 2.48754671924e-05
1 12 2.48754671924e-05
1 13 2.48754671924e-05
1 14 2.48754671924e-05
1 15 2.48754671924e-05
1 16 2.48754671924e-05
1 17 2.48754671924e-05
1 18 2.48754671924e-05
1 19 2.48754671924e-05
1 20 2.48754671924e-05
1 21 2.48754671924e-05
1 22 2.48754671924e-05
1 23 2.48754671924e-05
1 24 2.48754671924e-05
1 25 2.48754671924e-05
1 26 2.48754671924e-05
1 27 2.48754671924e-05
1 28 2.48754671924e-05
1 29 2.48754671924e-05
1 30 2.48754671924e-05
1 31 2.48754671924e-05
1 32 2.48754671924e-05
1 33 2.48754671924e-05
1 34 2.48754671924e-05
1 35 2.48754671924e-05
1 36 2.48754671924e-05
1 37 2.48754671924e-05
1 38 2.48754671924e-05
1 39 2.48754671924e-05
1 40 2.48754671924e-05
1 41 2.48754671924e-05
1 42 2.48754671924e-05
1 43 2.48754671924e-05
1 44 2.48754671924e-05
1 45 2.48754671924e-05
1 46 2.48754671924e-05
1 47 2.48754671924e-05
1 48 2.48754671924e-05
1 49 2.48754671924e-05
1 50 2.48754671924e-05
1 51 2.48754671924e-05
1 52 2.48754671924e-05
1 53 2.48754671924e-05
1 54 2.48754671924e-05
1 55 2.48754671924e-05
1 56 2.48754671924e-05
1 57 2.48754671924e-05
1 58 2.48754671924e-05
1 59 2.48754671924e-05
1 60 2.48754671924e-05
1 61 2.48754671924e-05
1 62 2.48754671924e-05
1 63 2.48754671924e-05
1 64 2.48754671924e-05
1 65 2.48754671924e-05
1 66 2.48754671924e-05
1 67 2.48754671924e-05
1 68 2.48754671924e-05
1 69 2.48754671924e-05
1 70 2.48754671924e-05
1 71 2.48754671924e-05
1 72 2.48754671924e-05
1 73 2.48754671924e-05
1 74 2.48754671924e-05
1 75 2.48754671924e-05
1 76 2.48754671924e-05
1 77 2.48754671924e-05
1 78 2.48754671924e-05
1 79 2.48754671924e-05
1 80 2.48754671924e-05
1 81 2.48754671924e-05
1 82 2.48754671924e-05
1 83 2.48754671924e-05
1 84 2.48754671924e-05
1 85 2.48754671924e-05
1 86 2.48754671924e-05
1 87 2.48754671924e-05
1 88 2.48754671924e-05
1 89 2.48754671924e-05
1 90 2.48754671924e-05
1 91 2.48754671924e-05
1 92 2.48754671924e-05
1 93 2.48754671924e-05
1 94 2.48754671924e-05
1 95 2.48754671924e-05
1 96 2.48754671924e-05
1 97 2.48754671924e-05
1 98 2.48754671924e-05
1 99 2.48754671924e-05
1 100 2.48754671924e-05
1 101 2.48754671924e-05
1 102 2.48754671924e-05
1 103 2.48754671924e-05
1 104 2.48754671924e-05
1 105 5.59698011828e-05
1 106 2.48754671924e-05
1 107 6.21886679809e-06
1 108 5.59698011828e-05
1 109 2.48754671924e-05
1 110 5.59698011828e-05
1 111 5.59698011828e-05
1 112 5.59698011828e-05
1 113 2.48754671924e-05
1 114 2.48754671924e-05
1 115 2.48754671924e-05
1 116 2.48754671924e-05
1 117 2.48754671924e-05
1 118 2.48754671924e-05
1 119 2.48754671924e-05
1 120 2.48754671924e-05
1 121 2.48754671924e-05
1 122 2.48754671924e-05
1 123 2.48754671924e-05
1 124 2.48754671924e-05
1 125 2.48754671924e-05
1 126 2.48754671924e-05
1 127 2.48754671924e-05
1 128 2.48754671924e-05
1 129 2.48754671924e-05
1 130 2.48754671924e-05
1 131 2.48754671924e-05
1 132 2.48754671924e-05
1 133 2.48754671924e-05
1 134 2.48754671924e-05
1 135 2.48754671924e-05
1 136 2.48754671924e-05
1 137 2.48754671924e-05
1 138 2.48754671924e-05
1 139 2.48754671924e-05
1 140 2.48754671924e-05
1 141 5.59698011828e-05
1 142 6.21886679809e-06
1 143 6.21886679809e-06
1 144 5.59698011828e-05
1 145 2.48754671924e-05
1 146 5.59698011828e-05
1 147 5.59698011828e-05
1 148 5.59698011828e-05
1 149 6.21886679809e-06
1 150 2.48754671924e-05
1 151 2.48754671924e-05
1 152 2.48754671924e-05
1 153 2.48754671924e-05
1 154 2.48754671924e-05
1 155 2.48754671924e-05
1 156 2.48754671924e-05
1 157 2.48754671924e-05
1 158 2.48754671924e-05
1 159 2.48754671924e-05
1 160 2.48754671924e-05
1 161 2.48754671924e-05
1 162 2.48754671924e-05
1 163 2.48754671924e-05
1 164 2.48754671924e-05
1 165 2.48754671924e-05
1 166 2.48754671924e-05
1 167 2.48754671924e-05
1 168 2.48754671924e-05
1 169 2.48754671924e-05
1 170 2.48754671924e-05
1 171 2.48754671924e-05
1 172 2.48754671924e-05
1 173 2.48754671924e-05
1 174 2.48754671924e-05
1 175 2.48754671924e-05
1 176 2.48754671924e-05
1 177 2.48754671924e-05
1 178 2.48754671924e-05
1 179 2.48754671924e-05
1 180 2.48754671924e-05
1 181 2.48754671924e-05
1 182 2.48754671924e-05
1 183 5.59698011828e-05
1 184 5.59698011828e-05
1 185 0.0
1 186 5.59698011828e-05
1 187 2.48754671924e-05
1 188 5.59698011828e-05
1 189 5.59698011828e-05
1 190 5.59698011828e-05
1 191 2.48754671924e-05
1 192 0.0
1 193 2.48754671924e-05
1 194 2.48754671924e-05
1 195 5.59698011828e-05
1 196 2.48754671924e-05
1 197 2.48754671924e-05
1 198 2.48754671924e-05
1 199 2.48754671924e-05
1 200 2.48754671924e-05
1 201 2.48754671924e-05
1 202 2.48754671924e-05
1 203 2.48754671924e-05
1 204 2.48754671924e-05
1 205 2.48754671924e-05
1 206 2.48754671924e-05
1 207 2.48754671924e-05
1 208 2.48754671924e-05
1 209 2.48754671924e-05
1 210 2.48754671924e-05
1 211 2.48754671924e-05
1 212 2.48754671924e-05
1 213 2.48754671924e-05
1 214 2.48754671924e-05
1 215 2.48754671924e-05
1 216 2.48754671924e-05
1 217 2.48754671924e-05
1 218 2.48754671924e-05
1 219 2.48754671924e-05
1 220 2.48754671924e-05
1 221 2.48754671924e-05
1 222 2.48754671924e-05
1 223 2.48754671924e-05
1 224 2.48754671924e-05
1 225 2.48754671924e-05
1 226 2.48754671924e-05
1 227 2.48754671924e-05
1 228 2.48754671924e-05
1 229 2.48754671924e-05
1 230 2.48754671924e-05
1 231 2.48754671924e-05
1 232 2.48754671924e-05
1 233 2.48754671924e-05
1 234 2.48754671924e-05
1 235 2.48754671924e-05
1 236 2.48754671924e-05
1 237 2.48754671924e-05
1 238 2.48754671924e-05
1 239 2.48754671924e-05
1 240 2.48754671924e-05
1 241 2.48754671924e-05
1 242 2.48754671924e-05
1 243 2.48754671924e-05
1 244 2.48754671924e-05
1 245 2.48754671924e-05
1 246 2.48754671924e-05
1 247 2.48754671924e-05
1 248 2.48754671924e-05
1 249 2.48754671924e-05
1 250 2.48754671924e-05
1 251 2.48754671924e-05
1 252 2.48754671924e-05
1 253 2.48754671924e-05
1 254 2.48754671924e-05
1 255 2.48754671924e-05
1 256 2.48754671924e-05
1 257 2.48754671924e-05
1 258 2.48754671924e-05
1 259 2.48754671924e-05
1 260 2.48754671924e-05
1 261 2.48754671924e-05
1 262 2.48754671924e-05
1 263 2.48754671924e-05
1 264 2.48754671924e-05
1 265 2.48754671924e-05
1 266 2.48754671924e-05
1 267 2.48754671924e-05
1 268 2.48754671924e-05
1 269 2.48754671924e-05
1 270 2.48754671924e-05
1 271 2.48754671924e-05
1 272 2.48754671924e-05
1 273 2.48754671924e-05
1 274 2.48754671924e-05
1 275 2.48754671924e-05
1 276 2.48754671924e-05
1 277 2.48754671924e-05
1 278 2.48754671924e-05
1 279 2.48754671924e-05
1 280 2.48754671924e-05
1 281 2.48754671924e-05
1 282 2.48754671924e-05
1 283 2.48754671924e-05
1 284 2.48754671924e-05
1 285 2.48754671924e-05
1 286 2.48754671924e-05
1 287 2.48754671924e-05
1 288 2.48754671924e-05
1 289 2.48754671924e-05
1 290 2.48754671924e-05
1 291 2.48754671924e-05
1 292 2.48754671924e-05
1 293 2.48754671924e-05
1 294 2.48754671924e-05
1 295 2.48754671924e-05
1 296 2.48754671924e-05
1 297 2.48754671924e-05
1 298 2.48754671924e-05
1 299 2.48754671924e-05
1 300 2.48754671924e-05
1 301 2.48754671924e-05
1 302 2.48754671924e-05
1 303 2.48754671924e-05
1 304 2.48754671924e-05
1 305 2.48754671924e-05
1 306 2.48754671924e-05
1 307 2.48754671924e-05
1 308 2.48754671924e-05
1 309 2.48754671924e-05
1 310 2.48754671924e-05
1 311 2.48754671924e-05
1 312 2.48754671924e-05
1 313 2.48754671924e-05
1 314 2.48754671924e-05
1 315 2.48754671924e-05
1 316 2.48754671924e-05
1 317 2.48754671924e-05
1 318 2.48754671924e-05
1 319 2.48754671924e-05
1 320 2.48754671924e-05
1 321 2.48754671924e-05
1 322 2.48754671924e-05
1 323 2.48754671924e-05
1 324 2.48754671924e-05
1 325 2.48754671924e-05
1 326 2.48754671924e-05
1 327 2.48754671924e-05
1 328 2.48754671924e-05
1 329 2.48754671924e-05
1 330 2.48754671924e-05
1 331 2.48754671924e-05
1 332 2.48754671924e-05
1 333 2.48754671924e-05
1 334 2.48754671924e-05
1 335 2.48754671924e-05
1 336 2.48754671924e-05
1 337 2.48754671924e-05
1 338 2.48754671924e-05
1 339 2.48754671924e-05
1 340 2.48754671924e-05
1 341 2.48754671924e-05
1 342 2.48754671924e-05
1 343 2.48754671924e-05
1 344 2.48754671924e-05
1 345 2.48754671924e-05
1 346 2.48754671924e-05
1 347 2.48754671924e-05
1 348 2.48754671924e-05
1 349 2.48754671924e-05
1 350 2.48754671924e-05
1 351 2.48754671924e-05
1 352 2.48754671924e-05
1 353 2.48754671924e-05
1 354 2.48754671924e-05
1 355 2.48754671924e-05
1 356 2.48754671924e-05
1 357 2.48754671924e-05
1 358 2.48754671924e-05
1 359 2.48754671924e-05
1 360 2.48754671924e-05
1 361 2.48754671924e-05
1 362 2.48754671924e-05
1 363 2.48754671924e-05
1 364 2.48754671924e-05
1 365 2.48754671924e-05
1 366 2.48754671924e-05
1 367 2.48754671924e-05
1 368 2.48754671924e-05
1 369 2.48754671924e-05
1 370 2.48754671924e-05
1 371 2.48754671924e-05
1 372 2.48754671924e-05
1 373 2.48754671924e-05
1 374 2.48754671924e-05
1 375 2.48754671924e-05
1 376 2.48754671924e-05
1 377 2.48754671924e-05
1 378 2.48754671924e-05
1 379 2.48754671924e-05
1 380 2.48754671924e-05
1 381 2.48754671924e-05
1 382 2.48754671924e-05
1 383 2.48754671924e-05
1 384 2.48754671924e-05
1 385 5.59698011828e-05
1 386 2.48754671924e-05
1 387 2.48754671924e-05
1 388 6.21886679809e-06
1 389 6.21886679809e-06
1 390 6.21886679809e-06
1 391 6.21886679809e-06
1 392 0.0
1 393 0.0
1 394 0.0
1 395 6.21886679809e-06
1 396 6.21886679809e-06
1 397 6.21886679809e-06
1 398 0.0
1 399 0.0
1 400 0.0
2 0 0.0
2 1 0.0
2 2 0.0
2 3 0.0
2 4 0.0
2 5 0.0
2 6 0.0
2 7 6.21886679809e-06
2 8 0.0
2 9 0.0
2 10 0.0
2 11 0.0
2 12 0.0
2 13 0.0
2 14 0.0
2 15 0.0
2 16 0.0
2 17 0.0
2 18 0.0
2 19 0.0
2 20 0.0
2 21 0.0
2 22 0.0
2 23 0.0
2 24 0.0
2 25 0.0
2 26 0.0
2 27 6.21886679809e-06
2 28 0.0
2 29 6.21886679809e-06
2 30 0.0
2 31 0.0
2 32 0.0
2 33 6.21886679809e-06
2 34 0.0
2 35 0.0
2 36 0.0
2 37 0.0
2 38 0.0
2 39 0.0
2 40 0.0
2 41 0.0
2 42 0.0
2 43 0.0
2 44 0.0
2 45 0.0
2 46 0.0
2 47 0.0
2 48 0.0
2 49 0.0
2 50 0.0
2 51 0.0
2 52 0.0
2 53 0.0
2 54 0.0
2 55 0.0
2 56 0.0
2 57 0.0
2 58 0.0
2 59 0.0
2 60 0.0
2 61 0.0
2 62 0.0
2 63 0.0
2 64 0.0
2 65 0.0
2 66 0.0
2 67 0.0
2 68 0.0
2 69 0.0
2 70 0.0
2 71 0.0
2 72 0.0
2 73 0.0
2 74 0.0
2 75 0.0
2 76 0.0
2 77 0.0
2 78 0.0
2 79 0.0
2 80 0.0
2 81 0.0
2 82 0.0
2 83 0.0
2 84 0.0
2 85 0.0
2 86 0.0
2 87 6.21886679809e-06
2 88 0.0
2 89 0.0
2 90 0.0
2 91 6.21886679809e-06
2 92 0.0
2 93 6.21886679809e-06
2 94 0.0
2 95 0.0
2 96 0.0
2 97 0.0
2 98 0.0
2 99 0.0
2 100 0.0
2 101 0.0
2 102 0.0
2 103 0.0
2 104 0.0
2 105 0.0
2 106 0.0
2 107 0.0
2 108 0.0
2 109 0.0
2 110 0.0
2 111 0.0
2 112 0.0
2 113 0.0
2 114 0.0
2 115 0.0
2 116 0.0
2 117 0.0
2 118 0.0
2 119 0.0
2 120 0.0
2 121 0.0
2 122 0.0
2 123 0.0
2 124 0.0
2 125 0.0
2 126 0.0
2 127 0.0
2 128 0.0
2 129 0.0
2 130 0.0
2 131 0.0
2 132 0.0
2 133 0.0
2 134 0.0
2 135 0.0
2 136 0.0
2 137 6.21886679809e-06
2 138 0.0
2 139 0.0
2 140 0.0
2 141 0.0
2 142 0.0
2 143 6.21886679809e-06
2 144 0.0
2 145 0.0
2 146 0.0
2 147 0.0
2 148 0.0
2 149 0.0
2 150 0.0
2 151 0.0
2 152 0.0
2 153 0.0
2 154 0.0
2 155 0.0
2 156 0.0
2 157 0.0
2 158 0.0
2 159 0.0
2 160 0.0
2 161 0.0
2 162 0.0
2 163 0.0
2 164 0.0
2 165 0.0
2 166 0.0
2 167 0.0
2 168 0.0
2 169 0.0
2 170 0.0
2 171 0.0
2 172 0.0
2 173 0.0
2 174 0.0
2 175 0.0
2 176 0.0
2 177 6.21886679809e-06
2 178 0.0
2 179 6.21886679809e-06
2 180 0.0
2 181 0.0
2 182 0.0
2 183 6.21886679809e-06
2 184 0.0
2 185 2.48754671924e-05
2 186 0.0
2 187 0.0
2 188 0.0
2 189 0.0
2 190 0.0
2 191 0.0
2 192 0.0
2 193 0.0
2 194 0.0
2 195 0.0
2 196 0.0
2 197 0.0
2 198 0.0
2 199 0.0
2 200 0.0
2 201 0.0
2 202 0.0
2 203 0.0
2 204 0.0
2 205 0.0
2 206 0.0
2 207 0.0
2 208 0.0
2 209 0.0
2 210 0.0
2 211 0.0
2 212 0.0
2 213 6.21886679809e-06
2 214 0.0
2 215 6.21886679809e-06
2 216 0.0
2 217 0.0
2 218 0.0
2 219 6.21886679809e-06
2 220 0.0
2 221 6.21886679809e-06
2 222 0.0
2 223 0.0
2 224 0.0
2 225 0.0
2 226 0.0
2 227 0.0
2 228 0.0
2 229 0.0
2 230 0.0
2 231 0.0
2 232 0.0
2 233 0.0
2 234 0.0
2 235 0.0
2 236 0.0
2 237 0.0
2 238 0.0
2 239 0.0
2 240 0.0
2 241 0.0
2 242 0.0
2 243 0.0
2 244 0.0
2 245 0.0
2 246 0.0
2 247 0.0
2 248 0.0
2 249 0.0
2 250 0.0
2 251 0.0
2 252 0.0
2 253 0.0
2 254 0.0
2 255 0.0
2 256 0.0
2 257 0.0
2 258 0.0
2 259 0.0
2 260 0.0
2 261 0.0
2 262 0.0
2 263 0.0
2 264 0.0
2 265 0.0
2 266 0.0
2 267 0.0
2 268 0.0
2 269 0.0
2 270 0.0
2 271 0.0
2 272 0.0
2 273 6.21886679809e-06
2 274 0.0
2 275 0.0
2 276 0.0
2 277 0.0
2 278 0.0
2 279 0.0
2 280 0.0
2 281 6.21886679809e-06
2 282 0.0
2 283 0.0
2 284 0.0
2 285 0.0
2 286 0.0
2 287 0.0
2 288 0.0
2 289 0.0
2 290 0.0
2 291 0.0
2 292 0.0
2 293 0.0
2 294 0.0
2 295 0.0
2 296 0.0
2 297 0.0
2 298 0.0
2 299 0.0
2 300 0.0
2 301 6.21886679809e-06
2 302 0.0
2 303 0.0
2 304 0.0
2 305 6.21886679809e-06
2 306 0.0
2 307 0.0
2 308 0.0
2 309 0.0
2 310 0.0
2 311 0.0
2 312 0.0
2 313 0.0
2 314 0.0
2 315 0.0
2 316 0.0
2 317 6.21886679809e-06
2 318 0.0
2 319 0.0
2 320 0.0
2 321 0.0
2 322 0.0
2 323 6.21886679809e-06
2 324 0.0
2 325 6.21886679809e-06
2 326 0.0
2 327 0.0
2 328 0.0
2 329 0.0
2 330 0.0
2 331 0.0
2 332 0.0
2 333 0.0
2 334 0.0
2 335 0.0
2 336 0.0
2 337 6.21886679809e-06
2 338 0.0
2 339 0.0
2 340 0.0
2 341 6.21886679809e-06
2 342 0.0
2 343 0.0
2 344 0.0
2 345 0.0
2 346 0.0
2 347 0.0
2 348 0.0
2 349 0.0
2 350 0.0
2 351 0.0
2 352 0.0
2 353 6.21886679809e-06
2 354 0.0
2 355 0.0
2 356 0.0
2 357 0.0
2 358 0.0
2 359 0.0
2 360 0.0
2 361 0.0
2 362 0.0
2 363 0.0
2 364 0.0
2 365 0.0
2 366 0.0
2 367 0.0
2 368 0.0
2 369 0.0
2 370 0.0
2 371 0.0
2 372 0.0
2 373 6.21886679809e-06
2 374 0.0
2 375 0.0
2 376 0.0
2 377 6.21886679809e-06
2 378 0.0
2 379 0.0
2 380 0.0
2 381 0.0
2 382 0.0
2 383 0.0
2 384 0.0
2 385 6.21886679809e-06
2 386 0.0
2 387 6.21886679809e-06
2 388 0.0
2 389 0.0
2 390 0.0
2 391 0.0
2 392 0.0
2 393 6.21886679809e-06
2 394 0.0
2 395 0.0
2 396 0.0
2 397 0.0
2 398 0.0
2 399 0.0
2 400 0.0
3 0 0.0
3 1 0.0
3 2 0.0
3 3 6.21886679809e-06
3 4 6.21886679809e-06
3 5 6.21886679809e-06
3 6 0.0
3 7 2.48754671924e-05
3 8 2.48754671924e-05
3 9 6.21886679809e-06
3 10 6.21886679809e-06
3 11 0.0
3 12 0.0
3 13 0.0
3 14 6.21886679809e-06
3 15 6.21886679809e-06
3 16 6.21886679809e-06
3 17 6.21886679809e-06
3 18 6.21886679809e-06
3 19 6.21886679809e-06
3 20 6.21886679809e-06
3 21 6.21886679809e-06
3 22 6.21886679809e-06
3 23 6.21886679809e-06
3 24 6.21886679809e-06
3 25 6.21886679809e-06
3 26 6.21886679809e-06
3 27 0.0
3 28 6.21886679809e-06
3 29 6.21886679809e-06
3 30 2.48754671924e-05
3 31 6.21886679809e-06
3 32 2.48754671924e-05
3 33 2.48754671924e-05
3 34 2.48754671924e-05
3 35 6.21886679809e-06
3 36 6.21886679809e-06
3 37 6.21886679809e-06
3 38 6.21886679809e-06
3 39 6.21886679809e-06
3 40 6.21886679809e-06
3 41 6.21886679809e-06
3 42 6.21886679809e-06
3 43 6.21886679809e-06
3 44 6.21886679809e-06
3 45 6.21886679809e-06
3 46 6.21886679809e-06
3 47 6.21886679809e-06
3 48 6.21886679809e-06
3 49 6.21886679809e-06
3 50 6.21886679809e-06
3 51 6.21886679809e-06
3 52 6.21886679809e-06
3 53 6.21886679809e-06
3 54 6.21886679809e-06
3 55 6.21886679809e-06
3 56 6.21886679809e-06
3 57 6.21886679809e-06
3 58 6.21886679809e-06
3 59 6.21886679809e-06
3 60 6.21886679809e-06
3 61 6.21886679809e-06
3 62 6.21886679809e-06
3 63 6.21886679809e-06
3 64 6.21886679809e-06
3 65 6.21886679809e-06
3 66 6.21886679809e-06
3 67 6.21886679809e-06
3 68 6.21886679809e-06
3 69 6.21886679809e-06
3 70 6.21886679809e-06
3 71 6.21886679809e-06
3 72 6.21886679809e-06
3 73 6.21886679809e-06
3 74 6.21886679809e-06
3 75 6.21886679809e-06
3 76 6.21886679809e-06
3 77 6.21886679809e-06
3 78 6.21886679809e-06
3 79 6.21886679809e-06
3 80 6.21886679809e-06
3 81 6.21886679809e-06
3 82 6.21886679809e-06
3 83 6.21886679809e-06
3 84 6.21886679809e-06
3 85 6.21886679809e-06
3 86 2.48754671924e-05
3 87 2.48754671924e-05
3 88 2.48754671924e-05
3 89 6.21886679809e-06
3 90 2.48754671924e-05
3 91 6.21886679809e-06
3 92 6.21886679809e-06
3 93 0.0
3 94 6.21886679809e-06
3 95 6.21886679809e-06
3 96 6.21886679809e-06
3 97 6.21886679809e-06
3 98 6.21886679809e-06
3 99 6.21886679809e-06
3 100 6.21886679809e-06
3 101 6.21886679809e-06
3 102 6.21886679809e-06
3 103 0.0
3 104 6.21886679809e-06
3 105 6.21886679809e-06
3 106 6.21886679809e-06
3 107 6.21886679809e-06
3 108 6.21886679809e-06
3 109 6.21886679809e-06
3 110 6.21886679809e-06
3 111 0.0
3 112 6.21886679809e-06
3 113 6.21886679809e-06
3 114 6.21886679809e-06
3 115 6.21886679809e-06
3 116 6.21886679809e-06
3 117 6.21886679809e-06
3 118 6.21886679809e-06
3 119 6.21886679809e-06
3 120 6.21886679809e-06
3 121 6.21886679809e-06
3 122 6.21886679809e-06
3 123 6.21886679809e-06
3 124 6.21886679809e-06
3 125 6.21886679809e-06
3 126 6.21886679809e-06
3 127 6.21886679809e-06
3 128 6.21886679809e-06
3 129 6.21886679809e-06
3 130 6.21886679809e-06
3 131 6.21886679809e-06
3 132 6.21886679809e-06
3 133 0.0
3 134 6.21886679809e-06
3 135 6.21886679809e-06
3 136 2.48754671924e-05
3 137 2.48754671924e-05
3 138 2.48754671924e-05
3 139 2.48754671924e-05
3 140 2.48754671924e-05
3 141 6.21886679809e-06
3 142 2.48754671924e-05
3 143 6.21886679809e-06
3 144 6.21886679809e-06
3 145 6.21886679809e-06
3 146 6.21886679809e-06
3 147 0.0
3 148 6.21886679809e-06
3 149 6.21886679809e-06
3 150 6.21886679809e-06
3 151 6.21886679809e-06
3 152 6.21886679809e-06
3 153 6.21886679809e-06
3 154 6.21886679809e-06
3 155 6.21886679809e-06
3 156 6.21886679809e-06
3 157 6.21886679809e-06
3 158 6.21886679809e-06
3 159 6.21886679809e-06
3 160 6.21886679809e-06
3 161 6.21886679809e-06
3 162 6.21886679809e-06
3 163 6.21886679809e-06
3 164 6.21886679809e-06
3 165 6.21886679809e-06
3 166 6.21886679809e-06
3 167 6.21886679809e-06
3 168 6.21886679809e-06
3 169 6.21886679809e-06
3 170 6.21886679809e-06
3 171 6.21886679809e-06
3 172 6.21886679809e-06
3 173 6.21886679809e-06
3 174 6.21886679809e-06
3 175 6.21886679809e-06
3 176 6.21886679809e-06
3 177 0.0
3 178 6.21886679809e-06
3 179 6.21886679809e-06
3 180 2.48754671924e-05
3 181 2.48754671924e-05
3 182 2.48754671924e-05
3 183 6.21886679809e-06
3 184 6.21886679809e-06
3 185 6.21886679809e-06
3 186 6.21886679809e-06
3 187 6.21886679809e-06
3 188 6.21886679809e-06
3 189 0.0
3 190 6.21886679809e-06
3 191 6.21886679809e-06
3 192 2.48754671924e-05
3 193 6.21886679809e-06
3 194 6.21886679809e-06
3 195 6.21886679809e-06
3 196 6.21886679809e-06
3 197 6.21886679809e-06
3 198 6.21886679809e-06
3 199 6.21886679809e-06
3 200 6.21886679809e-06
3 201 6.21886679809e-06
3 202 6.21886679809e-06
3 203 6.21886679809e-06
3 204 6.21886679809e-06
3 205 6.21886679809e-06
3 206 6.21886679809e-06
3 207 6.21886679809e-06
3 208 6.21886679809e-06
3 209 6.21886679809e-06
3 210 6.21886679809e-06
3 211 0.0
3 212 6.21886679809e-06
3 213 6.21886679809e-06
3 214 2.48754671924e-05
3 215 2.48754671924e-05
3 216 2.48754671924e-05
3 217 2.48754671924e-05
3 218 2.48754671924e-05
3 219 6.21886679809e-06
3 220 6.21886679809e-06
3 221 0.0
3 222 6.21886679809e-06
3 223 6.21886679809e-06
3 224 6.21886679809e-06
3 225 6.21886679809e-06
3 226 6.21886679809e-06
3 227 6.21886679809e-06
3 228 6.21886679809e-06
3 229 6.21886679809e-06
3 230 6.21886679809e-06
3 231 6.21886679809e-06
3 232 6.21886679809e-06
3 233 6.21886679809e-06
3 234 6.21886679809e-06
3 235 6.21886679809e-06
3 236 6.21886679809e-06
3 237 6.21886679809e-06
3 238 6.21886679809e-06
3 239 6.21886679809e-06
3 240 6.21886679809e-06
3 241 6.21886679809e-06
3 242 6.21886679809e-06
3 243 6.21886679809e-06
3 244 6.21886679809e-06
3 245 6.21886679809e-06
3 246 6.21886679809e-06
3 247 6.21886679809e-06
3 248 6.21886679809e-06
3 249 6.21886679809e-06
3 250 6.21886679809e-06
3 251 6.21886679809e-06
3 252 6.21886679809e-06
3 253 6.21886679809e-06
3 254 6.21886679809e-06
3 255 6.21886679809e-06
3 256 6.21886679809e-06
3 257 6.21886679809e-06
3 258 6.21886679809e-06
3 259 6.21886679809e-06
3 260 6.21886679809e-06
3 261 6.21886679809e-06
3 262 6.21886679809e-06
3 263 6.21886679809e-06
3 264 6.21886679809e-06
3 265 6.21886679809e-06
3 266 6.21886679809e-06
3 267 6.21886679809e-06
3 268 6.21886679809e-06
3 269 6.21886679809e-06
3 270 6.21886679809e-06
3 271 6.21886679809e-06
3 272 2.48754671924e-05
3 273 2.48754671924e-05
3 274 2.48754671924e-05
3 275 6.21886679809e-06
3 276 2.48754671924e-05
3 277 6.21886679809e-06
3 278 6.21886679809e-06
3 279 0.0
3 280 6.21886679809e-06
3 281 6.21886679809e-06
3 282 6.21886679809e-06
3 283 6.21886679809e-06
3 284 6.21886679809e-06
3 285 6.21886679809e-06
3 286 6.21886679809e-06
3 287 6.21886679809e-06
3 288 6.21886679809e-06
3 289 6.21886679809e-06
3 290 6.21886679809e-06
3 291 6.21886679809e-06
3 292 6.21886679809e-06
3 293 6.21886679809e-06
3 294 6.21886679809e-06
3 295 6.21886679809e-06
3 296 6.21886679809e-06
3 297 6.21886679809e-06
3 298 6.21886679809e-06
3 299 6.21886679809e-06
3 300 6.21886679809e-06
3 301 6.21886679809e-06
3 302 6.21886679809e-06
3 303 6.21886679809e-06
3 304 6.21886679809e-06
3 305 6.21886679809e-06
3 306 6.21886679809e-06
3 307 6.21886679809e-06
3 308 2.48754671924e-05
3 309 2.48754671924e-05
3 310 2.48754671924e-05
3 311 6.21886679809e-06
3 312 2.48754671924e-05
3 313 6.21886679809e-06
3 314 6.21886679809e-06
3 315 0.0
3 316 6.21886679809e-06
3 317 6.21886679809e-06
3 318 6.21886679809e-06
3 319 0.0
3 320 6.21886679809e-06
3 321 6.21886679809e-06
3 322 2.48754671924e-05
3 323 2.48754671924e-05
3 324 2.48754671924e-05
3 325 2.48754671924e-05
3 326 2.48754671924e-05
3 327 6.21886679809e-06
3 328 6.21886679809e-06
3 329 0.0
3 330 6.21886679809e-06
3 331 6.21886679809e-06
3 332 6.21886679809e-06
3 333 6.21886679809e-06
3 334 6.21886679809e-06
3 335 6.21886679809e-06
3 336 6.21886679809e-06
3 337 6.21886679809e-06
3 338 6.21886679809e-06
3 339 6.21886679809e-06
3 340 6.21886679809e-06
3 341 6.21886679809e-06
3 342 6.21886679809e-06
3 343 6.21886679809e-06
3 344 2.48754671924e-05
3 345 2.48754671924e-05
3 346 2.48754671924e-05
3 347 6.21886679809e-06
3 348 2.48754671924e-05
3 349 6.21886679809e-06
3 350 6.21886679809e-06
3 351 0.0
3 352 6.21886679809e-06
3 353 6.21886679809e-06
3 354 6.21886679809e-06
3 355 6.21886679809e-06
3 356 6.21886679809e-06
3 357 6.21886679809e-06
3 358 6.21886679809e-06
3 359 6.21886679809e-06
3 360 6.21886679809e-06
3 361 6.21886679809e-06
3 362 6.21886679809e-06
3 363 6.21886679809e-06
3 364 6.21886679809e-06
3 365 6.21886679809e-06
3 366 6.21886679809e-06
3 367 6.21886679809e-06
3 368 6.21886679809e-06
3 369 6.21886679809e-06
3 370 6.21886679809e-06
3 371 6.21886679809e-06
3 372 6.21886679809e-06
3 373 6.21886679809e-06
3 374 6.21886679809e-06
3 375 0.0
3 376 6.21886679809e-06
3 377 6.21886679809e-06
3 378 2.48754671924e-05
3 379 6.21886679809e-06
3 380 2.48754671924e-05
3 381 2.48754671924e-05
3 382 2.48754671924e-05
3 383 6.21886679809e-06
3 384 6.21886679809e-06
3 385 0.0
3 386 6.21886679809e-06
3 387 0.0
3 388 0.0
3 389 0.0
3 390 2.48754671924e-05
3 391 6.21886679809e-06
3 392 0.0
3 393 0.0
3 394 0.0
3 395 0.0
3 396 6.21886679809e-06
3 397 0.0
3 398 0.0
3 399 6.21886679809e-06
3 400 0.0
4 0 0.0
4 1 0.0
4 2 0.0
4 3 0.0
4 4 0.0
4 5 6.21886679809e-06
4 6 0.0
4 7 6.21886679809e-06
4 8 0.0
4 9 0.0
4 10 0.0
4 11 0.0
4 12 0.0
4 13 6.21886679809e-06
4 14 0.0
4 15 6.21886679809e-06
4 16 0.0
4 17 0.0
4 18 0.0
4 19 0.0
4 20 0.0
4 21 0.0
4 22 0.0
4 23 0.0
4 24 0.0
4 25 6.21886679809e-06
4 26 0.0
4 27 0.0
4 28 0.0
4 29 6.21886679809e-06
4 30 0.0
4 31 6.21886679809e-06
4 32 0.0
4 33 0.0
4 34 0.0
4 35 0.0
4 36 0.0
4 37 0.0
4 38 0.0
4 39 0.0
4 40 0.0
4 41 0.0
4 42 0.0
4 43 0.0
4 44 0.0
4 45 0.0
4 46 0.0
4 47 0.0
4 48 0.0
4 49 0.0
4 50 0.0
4 51 0.0
4 52 0.0
4 53 0.0
4 54 0.0
4 55 0.0
4 56 0.0
4 57 0.0
4 58 0.0
4 59 0.0
4 60 0.0
4 61 0.0
4 62 0.0
4 63 0.0
4 64 0.0
4 65 0.0
4 66 0.0
4 67 0.0
4 68 0.0
4 69 0.0
4 70 0.0
4 71 0.0
4 72 0.0
4 73 0.0
4 74 0.0
4 75 0.0
4 76 0.0
4 77 0.0
4 78 0.0
4 79 0.0
4 80 0.0
4 81 0.0
4 82 0.0
4 83 0.0
4 84 0.0
4 85 0.0
4 86 0.0
4 87 0.0
4 88 0.0
4 89 6.21886679809e-06
4 90 0.0
4 91 6.21886679809e-06
4 92 0.0
4 93 0.0
4 94 0.0
4 95 6.21886679809e-06
4 96 0.0
4 97 0.0
4 98 0.0
4 99 0.0
4 100 0.0
4 101 0.0
4 102 0.0
4 103 6.21886679809e-06
4 104 0.0
4 105 0.0
4 106 0.0
4 107 6.21886679809e-06
4 108 0.0
4 109 0.0
4 110 0.0
4 111 6.21886679809e-06
4 112 0.0
4 113 6.21886679809e-06
4 114 0.0
4 115 0.0
4 116 0.0
4 117 0.0
4 118 0.0
4 119 0.0
4 120 0.0
4 121 0.0
4 122 0.0
4 123 0.0
4 124 0.0
4 125 0.0
4 126 0.0
4 127 0.0
4 128 0.0
4 129 0.0
4 130 0.0
4 131 0.0
4 132 0.0
4 133 6.21886679809e-06
4 134 0.0
4 135 6.21886679809e-06
4 136 0.0
4 137 0.0
4 138 0.0
4 139 0.0
4 140 0.0
4 141 6.21886679809e-06
4 142 0.0
4 143 6.21886679809e-06
4 144 0.0
4 145 0.0
4 146 0.0
4 147 6.21886679809e-06
4 148 0.0
4 149 0.0
4 150 0.0
4 151 0.0
4 152 0.0
4 153 0.0
4 154 0.0
4 155 0.0
4 156 0.0
4 157 0.0
4 158 0.0
4 159 0.0
4 160 0.0
4 161 0.0
4 162 0.0
4 163 0.0
4 164 0.0
4 165 0.0
4 166 0.0
4 167 0.0
4 168 0.0
4 169 0.0
4 170 0.0
4 171 0.0
4 172 0.0
4 173 0.0
4 174 0.0
4 175 6.21886679809e-06
4 176 0.0
4 177 0.0
4 178 0.0
4 179 6.21886679809e-06
4 180 0.0
4 181 6.21886679809e-06
4 182 0.0
4 183 0.0
4 184 0.0
4 185 0.0
4 186 0.0
4 187 0.0
4 188 0.0
4 189 6.21886679809e-06
4 190 0.0
4 191 0.0
4 192 0.0
4 193 6.21886679809e-06
4 194 0.0
4 195 0.0
4 196 0.0
4 197 6.21886679809e-06
4 198 0.0
4 199 0.0
4 200 0.0
4 201 0.0
4 202 0.0
4 203 0.0
4 204 0.0
4 205 0.0
4 206 0.0
4 207 0.0
4 208 0.0
4 209 0.0
4 210 0.0
4 211 6.21886679809e-06
4 212 0.0
4 213 0.0
4 214 0.0
4 215 0.0
4 216 0.0
4 217 0.0
4 218 0.0
4 219 6.21886679809e-06
4 220 0.0
4 221 0.0
4 222 0.0
4 223 0.0
4 224 0.0
4 225 0.0
4 226 0.0
4 227 0.0
4 228 0.0
4 229 0.0
4 230 0.0
4 231 0.0
4 232 0.0
4 233 0.0
4 234 0.0
4 235 0.0
4 236 0.0
4 237 0.0
4 238 0.0
4 239 0.0
4 240 0.0
4 241 0.0
4 242 0.0
4 243 0.0
4 244 0.0
4 245 0.0
4 246 0.0
4 247 0.0
4 248 0.0
4 249 0.0
4 250 0.0
4 251 0.0
4 252 0.0
4 253 0.0
4 254 0.0
4 255 0.0
4 256 0.0
4 257 0.0
4 258 0.0
4 259 0.0
4 260 0.0
4 261 0.0
4 262 0.0
4 263 0.0
4 264 0.0
4 265 0.0
4 266 0.0
4 267 0.0
4 268 0.0
4 269 0.0
4 270 0.0
4 271 6.21886679809e-06
4 272 0.0
4 273 0.0
4 274 0.0
4 275 6.21886679809e-06
4 276 0.0
4 277 2.48754671924e-05
4 278 0.0
4 279 6.21886679809e-06
4 280 0.0
4 281 0.0
4 282 0.0
4 283 0.0
4 284 0.0
4 285 0.0
4 286 0.0
4 287 0.0
4 288 0.0
4 289 0.0
4 290 0.0
4 291 0.0
4 292 0.0
4 293 0.0
4 294 0.0
4 295 0.0
4 296 0.0
4 297 0.0
4 298 0.0
4 299 0.0
4 300 0.0
4 301 0.0
4 302 0.0
4 303 6.21886679809e-06
4 304 0.0
4 305 0.0
4 306 0.0
4 307 6.21886679809e-06
4 308 0.0
4 309 0.0
4 310 0.0
4 311 6.21886679809e-06
4 312 0.0
4 313 6.21886679809e-06
4 314 0.0
4 315 6.21886679809e-06
4 316 0.0
4 317 0.0
4 318 0.0
4 319 6.21886679809e-06
4 320 0.0
4 321 2.48754671924e-05
4 322 0.0
4 323 0.0
4 324 0.0
4 325 0.0
4 326 0.0
4 327 0.0
4 328 0.0
4 329 6.21886679809e-06
4 330 0.0
4 331 0.0
4 332 0.0
4 333 0.0
4 334 0.0
4 335 0.0
4 336 0.0
4 337 0.0
4 338 0.0
4 339 6.21886679809e-06
4 340 0.0
4 341 0.0
4 342 0.0
4 343 6.21886679809e-06
4 344 0.0
4 345 0.0
4 346 0.0
4 347 6.21886679809e-06
4 348 0.0
4 349 0.0
4 350 0.0
4 351 6.21886679809e-06
4 352 0.0
4 353 0.0
4 354 0.0
4 355 0.0
4 356 0.0
4 357 0.0
4 358 0.0
4 359 0.0
4 360 0.0
4 361 0.0
4 362 0.0
4 363 0.0
4 364 0.0
4 365 0.0
4 366 0.0
4 367 0.0
4 368 0.0
4 369 0.0
4 370 0.0
4 371 0.0
4 372 0.0
4 373 0.0
4 374 0.0
4 375 6.21886679809e-06
4 376 0.0
4 377 0.0
4 378 0.0
4 379 6.21886679809e-06
4 380 0.0
4 381 0.0
4 382 0.0
4 383 6.21886679809e-06
4 384 0.0
4 385 0.0
4 386 0.0
4 387 0.0
4 388 0.0
4 389 2.48754671924e-05
4 390 0.0
4 391 2.48754671924e-05
4 392 0.0
4 393 0.0
4 394 0.0
4 395 6.21886679809e-06
4 396 0.0
4 397 0.0
4 398 0.0
4 399 6.21886679809e-06
4 400 0.0
5 0 0.0
5 1 6.21886679809e-06
5 2 6.21886679809e-06
5 3 6.21886679809e-06
5 4 0.0
5 5 0.0
5 6 6.21886679809e-06
5 7 6.21886679809e-06
5 8 5.59698011828e-05
5 9 5.59698011828e-05
5 10 2.48754671924e-05
5 11 2.48754671924e-05
5 12 6.21886679809e-06
5 13 5.59698011828e-05
5 14 0.0
5 15 0.0
5 16 0.0
5 17 6.21886679809e-06
5 18 0.0
5 19 0.0
5 20 0.0
5 21 0.0
5 22 0.0
5 23 0.0
5 24 0.0
5 25 0.0
5 26 0.0
5 27 6.21886679809e-06
5 28 6.21886679809e-06
5 29 6.21886679809e-06
5 30 0.0
5 31 6.21886679809e-06
5 32 0.0
5 33 0.0
5 34 0.0
5 35 6.21886679809e-06
5 36 0.0
5 37 0.0
5 38 0.0
5 39 0.0
5 40 0.0
5 41 0.0
5 42 0.0
5 43 0.0
5 44 0.0
5 45 0.0
5 46 0.0
5 47 0.0
5 48 0.0
5 49 0.0
5 50 0.0
5 51 0.0
5 52 0.0
5 53 0.0
5 54 0.0
5 55 0.0
5 56 0.0
5 57 0.0
5 58 0.0
5 59 0.0
5 60 0.0
5 61 0.0
5 62 0.0
5 63 0.0
5 64 0.0
5 65 0.0
5 66 0.0
5 67 0.0
5 68 0.0
5 69 0.0
5 70 0.0
5 71 0.0
5 72 0.0
5 73 0.0
5 74 0.0
5 75 0.0
5 76 0.0
5 77 0.0
5 78 0.0
5 79 0.0
5 80 0.0
5 81 0.0
5 82 0.0
5 83 0.0
5 84 0.0
5 85 6.21886679809e-06
5 86 0.0
5 87 0.0
5 88 0.0
5 89 6.21886679809e-06
5 90 0.0
5 91 6.21886679809e-06
5 92 6.21886679809e-06
5 93 6.21886679809e-06
5 94 0.0
5 95 0.0
5 96 0.0
5 97 0.0
5 98 0.0
5 99 0.0
5 100 0.0
5 101 0.0
5 102 0.0
5 103 6.21886679809e-06
5 104 0.0
5 105 0.0
5 106 6.21886679809e-06
5 107 0.000155471669952
5 108 0.000223879204731
5 109 0.000223879204731
5 110 0.000223879204731
5 111 0.000304724473107
5 112 0.000223879204731
5 113 0.000155471669952
5 114 6.21886679809e-06
5 115 0.0
5 116 0.0
5 117 0.0
5 118 0.0
5 119 0.0
5 120 0.0
5 121 0.0
5 122 0.0
5 123 0.0
5 124 0.0
5 125 0.0
5 126 0.0
5 127 0.0
5 128 0.0
5 129 0.0
5 130 0.0
5 131 0.0
5 132 0.0
5 133 6.21886679809e-06
5 134 0.0
5 135 6.21886679809e-06
5 136 0.0
5 137 0.0
5 138 0.0
5 139 0.0
5 140 0.0
5 141 6.21886679809e-06
5 142 2.48754671924e-05
5 143 0.000155471669952
5 144 0.000223879204731
5 145 0.000223879204731
5 146 0.000223879204731
5 147 0.000304724473107
5 148 0.000223879204731
5 149 0.000155471669952
5 150 0.0
5 151 0.0
5 152 0.0
5 153 0.0
5 154 0.0
5 155 0.0
5 156 0.0
5 157 0.0
5 158 0.0
5 159 0.0
5 160 0.0
5 161 0.0
5 162 0.0
5 163 0.0
5 164 0.0
5 165 0.0
5 166 0.0
5 167 0.0
5 168 0.0
5 169 0.0
5 170 0.0
5 171 0.0
5 172 0.0
5 173 0.0
5 174 0.0
5 175 0.0
5 176 0.0
5 177 6.21886679809e-06
5 178 6.21886679809e-06
5 179 6.21886679809e-06
5 180 0.0
5 181 6.21886679809e-06
5 182 0.0
5 183 0.0
5 184 0.0
5 185 9.95018687695e-05
5 186 0.000223879204731
5 187 0.000223879204731
5 188 0.000223879204731
5 189 0.000304724473107
5 190 0.000223879204731
5 191 0.000223879204731
5 192 5.59698011828e-05
5 193 6.21886679809e-06
5 194 0.0
5 195 0.0
5 196 0.0
5 197 6.21886679809e-06
5 198 0.0
5 199 0.0
5 200 0.0
5 201 0.0
5 202 0.0
5 203 0.0
5 204 0.0
5 205 0.0
5 206 0.0
5 207 0.0
5 208 0.0
5 209 0.0
5 210 0.0
5 211 6.21886679809e-06
5 212 0.0
5 213 6.21886679809e-06
5 214 0.0
5 215 0.0
5 216 0.0
5 217 0.0
5 218 0.0
5 219 6.21886679809e-06
5 220 6.21886679809e-06
5 221 6.21886679809e-06
5 222 0.0
5 223 0.0
5 224 0.0
5 225 0.0
5 226 0.0
5 227 0.0
5 228 0.0
5 229 0.0
5 230 0.0
5 231 0.0
5 232 0.0
5 233 0.0
5 234 0.0
5 235 0.0
5 236 0.0
5 237 0.0
5 238 0.0
5 239 0.0
5 240 0.0
5 241 0.0
5 242 0.0
5 243 0.0
5 244 0.0
5 245 0.0
5 246 0.0
5 247 0.0
5 248 0.0
5 249 0.0
5 250 0.0
5 251 0.0
5 252 0.0
5 253 0.0
5 254 0.0
5 255 0.0
5 256 0.0
5 257 0.0
5 258 0.0
5 259 0.0
5 260 0.0
5 261 0.0
5 262 0.0
5 263 0.0
5 264 0.0
5 265 0.0
5 266 0.0
5 267 0.0
5 268 0.0
5 269 0.0
5 270 6.21886679809e-06
5 271 6.21886679809e-06
5 272 0.0
5 273 0.0
5 274 0.0
5 275 6.21886679809e-06
5 276 0.0
5 277 6.21886679809e-06
5 278 0.0
5 279 6.21886679809e-06
5 280 0.0
5 281 0.0
5 282 0.0
5 283 0.0
5 284 0.0
5 285 0.0
5 286 0.0
5 287 0.0
5 288 0.0
5 289 0.0
5 290 0.0
5 291 0.0
5 292 0.0
5 293 0.0
5 294 0.0
5 295 0.0
5 296 0.0
5 297 0.0
5 298 0.0
5 299 0.0
5 300 0.0
5 301 0.0
5 302 0.0
5 303 0.0
5 304 0.0
5 305 0.0
5 306 6.21886679809e-06
5 307 6.21886679809e-06
5 308 0.0
5 309 0.0
5 310 0.0
5 311 6.21886679809e-06
5 312 0.0
5 313 6.21886679809e-06
5 314 0.0
5 315 6.21886679809e-06
5 316 0.0
5 317 0.0
5 318 0.0
5 319 6.21886679809e-06
5 320 6.21886679809e-06
5 321 6.21886679809e-06
5 322 0.0
5 323 0.0
5 324 0.0
5 325 0.0
5 326 0.0
5 327 6.21886679809e-06
5 328 0.0
5 329 6.21886679809e-06
5 330 0.0
5 331 0.0
5 332 0.0
5 333 0.0
5 334 0.0
5 335 0.0
5 336 0.0
5 337 0.0
5 338 0.0
5 339 0.0
5 340 0.0
5 341 0.0
5 342 6.21886679809e-06
5 343 6.21886679809e-06
5 344 0.0
5 345 0.0
5 346 0.0
5 347 6.21886679809e-06
5 348 0.0
5 349 6.21886679809e-06
5 350 0.0
5 351 6.21886679809e-06
5 352 0.0
5 353 0.0
5 354 0.0
5 355 0.0
5 356 0.0
5 357 0.0
5 358 0.0
5 359 0.0
5 360 0.0
5 361 0.0
5 362 0.0
5 363 0.0
5 364 0.0
5 365 0.0
5 366 0.0
5 367 0.0
5 368 0.0
5 369 0.0
5 370 0.0
5 371 0.0
5 372 0.0
5 373 0.0
5 374 0.0
5 375 6.21886679809e-06
5 376 0.0
5 377 6.21886679809e-06
5 378 0.0
5 379 6.21886679809e-06
5 380 0.0
5 381 0.0
5 382 0.0
5 383 6.21886679809e-06
5 384 6.21886679809e-06
5 385 2.48754671924e-05
5 386 6.21886679809e-06
5 387 2.48754671924e-05
5 388 6.21886679809e-06
5 389 2.48754671924e-05
5 390 2.48754671924e-05
5 391 2.48754671924e-05
5 392 0.0
5 393 0.0
5 394 0.0
5 395 6.21886679809e-06
5 396 0.0
5 397 6.21886679809e-06
5 398 0.0
5 399 0.0
5 400 0.0
6 0 0.0
6 1 6.21886679809e-06
6 2 0.0
6 3 0.0
6 4 0.0
6 5 6.21886679809e-06
6 6 0.0
6 7 6.21886679809e-06
6 8 0.0
6 9 6.21886679809e-06
6 10 0.0
6 11 0.0
6 12 0.0
6 13 0.000155471669952
6 14 0.0
6 15 6.21886679809e-06
6 16 0.0
6 17 6.21886679809e-06
6 18 0.0
6 19 0.0
6 20 0.0
6 21 0.0
6 22 0.0
6 23 0.0
6 24 0.0
6 25 0.0
6 26 0.0
6 27 6.21886679809e-06
6 28 0.0
6 29 0.0
6 30 0.0
6 31 0.0
6 32 0.0
6 33 6.21886679809e-06
6 34 0.0
6 35 6.21886679809e-06
6 36 0.0
6 37 0.0
6 38 0.0
6 39 0.0
6 40 0.0
6 41 0.0
6 42 0.0
6 43 0.0
6 44 0.0
6 45 0.0
6 46 0.0
6 47 0.0
6 48 0.0
6 49 0.0
6 50 0.0
6 51 0.0
6 52 0.0
6 53 0.0
6 54 0.0
6 55 0.0
6 56 0.0
6 57 0.0
6 58 0.0
6 59 0.0
6 60 0.0
6 61 0.0
6 62 0.0
6 63 0.0
6 64 0.0
6 65 0.0
6 66 0.0
6 67 0.0
6 68 0.0
6 69 0.0
6 70 0.0
6 71 0.0
6 72 0.0
6 73 0.0
6 74 0.0
6 75 0.0
6 76 0.0
6 77 0.0
6 78 0.0
6 79 0.0
6 80 0.0
6 81 0.0
6 82 0.0
6 83 0.0
6 84 0.0
6 85 6.21886679809e-06
6 86 0.0
6 87 6.21886679809e-06
6 88 0.0
6 89 0.0
6 90 0.0
6 91 0.0
6 92 0.0
6 93 6.21886679809e-06
6 94 0.0
6 95 0.0
6 96 0.0
6 97 0.0
6 98 0.0
6 99 0.0
6 100 0.0
6 101 0.0
6 102 0.0
6 103 6.21886679809e-06
6 104 0.0
6 105 0.0
6 106 0.0
6 107 0.0
6 108 0.0
6 109 0.0
6 110 0.0
6 111 6.21886679809e-06
6 112 0.0
6 113 0.0
6 114 0.0
6 115 0.0
6 116 0.0
6 117 0.0
6 118 0.0
6 119 0.0
6 120 0.0
6 121 0.0
6 122 0.0
6 123 0.0
6 124 0.0
6 125 0.0
6 126 0.0
6 127 0.0
6 128 0.0
6 129 0.0
6 130 0.0
6 131 0.0
6 132 0.0
6 133 0.0
6 134 0.0
6 135 0.0
6 136 0.0
6 137 6.21886679809e-06
6 138 0.0
6 139 6.21886679809e-06
6 140 0.0
6 141 0.0
6 142 0.0
6 143 0.0
6 144 0.0
6 145 0.0
6 146 0.0
6 147 6.21886679809e-06
6 148 0.0
6 149 0.0
6 150 0.0
6 151 0.0
6 152 0.0
6 153 0.0
6 154 0.0
6 155 0.0
6 156 0.0
6 157 0.0
6 158 0.0
6 159 0.0
6 160 0.0
6 161 0.0
6 162 0.0
6 163 0.0
6 164 0.0
6 165 0.0
6 166 0.0
6 167 0.0
6 168 0.0
6 169 0.0
6 170 0.0
6 171 0.0
6 172 0.0
6 173 0.0
6 174 0.0
6 175 0.0
6 176 0.0
6 177 6.21886679809e-06
6 178 0.0
6 179 6.21886679809e-06
6 180 0.0
6 181 0.0
6 182 0.0
6 183 6.21886679809e-06
6 184 0.0
6 185 6.21886679809e-06
6 186 0.0
6 187 0.0
6 188 0.0
6 189 6.21886679809e-06
6 190 0.0
6 191 0.0
6 192 0.0
6 193 0.0
6 194 0.0
6 195 0.0
6 196 0.0
6 197 0.0
6 198 0.0
6 199 0.0
6 200 0.0
6 201 0.0
6 202 0.0
6 203 0.0
6 204 0.0
6 205 0.0
6 206 0.0
6 207 0.0
6 208 0.0
6 209 0.0
6 210 0.0
6 211 0.0
6 212 0.0
6 213 6.21886679809e-06
6 214 0.0
6 215 6.21886679809e-06
6 216 0.0
6 217 0.0
6 218 0.0
6 219 6.21886679809e-06
6 220 0.0
6 221 2.48754671924e-05
6 222 0.0
6 223 0.0
6 224 0.0
6 225 0.0
6 226 0.0
6 227 0.0
6 228 0.0
6 229 0.0
6 230 0.0
6 231 0.0
6 232 0.0
6 233 0.0
6 234 0.0
6 235 0.0
6 236 0.0
6 237 0.0
6 238 0.0
6 239 0.0
6 240 0.0
6 241 0.0
6 242 0.0
6 243 0.0
6 244 0.0
6 245 0.0
6 246 0.0
6 247 0.0
6 248 0.0
6 249 0.0
6 250 0.0
6 251 0.0
6 252 0.0
6 253 0.0
6 254 0.0
6 255 0.0
6 256 0.0
6 257 0.0
6 258 0.0
6 259 0.0
6 260 0.0
6 261 0.0
6 262 0.0
6 263 0.0
6 264 0.0
6 265 0.0
6 266 0.0
6 267 0.0
6 268 0.0
6 269 0.0
6 270 0.0
6 271 0.0
6 272 0.0
6 273 6.21886679809e-06
6 274 0.0
6 275 0.0
6 276 0.0
6 277 6.21886679809e-06
6 278 0.0
6 279 0.0
6 280 0.0
6 281 6.21886679809e-06
6 282 0.0
6 283 0.0
6 284 0.0
6 285 0.0
6 286 0.0
6 287 0.0
6 288 0.0
6 289 0.0
6 290 0.0
6 291 0.0
6 292 0.0
6 293 0.0
6 294 0.0
6 295 0.0
6 296 0.0
6 297 0.0
6 298 0.0
6 299 0.0
6 300 0.0
6 301 6.21886679809e-06
6 302 0.0
6 303 0.0
6 304 0.0
6 305 6.21886679809e-06
6 306 0.0
6 307 0.0
6 308 0.0
6 309 6.21886679809e-06
6 310 0.0
6 311 0.0
6 312 0.0
6 313 0.0
6 314 0.0
6 315 0.0
6 316 0.0
6 317 6.21886679809e-06
6 318 0.0
6 319 0.0
6 320 0.0
6 321 6.21886679809e-06
6 322 0.0
6 323 6.21886679809e-06
6 324 0.0
6 325 6.21886679809e-06
6 326 0.0
6 327 0.0
6 328 0.0
6 329 0.0
6 330 0.0
6 331 0.0
6 332 0.0
6 333 0.0
6 334 0.0
6 335 0.0
6 336 0.0
6 337 6.21886679809e-06
6 338 0.0
6 339 0.0
6 340 0.0
6 341 6.21886679809e-06
6 342 0.0
6 343 0.0
6 344 0.0
6 345 0.0
6 346 0.0
6 347 0.0
6 348 0.0
6 349 0.0
6 350 0.0
6 351 0.0
6 352 0.0
6 353 6.21886679809e-06
6 354 0.0
6 355 0.0
6 356 0.0
6 357 0.0
6 358 0.0
6 359 0.0
6 360 0.0
6 361 0.0
6 362 0.0
6 363 0.0
6 364 0.0
6 365 0.0
6 366 0.0
6 367 0.0
6 368 0.0
6 369 0.0
6 370 0.0
6 371 0.0
6 372 0.0
6 373 6.21886679809e-06
6 374 0.0
6 375 0.0
6 376 0.0
6 377 6.21886679809e-06
6 378 0.0
6 379 0.0
6 380 0.0
6 381 0.0
6 382 0.0
6 383 0.0
6 384 0.0
6 385 6.21886679809e-06
6 386 0.0
6 387 0.0
6 388 0.0
6 389 0.0
6 390 0.0
6 391 0.000155471669952
6 392 0.0
6 393 0.0
6 394 0.0
6 395 0.0
6 396 0.0
6 397 6.21886679809e-06
6 398 0.0
6 399 0.0
6 400 0.0
7 0 6.21886679809e-06
7 1 2.48754671924e-05
7 2 6.21886679809e-06
7 3 6.21886679809e-06
7 4 0.0
7 5 2.48754671924e-05
7 6 6.21886679809e-06
7 7 2.48754671924e-05
7 8 6.21886679809e-06
7 9 2.48754671924e-05
7 10 5.59698011828e-05
7 11 9.95018687695e-05
7 12 2.48754671924e-05
7 13 5.59698011828e-05
7 14 9.95018687695e-05
7 15 0.000155471669952
7 16 5.59698011828e-05
7 17 6.21886679809e-06
7 18 5.59698011828e-05
7 19 5.59698011828e-05
7 20 0.000155471669952
7 21 9.95018687695e-05
7 22 2.48754671924e-05
7 23 5.59698011828e-05
7 24 5.59698011828e-05
7 25 9.95018687695e-05
7 26 5.59698011828e-05
7 27 5.59698011828e-05
7 28 5.59698011828e-05
7 29 9.95018687695e-05
7 30 9.95018687695e-05
7 31 9.95018687695e-05
7 32 9.95018687695e-05
7 33 0.000155471669952
7 34 9.95018687695e-05
7 35 9.95018687695e-05
7 36 5.59698011828e-05
7 37 5.59698011828e-05
7 38 5.59698011828e-05
7 39 5.59698011828e-05
7 40 5.59698011828e-05
7 41 5.59698011828e-05
7 42 5.59698011828e-05
7 43 5.59698011828e-05
7 44 5.59698011828e-05
7 45 5.59698011828e-05
7 46 5.59698011828e-05
7 47 5.59698011828e-05
7 48 5.59698011828e-05
7 49 5.59698011828e-05
7 50 5.59698011828e-05
7 51 5.59698011828e-05
7 52 5.59698011828e-05
7 53 5.59698011828e-05
7 54 5.59698011828e-05
7 55 5.59698011828e-05
7 56 5.59698011828e-05
7 57 2.48754671924e-05
7 58 2.48754671924e-05
7 59 5.59698011828e-05
7 60 2.48754671924e-05
7 61 5.59698011828e-05
7 62 2.48754671924e-05
7 63 2.48754671924e-05
7 64 5.59698011828e-05
7 65 5.59698011828e-05
7 66 5.59698011828e-05
7 67 5.59698011828e-05
7 68 5.59698011828e-05
7 69 5.59698011828e-05
7 70 5.59698011828e-05
7 71 5.59698011828e-05
7 72 5.59698011828e-05
7 73 5.59698011828e-05
7 74 5.59698011828e-05
7 75 5.59698011828e-05
7 76 5.59698011828e-05
7 77 5.59698011828e-05
7 78 2.48754671924e-05
7 79 2.48754671924e-05
7 80 2.48754671924e-05
7 81 5.59698011828e-05
7 82 2.48754671924e-05
7 83 2.48754671924e-05
7 84 2.48754671924e-05
7 85 5.59698011828e-05
7 86 5.59698011828e-05
7 87 9.95018687695e-05
7 88 9.95018687695e-05
7 89 0.000155471669952
7 90 9.95018687695e-05
7 91 9.95018687695e-05
7 92 2.48754671924e-05
7 93 2.48754671924e-05
7 94 2.48754671924e-05
7 95 5.59698011828e-05
7 96 2.48754671924e-05
7 97 5.59698011828e-05
7 98 2.48754671924e-05
7 99 6.21886679809e-06
7 100 2.48754671924e-05
7 101 5.59698011828e-05
7 102 5.59698011828e-05
7 103 9.95018687695e-05
7 104 5.59698011828e-05
7 105 5.59698011828e-05
7 106 5.59698011828e-05
7 107 2.48754671924e-05
7 108 5.59698011828e-05
7 109 5.59698011828e-05
7 110 5.59698011828e-05
7 111 9.95018687695e-05
7 112 5.59698011828e-05
7 113 5.59698011828e-05
7 114 5.59698011828e-05
7 115 5.59698011828e-05
7 116 5.59698011828e-05
7 117 5.59698011828e-05
7 118 5.59698011828e-05
7 119 5.59698011828e-05
7 120 5.59698011828e-05
7 121 5.59698011828e-05
7 122 5.59698011828e-05
7 123 5.59698011828e-05
7 124 5.59698011828e-05
7 125 5.59698011828e-05
7 126 5.59698011828e-05
7 127 5.59698011828e-05
7 128 5.59698011828e-05
7 129 5.59698011828e-05
7 130 5.59698011828e-05
7 131 5.59698011828e-05
7 132 5.59698011828e-05
7 133 5.59698011828e-05
7 134 5.59698011828e-05
7 135 9.95018687695e-05
7 136 9.95018687695e-05
7 137 0.000155471669952
7 138 9.95018687695e-05
7 139 0.000155471669952
7 140 9.95018687695e-05
7 141 9.95018687695e-05
7 142 5.59698011828e-05
7 143 5.59698011828e-05
7 144 5.59698011828e-05
7 145 5.59698011828e-05
7 146 5.59698011828e-05
7 147 5.59698011828e-05
7 148 5.59698011828e-05
7 149 5.59698011828e-05
7 150 5.59698011828e-05
7 151 5.59698011828e-05
7 152 5.59698011828e-05
7 153 5.59698011828e-05
7 154 5.59698011828e-05
7 155 5.59698011828e-05
7 156 5.59698011828e-05
7 157 5.59698011828e-05
7 158 5.59698011828e-05
7 159 5.59698011828e-05
7 160 5.59698011828e-05
7 161 5.59698011828e-05
7 162 5.59698011828e-05
7 163 5.59698011828e-05
7 164 5.59698011828e-05
7 165 5.59698011828e-05
7 166 5.59698011828e-05
7 167 5.59698011828e-05
7 168 5.59698011828e-05
7 169 5.59698011828e-05
7 170 5.59698011828e-05
7 171 5.59698011828e-05
7 172 5.59698011828e-05
7 173 5.59698011828e-05
7 174 5.59698011828e-05
7 175 5.59698011828e-05
7 176 5.59698011828e-05
7 177 9.95018687695e-05
7 178 9.95018687695e-05
7 179 0.000155471669952
7 180 9.95018687695e-05
7 181 0.000155471669952
7 182 9.95018687695e-05
7 183 9.95018687695e-05
7 184 5.59698011828e-05
7 185 2.48754671924e-05
7 186 5.59698011828e-05
7 187 5.59698011828e-05
7 188 5.59698011828e-05
7 189 9.95018687695e-05
7 190 5.59698011828e-05
7 191 5.59698011828e-05
7 192 2.48754671924e-05
7 193 5.59698011828e-05
7 194 5.59698011828e-05
7 195 9.95018687695e-05
7 196 5.59698011828e-05
7 197 5.59698011828e-05
7 198 2.48754671924e-05
7 199 5.59698011828e-05
7 200 2.48754671924e-05
7 201 5.59698011828e-05
7 202 2.48754671924e-05
7 203 2.48754671924e-05
7 204 2.48754671924e-05
7 205 2.48754671924e-05
7 206 2.48754671924e-05
7 207 5.59698011828e-05
7 208 5.59698011828e-05
7 209 9.95018687695e-05
7 210 5.59698011828e-05
7 211 5.59698011828e-05
7 212 5.59698011828e-05
7 213 9.95018687695e-05
7 214 9.95018687695e-05
7 215 0.000155471669952
7 216 9.95018687695e-05
7 217 9.95018687695e-05
7 218 9.95018687695e-05
7 219 9.95018687695e-05
7 220 9.95018687695e-05
7 221 2.48754671924e-05
7 222 2.48754671924e-05
7 223 2.48754671924e-05
7 224 2.48754671924e-05
7 225 5.59698011828e-05
7 226 2.48754671924e-05
7 227 2.48754671924e-05
7 228 5.59698011828e-05
7 229 5.59698011828e-05
7 230 5.59698011828e-05
7 231 5.59698011828e-05
7 232 5.59698011828e-05
7 233 5.59698011828e-05
7 234 5.59698011828e-05
7 235 5.59698011828e-05
7 236 5.59698011828e-05
7 237 5.59698011828e-05
7 238 5.59698011828e-05
7 239 5.59698011828e-05
7 240 5.59698011828e-05
7 241 5.59698011828e-05
7 242 2.48754671924e-05
7 243 2.48754671924e-05
7 244 2.48754671924e-05
7 245 5.59698011828e-05
7 246 2.48754671924e-05
7 247 5.59698011828e-05
7 248 2.48754671924e-05
7 249 2.48754671924e-05
7 250 2.48754671924e-05
7 251 5.59698011828e-05
7 252 5.59698011828e-05
7 253 5.59698011828e-05
7 254 5.59698011828e-05
7 255 5.59698011828e-05
7 256 5.59698011828e-05
7 257 5.59698011828e-05
7 258 5.59698011828e-05
7 259 9.95018687695e-05
7 260 5.59698011828e-05
7 261 5.59698011828e-05
7 262 2.48754671924e-05
7 263 5.59698011828e-05
7 264 2.48754671924e-05
7 265 2.48754671924e-05
7 266 2.48754671924e-05
7 267 5.59698011828e-05
7 268 2.48754671924e-05
7 269 2.48754671924e-05
7 270 6.21886679809e-06
7 271 9.95018687695e-05
7 272 9.95018687695e-05
7 273 0.000155471669952
7 274 9.95018687695e-05
7 275 9.95018687695e-05
7 276 9.95018687695e-05
7 277 9.95018687695e-05
7 278 2.48754671924e-05
7 279 2.48754671924e-05
7 280 2.48754671924e-05
7 281 2.48754671924e-05
7 282 2.48754671924e-05
7 283 5.59698011828e-05
7 284 2.48754671924e-05
7 285 9.95018687695e-05
7 286 5.59698011828e-05
7 287 5.59698011828e-05
7 288 5.59698011828e-05
7 289 9.95018687695e-05
7 290 5.59698011828e-05
7 291 5.59698011828e-05
7 292 2.48754671924e-05
7 293 2.48754671924e-05
7 294 2.48754671924e-05
7 295 2.48754671924e-05
7 296 2.48754671924e-05
7 297 5.59698011828e-05
7 298 2.48754671924e-05
7 299 5.59698011828e-05
7 300 2.48754671924e-05
7 301 5.59698011828e-05
7 302 5.59698011828e-05
7 303 9.95018687695e-05
7 304 5.59698011828e-05
7 305 5.59698011828e-05
7 306 5.59698011828e-05
7 307 9.95018687695e-05
7 308 9.95018687695e-05
7 309 0.000155471669952
7 310 9.95018687695e-05
7 311 9.95018687695e-05
7 312 9.95018687695e-05
7 313 9.95018687695e-05
7 314 5.59698011828e-05
7 315 5.59698011828e-05
7 316 5.59698011828e-05
7 317 9.95018687695e-05
7 318 5.59698011828e-05
7 319 5.59698011828e-05
7 320 5.59698011828e-05
7 321 9.95018687695e-05
7 322 9.95018687695e-05
7 323 0.000155471669952
7 324 9.95018687695e-05
7 325 0.000155471669952
7 326 9.95018687695e-05
7 327 9.95018687695e-05
7 328 5.59698011828e-05
7 329 5.59698011828e-05
7 330 5.59698011828e-05
7 331 9.95018687695e-05
7 332 5.59698011828e-05
7 333 5.59698011828e-05
7 334 5.59698011828e-05
7 335 2.48754671924e-05
7 336 2.48754671924e-05
7 337 2.48754671924e-05
7 338 2.48754671924e-05
7 339 2.48754671924e-05
7 340 2.48754671924e-05
7 341 2.48754671924e-05
7 342 5.59698011828e-05
7 343 9.95018687695e-05
7 344 9.95018687695e-05
7 345 9.95018687695e-05
7 346 9.95018687695e-05
7 347 9.95018687695e-05
7 348 9.95018687695e-05
7 349 9.95018687695e-05
7 350 5.59698011828e-05
7 351 5.59698011828e-05
7 352 5.59698011828e-05
7 353 9.95018687695e-05
7 354 5.59698011828e-05
7 355 5.59698011828e-05
7 356 5.59698011828e-05
7 357 5.59698011828e-05
7 358 5.59698011828e-05
7 359 5.59698011828e-05
7 360 5.59698011828e-05
7 361 5.59698011828e-05
7 362 5.59698011828e-05
7 363 5.59698011828e-05
7 364 5.59698011828e-05
7 365 5.59698011828e-05
7 366 5.59698011828e-05
7 367 5.59698011828e-05
7 368 5.59698011828e-05
7 369 5.59698011828e-05
7 370 5.59698011828e-05
7 371 5.59698011828e-05
7 372 5.59698011828e-05
7 373 5.59698011828e-05
7 374 5.59698011828e-05
7 375 5.59698011828e-05
7 376 5.59698011828e-05
7 377 5.59698011828e-05
7 378 9.95018687695e-05
7 379 9.95018687695e-05
7 380 5.59698011828e-05
7 381 5.59698011828e-05
7 382 5.59698011828e-05
7 383 2.48754671924e-05
7 384 6.21886679809e-06
7 385 9.95018687695e-05
7 386 5.59698011828e-05
7 387 6.21886679809e-06
7 388 0.000155471669952
7 389 0.000223879204731
7 390 2.48754671924e-05
7 391 6.21886679809e-06
7 392 6.21886679809e-06
7 393 6.21886679809e-06
7 394 0.0
7 395 0.0
7 396 0.0
7 397 2.48754671924e-05
7 398 0.0
7 399 6.21886679809e-06
7 400 0.0
8 0 0.0
8 1 5.59698011828e-05
8 2 0.0
8 3 2.48754671924e-05
8 4 0.0
8 5 2.48754671924e-05
8 6 0.0
8 7 5.59698011828e-05
8 8 0.0
8 9 2.48754671924e-05
8 10 0.0
8 11 9.95018687695e-05
8 12 0.0
8 13 2.48754671924e-05
8 14 0.0
8 15 6.21886679809e-06
8 16 0.0
8 17 6.21886679809e-06
8 18 0.0
8 19 0.0
8 20 0.0
8 21 6.21886679809e-06
8 22 0.0
8 23 0.0
8 24 0.0
8 25 0.0
8 26 0.0
8 27 0.0
8 28 0.0
8 29 0.0
8 30 0.0
8 31 0.0
8 32 0.0
8 33 0.0
8 34 0.0
8 35 0.0
8 36 0.0
8 37 0.0
8 38 0.0
8 39 0.0
8 40 0.0
8 41 0.0
8 42 0.0
8 43 0.0
8 44 0.0
8 45 0.0
8 46 0.0
8 47 0.0
8 48 0.0
8 49 0.0
8 50 0.0
8 51 0.0
8 52 0.0
8 53 0.0
8 54 0.0
8 55 0.0
8 56 0.0
8 57 6.21886679809e-06
8 58 0.0
8 59 6.21886679809e-06
8 60 0.0
8 61 6.21886679809e-06
8 62 0.0
8 63 0.0
8 64 0.0
8 65 0.0
8 66 0.0
8 67 0.0
8 68 0.0
8 69 0.0
8 70 0.0
8 71 0.0
8 72 0.0
8 73 6.21886679809e-06
8 74 0.0
8 75 0.0
8 76 0.0
8 77 2.48754671924e-05
8 78 0.0
8 79 0.0
8 80 0.0
8 81 6.21886679809e-06
8 82 0.0
8 83 0.0
8 84 0.0
8 85 0.0
8 86 0.0
8 87 0.0
8 88 0.0
8 89 6.21886679809e-06
8 90 0.0
8 91 6.21886679809e-06
8 92 0.0
8 93 6.21886679809e-06
8 94 0.0
8 95 6.21886679809e-06
8 96 0.0
8 97 6.21886679809e-06
8 98 0.0
8 99 0.0
8 100 0.0
8 101 0.0
8 102 0.0
8 103 6.21886679809e-06
8 104 0.0
8 105 0.0
8 106 0.0
8 107 6.21886679809e-06
8 108 0.0
8 109 0.0
8 110 0.0
8 111 6.21886679809e-06
8 112 0.0
8 113 0.0
8 114 0.0
8 115 0.0
8 116 0.0
8 117 0.0
8 118 0.0
8 119 0.0
8 120 0.0
8 121 0.0
8 122 0.0
8 123 0.0
8 124 0.0
8 125 0.0
8 126 0.0
8 127 0.0
8 128 0.0
8 129 0.0
8 130 0.0
8 131 0.0
8 132 0.0
8 133 0.0
8 134 0.0
8 135 0.0
8 136 0.0
8 137 0.0
8 138 0.0
8 139 0.0
8 140 0.0
8 141 0.0
8 142 0.0
8 143 0.0
8 144 0.0
8 145 0.0
8 146 0.0
8 147 0.0
8 148 0.0
8 149 0.0
8 150 0.0
8 151 0.0
8 152 0.0
8 153 0.0
8 154 0.0
8 155 0.0
8 156 0.0
8 157 0.0
8 158 0.0
8 159 0.0
8 160 0.0
8 161 0.0
8 162 0.0
8 163 0.0
8 164 0.0
8 165 0.0
8 166 0.0
8 167 0.0
8 168 0.0
8 169 0.0
8 170 0.0
8 171 0.0
8 172 0.0
8 173 0.0
8 174 0.0
8 175 0.0
8 176 0.0
8 177 0.0
8 178 0.0
8 179 0.0
8 180 0.0
8 181 6.21886679809e-06
8 182 0.0
8 183 0.0
8 184 0.0
8 185 0.0
8 186 0.0
8 187 0.0
8 188 0.0
8 189 6.21886679809e-06
8 190 0.0
8 191 0.0
8 192 0.0
8 193 6.21886679809e-06
8 194 0.0
8 195 6.21886679809e-06
8 196 0.0
8 197 0.0
8 198 0.0
8 199 6.21886679809e-06
8 200 0.0
8 201 6.21886679809e-06
8 202 0.0
8 203 0.0
8 204 0.0
8 205 0.0
8 206 0.0
8 207 2.48754671924e-05
8 208 0.0
8 209 0.0
8 210 0.0
8 211 0.0
8 212 0.0
8 213 0.0
8 214 0.0
8 215 0.0
8 216 0.0
8 217 6.21886679809e-06
8 218 0.0
8 219 0.0
8 220 0.0
8 221 6.21886679809e-06
8 222 0.0
8 223 0.0
8 224 0.0
8 225 6.21886679809e-06
8 226 0.0
8 227 0.0
8 228 0.0
8 229 0.0
8 230 0.0
8 231 0.0
8 232 0.0
8 233 0.0
8 234 0.0
8 235 0.0
8 236 0.0
8 237 0.0
8 238 0.0
8 239 0.0
8 240 0.0
8 241 2.48754671924e-05
8 242 0.0
8 243 0.0
8 244 0.0
8 245 6.21886679809e-06
8 246 0.0
8 247 6.21886679809e-06
8 248 0.0
8 249 0.0
8 250 0.0
8 251 0.0
8 252 0.0
8 253 0.0
8 254 0.0
8 255 0.0
8 256 0.0
8 257 0.0
8 258 0.0
8 259 6.21886679809e-06
8 260 0.0
8 261 0.0
8 262 0.0
8 263 6.21886679809e-06
8 264 0.0
8 265 0.0
8 266 0.0
8 267 6.21886679809e-06
8 268 0.0
8 269 0.0
8 270 0.0
8 271 2.48754671924e-05
8 272 0.0
8 273 0.0
8 274 0.0
8 275 6.21886679809e-06
8 276 0.0
8 277 2.48754671924e-05
8 278 0.0
8 279 6.21886679809e-06
8 280 0.0
8 281 0.0
8 282 0.0
8 283 6.21886679809e-06
8 284 0.0
8 285 2.48754671924e-05
8 286 0.0
8 287 0.0
8 288 0.0
8 289 0.0
8 290 0.0
8 291 2.48754671924e-05
8 292 0.0
8 293 0.0
8 294 0.0
8 295 0.0
8 296 0.0
8 297 6.21886679809e-06
8 298 0.0
8 299 6.21886679809e-06
8 300 0.0
8 301 0.0
8 302 0.0
8 303 6.21886679809e-06
8 304 0.0
8 305 0.0
8 306 0.0
8 307 0.0
8 308 0.0
8 309 0.0
8 310 0.0
8 311 0.0
8 312 0.0
8 313 0.0
8 314 0.0
8 315 0.0
8 316 0.0
8 317 0.0
8 318 0.0
8 319 0.0
8 320 0.0
8 321 0.0
8 322 0.0
8 323 0.0
8 324 0.0
8 325 0.0
8 326 0.0
8 327 0.0
8 328 0.0
8 329 0.0
8 330 0.0
8 331 6.21886679809e-06
8 332 0.0
8 333 0.0
8 334 0.0
8 335 0.0
8 336 0.0
8 337 0.0
8 338 0.0
8 339 6.21886679809e-06
8 340 0.0
8 341 0.0
8 342 0.0
8 343 6.21886679809e-06
8 344 0.0
8 345 0.0
8 346 0.0
8 347 0.0
8 348 0.0
8 349 0.0
8 350 0.0
8 351 0.0
8 352 0.0
8 353 0.0
8 354 0.0
8 355 0.0
8 356 0.0
8 357 0.0
8 358 0.0
8 359 0.0
8 360 0.0
8 361 0.0
8 362 0.0
8 363 0.0
8 364 0.0
8 365 0.0
8 366 0.0
8 367 0.0
8 368 0.0
8 369 0.0
8 370 0.0
8 371 0.0
8 372 0.0
8 373 0.0
8 374 0.0
8 375 6.21886679809e-06
8 376 0.0
8 377 0.0
8 378 0.0
8 379 0.0
8 380 0.0
8 381 6.21886679809e-06
8 382 0.0
8 383 0.0
8 384 0.0
8 385 0.0
8 386 0.0
8 387 9.95018687695e-05
8 388 0.0
8 389 2.48754671924e-05
8 390 0.0
8 391 2.48754671924e-05
8 392 0.0
8 393 0.0
8 394 0.0
8 395 2.48754671924e-05
8 396 0.0
8 397 5.59698011828e-05
8 398 0.0
8 399 2.48754671924e-05
8 400 0.0
9 0 6.21886679809e-06
9 1 5.59698011828e-05
9 2 6.21886679809e-06
9 3 0.0
9 4 6.21886679809e-06
9 5 6.21886679809e-06
9 6 6.21886679809e-06
9 7 2.48754671924e-05
9 8 0.0
9 9 2.48754671924e-05
9 10 0.0
9 11 9.95018687695e-05
9 12 6.21886679809e-06
9 13 6.21886679809e-06
9 14 9.95018687695e-05
9 15 5.59698011828e-05
9 16 0.000155471669952
9 17 0.000223879204731
9 18 0.000155471669952
9 19 0.000155471669952
9 20 0.000223879204731
9 21 0.000155471669952
9 22 0.000155471669952
9 23 9.95018687695e-05
9 24 9.95018687695e-05
9 25 9.95018687695e-05
9 26 9.95018687695e-05
9 27 9.95018687695e-05
9 28 9.95018687695e-05
9 29 9.95018687695e-05
9 30 9.95018687695e-05
9 31 9.95018687695e-05
9 32 9.95018687695e-05
9 33 9.95018687695e-05
9 34 9.95018687695e-05
9 35 9.95018687695e-05
9 36 9.95018687695e-05
9 37 9.95018687695e-05
9 38 9.95018687695e-05
9 39 9.95018687695e-05
9 40 9.95018687695e-05
9 41 9.95018687695e-05
9 42 9.95018687695e-05
9 43 9.95018687695e-05
9 44 9.95018687695e-05
9 45 9.95018687695e-05
9 46 9.95018687695e-05
9 47 9.95018687695e-05
9 48 9.95018687695e-05
9 49 9.95018687695e-05
9 50 9.95018687695e-05
9 51 9.95018687695e-05
9 52 9.95018687695e-05
9 53 9.95018687695e-05
9 54 9.95018687695e-05
9 55 9.95018687695e-05
9 56 9.95018687695e-05
9 57 0.000155471669952
9 58 0.000155471669952
9 59 9.95018687695e-05
9 60 0.000155471669952
9 61 9.95018687695e-05
9 62 0.000155471669952
9 63 0.000155471669952
9 64 9.95018687695e-05
9 65 9.95018687695e-05
9 66 9.95018687695e-05
9 67 9.95018687695e-05
9 68 9.95018687695e-05
9 69 9.95018687695e-05
9 70 9.95018687695e-05
9 71 9.95018687695e-05
9 72 9.95018687695e-05
9 73 5.59698011828e-05
9 74 9.95018687695e-05
9 75 9.95018687695e-05
9 76 9.95018687695e-05
9 77 5.59698011828e-05
9 78 9.95018687695e-05
9 79 0.000155471669952
9 80 0.000155471669952
9 81 0.000155471669952
9 82 0.000155471669952
9 83 0.000155471669952
9 84 0.000155471669952
9 85 0.000155471669952
9 86 0.000155471669952
9 87 9.95018687695e-05
9 88 9.95018687695e-05
9 89 5.59698011828e-05
9 90 9.95018687695e-05
9 91 9.95018687695e-05
9 92 0.000155471669952
9 93 0.000155471669952
9 94 0.000155471669952
9 95 9.95018687695e-05
9 96 0.000155471669952
9 97 9.95018687695e-05
9 98 0.000155471669952
9 99 0.000223879204731
9 100 0.000155471669952
9 101 9.95018687695e-05
9 102 9.95018687695e-05
9 103 5.59698011828e-05
9 104 9.95018687695e-05
9 105 9.95018687695e-05
9 106 9.95018687695e-05
9 107 0.000155471669952
9 108 0.000155471669952
9 109 0.000155471669952
9 110 0.000155471669952
9 111 9.95018687695e-05
9 112 0.000155471669952
9 113 0.000155471669952
9 114 9.95018687695e-05
9 115 9.95018687695e-05
9 116 9.95018687695e-05
9 117 9.95018687695e-05
9 118 9.95018687695e-05
9 119 9.95018687695e-05
9 120 9.95018687695e-05
9 121 9.95018687695e-05
9 122 9.95018687695e-05
9 123 9.95018687695e-05
9 124 9.95018687695e-05
9 125 9.95018687695e-05
9 126 9.95018687695e-05
9 127 9.95018687695e-05
9 128 9.95018687695e-05
9 129 9.95018687695e-05
9 130 9.95018687695e-05
9 131 9.95018687695e-05
9 132 9.95018687695e-05
9 133 9.95018687695e-05
9 134 9.95018687695e-05
9 135 9.95018687695e-05
9 136 9.95018687695e-05
9 137 9.95018687695e-05
9 138 9.95018687695e-05
9 139 9.95018687695e-05
9 140 9.95018687695e-05
9 141 9.95018687695e-05
9 142 9.95018687695e-05
9 143 9.95018687695e-05
9 144 9.95018687695e-05
9 145 9.95018687695e-05
9 146 9.95018687695e-05
9 147 9.95018687695e-05
9 148 9.95018687695e-05
9 149 9.95018687695e-05
9 150 9.95018687695e-05
9 151 9.95018687695e-05
9 152 9.95018687695e-05
9 153 9.95018687695e-05
9 154 9.95018687695e-05
9 155 9.95018687695e-05
9 156 9.95018687695e-05
9 157 9.95018687695e-05
9 158 9.95018687695e-05
9 159 9.95018687695e-05
9 160 9.95018687695e-05
9 161 9.95018687695e-05
9 162 9.95018687695e-05
9 163 9.95018687695e-05
9 164 9.95018687695e-05
9 165 9.95018687695e-05
9 166 9.95018687695e-05
9 167 9.95018687695e-05
9 168 9.95018687695e-05
9 169 9.95018687695e-05
9 170 9.95018687695e-05
9 171 9.95018687695e-05
9 172 9.95018687695e-05
9 173 9.95018687695e-05
9 174 9.95018687695e-05
9 175 9.95018687695e-05
9 176 9.95018687695e-05
9 177 9.95018687695e-05
9 178 9.95018687695e-05
9 179 9.95018687695e-05
9 180 9.95018687695e-05
9 181 5.59698011828e-05
9 182 9.95018687695e-05
9 183 9.95018687695e-05
9 184 0.000155471669952
9 185 0.000155471669952
9 186 0.000155471669952
9 187 0.000155471669952
9 188 0.000155471669952
9 189 9.95018687695e-05
9 190 0.000155471669952
9 191 0.000155471669952
9 192 0.000155471669952
9 193 9.95018687695e-05
9 194 9.95018687695e-05
9 195 5.59698011828e-05
9 196 9.95018687695e-05
9 197 9.95018687695e-05
9 198 0.000155471669952
9 199 9.95018687695e-05
9 200 0.000155471669952
9 201 9.95018687695e-05
9 202 0.000155471669952
9 203 0.000155471669952
9 204 0.000155471669952
9 205 9.95018687695e-05
9 206 9.95018687695e-05
9 207 5.59698011828e-05
9 208 9.95018687695e-05
9 209 9.95018687695e-05
9 210 9.95018687695e-05
9 211 9.95018687695e-05
9 212 9.95018687695e-05
9 213 9.95018687695e-05
9 214 9.95018687695e-05
9 215 9.95018687695e-05
9 216 9.95018687695e-05
9 217 5.59698011828e-05
9 218 9.95018687695e-05
9 219 9.95018687695e-05
9 220 9.95018687695e-05
9 221 0.000155471669952
9 222 0.000155471669952
9 223 0.000155471669952
9 224 0.000155471669952
9 225 9.95018687695e-05
9 226 0.000155471669952
9 227 0.000155471669952
9 228 9.95018687695e-05
9 229 9.95018687695e-05
9 230 9.95018687695e-05
9 231 9.95018687695e-05
9 232 9.95018687695e-05
9 233 9.95018687695e-05
9 234 9.95018687695e-05
9 235 9.95018687695e-05
9 236 9.95018687695e-05
9 237 9.95018687695e-05
9 238 9.95018687695e-05
9 239 9.95018687695e-05
9 240 9.95018687695e-05
9 241 5.59698011828e-05
9 242 9.95018687695e-05
9 243 9.95018687695e-05
9 244 0.000155471669952
9 245 0.000155471669952
9 246 0.000155471669952
9 247 9.95018687695e-05
9 248 0.000155471669952
9 249 0.000155471669952
9 250 0.000155471669952
9 251 9.95018687695e-05
9 252 9.95018687695e-05
9 253 9.95018687695e-05
9 254 9.95018687695e-05
9 255 9.95018687695e-05
9 256 9.95018687695e-05
9 257 9.95018687695e-05
9 258 9.95018687695e-05
9 259 5.59698011828e-05
9 260 9.95018687695e-05
9 261 9.95018687695e-05
9 262 0.000155471669952
9 263 9.95018687695e-05
9 264 0.000155471669952
9 265 0.000155471669952
9 266 0.000155471669952
9 267 0.000155471669952
9 268 0.000155471669952
9 269 0.000155471669952
9 270 0.000155471669952
9 271 5.59698011828e-05
9 272 9.95018687695e-05
9 273 9.95018687695e-05
9 274 9.95018687695e-05
9 275 5.59698011828e-05
9 276 9.95018687695e-05
9 277 5.59698011828e-05
9 278 0.000155471669952
9 279 9.95018687695e-05
9 280 0.000155471669952
9 281 0.000155471669952
9 282 0.000155471669952
9 283 9.95018687695e-05
9 284 0.000155471669952
9 285 5.59698011828e-05
9 286 9.95018687695e-05
9 287 9.95018687695e-05
9 288 9.95018687695e-05
9 289 9.95018687695e-05
9 290 9.95018687695e-05
9 291 5.59698011828e-05
9 292 9.95018687695e-05
9 293 9.95018687695e-05
9 294 0.000155471669952
9 295 0.000155471669952
9 296 0.000155471669952
9 297 9.95018687695e-05
9 298 0.000155471669952
9 299 9.95018687695e-05
9 300 0.000155471669952
9 301 9.95018687695e-05
9 302 9.95018687695e-05
9 303 5.59698011828e-05
9 304 9.95018687695e-05
9 305 9.95018687695e-05
9 306 9.95018687695e-05
9 307 9.95018687695e-05
9 308 9.95018687695e-05
9 309 9.95018687695e-05
9 310 9.95018687695e-05
9 311 9.95018687695e-05
9 312 9.95018687695e-05
9 313 9.95018687695e-05
9 314 9.95018687695e-05
9 315 9.95018687695e-05
9 316 9.95018687695e-05
9 317 9.95018687695e-05
9 318 9.95018687695e-05
9 319 9.95018687695e-05
9 320 9.95018687695e-05
9 321 9.95018687695e-05
9 322 9.95018687695e-05
9 323 9.95018687695e-05
9 324 9.95018687695e-05
9 325 9.95018687695e-05
9 326 9.95018687695e-05
9 327 9.95018687695e-05
9 328 9.95018687695e-05
9 329 9.95018687695e-05
9 330 9.95018687695e-05
9 331 5.59698011828e-05
9 332 9.95018687695e-05
9 333 9.95018687695e-05
9 334 9.95018687695e-05
9 335 0.000155471669952
9 336 0.000155471669952
9 337 0.000155471669952
9 338 0.000155471669952
9 339 9.95018687695e-05
9 340 0.000155471669952
9 341 0.000155471669952
9 342 9.95018687695e-05
9 343 9.95018687695e-05
9 344 9.95018687695e-05
9 345 9.95018687695e-05
9 346 9.95018687695e-05
9 347 9.95018687695e-05
9 348 9.95018687695e-05
9 349 9.95018687695e-05
9 350 9.95018687695e-05
9 351 9.95018687695e-05
9 352 9.95018687695e-05
9 353 9.95018687695e-05
9 354 9.95018687695e-05
9 355 9.95018687695e-05
9 356 9.95018687695e-05
9 357 9.95018687695e-05
9 358 9.95018687695e-05
9 359 9.95018687695e-05
9 360 9.95018687695e-05
9 361 9.95018687695e-05
9 362 9.95018687695e-05
9 363 9.95018687695e-05
9 364 9.95018687695e-05
9 365 9.95018687695e-05
9 366 9.95018687695e-05
9 367 9.95018687695e-05
9 368 9.95018687695e-05
9 369 9.95018687695e-05
9 370 9.95018687695e-05
9 371 9.95018687695e-05
9 372 9.95018687695e-05
9 373 9.95018687695e-05
9 374 9.95018687695e-05
9 375 5.59698011828e-05
9 376 9.95018687695e-05
9 377 9.95018687695e-05
9 378 0.000155471669952
9 379 0.000155471669952
9 380 0.000155471669952
9 381 5.59698011828e-05
9 382 9.95018687695e-05
9 383 9.95018687695e-05
9 384 0.000155471669952
9 385 0.000621886679809
9 386 0.000304724473107
9 387 0.000503728210645
9 388 0.000223879204731
9 389 0.000155471669952
9 390 2.48754671924e-05
9 391 5.59698011828e-05
9 392 6.21886679809e-06
9 393 5.59698011828e-05
9 394 6.21886679809e-06
9 395 9.95018687695e-05
9 396 2.48754671924e-05
9 397 2.48754671924e-05
9 398 0.0
9 399 2.48754671924e-05
9 400 0.0
10 0 0.0
10 1 5.59698011828e-05
10 2 0.0
10 3 6.21886679809e-06
10 4 0.0
10 5 2.48754671924e-05
10 6 0.0
10 7 0.000155471669952
10 8 0.0
10 9 5.59698011828e-05
10 10 0.0
10 11 0.000223879204731
10 12 0.0
10 13 9.95018687695e-05
10 14 0.0
10 15 6.21886679809e-06
10 16 0.0
10 17 0.0
10 18 0.0
10 19 0.0
10 20 0.0
10 21 6.21886679809e-06
10 22 0.0
10 23 6.21886679809e-06
10 24 0.0
10 25 0.0
10 26 0.0
10 27 0.0
10 28 0.0
10 29 0.0
10 30 0.0
10 31 0.0
10 32 0.0
10 33 0.0
10 34 0.0
10 35 0.0
10 36 0.0
10 37 0.0
10 38 0.0
10 39 0.0
10 40 0.0
10 41 0.0
10 42 0.0
10 43 0.0
10 44 0.0
10 45 0.0
10 46 0.0
10 47 0.0
10 48 0.0
10 49 0.0
10 50 0.0
10 51 0.0
10 52 0.0
10 53 0.0
10 54 0.0
10 55 0.0
10 56 0.0
10 57 0.0
10 58 0.0
10 59 0.0
10 60 0.0
10 61 0.0
10 62 0.0
10 63 0.0
10 64 0.0
10 65 6.21886679809e-06
10 66 0.0
10 67 0.0
10 68 0.0
10 69 0.0
10 70 0.0
10 71 0.0
10 72 0.0
10 73 0.0
10 74 0.0
10 75 0.0
10 76 0.0
10 77 6.21886679809e-06
10 78 0.0
10 79 0.0
10 80 0.0
10 81 0.0
10 82 0.0
10 83 0.0
10 84 0.0
10 85 0.0
10 86 0.0
10 87 0.0
10 88 0.0
10 89 6.21886679809e-06
10 90 0.0
10 91 6.21886679809e-06
10 92 0.0
10 93 0.0
10 94 0.0
10 95 0.0
10 96 0.0
10 97 6.21886679809e-06
10 98 0.0
10 99 0.0
10 100 0.0
10 101 0.0
10 102 0.0
10 103 0.0
10 104 0.0
10 105 6.21886679809e-06
10 106 0.0
10 107 0.0
10 108 0.0
10 109 0.0
10 110 0.0
10 111 0.0
10 112 0.0
10 113 0.0
10 114 0.0
10 115 6.21886679809e-06
10 116 0.0
10 117 0.0
10 118 0.0
10 119 0.0
10 120 0.0
10 121 0.0
10 122 0.0
10 123 0.0
10 124 0.0
10 125 0.0
10 126 0.0
10 127 0.0
10 128 0.0
10 129 0.0
10 130 0.0
10 131 0.0
10 132 0.0
10 133 0.0
10 134 0.0
10 135 0.0
10 136 0.0
10 137 0.0
10 138 0.0
10 139 0.0
10 140 0.0
10 141 0.0
10 142 0.0
10 143 0.0
10 144 0.0
10 145 0.0
10 146 0.0
10 147 0.0
10 148 0.0
10 149 0.0
10 150 0.0
10 151 0.0
10 152 0.0
10 153 0.0
10 154 0.0
10 155 0.0
10 156 0.0
10 157 0.0
10 158 0.0
10 159 0.0
10 160 0.0
10 161 0.0
10 162 0.0
10 163 0.0
10 164 0.0
10 165 0.0
10 166 0.0
10 167 0.0
10 168 0.0
10 169 0.0
10 170 0.0
10 171 0.0
10 172 0.0
10 173 0.0
10 174 0.0
10 175 0.0
10 176 0.0
10 177 0.0
10 178 0.0
10 179 0.0
10 180 0.0
10 181 6.21886679809e-06
10 182 0.0
10 183 0.0
10 184 0.0
10 185 0.0
10 186 0.0
10 187 0.0
10 188 0.0
10 189 0.0
10 190 0.0
10 191 0.0
10 192 0.0
10 193 6.21886679809e-06
10 194 0.0
10 195 6.21886679809e-06
10 196 0.0
10 197 0.0
10 198 0.0
10 199 0.0
10 200 0.0
10 201 6.21886679809e-06
10 202 0.0
10 203 0.0
10 204 0.0
10 205 0.0
10 206 0.0
10 207 6.21886679809e-06
10 208 0.0
10 209 0.0
10 210 0.0
10 211 0.0
10 212 0.0
10 213 0.0
10 214 0.0
10 215 0.0
10 216 0.0
10 217 0.0
10 218 0.0
10 219 0.0
10 220 0.0
10 221 0.0
10 222 0.0
10 223 0.0
10 224 0.0
10 225 0.0
10 226 0.0
10 227 0.0
10 228 0.0
10 229 6.21886679809e-06
10 230 0.0
10 231 0.0
10 232 0.0
10 233 0.0
10 234 0.0
10 235 0.0
10 236 0.0
10 237 0.0
10 238 0.0
10 239 0.0
10 240 0.0
10 241 6.21886679809e-06
10 242 0.0
10 243 0.0
10 244 0.0
10 245 0.0
10 246 0.0
10 247 6.21886679809e-06
10 248 0.0
10 249 0.0
10 250 0.0
10 251 0.0
10 252 0.0
10 253 0.0
10 254 0.0
10 255 0.0
10 256 0.0
10 257 0.0
10 258 0.0
10 259 6.21886679809e-06
10 260 0.0
10 261 0.0
10 262 0.0
10 263 0.0
10 264 0.0
10 265 0.0
10 266 0.0
10 267 0.0
10 268 0.0
10 269 0.0
10 270 0.0
10 271 6.21886679809e-06
10 272 0.0
10 273 0.0
10 274 0.0
10 275 0.0
10 276 0.0
10 277 0.0
10 278 0.0
10 279 0.0
10 280 0.0
10 281 0.0
10 282 0.0
10 283 6.21886679809e-06
10 284 0.0
10 285 0.0
10 286 0.0
10 287 0.0
10 288 0.0
10 289 0.0
10 290 0.0
10 291 6.21886679809e-06
10 292 0.0
10 293 0.0
10 294 0.0
10 295 0.0
10 296 0.0
10 297 6.21886679809e-06
10 298 0.0
10 299 0.0
10 300 0.0
10 301 0.0
10 302 0.0
10 303 6.21886679809e-06
10 304 0.0
10 305 0.0
10 306 0.0
10 307 0.0
10 308 0.0
10 309 0.0
10 310 0.0
10 311 0.0
10 312 0.0
10 313 0.0
10 314 0.0
10 315 0.0
10 316 0.0
10 317 0.0
10 318 0.0
10 319 0.0
10 320 0.0
10 321 0.0
10 322 0.0
10 323 0.0
10 324 0.0
10 325 0.0
10 326 0.0
10 327 0.0
10 328 0.0
10 329 0.0
10 330 0.0
10 331 6.21886679809e-06
10 332 0.0
10 333 0.0
10 334 0.0
10 335 0.0
10 336 0.0
10 337 0.0
10 338 0.0
10 339 0.0
10 340 0.0
10 341 0.0
10 342 0.0
10 343 6.21886679809e-06
10 344 0.0
10 345 0.0
10 346 0.0
10 347 0.0
10 348 0.0
10 349 0.0
10 350 0.0
10 351 0.0
10 352 0.0
10 353 0.0
10 354 0.0
10 355 0.0
10 356 0.0
10 357 0.0
10 358 0.0
10 359 0.0
10 360 0.0
10 361 0.0
10 362 0.0
10 363 0.0
10 364 0.0
10 365 0.0
10 366 0.0
10 367 0.0
10 368 0.0
10 369 0.0
10 370 0.0
10 371 0.0
10 372 0.0
10 373 6.21886679809e-06
10 374 0.0
10 375 0.0
10 376 0.0
10 377 0.0
10 378 0.0
10 379 6.21886679809e-06
10 380 0.0
10 381 6.21886679809e-06
10 382 0.0
10 383 6.21886679809e-06
10 384 0.0
10 385 0.000155471669952
10 386 0.0
10 387 0.0
10 388 0.0
10 389 5.59698011828e-05
10 390 0.0
10 391 5.59698011828e-05
10 392 0.0
10 393 2.48754671924e-05
10 394 0.0
10 395 5.59698011828e-05
10 396 0.0
10 397 9.95018687695e-05
10 398 0.0
10 399 6.21886679809e-06
10 400 0.0
11 0 6.21886679809e-06
11 1 5.59698011828e-05
11 2 6.21886679809e-06
11 3 6.21886679809e-06
11 4 6.21886679809e-06
11 5 0.000155471669952
11 6 2.48754671924e-05
11 7 0.000895516818925
11 8 0.000223879204731
11 9 0.000398007475078
11 10 0.000155471669952
11 11 5.59698011828e-05
11 12 5.59698011828e-05
11 13 0.0
11 14 6.21886679809e-06
11 15 0.0
11 16 0.0
11 17 0.0
11 18 6.21886679809e-06
11 19 2.48754671924e-05
11 20 2.48754671924e-05
11 21 2.48754671924e-05
11 22 2.48754671924e-05
11 23 5.59698011828e-05
11 24 2.48754671924e-05
11 25 2.48754671924e-05
11 26 2.48754671924e-05
11 27 2.48754671924e-05
11 28 2.48754671924e-05
11 29 2.48754671924e-05
11 30 2.48754671924e-05
11 31 2.48754671924e-05
11 32 2.48754671924e-05
11 33 2.48754671924e-05
11 34 2.48754671924e-05
11 35 2.48754671924e-05
11 36 2.48754671924e-05
11 37 2.48754671924e-05
11 38 2.48754671924e-05
11 39 2.48754671924e-05
11 40 2.48754671924e-05
11 41 2.48754671924e-05
11 42 2.48754671924e-05
11 43 2.48754671924e-05
11 44 2.48754671924e-05
11 45 2.48754671924e-05
11 46 2.48754671924e-05
11 47 2.48754671924e-05
11 48 2.48754671924e-05
11 49 2.48754671924e-05
11 50 2.48754671924e-05
11 51 2.48754671924e-05
11 52 2.48754671924e-05
11 53 2.48754671924e-05
11 54 2.48754671924e-05
11 55 2.48754671924e-05
11 56 2.48754671924e-05
11 57 0.0
11 58 0.0
11 59 0.0
11 60 0.0
11 61 0.0
11 62 0.0
11 63 0.0
11 64 2.48754671924e-05
11 65 2.48754671924e-05
11 66 2.48754671924e-05
11 67 2.48754671924e-05
11 68 2.48754671924e-05
11 69 2.48754671924e-05
11 70 2.48754671924e-05
11 71 2.48754671924e-05
11 72 2.48754671924e-05
11 73 2.48754671924e-05
11 74 2.48754671924e-05
11 75 2.48754671924e-05
11 76 2.48754671924e-05
11 77 2.48754671924e-05
11 78 6.21886679809e-06
11 79 0.0
11 80 0.0
11 81 0.0
11 82 0.0
11 83 0.0
11 84 0.0
11 85 6.21886679809e-06
11 86 6.21886679809e-06
11 87 2.48754671924e-05
11 88 2.48754671924e-05
11 89 5.59698011828e-05
11 90 2.48754671924e-05
11 91 2.48754671924e-05
11 92 6.21886679809e-06
11 93 0.0
11 94 0.0
11 95 0.0
11 96 0.0
11 97 6.21886679809e-06
11 98 0.0
11 99 6.21886679809e-06
11 100 6.21886679809e-06
11 101 2.48754671924e-05
11 102 2.48754671924e-05
11 103 2.48754671924e-05
11 104 2.48754671924e-05
11 105 2.48754671924e-05
11 106 2.48754671924e-05
11 107 0.0
11 108 0.0
11 109 0.0
11 110 0.0
11 111 0.0
11 112 0.0
11 113 0.0
11 114 2.48754671924e-05
11 115 2.48754671924e-05
11 116 2.48754671924e-05
11 117 2.48754671924e-05
11 118 2.48754671924e-05
11 119 2.48754671924e-05
11 120 2.48754671924e-05
11 121 2.48754671924e-05
11 122 2.48754671924e-05
11 123 2.48754671924e-05
11 124 2.48754671924e-05
11 125 2.48754671924e-05
11 126 2.48754671924e-05
11 127 2.48754671924e-05
11 128 2.48754671924e-05
11 129 2.48754671924e-05
11 130 2.48754671924e-05
11 131 2.48754671924e-05
11 132 2.48754671924e-05
11 133 2.48754671924e-05
11 134 2.48754671924e-05
11 135 2.48754671924e-05
11 136 2.48754671924e-05
11 137 2.48754671924e-05
11 138 2.48754671924e-05
11 139 2.48754671924e-05
11 140 2.48754671924e-05
11 141 2.48754671924e-05
11 142 2.48754671924e-05
11 143 2.48754671924e-05
11 144 2.48754671924e-05
11 145 2.48754671924e-05
11 146 2.48754671924e-05
11 147 2.48754671924e-05
11 148 2.48754671924e-05
11 149 2.48754671924e-05
11 150 2.48754671924e-05
11 151 2.48754671924e-05
11 152 2.48754671924e-05
11 153 2.48754671924e-05
11 154 2.48754671924e-05
11 155 2.48754671924e-05
11 156 2.48754671924e-05
11 157 2.48754671924e-05
11 158 2.48754671924e-05
11 159 2.48754671924e-05
11 160 2.48754671924e-05
11 161 2.48754671924e-05
11 162 2.48754671924e-05
11 163 2.48754671924e-05
11 164 2.48754671924e-05
11 165 2.48754671924e-05
11 166 2.48754671924e-05
11 167 2.48754671924e-05
11 168 2.48754671924e-05
11 169 2.48754671924e-05
11 170 2.48754671924e-05
11 171 2.48754671924e-05
11 172 2.48754671924e-05
11 173 2.48754671924e-05
11 174 2.48754671924e-05
11 175 2.48754671924e-05
11 176 2.48754671924e-05
11 177 2.48754671924e-05
11 178 2.48754671924e-05
11 179 2.48754671924e-05
11 180 2.48754671924e-05
11 181 5.59698011828e-05
11 182 2.48754671924e-05
11 183 2.48754671924e-05
11 184 6.21886679809e-06
11 185 6.21886679809e-06
11 186 0.0
11 187 0.0
11 188 0.0
11 189 0.0
11 190 0.0
11 191 0.0
11 192 6.21886679809e-06
11 193 2.48754671924e-05
11 194 2.48754671924e-05
11 195 5.59698011828e-05
11 196 2.48754671924e-05
11 197 2.48754671924e-05
11 198 6.21886679809e-06
11 199 6.21886679809e-06
11 200 0.0
11 201 6.21886679809e-06
11 202 0.0
11 203 0.0
11 204 0.0
11 205 0.0
11 206 6.21886679809e-06
11 207 2.48754671924e-05
11 208 2.48754671924e-05
11 209 2.48754671924e-05
11 210 2.48754671924e-05
11 211 2.48754671924e-05
11 212 2.48754671924e-05
11 213 2.48754671924e-05
11 214 2.48754671924e-05
11 215 2.48754671924e-05
11 216 2.48754671924e-05
11 217 2.48754671924e-05
11 218 2.48754671924e-05
11 219 2.48754671924e-05
11 220 2.48754671924e-05
11 221 0.0
11 222 0.0
11 223 0.0
11 224 0.0
11 225 0.0
11 226 0.0
11 227 0.0
11 228 2.48754671924e-05
11 229 2.48754671924e-05
11 230 2.48754671924e-05
11 231 2.48754671924e-05
11 232 2.48754671924e-05
11 233 2.48754671924e-05
11 234 2.48754671924e-05
11 235 2.48754671924e-05
11 236 2.48754671924e-05
11 237 2.48754671924e-05
11 238 2.48754671924e-05
11 239 2.48754671924e-05
11 240 2.48754671924e-05
11 241 2.48754671924e-05
11 242 6.21886679809e-06
11 243 0.0
11 244 0.0
11 245 0.0
11 246 0.0
11 247 6.21886679809e-06
11 248 0.0
11 249 6.21886679809e-06
11 250 6.21886679809e-06
11 251 2.48754671924e-05
11 252 2.48754671924e-05
11 253 2.48754671924e-05
11 254 2.48754671924e-05
11 255 2.48754671924e-05
11 256 2.48754671924e-05
11 257 2.48754671924e-05
11 258 2.48754671924e-05
11 259 5.59698011828e-05
11 260 2.48754671924e-05
11 261 2.48754671924e-05
11 262 6.21886679809e-06
11 263 6.21886679809e-06
11 264 0.0
11 265 0.0
11 266 0.0
11 267 0.0
11 268 0.0
11 269 0.0
11 270 0.0
11 271 2.48754671924e-05
11 272 2.48754671924e-05
11 273 2.48754671924e-05
11 274 2.48754671924e-05
11 275 2.48754671924e-05
11 276 2.48754671924e-05
11 277 2.48754671924e-05
11 278 0.0
11 279 0.0
11 280 0.0
11 281 0.0
11 282 0.0
11 283 6.21886679809e-06
11 284 0.0
11 285 2.48754671924e-05
11 286 6.21886679809e-06
11 287 2.48754671924e-05
11 288 2.48754671924e-05
11 289 2.48754671924e-05
11 290 2.48754671924e-05
11 291 2.48754671924e-05
11 292 6.21886679809e-06
11 293 0.0
11 294 0.0
11 295 0.0
11 296 0.0
11 297 6.21886679809e-06
11 298 0.0
11 299 6.21886679809e-06
11 300 6.21886679809e-06
11 301 2.48754671924e-05
11 302 2.48754671924e-05
11 303 5.59698011828e-05
11 304 2.48754671924e-05
11 305 2.48754671924e-05
11 306 2.48754671924e-05
11 307 2.48754671924e-05
11 308 2.48754671924e-05
11 309 2.48754671924e-05
11 310 2.48754671924e-05
11 311 2.48754671924e-05
11 312 2.48754671924e-05
11 313 2.48754671924e-05
11 314 2.48754671924e-05
11 315 2.48754671924e-05
11 316 2.48754671924e-05
11 317 2.48754671924e-05
11 318 2.48754671924e-05
11 319 2.48754671924e-05
11 320 2.48754671924e-05
11 321 2.48754671924e-05
11 322 2.48754671924e-05
11 323 2.48754671924e-05
11 324 2.48754671924e-05
11 325 2.48754671924e-05
11 326 2.48754671924e-05
11 327 2.48754671924e-05
11 328 2.48754671924e-05
11 329 2.48754671924e-05
11 330 2.48754671924e-05
11 331 5.59698011828e-05
11 332 2.48754671924e-05
11 333 2.48754671924e-05
11 334 6.21886679809e-06
11 335 0.0
11 336 0.0
11 337 0.0
11 338 0.0
11 339 0.0
11 340 0.0
11 341 0.0
11 342 2.48754671924e-05
11 343 2.48754671924e-05
11 344 2.48754671924e-05
11 345 2.48754671924e-05
11 346 2.48754671924e-05
11 347 2.48754671924e-05
11 348 2.48754671924e-05
11 349 2.48754671924e-05
11 350 2.48754671924e-05
11 351 2.48754671924e-05
11 352 2.48754671924e-05
11 353 2.48754671924e-05
11 354 2.48754671924e-05
11 355 2.48754671924e-05
11 356 2.48754671924e-05
11 357 2.48754671924e-05
11 358 2.48754671924e-05
11 359 2.48754671924e-05
11 360 2.48754671924e-05
11 361 2.48754671924e-05
11 362 2.48754671924e-05
11 363 2.48754671924e-05
11 364 2.48754671924e-05
11 365 2.48754671924e-05
11 366 2.48754671924e-05
11 367 2.48754671924e-05
11 368 2.48754671924e-05
11 369 2.48754671924e-05
11 370 2.48754671924e-05
11 371 2.48754671924e-05
11 372 2.48754671924e-05
11 373 5.59698011828e-05
11 374 2.48754671924e-05
11 375 2.48754671924e-05
11 376 6.21886679809e-06
11 377 6.21886679809e-06
11 378 6.21886679809e-06
11 379 6.21886679809e-06
11 380 6.21886679809e-06
11 381 2.48754671924e-05
11 382 2.48754671924e-05
11 383 2.48754671924e-05
11 384 6.21886679809e-06
11 385 6.21886679809e-06
11 386 5.59698011828e-05
11 387 9.95018687695e-05
11 388 2.48754671924e-05
11 389 5.59698011828e-05
11 390 2.48754671924e-05
11 391 0.000503728210645
11 392 2.48754671924e-05
11 393 6.21886679809e-06
11 394 6.21886679809e-06
11 395 5.59698011828e-05
11 396 0.0
11 397 5.59698011828e-05
11 398 0.0
11 399 6.21886679809e-06
11 400 0.0
12 0 0.0
12 1 5.59698011828e-05
12 2 0.0
12 3 6.21886679809e-06
12 4 0.0
12 5 0.000155471669952
12 6 0.0
12 7 0.000503728210645
12 8 0.0
12 9 6.21886679809e-06
12 10 0.0
12 11 0.000223879204731
12 12 0.0
12 13 6.21886679809e-06
12 14 0.0
12 15 6.21886679809e-06
12 16 0.0
12 17 6.21886679809e-06
12 18 0.0
12 19 0.0
12 20 0.0
12 21 0.0
12 22 0.0
12 23 6.21886679809e-06
12 24 0.0
12 25 0.0
12 26 0.0
12 27 0.0
12 28 0.0
12 29 0.0
12 30 0.0
12 31 0.0
12 32 0.0
12 33 0.0
12 34 0.0
12 35 0.0
12 36 0.0
12 37 0.0
12 38 0.0
12 39 0.0
12 40 0.0
12 41 0.0
12 42 0.0
12 43 0.0
12 44 0.0
12 45 0.0
12 46 0.0
12 47 0.0
12 48 0.0
12 49 0.0
12 50 0.0
12 51 0.0
12 52 0.0
12 53 0.0
12 54 0.0
12 55 0.0
12 56 0.0
12 57 0.0
12 58 0.0
12 59 6.21886679809e-06
12 60 0.0
12 61 6.21886679809e-06
12 62 0.0
12 63 0.0
12 64 0.0
12 65 0.0
12 66 0.0
12 67 0.0
12 68 0.0
12 69 0.0
12 70 0.0
12 71 0.0
12 72 0.0
12 73 6.21886679809e-06
12 74 0.0
12 75 0.0
12 76 0.0
12 77 6.21886679809e-06
12 78 0.0
12 79 0.0
12 80 0.0
12 81 0.0
12 82 0.0
12 83 0.0
12 84 0.0
12 85 0.0
12 86 0.0
12 87 0.0
12 88 0.0
12 89 6.21886679809e-06
12 90 0.0
12 91 0.0
12 92 0.0
12 93 0.0
12 94 0.0
12 95 6.21886679809e-06
12 96 0.0
12 97 6.21886679809e-06
12 98 0.0
12 99 0.0
12 100 0.0
12 101 0.0
12 102 0.0
12 103 6.21886679809e-06
12 104 0.0
12 105 0.0
12 106 0.0
12 107 0.0
12 108 0.0
12 109 0.0
12 110 0.0
12 111 6.21886679809e-06
12 112 0.0
12 113 0.0
12 114 0.0
12 115 0.0
12 116 0.0
12 117 0.0
12 118 0.0
12 119 0.0
12 120 0.0
12 121 0.0
12 122 0.0
12 123 0.0
12 124 0.0
12 125 0.0
12 126 0.0
12 127 0.0
12 128 0.0
12 129 0.0
12 130 0.0
12 131 0.0
12 132 0.0
12 133 0.0
12 134 0.0
12 135 0.0
12 136 0.0
12 137 0.0
12 138 0.0
12 139 0.0
12 140 0.0
12 141 0.0
12 142 0.0
12 143 0.0
12 144 0.0
12 145 0.0
12 146 0.0
12 147 0.0
12 148 0.0
12 149 0.0
12 150 0.0
12 151 0.0
12 152 0.0
12 153 0.0
12 154 0.0
12 155 0.0
12 156 0.0
12 157 0.0
12 158 0.0
12 159 0.0
12 160 0.0
12 161 0.0
12 162 0.0
12 163 0.0
12 164 0.0
12 165 0.0
12 166 0.0
12 167 0.0
12 168 0.0
12 169 0.0
12 170 0.0
12 171 0.0
12 172 0.0
12 173 0.0
12 174 0.0
12 175 0.0
12 176 0.0
12 177 0.0
12 178 0.0
12 179 0.0
12 180 0.0
12 181 6.21886679809e-06
12 182 0.0
12 183 0.0
12 184 0.0
12 185 0.0
12 186 0.0
12 187 0.0
12 188 0.0
12 189 0.0
12 190 0.0
12 191 0.0
12 192 0.0
12 193 6.21886679809e-06
12 194 0.0
12 195 0.0
12 196 0.0
12 197 6.21886679809e-06
12 198 0.0
12 199 6.21886679809e-06
12 200 0.0
12 201 6.21886679809e-06
12 202 0.0
12 203 0.0
12 204 0.0
12 205 6.21886679809e-06
12 206 0.0
12 207 6.21886679809e-06
12 208 0.0
12 209 0.0
12 210 0.0
12 211 0.0
12 212 0.0
12 213 0.0
12 214 0.0
12 215 0.0
12 216 0.0
12 217 6.21886679809e-06
12 218 0.0
12 219 0.0
12 220 0.0
12 221 0.0
12 222 0.0
12 223 0.0
12 224 0.0
12 225 6.21886679809e-06
12 226 0.0
12 227 0.0
12 228 0.0
12 229 0.0
12 230 0.0
12 231 0.0
12 232 0.0
12 233 0.0
12 234 0.0
12 235 0.0
12 236 0.0
12 237 0.0
12 238 0.0
12 239 0.0
12 240 0.0
12 241 6.21886679809e-06
12 242 0.0
12 243 6.21886679809e-06
12 244 0.0
12 245 0.0
12 246 0.0
12 247 6.21886679809e-06
12 248 0.0
12 249 0.0
12 250 0.0
12 251 0.0
12 252 0.0
12 253 0.0
12 254 0.0
12 255 0.0
12 256 0.0
12 257 0.0
12 258 0.0
12 259 6.21886679809e-06
12 260 0.0
12 261 0.0
12 262 0.0
12 263 6.21886679809e-06
12 264 0.0
12 265 0.0
12 266 0.0
12 267 0.0
12 268 0.0
12 269 0.0
12 270 0.0
12 271 6.21886679809e-06
12 272 0.0
12 273 0.0
12 274 0.0
12 275 6.21886679809e-06
12 276 0.0
12 277 6.21886679809e-06
12 278 0.0
12 279 6.21886679809e-06
12 280 0.0
12 281 0.0
12 282 0.0
12 283 6.21886679809e-06
12 284 0.0
12 285 6.21886679809e-06
12 286 0.0
12 287 0.0
12 288 0.0
12 289 0.0
12 290 0.0
12 291 6.21886679809e-06
12 292 0.0
12 293 6.21886679809e-06
12 294 0.0
12 295 0.0
12 296 0.0
12 297 6.21886679809e-06
12 298 0.0
12 299 6.21886679809e-06
12 300 0.0
12 301 0.0
12 302 0.0
12 303 0.0
12 304 0.0
12 305 0.0
12 306 0.0
12 307 0.0
12 308 0.0
12 309 0.0
12 310 0.0
12 311 0.0
12 312 0.0
12 313 0.0
12 314 0.0
12 315 0.0
12 316 0.0
12 317 0.0
12 318 0.0
12 319 0.0
12 320 0.0
12 321 0.0
12 322 0.0
12 323 0.0
12 324 0.0
12 325 0.0
12 326 0.0
12 327 0.0
12 328 0.0
12 329 0.0
12 330 0.0
12 331 6.21886679809e-06
12 332 0.0
12 333 0.0
12 334 0.0
12 335 0.0
12 336 0.0
12 337 0.0
12 338 0.0
12 339 6.21886679809e-06
12 340 0.0
12 341 0.0
12 342 0.0
12 343 0.0
12 344 0.0
12 345 0.0
12 346 0.0
12 347 0.0
12 348 0.0
12 349 0.0
12 350 0.0
12 351 0.0
12 352 0.0
12 353 0.0
12 354 0.0
12 355 0.0
12 356 0.0
12 357 0.0
12 358 0.0
12 359 0.0
12 360 0.0
12 361 0.0
12 362 0.0
12 363 0.0
12 364 0.0
12 365 0.0
12 366 0.0
12 367 0.0
12 368 0.0
12 369 0.0
12 370 0.0
12 371 0.0
12 372 0.0
12 373 6.21886679809e-06
12 374 0.0
12 375 0.0
12 376 0.0
12 377 6.21886679809e-06
12 378 0.0
12 379 6.21886679809e-06
12 380 0.0
12 381 6.21886679809e-06
12 382 0.0
12 383 0.0
12 384 0.0
12 385 2.48754671924e-05
12 386 0.0
12 387 6.21886679809e-06
12 388 0.0
12 389 2.48754671924e-05
12 390 0.0
12 391 0.000503728210645
12 392 0.0
12 393 9.95018687695e-05
12 394 0.0
12 395 2.48754671924e-05
12 396 0.0
12 397 2.48754671924e-05
12 398 0.0
12 399 6.21886679809e-06
12 400 0.0
13 0 0.0
13 1 2.48754671924e-05
13 2 6.21886679809e-06
13 3 5.59698011828e-05
13 4 9.95018687695e-05
13 5 2.48754671924e-05
13 6 2.48754671924e-05
13 7 0.000304724473107
13 8 0.0
13 9 0.0
13 10 2.48754671924e-05
13 11 0.000304724473107
13 12 2.48754671924e-05
13 13 2.48754671924e-05
13 14 2.48754671924e-05
13 15 2.48754671924e-05
13 16 5.59698011828e-05
13 17 9.95018687695e-05
13 18 5.59698011828e-05
13 19 2.48754671924e-05
13 20 6.21886679809e-06
13 21 6.21886679809e-06
13 22 6.21886679809e-06
13 23 2.48754671924e-05
13 24 2.48754671924e-05
13 25 2.48754671924e-05
13 26 2.48754671924e-05
13 27 2.48754671924e-05
13 28 2.48754671924e-05
13 29 2.48754671924e-05
13 30 2.48754671924e-05
13 31 2.48754671924e-05
13 32 2.48754671924e-05
13 33 2.48754671924e-05
13 34 2.48754671924e-05
13 35 2.48754671924e-05
13 36 2.48754671924e-05
13 37 2.48754671924e-05
13 38 2.48754671924e-05
13 39 2.48754671924e-05
13 40 2.48754671924e-05
13 41 2.48754671924e-05
13 42 2.48754671924e-05
13 43 2.48754671924e-05
13 44 6.21886679809e-06
13 45 6.21886679809e-06
13 46 6.21886679809e-06
13 47 2.48754671924e-05
13 48 6.21886679809e-06
13 49 2.48754671924e-05
13 50 2.48754671924e-05
13 51 5.59698011828e-05
13 52 2.48754671924e-05
13 53 2.48754671924e-05
13 54 2.48754671924e-05
13 55 2.48754671924e-05
13 56 2.48754671924e-05
13 57 6.21886679809e-06
13 58 6.21886679809e-06
13 59 6.21886679809e-06
13 60 6.21886679809e-06
13 61 6.21886679809e-06
13 62 6.21886679809e-06
13 63 6.21886679809e-06
13 64 2.48754671924e-05
13 65 2.48754671924e-05
13 66 2.48754671924e-05
13 67 2.48754671924e-05
13 68 2.48754671924e-05
13 69 2.48754671924e-05
13 70 2.48754671924e-05
13 71 2.48754671924e-05
13 72 2.48754671924e-05
13 73 5.59698011828e-05
13 74 2.48754671924e-05
13 75 2.48754671924e-05
13 76 2.48754671924e-05
13 77 5.59698011828e-05
13 78 2.48754671924e-05
13 79 2.48754671924e-05
13 80 2.48754671924e-05
13 81 2.48754671924e-05
13 82 2.48754671924e-05
13 83 2.48754671924e-05
13 84 2.48754671924e-05
13 85 2.48754671924e-05
13 86 2.48754671924e-05
13 87 2.48754671924e-05
13 88 2.48754671924e-05
13 89 5.59698011828e-05
13 90 2.48754671924e-05
13 91 2.48754671924e-05
13 92 2.48754671924e-05
13 93 6.21886679809e-06
13 94 6.21886679809e-06
13 95 6.21886679809e-06
13 96 6.21886679809e-06
13 97 2.48754671924e-05
13 98 6.21886679809e-06
13 99 6.21886679809e-06
13 100 6.21886679809e-06
13 101 6.21886679809e-06
13 102 6.21886679809e-06
13 103 2.48754671924e-05
13 104 6.21886679809e-06
13 105 6.21886679809e-06
13 106 6.21886679809e-06
13 107 6.21886679809e-06
13 108 6.21886679809e-06
13 109 6.21886679809e-06
13 110 6.21886679809e-06
13 111 6.21886679809e-06
13 112 6.21886679809e-06
13 113 6.21886679809e-06
13 114 2.48754671924e-05
13 115 2.48754671924e-05
13 116 2.48754671924e-05
13 117 2.48754671924e-05
13 118 2.48754671924e-05
13 119 2.48754671924e-05
13 120 2.48754671924e-05
13 121 2.48754671924e-05
13 122 2.48754671924e-05
13 123 2.48754671924e-05
13 124 2.48754671924e-05
13 125 2.48754671924e-05
13 126 2.48754671924e-05
13 127 2.48754671924e-05
13 128 2.48754671924e-05
13 129 2.48754671924e-05
13 130 2.48754671924e-05
13 131 2.48754671924e-05
13 132 2.48754671924e-05
13 133 2.48754671924e-05
13 134 2.48754671924e-05
13 135 2.48754671924e-05
13 136 2.48754671924e-05
13 137 2.48754671924e-05
13 138 2.48754671924e-05
13 139 2.48754671924e-05
13 140 2.48754671924e-05
13 141 2.48754671924e-05
13 142 2.48754671924e-05
13 143 2.48754671924e-05
13 144 2.48754671924e-05
13 145 2.48754671924e-05
13 146 2.48754671924e-05
13 147 2.48754671924e-05
13 148 2.48754671924e-05
13 149 2.48754671924e-05
13 150 2.48754671924e-05
13 151 2.48754671924e-05
13 152 2.48754671924e-05
13 153 2.48754671924e-05
13 154 2.48754671924e-05
13 155 2.48754671924e-05
13 156 2.48754671924e-05
13 157 2.48754671924e-05
13 158 2.48754671924e-05
13 159 2.48754671924e-05
13 160 2.48754671924e-05
13 161 2.48754671924e-05
13 162 2.48754671924e-05
13 163 2.48754671924e-05
13 164 2.48754671924e-05
13 165 2.48754671924e-05
13 166 2.48754671924e-05
13 167 2.48754671924e-05
13 168 2.48754671924e-05
13 169 2.48754671924e-05
13 170 2.48754671924e-05
13 171 2.48754671924e-05
13 172 2.48754671924e-05
13 173 2.48754671924e-05
13 174 2.48754671924e-05
13 175 2.48754671924e-05
13 176 2.48754671924e-05
13 177 2.48754671924e-05
13 178 2.48754671924e-05
13 179 2.48754671924e-05
13 180 2.48754671924e-05
13 181 2.48754671924e-05
13 182 2.48754671924e-05
13 183 2.48754671924e-05
13 184 2.48754671924e-05
13 185 6.21886679809e-06
13 186 6.21886679809e-06
13 187 6.21886679809e-06
13 188 6.21886679809e-06
13 189 6.21886679809e-06
13 190 6.21886679809e-06
13 191 6.21886679809e-06
13 192 6.21886679809e-06
13 193 2.48754671924e-05
13 194 6.21886679809e-06
13 195 6.21886679809e-06
13 196 6.21886679809e-06
13 197 2.48754671924e-05
13 198 6.21886679809e-06
13 199 2.48754671924e-05
13 200 6.21886679809e-06
13 201 2.48754671924e-05
13 202 6.21886679809e-06
13 203 6.21886679809e-06
13 204 6.21886679809e-06
13 205 6.21886679809e-06
13 206 6.21886679809e-06
13 207 2.48754671924e-05
13 208 2.48754671924e-05
13 209 2.48754671924e-05
13 210 2.48754671924e-05
13 211 5.59698011828e-05
13 212 2.48754671924e-05
13 213 2.48754671924e-05
13 214 6.21886679809e-06
13 215 6.21886679809e-06
13 216 6.21886679809e-06
13 217 2.48754671924e-05
13 218 6.21886679809e-06
13 219 6.21886679809e-06
13 220 6.21886679809e-06
13 221 6.21886679809e-06
13 222 6.21886679809e-06
13 223 6.21886679809e-06
13 224 6.21886679809e-06
13 225 6.21886679809e-06
13 226 6.21886679809e-06
13 227 6.21886679809e-06
13 228 2.48754671924e-05
13 229 2.48754671924e-05
13 230 2.48754671924e-05
13 231 2.48754671924e-05
13 232 2.48754671924e-05
13 233 2.48754671924e-05
13 234 2.48754671924e-05
13 235 2.48754671924e-05
13 236 2.48754671924e-05
13 237 2.48754671924e-05
13 238 2.48754671924e-05
13 239 2.48754671924e-05
13 240 2.48754671924e-05
13 241 2.48754671924e-05
13 242 6.21886679809e-06
13 243 6.21886679809e-06
13 244 6.21886679809e-06
13 245 6.21886679809e-06
13 246 6.21886679809e-06
13 247 2.48754671924e-05
13 248 6.21886679809e-06
13 249 6.21886679809e-06
13 250 6.21886679809e-06
13 251 6.21886679809e-06
13 252 6.21886679809e-06
13 253 2.48754671924e-05
13 254 6.21886679809e-06
13 255 6.21886679809e-06
13 256 6.21886679809e-06
13 257 2.48754671924e-05
13 258 2.48754671924e-05
13 259 5.59698011828e-05
13 260 2.48754671924e-05
13 261 2.48754671924e-05
13 262 2.48754671924e-05
13 263 5.59698011828e-05
13 264 2.48754671924e-05
13 265 2.48754671924e-05
13 266 2.48754671924e-05
13 267 2.48754671924e-05
13 268 2.48754671924e-05
13 269 2.48754671924e-05
13 270 2.48754671924e-05
13 271 2.48754671924e-05
13 272 6.21886679809e-06
13 273 6.21886679809e-06
13 274 6.21886679809e-06
13 275 2.48754671924e-05
13 276 6.21886679809e-06
13 277 2.48754671924e-05
13 278 6.21886679809e-06
13 279 2.48754671924e-05
13 280 6.21886679809e-06
13 281 6.21886679809e-06
13 282 6.21886679809e-06
13 283 2.48754671924e-05
13 284 6.21886679809e-06
13 285 2.48754671924e-05
13 286 6.21886679809e-06
13 287 6.21886679809e-06
13 288 6.21886679809e-06
13 289 6.21886679809e-06
13 290 6.21886679809e-06
13 291 2.48754671924e-05
13 292 6.21886679809e-06
13 293 2.48754671924e-05
13 294 6.21886679809e-06
13 295 6.21886679809e-06
13 296 6.21886679809e-06
13 297 6.21886679809e-06
13 298 6.21886679809e-06
13 299 2.48754671924e-05
13 300 5.59698011828e-05
13 301 2.48754671924e-05
13 302 2.48754671924e-05
13 303 2.48754671924e-05
13 304 2.48754671924e-05
13 305 2.48754671924e-05
13 306 2.48754671924e-05
13 307 2.48754671924e-05
13 308 2.48754671924e-05
13 309 2.48754671924e-05
13 310 2.48754671924e-05
13 311 2.48754671924e-05
13 312 2.48754671924e-05
13 313 2.48754671924e-05
13 314 2.48754671924e-05
13 315 2.48754671924e-05
13 316 2.48754671924e-05
13 317 2.48754671924e-05
13 318 2.48754671924e-05
13 319 2.48754671924e-05
13 320 2.48754671924e-05
13 321 2.48754671924e-05
13 322 2.48754671924e-05
13 323 2.48754671924e-05
13 324 2.48754671924e-05
13 325 2.48754671924e-05
13 326 2.48754671924e-05
13 327 2.48754671924e-05
13 328 2.48754671924e-05
13 329 2.48754671924e-05
13 330 2.48754671924e-05
13 331 2.48754671924e-05
13 332 2.48754671924e-05
13 333 2.48754671924e-05
13 334 2.48754671924e-05
13 335 6.21886679809e-06
13 336 6.21886679809e-06
13 337 6.21886679809e-06
13 338 6.21886679809e-06
13 339 2.48754671924e-05
13 340 6.21886679809e-06
13 341 6.21886679809e-06
13 342 6.21886679809e-06
13 343 6.21886679809e-06
13 344 6.21886679809e-06
13 345 6.21886679809e-06
13 346 6.21886679809e-06
13 347 6.21886679809e-06
13 348 6.21886679809e-06
13 349 2.48754671924e-05
13 350 2.48754671924e-05
13 351 5.59698011828e-05
13 352 2.48754671924e-05
13 353 2.48754671924e-05
13 354 2.48754671924e-05
13 355 2.48754671924e-05
13 356 2.48754671924e-05
13 357 2.48754671924e-05
13 358 2.48754671924e-05
13 359 2.48754671924e-05
13 360 2.48754671924e-05
13 361 2.48754671924e-05
13 362 2.48754671924e-05
13 363 2.48754671924e-05
13 364 2.48754671924e-05
13 365 2.48754671924e-05
13 366 2.48754671924e-05
13 367 2.48754671924e-05
13 368 2.48754671924e-05
13 369 2.48754671924e-05
13 370 2.48754671924e-05
13 371 2.48754671924e-05
13 372 2.48754671924e-05
13 373 5.59698011828e-05
13 374 2.48754671924e-05
13 375 2.48754671924e-05
13 376 2.48754671924e-05
13 377 5.59698011828e-05
13 378 0.0
13 379 6.21886679809e-06
13 380 2.48754671924e-05
13 381 5.59698011828e-05
13 382 5.59698011828e-05
13 383 2.48754671924e-05
13 384 2.48754671924e-05
13 385 0.0
13 386 0.0
13 387 0.0
13 388 0.0
13 389 2.48754671924e-05
13 390 6.21886679809e-06
13 391 0.000304724473107
13 392 6.21886679809e-06
13 393 9.95018687695e-05
13 394 6.21886679809e-06
13 395 2.48754671924e-05
13 396 2.48754671924e-05
13 397 2.48754671924e-05
13 398 6.21886679809e-06
13 399 2.48754671924e-05
13 400 0.0
14 0 0.0
14 1 2.48754671924e-05
14 2 0.0
14 3 0.0
14 4 0.0
14 5 0.000155471669952
14 6 0.0
14 7 0.000223879204731
14 8 0.0
14 9 0.0
14 10 0.0
14 11 0.000155471669952
14 12 0.0
14 13 6.21886679809e-06
14 14 0.0
14 15 2.48754671924e-05
14 16 0.0
14 17 0.0
14 18 0.0
14 19 6.21886679809e-06
14 20 0.0
14 21 6.21886679809e-06
14 22 0.0
14 23 6.21886679809e-06
14 24 0.0
14 25 0.0
14 26 0.0
14 27 0.0
14 28 0.0
14 29 0.0
14 30 0.0
14 31 0.0
14 32 0.0
14 33 0.0
14 34 0.0
14 35 0.0
14 36 0.0
14 37 0.0
14 38 0.0
14 39 0.0
14 40 0.0
14 41 0.0
14 42 0.0
14 43 6.21886679809e-06
14 44 0.0
14 45 0.0
14 46 0.0
14 47 6.21886679809e-06
14 48 0.0
14 49 6.21886679809e-06
14 50 0.0
14 51 6.21886679809e-06
14 52 0.0
14 53 0.0
14 54 0.0
14 55 0.0
14 56 0.0
14 57 0.0
14 58 0.0
14 59 0.0
14 60 0.0
14 61 0.0
14 62 0.0
14 63 0.0
14 64 0.0
14 65 0.0
14 66 0.0
14 67 0.0
14 68 0.0
14 69 0.0
14 70 0.0
14 71 0.0
14 72 0.0
14 73 6.21886679809e-06
14 74 0.0
14 75 0.0
14 76 0.0
14 77 6.21886679809e-06
14 78 0.0
14 79 0.0
14 80 0.0
14 81 6.21886679809e-06
14 82 0.0
14 83 0.0
14 84 0.0
14 85 0.0
14 86 0.0
14 87 0.0
14 88 0.0
14 89 6.21886679809e-06
14 90 0.0
14 91 0.0
14 92 0.0
14 93 0.0
14 94 0.0
14 95 0.0
14 96 0.0
14 97 6.21886679809e-06
14 98 0.0
14 99 0.0
14 100 0.0
14 101 0.0
14 102 0.0
14 103 6.21886679809e-06
14 104 0.0
14 105 0.0
14 106 0.0
14 107 0.0
14 108 0.0
14 109 6.21886679809e-06
14 110 0.0
14 111 0.0
14 112 0.0
14 113 6.21886679809e-06
14 114 0.0
14 115 0.0
14 116 0.0
14 117 0.0
14 118 0.0
14 119 0.0
14 120 0.0
14 121 6.21886679809e-06
14 122 0.0
14 123 0.0
14 124 0.0
14 125 6.21886679809e-06
14 126 0.0
14 127 0.0
14 128 0.0
14 129 0.0
14 130 0.0
14 131 0.0
14 132 0.0
14 133 0.0
14 134 0.0
14 135 0.0
14 136 0.0
14 137 0.0
14 138 0.0
14 139 0.0
14 140 0.0
14 141 0.0
14 142 0.0
14 143 0.0
14 144 0.0
14 145 0.0
14 146 0.0
14 147 0.0
14 148 0.0
14 149 0.0
14 150 0.0
14 151 0.0
14 152 0.0
14 153 0.0
14 154 0.0
14 155 0.0
14 156 0.0
14 157 0.0
14 158 0.0
14 159 6.21886679809e-06
14 160 0.0
14 161 0.0
14 162 0.0
14 163 0.0
14 164 0.0
14 165 0.0
14 166 0.0
14 167 6.21886679809e-06
14 168 0.0
14 169 0.0
14 170 0.0
14 171 0.0
14 172 0.0
14 173 6.21886679809e-06
14 174 0.0
14 175 6.21886679809e-06
14 176 0.0
14 177 0.0
14 178 0.0
14 179 0.0
14 180 0.0
14 181 0.0
14 182 0.0
14 183 0.0
14 184 0.0
14 185 0.0
14 186 0.0
14 187 0.0
14 188 0.0
14 189 0.0
14 190 0.0
14 191 0.0
14 192 0.0
14 193 6.21886679809e-06
14 194 0.0
14 195 0.0
14 196 0.0
14 197 6.21886679809e-06
14 198 0.0
14 199 6.21886679809e-06
14 200 0.0
14 201 6.21886679809e-06
14 202 0.0
14 203 0.0
14 204 0.0
14 205 0.0
14 206 0.0
14 207 0.0
14 208 0.0
14 209 0.0
14 210 0.0
14 211 6.21886679809e-06
14 212 0.0
14 213 0.0
14 214 0.0
14 215 0.0
14 216 0.0
14 217 6.21886679809e-06
14 218 0.0
14 219 0.0
14 220 0.0
14 221 0.0
14 222 0.0
14 223 0.0
14 224 0.0
14 225 0.0
14 226 0.0
14 227 0.0
14 228 0.0
14 229 0.0
14 230 0.0
14 231 0.0
14 232 0.0
14 233 0.0
14 234 0.0
14 235 0.0
14 236 0.0
14 237 0.0
14 238 0.0
14 239 0.0
14 240 0.0
14 241 0.0
14 242 0.0
14 243 0.0
14 244 0.0
14 245 0.0
14 246 0.0
14 247 6.21886679809e-06
14 248 0.0
14 249 0.0
14 250 0.0
14 251 0.0
14 252 0.0
14 253 6.21886679809e-06
14 254 0.0
14 255 0.0
14 256 0.0
14 257 0.0
14 258 0.0
14 259 6.21886679809e-06
14 260 0.0
14 261 0.0
14 262 0.0
14 263 6.21886679809e-06
14 264 0.0
14 265 0.0
14 266 0.0
14 267 6.21886679809e-06
14 268 0.0
14 269 0.0
14 270 0.0
14 271 6.21886679809e-06
14 272 0.0
14 273 0.0
14 274 0.0
14 275 6.21886679809e-06
14 276 0.0
14 277 6.21886679809e-06
14 278 0.0
14 279 6.21886679809e-06
14 280 0.0
14 281 0.0
14 282 0.0
14 283 6.21886679809e-06
14 284 0.0
14 285 6.21886679809e-06
14 286 0.0
14 287 0.0
14 288 0.0
14 289 0.0
14 290 0.0
14 291 6.21886679809e-06
14 292 0.0
14 293 6.21886679809e-06
14 294 0.0
14 295 6.21886679809e-06
14 296 0.0
14 297 0.0
14 298 0.0
14 299 0.0
14 300 0.0
14 301 0.0
14 302 0.0
14 303 0.0
14 304 0.0
14 305 0.0
14 306 0.0
14 307 6.21886679809e-06
14 308 0.0
14 309 0.0
14 310 0.0
14 311 6.21886679809e-06
14 312 0.0
14 313 0.0
14 314 0.0
14 315 0.0
14 316 0.0
14 317 0.0
14 318 0.0
14 319 0.0
14 320 0.0
14 321 0.0
14 322 0.0
14 323 0.0
14 324 0.0
14 325 0.0
14 326 0.0
14 327 0.0
14 328 0.0
14 329 0.0
14 330 0.0
14 331 0.0
14 332 0.0
14 333 0.0
14 334 0.0
14 335 0.0
14 336 0.0
14 337 0.0
14 338 0.0
14 339 6.21886679809e-06
14 340 0.0
14 341 0.0
14 342 0.0
14 343 0.0
14 344 0.0
14 345 0.0
14 346 0.0
14 347 0.0
14 348 0.0
14 349 6.21886679809e-06
14 350 0.0
14 351 6.21886679809e-06
14 352 0.0
14 353 0.0
14 354 0.0
14 355 6.21886679809e-06
14 356 0.0
14 357 6.21886679809e-06
14 358 0.0
14 359 0.0
14 360 0.0
14 361 6.21886679809e-06
14 362 0.0
14 363 0.0
14 364 0.0
14 365 0.0
14 366 0.0
14 367 0.0
14 368 0.0
14 369 0.0
14 370 0.0
14 371 0.0
14 372 0.0
14 373 6.21886679809e-06
14 374 0.0
14 375 0.0
14 376 0.0
14 377 6.21886679809e-06
14 378 0.0
14 379 0.0
14 380 0.0
14 381 2.48754671924e-05
14 382 0.0
14 383 0.0
14 384 0.0
14 385 2.48754671924e-05
14 386 0.0
14 387 2.48754671924e-05
14 388 0.0
14 389 5.59698011828e-05
14 390 0.0
14 391 0.000223879204731
14 392 0.0
14 393 9.95018687695e-05
14 394 0.0
14 395 6.21886679809e-06
14 396 0.0
14 397 0.0
14 398 0.0
14 399 6.21886679809e-06
14 400 0.0
15 0 6.21886679809e-06
15 1 5.59698011828e-05
15 2 6.21886679809e-06
15 3 6.21886679809e-06
15 4 6.21886679809e-06
15 5 9.95018687695e-05
15 6 6.21886679809e-06
15 7 0.000155471669952
15 8 0.0
15 9 0.0
15 10 0.0
15 11 5.59698011828e-05
15 12 0.0
15 13 6.21886679809e-06
15 14 2.48754671924e-05
15 15 2.48754671924e-05
15 16 9.95018687695e-05
15 17 5.59698011828e-05
15 18 5.59698011828e-05
15 19 5.59698011828e-05
15 20 5.59698011828e-05
15 21 5.59698011828e-05
15 22 0.000155471669952
15 23 9.95018687695e-05
15 24 9.95018687695e-05
15 25 9.95018687695e-05
15 26 9.95018687695e-05
15 27 9.95018687695e-05
15 28 9.95018687695e-05
15 29 9.95018687695e-05
15 30 9.95018687695e-05
15 31 9.95018687695e-05
15 32 9.95018687695e-05
15 33 9.95018687695e-05
15 34 9.95018687695e-05
15 35 9.95018687695e-05
15 36 9.95018687695e-05
15 37 9.95018687695e-05
15 38 9.95018687695e-05
15 39 9.95018687695e-05
15 40 9.95018687695e-05
15 41 9.95018687695e-05
15 42 5.59698011828e-05
15 43 2.48754671924e-05
15 44 5.59698011828e-05
15 45 5.59698011828e-05
15 46 5.59698011828e-05
15 47 2.48754671924e-05
15 48 5.59698011828e-05
15 49 2.48754671924e-05
15 50 9.95018687695e-05
15 51 5.59698011828e-05
15 52 9.95018687695e-05
15 53 9.95018687695e-05
15 54 9.95018687695e-05
15 55 9.95018687695e-05
15 56 9.95018687695e-05
15 57 9.95018687695e-05
15 58 9.95018687695e-05
15 59 9.95018687695e-05
15 60 9.95018687695e-05
15 61 9.95018687695e-05
15 62 9.95018687695e-05
15 63 9.95018687695e-05
15 64 9.95018687695e-05
15 65 9.95018687695e-05
15 66 9.95018687695e-05
15 67 9.95018687695e-05
15 68 9.95018687695e-05
15 69 9.95018687695e-05
15 70 9.95018687695e-05
15 71 9.95018687695e-05
15 72 9.95018687695e-05
15 73 5.59698011828e-05
15 74 9.95018687695e-05
15 75 9.95018687695e-05
15 76 9.95018687695e-05
15 77 5.59698011828e-05
15 78 5.59698011828e-05
15 79 5.59698011828e-05
15 80 5.59698011828e-05
15 81 2.48754671924e-05
15 82 5.59698011828e-05
15 83 5.59698011828e-05
15 84 5.59698011828e-05
15 85 5.59698011828e-05
15 86 9.95018687695e-05
15 87 9.95018687695e-05
15 88 9.95018687695e-05
15 89 5.59698011828e-05
15 90 9.95018687695e-05
15 91 9.95018687695e-05
15 92 9.95018687695e-05
15 93 9.95018687695e-05
15 94 9.95018687695e-05
15 95 9.95018687695e-05
15 96 9.95018687695e-05
15 97 5.59698011828e-05
15 98 9.95018687695e-05
15 99 5.59698011828e-05
15 100 5.59698011828e-05
15 101 5.59698011828e-05
15 102 5.59698011828e-05
15 103 2.48754671924e-05
15 104 5.59698011828e-05
15 105 5.59698011828e-05
15 106 5.59698011828e-05
15 107 9.95018687695e-05
15 108 9.95018687695e-05
15 109 5.59698011828e-05
15 110 9.95018687695e-05
15 111 9.95018687695e-05
15 112 9.95018687695e-05
15 113 5.59698011828e-05
15 114 9.95018687695e-05
15 115 9.95018687695e-05
15 116 9.95018687695e-05
15 117 9.95018687695e-05
15 118 9.95018687695e-05
15 119 9.95018687695e-05
15 120 9.95018687695e-05
15 121 5.59698011828e-05
15 122 9.95018687695e-05
15 123 9.95018687695e-05
15 124 9.95018687695e-05
15 125 5.59698011828e-05
15 126 9.95018687695e-05
15 127 9.95018687695e-05
15 128 9.95018687695e-05
15 129 9.95018687695e-05
15 130 9.95018687695e-05
15 131 9.95018687695e-05
15 132 9.95018687695e-05
15 133 9.95018687695e-05
15 134 9.95018687695e-05
15 135 9.95018687695e-05
15 136 9.95018687695e-05
15 137 9.95018687695e-05
15 138 9.95018687695e-05
15 139 9.95018687695e-05
15 140 9.95018687695e-05
15 141 9.95018687695e-05
15 142 9.95018687695e-05
15 143 9.95018687695e-05
15 144 9.95018687695e-05
15 145 9.95018687695e-05
15 146 9.95018687695e-05
15 147 9.95018687695e-05
15 148 9.95018687695e-05
15 149 9.95018687695e-05
15 150 9.95018687695e-05
15 151 9.95018687695e-05
15 152 9.95018687695e-05
15 153 9.95018687695e-05
15 154 9.95018687695e-05
15 155 9.95018687695e-05
15 156 9.95018687695e-05
15 157 9.95018687695e-05
15 158 9.95018687695e-05
15 159 5.59698011828e-05
15 160 9.95018687695e-05
15 161 9.95018687695e-05
15 162 9.95018687695e-05
15 163 9.95018687695e-05
15 164 9.95018687695e-05
15 165 9.95018687695e-05
15 166 9.95018687695e-05
15 167 5.59698011828e-05
15 168 9.95018687695e-05
15 169 9.95018687695e-05
15 170 9.95018687695e-05
15 171 9.95018687695e-05
15 172 9.95018687695e-05
15 173 5.59698011828e-05
15 174 9.95018687695e-05
15 175 5.59698011828e-05
15 176 9.95018687695e-05
15 177 9.95018687695e-05
15 178 9.95018687695e-05
15 179 9.95018687695e-05
15 180 9.95018687695e-05
15 181 9.95018687695e-05
15 182 9.95018687695e-05
15 183 9.95018687695e-05
15 184 9.95018687695e-05
15 185 9.95018687695e-05
15 186 9.95018687695e-05
15 187 9.95018687695e-05
15 188 9.95018687695e-05
15 189 9.95018687695e-05
15 190 9.95018687695e-05
15 191 9.95018687695e-05
15 192 5.59698011828e-05
15 193 2.48754671924e-05
15 194 5.59698011828e-05
15 195 5.59698011828e-05
15 196 5.59698011828e-05
15 197 2.48754671924e-05
15 198 5.59698011828e-05
15 199 2.48754671924e-05
15 200 9.95018687695e-05
15 201 5.59698011828e-05
15 202 9.95018687695e-05
15 203 9.95018687695e-05
15 204 9.95018687695e-05
15 205 9.95018687695e-05
15 206 9.95018687695e-05
15 207 9.95018687695e-05
15 208 9.95018687695e-05
15 209 9.95018687695e-05
15 210 9.95018687695e-05
15 211 5.59698011828e-05
15 212 9.95018687695e-05
15 213 9.95018687695e-05
15 214 5.59698011828e-05
15 215 5.59698011828e-05
15 216 5.59698011828e-05
15 217 2.48754671924e-05
15 218 5.59698011828e-05
15 219 5.59698011828e-05
15 220 5.59698011828e-05
15 221 9.95018687695e-05
15 222 9.95018687695e-05
15 223 9.95018687695e-05
15 224 9.95018687695e-05
15 225 9.95018687695e-05
15 226 9.95018687695e-05
15 227 9.95018687695e-05
15 228 9.95018687695e-05
15 229 9.95018687695e-05
15 230 9.95018687695e-05
15 231 9.95018687695e-05
15 232 9.95018687695e-05
15 233 9.95018687695e-05
15 234 9.95018687695e-05
15 235 9.95018687695e-05
15 236 9.95018687695e-05
15 237 9.95018687695e-05
15 238 9.95018687695e-05
15 239 9.95018687695e-05
15 240 9.95018687695e-05
15 241 9.95018687695e-05
15 242 9.95018687695e-05
15 243 9.95018687695e-05
15 244 9.95018687695e-05
15 245 9.95018687695e-05
15 246 9.95018687695e-05
15 247 5.59698011828e-05
15 248 9.95018687695e-05
15 249 5.59698011828e-05
15 250 5.59698011828e-05
15 251 5.59698011828e-05
15 252 5.59698011828e-05
15 253 2.48754671924e-05
15 254 5.59698011828e-05
15 255 5.59698011828e-05
15 256 5.59698011828e-05
15 257 9.95018687695e-05
15 258 9.95018687695e-05
15 259 5.59698011828e-05
15 260 9.95018687695e-05
15 261 9.95018687695e-05
15 262 9.95018687695e-05
15 263 5.59698011828e-05
15 264 5.59698011828e-05
15 265 5.59698011828e-05
15 266 5.59698011828e-05
15 267 2.48754671924e-05
15 268 5.59698011828e-05
15 269 5.59698011828e-05
15 270 9.95018687695e-05
15 271 2.48754671924e-05
15 272 5.59698011828e-05
15 273 5.59698011828e-05
15 274 5.59698011828e-05
15 275 2.48754671924e-05
15 276 5.59698011828e-05
15 277 2.48754671924e-05
15 278 9.95018687695e-05
15 279 5.59698011828e-05
15 280 9.95018687695e-05
15 281 9.95018687695e-05
15 282 9.95018687695e-05
15 283 5.59698011828e-05
15 284 9.95018687695e-05
15 285 2.48754671924e-05
15 286 5.59698011828e-05
15 287 5.59698011828e-05
15 288 5.59698011828e-05
15 289 5.59698011828e-05
15 290 5.59698011828e-05
15 291 2.48754671924e-05
15 292 5.59698011828e-05
15 293 5.59698011828e-05
15 294 9.95018687695e-05
15 295 5.59698011828e-05
15 296 9.95018687695e-05
15 297 9.95018687695e-05
15 298 9.95018687695e-05
15 299 5.59698011828e-05
15 300 9.95018687695e-05
15 301 9.95018687695e-05
15 302 9.95018687695e-05
15 303 9.95018687695e-05
15 304 9.95018687695e-05
15 305 9.95018687695e-05
15 306 5.59698011828e-05
15 307 5.59698011828e-05
15 308 9.95018687695e-05
15 309 9.95018687695e-05
15 310 9.95018687695e-05
15 311 5.59698011828e-05
15 312 9.95018687695e-05
15 313 9.95018687695e-05
15 314 9.95018687695e-05
15 315 9.95018687695e-05
15 316 9.95018687695e-05
15 317 9.95018687695e-05
15 318 9.95018687695e-05
15 319 9.95018687695e-05
15 320 9.95018687695e-05
15 321 9.95018687695e-05
15 322 9.95018687695e-05
15 323 9.95018687695e-05
15 324 9.95018687695e-05
15 325 9.95018687695e-05
15 326 9.95018687695e-05
15 327 9.95018687695e-05
15 328 9.95018687695e-05
15 329 9.95018687695e-05
15 330 9.95018687695e-05
15 331 9.95018687695e-05
15 332 9.95018687695e-05
15 333 9.95018687695e-05
15 334 9.95018687695e-05
15 335 9.95018687695e-05
15 336 9.95018687695e-05
15 337 9.95018687695e-05
15 338 9.95018687695e-05
15 339 5.59698011828e-05
15 340 9.95018687695e-05
15 341 9.95018687695e-05
15 342 5.59698011828e-05
15 343 5.59698011828e-05
15 344 5.59698011828e-05
15 345 5.59698011828e-05
15 346 5.59698011828e-05
15 347 5.59698011828e-05
15 348 5.59698011828e-05
15 349 5.59698011828e-05
15 350 9.95018687695e-05
15 351 5.59698011828e-05
15 352 9.95018687695e-05
15 353 9.95018687695e-05
15 354 9.95018687695e-05
15 355 5.59698011828e-05
15 356 5.59698011828e-05
15 357 5.59698011828e-05
15 358 9.95018687695e-05
15 359 9.95018687695e-05
15 360 9.95018687695e-05
15 361 5.59698011828e-05
15 362 9.95018687695e-05
15 363 5.59698011828e-05
15 364 9.95018687695e-05
15 365 9.95018687695e-05
15 366 9.95018687695e-05
15 367 9.95018687695e-05
15 368 9.95018687695e-05
15 369 9.95018687695e-05
15 370 9.95018687695e-05
15 371 9.95018687695e-05
15 372 9.95018687695e-05
15 373 9.95018687695e-05
15 374 9.95018687695e-05
15 375 5.59698011828e-05
15 376 9.95018687695e-05
15 377 5.59698011828e-05
15 378 5.59698011828e-05
15 379 9.95018687695e-05
15 380 5.59698011828e-05
15 381 2.48754671924e-05
15 382 9.95018687695e-05
15 383 5.59698011828e-05
15 384 2.48754671924e-05
15 385 5.59698011828e-05
15 386 0.0
15 387 2.48754671924e-05
15 388 6.21886679809e-06
15 389 2.48754671924e-05
15 390 2.48754671924e-05
15 391 9.95018687695e-05
15 392 6.21886679809e-06
15 393 0.000223879204731
15 394 2.48754671924e-05
15 395 2.48754671924e-05
15 396 6.21886679809e-06
15 397 6.21886679809e-06
15 398 0.0
15 399 6.21886679809e-06
15 400 0.0
16 0 0.0
16 1 5.59698011828e-05
16 2 0.0
16 3 6.21886679809e-06
16 4 0.0
16 5 0.000155471669952
16 6 0.0
16 7 0.000304724473107
16 8 0.0
16 9 5.59698011828e-05
16 10 0.0
16 11 0.0
16 12 0.0
16 13 6.21886679809e-06
16 14 0.0
16 15 0.0
16 16 0.0
16 17 0.0
16 18 0.0
16 19 6.21886679809e-06
16 20 0.0
16 21 0.0
16 22 0.0
16 23 6.21886679809e-06
16 24 0.0
16 25 0.0
16 26 0.0
16 27 0.0
16 28 0.0
16 29 0.0
16 30 0.0
16 31 0.0
16 32 0.0
16 33 0.0
16 34 0.0
16 35 0.0
16 36 0.0
16 37 0.0
16 38 0.0
16 39 0.0
16 40 0.0
16 41 0.0
16 42 0.0
16 43 6.21886679809e-06
16 44 0.0
16 45 0.0
16 46 0.0
16 47 6.21886679809e-06
16 48 0.0
16 49 6.21886679809e-06
16 50 0.0
16 51 6.21886679809e-06
16 52 0.0
16 53 0.0
16 54 0.0
16 55 0.0
16 56 0.0
16 57 0.0
16 58 0.0
16 59 0.0
16 60 0.0
16 61 0.0
16 62 0.0
16 63 0.0
16 64 0.0
16 65 0.0
16 66 0.0
16 67 0.0
16 68 0.0
16 69 0.0
16 70 0.0
16 71 0.0
16 72 0.0
16 73 6.21886679809e-06
16 74 0.0
16 75 0.0
16 76 0.0
16 77 6.21886679809e-06
16 78 0.0
16 79 0.0
16 80 0.0
16 81 0.0
16 82 0.0
16 83 0.0
16 84 0.0
16 85 0.0
16 86 0.0
16 87 0.0
16 88 0.0
16 89 6.21886679809e-06
16 90 0.0
16 91 0.0
16 92 0.0
16 93 0.0
16 94 0.0
16 95 0.0
16 96 0.0
16 97 6.21886679809e-06
16 98 0.0
16 99 0.0
16 100 0.0
16 101 0.0
16 102 0.0
16 103 6.21886679809e-06
16 104 0.0
16 105 0.0
16 106 0.0
16 107 0.0
16 108 0.0
16 109 6.21886679809e-06
16 110 0.0
16 111 0.0
16 112 0.0
16 113 6.21886679809e-06
16 114 0.0
16 115 0.0
16 116 0.0
16 117 0.0
16 118 0.0
16 119 0.0
16 120 0.0
16 121 6.21886679809e-06
16 122 0.0
16 123 0.0
16 124 0.0
16 125 6.21886679809e-06
16 126 0.0
16 127 0.0
16 128 0.0
16 129 0.0
16 130 0.0
16 131 0.0
16 132 0.0
16 133 0.0
16 134 0.0
16 135 0.0
16 136 0.0
16 137 0.0
16 138 0.0
16 139 0.0
16 140 0.0
16 141 0.0
16 142 0.0
16 143 0.0
16 144 0.0
16 145 0.0
16 146 0.0
16 147 0.0
16 148 0.0
16 149 0.0
16 150 0.0
16 151 0.0
16 152 0.0
16 153 0.0
16 154 0.0
16 155 0.0
16 156 0.0
16 157 0.0
16 158 0.0
16 159 6.21886679809e-06
16 160 0.0
16 161 0.0
16 162 0.0
16 163 0.0
16 164 0.0
16 165 0.0
16 166 0.0
16 167 6.21886679809e-06
16 168 0.0
16 169 0.0
16 170 0.0
16 171 0.0
16 172 0.0
16 173 6.21886679809e-06
16 174 0.0
16 175 6.21886679809e-06
16 176 0.0
16 177 0.0
16 178 0.0
16 179 0.0
16 180 0.0
16 181 0.0
16 182 0.0
16 183 0.0
16 184 0.0
16 185 0.0
16 186 0.0
16 187 0.0
16 188 0.0
16 189 0.0
16 190 0.0
16 191 0.0
16 192 0.0
16 193 6.21886679809e-06
16 194 0.0
16 195 0.0
16 196 0.0
16 197 6.21886679809e-06
16 198 0.0
16 199 0.0
16 200 0.0
16 201 6.21886679809e-06
16 202 0.0
16 203 0.0
16 204 0.0
16 205 0.0
16 206 0.0
16 207 0.0
16 208 0.0
16 209 0.0
16 210 0.0
16 211 6.21886679809e-06
16 212 0.0
16 213 0.0
16 214 0.0
16 215 0.0
16 216 0.0
16 217 6.21886679809e-06
16 218 0.0
16 219 0.0
16 220 0.0
16 221 0.0
16 222 0.0
16 223 0.0
16 224 0.0
16 225 0.0
16 226 0.0
16 227 0.0
16 228 0.0
16 229 0.0
16 230 0.0
16 231 0.0
16 232 0.0
16 233 0.0
16 234 0.0
16 235 0.0
16 236 0.0
16 237 0.0
16 238 0.0
16 239 0.0
16 240 0.0
16 241 0.0
16 242 0.0
16 243 0.0
16 244 0.0
16 245 0.0
16 246 0.0
16 247 6.21886679809e-06
16 248 0.0
16 249 0.0
16 250 0.0
16 251 0.0
16 252 0.0
16 253 0.0
16 254 0.0
16 255 6.21886679809e-06
16 256 0.0
16 257 6.21886679809e-06
16 258 0.0
16 259 6.21886679809e-06
16 260 0.0
16 261 0.0
16 262 0.0
16 263 6.21886679809e-06
16 264 0.0
16 265 0.0
16 266 0.0
16 267 0.0
16 268 0.0
16 269 0.0
16 270 0.0
16 271 6.21886679809e-06
16 272 0.0
16 273 0.0
16 274 0.0
16 275 6.21886679809e-06
16 276 0.0
16 277 6.21886679809e-06
16 278 0.0
16 279 6.21886679809e-06
16 280 0.0
16 281 0.0
16 282 0.0
16 283 6.21886679809e-06
16 284 0.0
16 285 6.21886679809e-06
16 286 0.0
16 287 0.0
16 288 0.0
16 289 0.0
16 290 0.0
16 291 6.21886679809e-06
16 292 0.0
16 293 6.21886679809e-06
16 294 0.0
16 295 6.21886679809e-06
16 296 0.0
16 297 0.0
16 298 0.0
16 299 0.0
16 300 0.0
16 301 0.0
16 302 0.0
16 303 0.0
16 304 0.0
16 305 0.0
16 306 0.0
16 307 6.21886679809e-06
16 308 0.0
16 309 0.0
16 310 0.0
16 311 6.21886679809e-06
16 312 0.0
16 313 0.0
16 314 0.0
16 315 0.0
16 316 0.0
16 317 0.0
16 318 0.0
16 319 0.0
16 320 0.0
16 321 0.0
16 322 0.0
16 323 0.0
16 324 0.0
16 325 0.0
16 326 0.0
16 327 0.0
16 328 0.0
16 329 0.0
16 330 0.0
16 331 0.0
16 332 0.0
16 333 0.0
16 334 0.0
16 335 0.0
16 336 0.0
16 337 0.0
16 338 0.0
16 339 6.21886679809e-06
16 340 0.0
16 341 0.0
16 342 0.0
16 343 0.0
16 344 0.0
16 345 0.0
16 346 0.0
16 347 0.0
16 348 0.0
16 349 0.0
16 350 0.0
16 351 6.21886679809e-06
16 352 0.0
16 353 0.0
16 354 0.0
16 355 6.21886679809e-06
16 356 0.0
16 357 6.21886679809e-06
16 358 0.0
16 359 0.0
16 360 0.0
16 361 6.21886679809e-06
16 362 0.0
16 363 0.0
16 364 0.0
16 365 0.0
16 366 0.0
16 367 0.0
16 368 0.0
16 369 0.0
16 370 0.0
16 371 0.0
16 372 0.0
16 373 0.0
16 374 0.0
16 375 6.21886679809e-06
16 376 0.0
16 377 6.21886679809e-06
16 378 0.0
16 379 0.0
16 380 0.0
16 381 0.0
16 382 0.0
16 383 2.48754671924e-05
16 384 0.0
16 385 5.59698011828e-05
16 386 0.0
16 387 6.21886679809e-06
16 388 0.0
16 389 5.59698011828e-05
16 390 0.0
16 391 9.95018687695e-05
16 392 0.0
16 393 9.95018687695e-05
16 394 0.0
16 395 6.21886679809e-06
16 396 0.0
16 397 6.21886679809e-06
16 398 0.0
16 399 6.21886679809e-06
16 400 0.0
17 0 0.0
17 1 5.59698011828e-05
17 2 6.21886679809e-06
17 3 6.21886679809e-06
17 4 0.0
17 5 0.000155471669952
17 6 0.0
17 7 0.000398007475078
17 8 0.0
17 9 9.95018687695e-05
17 10 6.21886679809e-06
17 11 5.59698011828e-05
17 12 2.48754671924e-05
17 13 2.48754671924e-05
17 14 0.000155471669952
17 15 9.95018687695e-05
17 16 0.000223879204731
17 17 0.000155471669952
17 18 0.000155471669952
17 19 0.000304724473107
17 20 9.95018687695e-05
17 21 9.95018687695e-05
17 22 0.000155471669952
17 23 0.000223879204731
17 24 0.000155471669952
17 25 0.000155471669952
17 26 0.000155471669952
17 27 0.000155471669952
17 28 0.000155471669952
17 29 0.000155471669952
17 30 0.000155471669952
17 31 0.000155471669952
17 32 0.000155471669952
17 33 0.000155471669952
17 34 0.000155471669952
17 35 0.000155471669952
17 36 0.000155471669952
17 37 0.000155471669952
17 38 0.000155471669952
17 39 0.000155471669952
17 40 0.000155471669952
17 41 0.000155471669952
17 42 0.000155471669952
17 43 0.000223879204731
17 44 0.000155471669952
17 45 0.000155471669952
17 46 0.000155471669952
17 47 0.000223879204731
17 48 0.000155471669952
17 49 0.000223879204731
17 50 0.000155471669952
17 51 0.000223879204731
17 52 0.000155471669952
17 53 0.000155471669952
17 54 0.000155471669952
17 55 0.000155471669952
17 56 0.000155471669952
17 57 0.000155471669952
17 58 0.000155471669952
17 59 0.000155471669952
17 60 0.000155471669952
17 61 0.000155471669952
17 62 0.000155471669952
17 63 0.000155471669952
17 64 0.000155471669952
17 65 0.000155471669952
17 66 0.000155471669952
17 67 0.000155471669952
17 68 0.000155471669952
17 69 0.000155471669952
17 70 0.000155471669952
17 71 0.000155471669952
17 72 0.000155471669952
17 73 0.000223879204731
17 74 0.000155471669952
17 75 0.000155471669952
17 76 0.000155471669952
17 77 0.000223879204731
17 78 0.000155471669952
17 79 0.000155471669952
17 80 0.000155471669952
17 81 0.000155471669952
17 82 0.000155471669952
17 83 0.000155471669952
17 84 0.000155471669952
17 85 0.000155471669952
17 86 0.000155471669952
17 87 0.000155471669952
17 88 0.000155471669952
17 89 0.000223879204731
17 90 0.000155471669952
17 91 0.000155471669952
17 92 0.000155471669952
17 93 0.000155471669952
17 94 0.000155471669952
17 95 0.000155471669952
17 96 0.000155471669952
17 97 0.000223879204731
17 98 0.000155471669952
17 99 0.000155471669952
17 100 0.000155471669952
17 101 0.000155471669952
17 102 0.000155471669952
17 103 0.000223879204731
17 104 0.000155471669952
17 105 0.000155471669952
17 106 0.000155471669952
17 107 0.000155471669952
17 108 0.000155471669952
17 109 0.000223879204731
17 110 0.000155471669952
17 111 0.000155471669952
17 112 0.000155471669952
17 113 0.000223879204731
17 114 0.000155471669952
17 115 0.000155471669952
17 116 0.000155471669952
17 117 0.000155471669952
17 118 0.000155471669952
17 119 0.000155471669952
17 120 0.000155471669952
17 121 0.000223879204731
17 122 0.000155471669952
17 123 0.000155471669952
17 124 0.000155471669952
17 125 0.000223879204731
17 126 0.000155471669952
17 127 0.000155471669952
17 128 0.000155471669952
17 129 0.000155471669952
17 130 0.000155471669952
17 131 0.000155471669952
17 132 0.000155471669952
17 133 0.000155471669952
17 134 0.000155471669952
17 135 0.000155471669952
17 136 0.000155471669952
17 137 0.000155471669952
17 138 0.000155471669952
17 139 0.000155471669952
17 140 0.000155471669952
17 141 0.000155471669952
17 142 0.000155471669952
17 143 0.000155471669952
17 144 0.000155471669952
17 145 0.000155471669952
17 146 0.000155471669952
17 147 0.000155471669952
17 148 0.000155471669952
17 149 0.000155471669952
17 150 0.000155471669952
17 151 0.000155471669952
17 152 0.000155471669952
17 153 0.000155471669952
17 154 0.000155471669952
17 155 0.000155471669952
17 156 0.000155471669952
17 157 0.000155471669952
17 158 0.000155471669952
17 159 0.000223879204731
17 160 0.000155471669952
17 161 0.000155471669952
17 162 0.000155471669952
17 163 0.000155471669952
17 164 0.000155471669952
17 165 0.000155471669952
17 166 0.000155471669952
17 167 0.000223879204731
17 168 0.000155471669952
17 169 0.000155471669952
17 170 0.000155471669952
17 171 0.000155471669952
17 172 0.000155471669952
17 173 0.000223879204731
17 174 0.000155471669952
17 175 0.000223879204731
17 176 0.000155471669952
17 177 0.000155471669952
17 178 0.000155471669952
17 179 0.000155471669952
17 180 0.000155471669952
17 181 0.000155471669952
17 182 0.000155471669952
17 183 0.000155471669952
17 184 0.000155471669952
17 185 0.000155471669952
17 186 0.000155471669952
17 187 0.000155471669952
17 188 0.000155471669952
17 189 0.000155471669952
17 190 0.000155471669952
17 191 0.000155471669952
17 192 0.000155471669952
17 193 0.000223879204731
17 194 0.000155471669952
17 195 0.000155471669952
17 196 0.000155471669952
17 197 0.000223879204731
17 198 0.000155471669952
17 199 0.000155471669952
17 200 0.000155471669952
17 201 0.000223879204731
17 202 0.000155471669952
17 203 0.000155471669952
17 204 0.000155471669952
17 205 0.000155471669952
17 206 0.000155471669952
17 207 0.000155471669952
17 208 0.000155471669952
17 209 0.000155471669952
17 210 0.000155471669952
17 211 0.000223879204731
17 212 0.000155471669952
17 213 0.000155471669952
17 214 0.000155471669952
17 215 0.000155471669952
17 216 0.000155471669952
17 217 0.000223879204731
17 218 0.000155471669952
17 219 0.000155471669952
17 220 0.000155471669952
17 221 0.000155471669952
17 222 0.000155471669952
17 223 0.000155471669952
17 224 0.000155471669952
17 225 0.000155471669952
17 226 0.000155471669952
17 227 0.000155471669952
17 228 0.000155471669952
17 229 0.000155471669952
17 230 0.000155471669952
17 231 0.000155471669952
17 232 0.000155471669952
17 233 0.000155471669952
17 234 0.000155471669952
17 235 0.000155471669952
17 236 0.000155471669952
17 237 0.000155471669952
17 238 0.000155471669952
17 239 0.000155471669952
17 240 0.000155471669952
17 241 0.000155471669952
17 242 0.000155471669952
17 243 0.000155471669952
17 244 0.000155471669952
17 245 0.000155471669952
17 246 0.000155471669952
17 247 0.000223879204731
17 248 0.000155471669952
17 249 0.000155471669952
17 250 0.000155471669952
17 251 0.000155471669952
17 252 0.000155471669952
17 253 0.000155471669952
17 254 0.000155471669952
17 255 0.000223879204731
17 256 0.000155471669952
17 257 0.000223879204731
17 258 0.000155471669952
17 259 0.000223879204731
17 260 0.000155471669952
17 261 0.000155471669952
17 262 0.000155471669952
17 263 0.000223879204731
17 264 0.000155471669952
17 265 0.000155471669952
17 266 0.000155471669952
17 267 0.000155471669952
17 268 0.000155471669952
17 269 0.000155471669952
17 270 0.000155471669952
17 271 0.000223879204731
17 272 0.000155471669952
17 273 0.000155471669952
17 274 0.000155471669952
17 275 0.000223879204731
17 276 0.000155471669952
17 277 0.000223879204731
17 278 0.000155471669952
17 279 0.000223879204731
17 280 0.000155471669952
17 281 0.000155471669952
17 282 0.000155471669952
17 283 0.000223879204731
17 284 0.000155471669952
17 285 0.000223879204731
17 286 0.000155471669952
17 287 0.000155471669952
17 288 0.000155471669952
17 289 0.000155471669952
17 290 0.000155471669952
17 291 0.000223879204731
17 292 0.000155471669952
17 293 0.000223879204731
17 294 0.000155471669952
17 295 0.000223879204731
17 296 0.000155471669952
17 297 0.000155471669952
17 298 0.000155471669952
17 299 0.000155471669952
17 300 0.000155471669952
17 301 0.000155471669952
17 302 0.000155471669952
17 303 0.000155471669952
17 304 0.000155471669952
17 305 0.000155471669952
17 306 0.000155471669952
17 307 0.000223879204731
17 308 0.000155471669952
17 309 0.000155471669952
17 310 0.000155471669952
17 311 0.000223879204731
17 312 0.000155471669952
17 313 0.000155471669952
17 314 0.000155471669952
17 315 0.000155471669952
17 316 0.000155471669952
17 317 0.000155471669952
17 318 0.000155471669952
17 319 0.000155471669952
17 320 0.000155471669952
17 321 0.000155471669952
17 322 0.000155471669952
17 323 0.000155471669952
17 324 0.000155471669952
17 325 0.000155471669952
17 326 0.000155471669952
17 327 0.000155471669952
17 328 0.000155471669952
17 329 0.000155471669952
17 330 0.000155471669952
17 331 0.000155471669952
17 332 0.000155471669952
17 333 0.000155471669952
17 334 0.000155471669952
17 335 0.000155471669952
17 336 0.000155471669952
17 337 0.000155471669952
17 338 0.000155471669952
17 339 0.000223879204731
17 340 0.000155471669952
17 341 0.000155471669952
17 342 9.95018687695e-05
17 343 0.000155471669952
17 344 0.000155471669952
17 345 0.000155471669952
17 346 0.000155471669952
17 347 0.000155471669952
17 348 0.000155471669952
17 349 0.000155471669952
17 350 0.000155471669952
17 351 0.000223879204731
17 352 0.000155471669952
17 353 0.000155471669952
17 354 0.000155471669952
17 355 0.000223879204731
17 356 0.000155471669952
17 357 0.000223879204731
17 358 0.000155471669952
17 359 0.000155471669952
17 360 0.000155471669952
17 361 0.000223879204731
17 362 0.000155471669952
17 363 0.000155471669952
17 364 0.000155471669952
17 365 0.000155471669952
17 366 0.000155471669952
17 367 0.000155471669952
17 368 0.000155471669952
17 369 0.000155471669952
17 370 0.000155471669952
17 371 0.000155471669952
17 372 0.000155471669952
17 373 0.000155471669952
17 374 0.000155471669952
17 375 0.000223879204731
17 376 0.000155471669952
17 377 9.95018687695e-05
17 378 0.000155471669952
17 379 0.000304724473107
17 380 9.95018687695e-05
17 381 9.95018687695e-05
17 382 9.95018687695e-05
17 383 2.48754671924e-05
17 384 5.59698011828e-05
17 385 0.0
17 386 6.21886679809e-06
17 387 6.21886679809e-06
17 388 0.0
17 389 5.59698011828e-05
17 390 0.0
17 391 5.59698011828e-05
17 392 6.21886679809e-06
17 393 9.95018687695e-05
17 394 0.0
17 395 6.21886679809e-06
17 396 6.21886679809e-06
17 397 6.21886679809e-06
17 398 0.0
17 399 2.48754671924e-05
17 400 0.0
18 0 0.0
18 1 6.21886679809e-06
18 2 0.0
18 3 6.21886679809e-06
18 4 0.0
18 5 0.000155471669952
18 6 0.0
18 7 0.000398007475078
18 8 0.0
18 9 5.59698011828e-05
18 10 0.0
18 11 0.000398007475078
18 12 0.0
18 13 2.48754671924e-05
18 14 0.0
18 15 6.21886679809e-06
18 16 0.0
18 17 2.48754671924e-05
18 18 0.0
18 19 2.48754671924e-05
18 20 0.0
18 21 0.0
18 22 0.0
18 23 0.0
18 24 0.0
18 25 0.0
18 26 0.0
18 27 0.0
18 28 0.0
18 29 0.0
18 30 0.0
18 31 0.0
18 32 0.0
18 33 0.0
18 34 0.0
18 35 0.0
18 36 0.0
18 37 0.0
18 38 0.0
18 39 6.21886679809e-06
18 40 0.0
18 41 0.0
18 42 0.0
18 43 6.21886679809e-06
18 44 0.0
18 45 0.0
18 46 0.0
18 47 6.21886679809e-06
18 48 0.0
18 49 2.48754671924e-05
18 50 0.0
18 51 6.21886679809e-06
18 52 0.0
18 53 0.0
18 54 0.0
18 55 0.0
18 56 0.0
18 57 0.0
18 58 0.0
18 59 0.0
18 60 0.0
18 61 0.0
18 62 0.0
18 63 0.0
18 64 0.0
18 65 0.0
18 66 0.0
18 67 0.0
18 68 0.0
18 69 0.0
18 70 0.0
18 71 0.0
18 72 0.0
18 73 0.0
18 74 0.0
18 75 6.21886679809e-06
18 76 0.0
18 77 0.0
18 78 0.0
18 79 0.0
18 80 0.0
18 81 0.0
18 82 0.0
18 83 0.0
18 84 0.0
18 85 6.21886679809e-06
18 86 0.0
18 87 6.21886679809e-06
18 88 0.0
18 89 0.0
18 90 0.0
18 91 0.0
18 92 0.0
18 93 0.0
18 94 0.0
18 95 0.0
18 96 0.0
18 97 6.21886679809e-06
18 98 0.0
18 99 6.21886679809e-06
18 100 0.0
18 101 0.0
18 102 0.0
18 103 6.21886679809e-06
18 104 0.0
18 105 0.0
18 106 0.0
18 107 6.21886679809e-06
18 108 0.0
18 109 0.0
18 110 0.0
18 111 6.21886679809e-06
18 112 0.0
18 113 0.0
18 114 0.0
18 115 0.0
18 116 0.0
18 117 0.0
18 118 0.0
18 119 0.0
18 120 0.0
18 121 6.21886679809e-06
18 122 0.0
18 123 6.21886679809e-06
18 124 0.0
18 125 0.0
18 126 0.0
18 127 0.0
18 128 0.0
18 129 0.0
18 130 0.0
18 131 0.0
18 132 0.0
18 133 0.0
18 134 0.0
18 135 0.0
18 136 0.0
18 137 0.0
18 138 0.0
18 139 0.0
18 140 0.0
18 141 0.0
18 142 0.0
18 143 0.0
18 144 0.0
18 145 0.0
18 146 0.0
18 147 0.0
18 148 0.0
18 149 0.0
18 150 0.0
18 151 0.0
18 152 0.0
18 153 0.0
18 154 0.0
18 155 0.0
18 156 0.0
18 157 6.21886679809e-06
18 158 0.0
18 159 0.0
18 160 0.0
18 161 6.21886679809e-06
18 162 0.0
18 163 6.21886679809e-06
18 164 0.0
18 165 6.21886679809e-06
18 166 0.0
18 167 0.0
18 168 0.0
18 169 6.21886679809e-06
18 170 0.0
18 171 6.21886679809e-06
18 172 0.0
18 173 0.0
18 174 0.0
18 175 6.21886679809e-06
18 176 0.0
18 177 0.0
18 178 0.0
18 179 0.0
18 180 0.0
18 181 0.0
18 182 0.0
18 183 0.0
18 184 0.0
18 185 0.0
18 186 0.0
18 187 0.0
18 188 0.0
18 189 6.21886679809e-06
18 190 0.0
18 191 0.0
18 192 0.0
18 193 6.21886679809e-06
18 194 0.0
18 195 0.0
18 196 0.0
18 197 6.21886679809e-06
18 198 0.0
18 199 6.21886679809e-06
18 200 0.0
18 201 6.21886679809e-06
18 202 0.0
18 203 0.0
18 204 0.0
18 205 0.0
18 206 0.0
18 207 0.0
18 208 0.0
18 209 0.0
18 210 0.0
18 211 6.21886679809e-06
18 212 0.0
18 213 6.21886679809e-06
18 214 0.0
18 215 0.0
18 216 0.0
18 217 6.21886679809e-06
18 218 0.0
18 219 0.0
18 220 0.0
18 221 6.21886679809e-06
18 222 0.0
18 223 0.0
18 224 0.0
18 225 0.0
18 226 0.0
18 227 0.0
18 228 0.0
18 229 0.0
18 230 0.0
18 231 0.0
18 232 0.0
18 233 0.0
18 234 0.0
18 235 0.0
18 236 0.0
18 237 0.0
18 238 0.0
18 239 0.0
18 240 0.0
18 241 0.0
18 242 0.0
18 243 0.0
18 244 0.0
18 245 0.0
18 246 0.0
18 247 6.21886679809e-06
18 248 0.0
18 249 6.21886679809e-06
18 250 0.0
18 251 0.0
18 252 0.0
18 253 0.0
18 254 0.0
18 255 6.21886679809e-06
18 256 0.0
18 257 0.0
18 258 0.0
18 259 0.0
18 260 0.0
18 261 6.21886679809e-06
18 262 0.0
18 263 6.21886679809e-06
18 264 0.0
18 265 0.0
18 266 0.0
18 267 0.0
18 268 0.0
18 269 0.0
18 270 0.0
18 271 6.21886679809e-06
18 272 0.0
18 273 0.0
18 274 0.0
18 275 6.21886679809e-06
18 276 0.0
18 277 2.48754671924e-05
18 278 0.0
18 279 6.21886679809e-06
18 280 0.0
18 281 0.0
18 282 0.0
18 283 6.21886679809e-06
18 284 0.0
18 285 2.48754671924e-05
18 286 0.0
18 287 0.0
18 288 0.0
18 289 0.0
18 290 0.0
18 291 6.21886679809e-06
18 292 0.0
18 293 0.0
18 294 0.0
18 295 0.0
18 296 0.0
18 297 6.21886679809e-06
18 298 0.0
18 299 6.21886679809e-06
18 300 0.0
18 301 0.0
18 302 0.0
18 303 0.0
18 304 0.0
18 305 0.0
18 306 0.0
18 307 0.0
18 308 0.0
18 309 6.21886679809e-06
18 310 0.0
18 311 0.0
18 312 0.0
18 313 0.0
18 314 0.0
18 315 0.0
18 316 0.0
18 317 0.0
18 318 0.0
18 319 0.0
18 320 0.0
18 321 0.0
18 322 0.0
18 323 0.0
18 324 0.0
18 325 0.0
18 326 0.0
18 327 0.0
18 328 0.0
18 329 0.0
18 330 0.0
18 331 0.0
18 332 0.0
18 333 0.0
18 334 0.0
18 335 0.0
18 336 0.0
18 337 0.0
18 338 0.0
18 339 6.21886679809e-06
18 340 0.0
18 341 0.0
18 342 0.0
18 343 0.0
18 344 0.0
18 345 0.0
18 346 0.0
18 347 0.0
18 348 0.0
18 349 6.21886679809e-06
18 350 0.0
18 351 6.21886679809e-06
18 352 0.0
18 353 0.0
18 354 0.0
18 355 0.0
18 356 0.0
18 357 0.0
18 358 0.0
18 359 6.21886679809e-06
18 360 0.0
18 361 0.0
18 362 0.0
18 363 6.21886679809e-06
18 364 0.0
18 365 6.21886679809e-06
18 366 0.0
18 367 0.0
18 368 0.0
18 369 0.0
18 370 0.0
18 371 0.0
18 372 0.0
18 373 0.0
18 374 0.0
18 375 6.21886679809e-06
18 376 0.0
18 377 0.0
18 378 0.0
18 379 9.95018687695e-05
18 380 0.0
18 381 6.21886679809e-06
18 382 0.0
18 383 2.48754671924e-05
18 384 0.0
18 385 5.59698011828e-05
18 386 0.0
18 387 6.21886679809e-06
18 388 0.0
18 389 9.95018687695e-05
18 390 0.0
18 391 5.59698011828e-05
18 392 0.0
18 393 0.000155471669952
18 394 0.0
18 395 6.21886679809e-06
18 396 0.0
18 397 6.21886679809e-06
18 398 0.0
18 399 2.48754671924e-05
18 400 0.0
19 0 0.0
19 1 6.21886679809e-06
19 2 6.21886679809e-06
19 3 6.21886679809e-06
19 4 0.0
19 5 0.000155471669952
19 6 6.21886679809e-06
19 7 0.000155471669952
19 8 6.21886679809e-06
19 9 5.59698011828e-05
19 10 6.21886679809e-06
19 11 0.000304724473107
19 12 2.48754671924e-05
19 13 6.21886679809e-06
19 14 9.95018687695e-05
19 15 9.95018687695e-05
19 16 9.95018687695e-05
19 17 5.59698011828e-05
19 18 0.000223879204731
19 19 0.000398007475078
19 20 9.95018687695e-05
19 21 9.95018687695e-05
19 22 0.000223879204731
19 23 0.000304724473107
19 24 0.000304724473107
19 25 0.000304724473107
19 26 0.000304724473107
19 27 0.000304724473107
19 28 0.000304724473107
19 29 0.000304724473107
19 30 0.000304724473107
19 31 0.000304724473107
19 32 0.000304724473107
19 33 0.000398007475078
19 34 0.000304724473107
19 35 0.000304724473107
19 36 0.000223879204731
19 37 0.000223879204731
19 38 0.000223879204731
19 39 0.000304724473107
19 40 0.000223879204731
19 41 0.000223879204731
19 42 0.000155471669952
19 43 0.000304724473107
19 44 0.000223879204731
19 45 0.000223879204731
19 46 0.000223879204731
19 47 0.000304724473107
19 48 0.000223879204731
19 49 0.000398007475078
19 50 0.000304724473107
19 51 0.000398007475078
19 52 0.000304724473107
19 53 0.000304724473107
19 54 0.000304724473107
19 55 0.000304724473107
19 56 0.000304724473107
19 57 0.000304724473107
19 58 0.000304724473107
19 59 0.000304724473107
19 60 0.000304724473107
19 61 0.000304724473107
19 62 0.000304724473107
19 63 0.000304724473107
19 64 0.000304724473107
19 65 0.000304724473107
19 66 0.000304724473107
19 67 0.000304724473107
19 68 0.000304724473107
19 69 0.000304724473107
19 70 0.000304724473107
19 71 0.000304724473107
19 72 0.000304724473107
19 73 0.000304724473107
19 74 0.000304724473107
19 75 0.000398007475078
19 76 0.000304724473107
19 77 0.000304724473107
19 78 0.000304724473107
19 79 0.000304724473107
19 80 0.000223879204731
19 81 0.000223879204731
19 82 0.000223879204731
19 83 0.000304724473107
19 84 0.000223879204731
19 85 0.000398007475078
19 86 0.000304724473107
19 87 0.000398007475078
19 88 0.000304724473107
19 89 0.000304724473107
19 90 0.000304724473107
19 91 0.000304724473107
19 92 0.000304724473107
19 93 0.000304724473107
19 94 0.000304724473107
19 95 0.000304724473107
19 96 0.000304724473107
19 97 0.000398007475078
19 98 0.000304724473107
19 99 0.000223879204731
19 100 0.000223879204731
19 101 0.000223879204731
19 102 0.000223879204731
19 103 0.000304724473107
19 104 0.000223879204731
19 105 0.000223879204731
19 106 0.000223879204731
19 107 0.000223879204731
19 108 0.000304724473107
19 109 0.000304724473107
19 110 0.000304724473107
19 111 0.000398007475078
19 112 0.000304724473107
19 113 0.000304724473107
19 114 0.000304724473107
19 115 0.000304724473107
19 116 0.000223879204731
19 117 0.000223879204731
19 118 0.000223879204731
19 119 0.000304724473107
19 120 0.000223879204731
19 121 0.000304724473107
19 122 0.000304724473107
19 123 0.000398007475078
19 124 0.000304724473107
19 125 0.000304724473107
19 126 0.000304724473107
19 127 0.000304724473107
19 128 0.000304724473107
19 129 0.000304724473107
19 130 0.000304724473107
19 131 0.000304724473107
19 132 0.000304724473107
19 133 0.000304724473107
19 134 0.000304724473107
19 135 0.000304724473107
19 136 0.000304724473107
19 137 0.000304724473107
19 138 0.000304724473107
19 139 0.000304724473107
19 140 0.000304724473107
19 141 0.000304724473107
19 142 0.000304724473107
19 143 0.000304724473107
19 144 0.000304724473107
19 145 0.000304724473107
19 146 0.000304724473107
19 147 0.000304724473107
19 148 0.000304724473107
19 149 0.000304724473107
19 150 0.000304724473107
19 151 0.000304724473107
19 152 0.000304724473107
19 153 0.000398007475078
19 154 0.000304724473107
19 155 0.000304724473107
19 156 0.000223879204731
19 157 0.000304724473107
19 158 0.000223879204731
19 159 0.000223879204731
19 160 0.000223879204731
19 161 0.000304724473107
19 162 0.000223879204731
19 163 0.000398007475078
19 164 0.000304724473107
19 165 0.000398007475078
19 166 0.000304724473107
19 167 0.000304724473107
19 168 0.000304724473107
19 169 0.000398007475078
19 170 0.000304724473107
19 171 0.000398007475078
19 172 0.000223879204731
19 173 0.000223879204731
19 174 0.000223879204731
19 175 0.000223879204731
19 176 0.000223879204731
19 177 0.000304724473107
19 178 0.000223879204731
19 179 0.000304724473107
19 180 0.000304724473107
19 181 0.000304724473107
19 182 0.000304724473107
19 183 0.000304724473107
19 184 0.000304724473107
19 185 0.000304724473107
19 186 0.000304724473107
19 187 0.000304724473107
19 188 0.000304724473107
19 189 0.000398007475078
19 190 0.000304724473107
19 191 0.000304724473107
19 192 0.000304724473107
19 193 0.000304724473107
19 194 0.000223879204731
19 195 0.000223879204731
19 196 0.000223879204731
19 197 0.000304724473107
19 198 0.000223879204731
19 199 0.000304724473107
19 200 0.000304724473107
19 201 0.000398007475078
19 202 0.000304724473107
19 203 0.000304724473107
19 204 0.000304724473107
19 205 0.000304724473107
19 206 0.000304724473107
19 207 0.000304724473107
19 208 0.000304724473107
19 209 0.000304724473107
19 210 0.000304724473107
19 211 0.000398007475078
19 212 0.000304724473107
19 213 0.000223879204731
19 214 0.000223879204731
19 215 0.000223879204731
19 216 0.000223879204731
19 217 0.000304724473107
19 218 0.000223879204731
19 219 0.000223879204731
19 220 0.000223879204731
19 221 0.000223879204731
19 222 0.000304724473107
19 223 0.000304724473107
19 224 0.000304724473107
19 225 0.000304724473107
19 226 0.000304724473107
19 227 0.000304724473107
19 228 0.000304724473107
19 229 0.000304724473107
19 230 0.000304724473107
19 231 0.000304724473107
19 232 0.000304724473107
19 233 0.000304724473107
19 234 0.000304724473107
19 235 0.000304724473107
19 236 0.000304724473107
19 237 0.000304724473107
19 238 0.000304724473107
19 239 0.000304724473107
19 240 0.000304724473107
19 241 0.000304724473107
19 242 0.000304724473107
19 243 0.000304724473107
19 244 0.000304724473107
19 245 0.000304724473107
19 246 0.000304724473107
19 247 0.000398007475078
19 248 0.000304724473107
19 249 0.000304724473107
19 250 0.000223879204731
19 251 0.000223879204731
19 252 0.000223879204731
19 253 0.000223879204731
19 254 0.000223879204731
19 255 0.000304724473107
19 256 0.000223879204731
19 257 0.000223879204731
19 258 0.000304724473107
19 259 0.000304724473107
19 260 0.000304724473107
19 261 0.000398007475078
19 262 0.000304724473107
19 263 0.000304724473107
19 264 0.000223879204731
19 265 0.000223879204731
19 266 0.000223879204731
19 267 0.000223879204731
19 268 0.000223879204731
19 269 0.000223879204731
19 270 0.000223879204731
19 271 0.000304724473107
19 272 0.000223879204731
19 273 0.000223879204731
19 274 0.000223879204731
19 275 0.000304724473107
19 276 0.000223879204731
19 277 0.000398007475078
19 278 0.000223879204731
19 279 0.000304724473107
19 280 0.000304724473107
19 281 0.000398007475078
19 282 0.000304724473107
19 283 0.000398007475078
19 284 0.000304724473107
19 285 0.000398007475078
19 286 0.000223879204731
19 287 0.000223879204731
19 288 0.000223879204731
19 289 0.000223879204731
19 290 0.000223879204731
19 291 0.000304724473107
19 292 0.000304724473107
19 293 0.000304724473107
19 294 0.000304724473107
19 295 0.000304724473107
19 296 0.000304724473107
19 297 0.000398007475078
19 298 0.000304724473107
19 299 0.000398007475078
19 300 0.000223879204731
19 301 0.000304724473107
19 302 0.000223879204731
19 303 0.000223879204731
19 304 0.000223879204731
19 305 0.000304724473107
19 306 0.000304724473107
19 307 0.000304724473107
19 308 0.000304724473107
19 309 0.000398007475078
19 310 0.000304724473107
19 311 0.000304724473107
19 312 0.000304724473107
19 313 0.000304724473107
19 314 0.000304724473107
19 315 0.000304724473107
19 316 0.000304724473107
19 317 0.000304724473107
19 318 0.000304724473107
19 319 0.000304724473107
19 320 0.000304724473107
19 321 0.000304724473107
19 322 0.000304724473107
19 323 0.000304724473107
19 324 0.000304724473107
19 325 0.000304724473107
19 326 0.000304724473107
19 327 0.000304724473107
19 328 0.000304724473107
19 329 0.000304724473107
19 330 0.000304724473107
19 331 0.000304724473107
19 332 0.000304724473107
19 333 0.000304724473107
19 334 0.000304724473107
19 335 0.000304724473107
19 336 0.000304724473107
19 337 0.000304724473107
19 338 0.000304724473107
19 339 0.000398007475078
19 340 0.000304724473107
19 341 0.000223879204731
19 342 0.000223879204731
19 343 0.000223879204731
19 344 0.000223879204731
19 345 0.000223879204731
19 346 0.000223879204731
19 347 0.000223879204731
19 348 0.000223879204731
19 349 0.000304724473107
19 350 0.000304724473107
19 351 0.000398007475078
19 352 0.000304724473107
19 353 0.000304724473107
19 354 0.000304724473107
19 355 0.000304724473107
19 356 0.000304724473107
19 357 0.000304724473107
19 358 0.000223879204731
19 359 0.000223879204731
19 360 0.000223879204731
19 361 0.000223879204731
19 362 0.000223879204731
19 363 0.000304724473107
19 364 0.000304724473107
19 365 0.000398007475078
19 366 0.000304724473107
19 367 0.000304724473107
19 368 0.000304724473107
19 369 0.000304724473107
19 370 0.000304724473107
19 371 0.000304724473107
19 372 0.000304724473107
19 373 0.000304724473107
19 374 0.000304724473107
19 375 0.000398007475078
19 376 0.000304724473107
19 377 0.000304724473107
19 378 0.000155471669952
19 379 0.000503728210645
19 380 0.000155471669952
19 381 5.59698011828e-05
19 382 5.59698011828e-05
19 383 6.21886679809e-06
19 384 5.59698011828e-05
19 385 6.21886679809e-06
19 386 6.21886679809e-06
19 387 2.48754671924e-05
19 388 6.21886679809e-06
19 389 9.95018687695e-05
19 390 0.0
19 391 5.59698011828e-05
19 392 6.21886679809e-06
19 393 0.000155471669952
19 394 0.0
19 395 6.21886679809e-06
19 396 6.21886679809e-06
19 397 0.0
19 398 6.21886679809e-06
19 399 5.59698011828e-05
19 400 0.0
20 0 0.0
20 1 2.48754671924e-05
20 2 0.0
20 3 6.21886679809e-06
20 4 0.0
20 5 0.000155471669952
20 6 0.0
20 7 9.95018687695e-05
20 8 0.0
20 9 5.59698011828e-05
20 10 0.0
20 11 0.000503728210645
20 12 0.0
20 13 5.59698011828e-05
20 14 0.0
20 15 5.59698011828e-05
20 16 0.0
20 17 5.59698011828e-05
20 18 0.0
20 19 5.59698011828e-05
20 20 0.0
20 21 2.48754671924e-05
20 22 0.0
20 23 6.21886679809e-06
20 24 0.0
20 25 0.0
20 26 0.0
20 27 0.0
20 28 0.0
20 29 0.0
20 30 0.0
20 31 0.0
20 32 0.0
20 33 6.21886679809e-06
20 34 0.0
20 35 0.0
20 36 0.0
20 37 0.0
20 38 0.0
20 39 0.0
20 40 0.0
20 41 6.21886679809e-06
20 42 0.0
20 43 6.21886679809e-06
20 44 0.0
20 45 0.0
20 46 0.0
20 47 6.21886679809e-06
20 48 0.0
20 49 2.48754671924e-05
20 50 0.0
20 51 6.21886679809e-06
20 52 0.0
20 53 0.0
20 54 0.0
20 55 0.0
20 56 0.0
20 57 0.0
20 58 0.0
20 59 0.0
20 60 0.0
20 61 0.0
20 62 0.0
20 63 0.0
20 64 0.0
20 65 0.0
20 66 0.0
20 67 0.0
20 68 0.0
20 69 0.0
20 70 0.0
20 71 0.0
20 72 0.0
20 73 0.0
20 74 0.0
20 75 6.21886679809e-06
20 76 0.0
20 77 0.0
20 78 0.0
20 79 6.21886679809e-06
20 80 0.0
20 81 0.0
20 82 0.0
20 83 6.21886679809e-06
20 84 0.0
20 85 6.21886679809e-06
20 86 0.0
20 87 6.21886679809e-06
20 88 0.0
20 89 0.0
20 90 0.0
20 91 0.0
20 92 0.0
20 93 0.0
20 94 0.0
20 95 0.0
20 96 0.0
20 97 6.21886679809e-06
20 98 0.0
20 99 6.21886679809e-06
20 100 0.0
20 101 0.0
20 102 0.0
20 103 6.21886679809e-06
20 104 0.0
20 105 0.0
20 106 0.0
20 107 6.21886679809e-06
20 108 0.0
20 109 0.0
20 110 0.0
20 111 6.21886679809e-06
20 112 0.0
20 113 0.0
20 114 0.0
20 115 6.21886679809e-06
20 116 0.0
20 117 0.0
20 118 0.0
20 119 6.21886679809e-06
20 120 0.0
20 121 6.21886679809e-06
20 122 0.0
20 123 6.21886679809e-06
20 124 0.0
20 125 0.0
20 126 0.0
20 127 0.0
20 128 0.0
20 129 0.0
20 130 0.0
20 131 0.0
20 132 0.0
20 133 0.0
20 134 0.0
20 135 0.0
20 136 0.0
20 137 0.0
20 138 0.0
20 139 0.0
20 140 0.0
20 141 0.0
20 142 0.0
20 143 0.0
20 144 0.0
20 145 0.0
20 146 0.0
20 147 0.0
20 148 0.0
20 149 0.0
20 150 0.0
20 151 0.0
20 152 0.0
20 153 6.21886679809e-06
20 154 0.0
20 155 0.0
20 156 0.0
20 157 6.21886679809e-06
20 158 0.0
20 159 0.0
20 160 0.0
20 161 6.21886679809e-06
20 162 0.0
20 163 6.21886679809e-06
20 164 0.0
20 165 6.21886679809e-06
20 166 0.0
20 167 0.0
20 168 0.0
20 169 6.21886679809e-06
20 170 0.0
20 171 6.21886679809e-06
20 172 0.0
20 173 0.0
20 174 0.0
20 175 0.0
20 176 0.0
20 177 6.21886679809e-06
20 178 0.0
20 179 0.0
20 180 0.0
20 181 0.0
20 182 0.0
20 183 0.0
20 184 0.0
20 185 0.0
20 186 0.0
20 187 0.0
20 188 0.0
20 189 6.21886679809e-06
20 190 0.0
20 191 0.0
20 192 0.0
20 193 6.21886679809e-06
20 194 0.0
20 195 0.0
20 196 0.0
20 197 6.21886679809e-06
20 198 0.0
20 199 6.21886679809e-06
20 200 0.0
20 201 6.21886679809e-06
20 202 0.0
20 203 0.0
20 204 0.0
20 205 0.0
20 206 0.0
20 207 0.0
20 208 0.0
20 209 0.0
20 210 0.0
20 211 6.21886679809e-06
20 212 0.0
20 213 6.21886679809e-06
20 214 0.0
20 215 0.0
20 216 0.0
20 217 6.21886679809e-06
20 218 0.0
20 219 0.0
20 220 0.0
20 221 6.21886679809e-06
20 222 0.0
20 223 0.0
20 224 0.0
20 225 0.0
20 226 0.0
20 227 0.0
20 228 0.0
20 229 0.0
20 230 0.0
20 231 0.0
20 232 0.0
20 233 0.0
20 234 0.0
20 235 0.0
20 236 0.0
20 237 0.0
20 238 0.0
20 239 0.0
20 240 0.0
20 241 0.0
20 242 0.0
20 243 0.0
20 244 0.0
20 245 0.0
20 246 0.0
20 247 6.21886679809e-06
20 248 0.0
20 249 6.21886679809e-06
20 250 0.0
20 251 0.0
20 252 0.0
20 253 6.21886679809e-06
20 254 0.0
20 255 0.0
20 256 0.0
20 257 6.21886679809e-06
20 258 0.0
20 259 0.0
20 260 0.0
20 261 6.21886679809e-06
20 262 0.0
20 263 6.21886679809e-06
20 264 0.0
20 265 0.0
20 266 0.0
20 267 0.0
20 268 0.0
20 269 0.0
20 270 0.0
20 271 0.0
20 272 0.0
20 273 0.0
20 274 0.0
20 275 0.0
20 276 0.0
20 277 6.21886679809e-06
20 278 0.0
20 279 0.0
20 280 0.0
20 281 6.21886679809e-06
20 282 0.0
20 283 6.21886679809e-06
20 284 0.0
20 285 2.48754671924e-05
20 286 0.0
20 287 0.0
20 288 0.0
20 289 0.0
20 290 0.0
20 291 6.21886679809e-06
20 292 0.0
20 293 0.0
20 294 0.0
20 295 0.0
20 296 0.0
20 297 6.21886679809e-06
20 298 0.0
20 299 6.21886679809e-06
20 300 0.0
20 301 6.21886679809e-06
20 302 0.0
20 303 0.0
20 304 0.0
20 305 6.21886679809e-06
20 306 0.0
20 307 0.0
20 308 0.0
20 309 6.21886679809e-06
20 310 0.0
20 311 0.0
20 312 0.0
20 313 0.0
20 314 0.0
20 315 0.0
20 316 0.0
20 317 0.0
20 318 0.0
20 319 0.0
20 320 0.0
20 321 0.0
20 322 0.0
20 323 0.0
20 324 0.0
20 325 0.0
20 326 0.0
20 327 0.0
20 328 0.0
20 329 0.0
20 330 0.0
20 331 0.0
20 332 0.0
20 333 0.0
20 334 0.0
20 335 0.0
20 336 0.0
20 337 0.0
20 338 0.0
20 339 6.21886679809e-06
20 340 0.0
20 341 0.0
20 342 0.0
20 343 0.0
20 344 0.0
20 345 0.0
20 346 0.0
20 347 0.0
20 348 0.0
20 349 6.21886679809e-06
20 350 0.0
20 351 6.21886679809e-06
20 352 0.0
20 353 0.0
20 354 0.0
20 355 0.0
20 356 0.0
20 357 6.21886679809e-06
20 358 0.0
20 359 0.0
20 360 0.0
20 361 0.0
20 362 0.0
20 363 0.0
20 364 0.0
20 365 6.21886679809e-06
20 366 0.0
20 367 0.0
20 368 0.0
20 369 0.0
20 370 0.0
20 371 0.0
20 372 0.0
20 373 0.0
20 374 0.0
20 375 6.21886679809e-06
20 376 0.0
20 377 0.0
20 378 0.0
20 379 0.000223879204731
20 380 0.0
20 381 2.48754671924e-05
20 382 0.0
20 383 2.48754671924e-05
20 384 0.0
20 385 5.59698011828e-05
20 386 0.0
20 387 9.95018687695e-05
20 388 0.0
20 389 5.59698011828e-05
20 390 0.0
20 391 0.000155471669952
20 392 0.0
20 393 9.95018687695e-05
20 394 0.0
20 395 0.0
20 396 0.0
20 397 6.21886679809e-06
20 398 0.0
20 399 5.59698011828e-05
20 400 0.0
21 0 0.0
21 1 2.48754671924e-05
21 2 0.0
21 3 6.21886679809e-06
21 4 6.21886679809e-06
21 5 0.000155471669952
21 6 6.21886679809e-06
21 7 0.000155471669952
21 8 0.0
21 9 9.95018687695e-05
21 10 2.48754671924e-05
21 11 0.000304724473107
21 12 0.0
21 13 5.59698011828e-05
21 14 0.0
21 15 0.0
21 16 0.0
21 17 0.000155471669952
21 18 0.0
21 19 2.48754671924e-05
21 20 0.0
21 21 0.0
21 22 0.0
21 23 6.21886679809e-06
21 24 0.0
21 25 0.0
21 26 0.0
21 27 0.0
21 28 0.0
21 29 0.0
21 30 0.0
21 31 6.21886679809e-06
21 32 0.0
21 33 0.0
21 34 0.0
21 35 0.0
21 36 0.0
21 37 0.0
21 38 0.0
21 39 6.21886679809e-06
21 40 0.0
21 41 0.0
21 42 6.21886679809e-06
21 43 0.0
21 44 6.21886679809e-06
21 45 6.21886679809e-06
21 46 6.21886679809e-06
21 47 0.0
21 48 6.21886679809e-06
21 49 0.0
21 50 0.0
21 51 6.21886679809e-06
21 52 0.0
21 53 0.0
21 54 0.0
21 55 0.0
21 56 0.0
21 57 0.0
21 58 0.0
21 59 0.0
21 60 0.0
21 61 0.0
21 62 0.0
21 63 0.0
21 64 0.0
21 65 0.0
21 66 0.0
21 67 0.0
21 68 0.0
21 69 0.0
21 70 0.0
21 71 0.0
21 72 0.0
21 73 0.0
21 74 0.0
21 75 6.21886679809e-06
21 76 0.0
21 77 0.0
21 78 6.21886679809e-06
21 79 6.21886679809e-06
21 80 6.21886679809e-06
21 81 6.21886679809e-06
21 82 6.21886679809e-06
21 83 6.21886679809e-06
21 84 6.21886679809e-06
21 85 0.0
21 86 0.0
21 87 6.21886679809e-06
21 88 0.0
21 89 0.0
21 90 0.0
21 91 0.0
21 92 0.0
21 93 0.0
21 94 0.0
21 95 0.0
21 96 0.0
21 97 6.21886679809e-06
21 98 0.0
21 99 0.0
21 100 6.21886679809e-06
21 101 6.21886679809e-06
21 102 6.21886679809e-06
21 103 0.0
21 104 6.21886679809e-06
21 105 6.21886679809e-06
21 106 6.21886679809e-06
21 107 0.0
21 108 0.0
21 109 0.0
21 110 0.0
21 111 6.21886679809e-06
21 112 0.0
21 113 0.0
21 114 6.21886679809e-06
21 115 6.21886679809e-06
21 116 6.21886679809e-06
21 117 6.21886679809e-06
21 118 6.21886679809e-06
21 119 6.21886679809e-06
21 120 6.21886679809e-06
21 121 0.0
21 122 0.0
21 123 6.21886679809e-06
21 124 0.0
21 125 0.0
21 126 0.0
21 127 0.0
21 128 0.0
21 129 0.0
21 130 0.0
21 131 0.0
21 132 0.0
21 133 0.0
21 134 0.0
21 135 0.0
21 136 0.0
21 137 0.0
21 138 0.0
21 139 0.0
21 140 0.0
21 141 0.0
21 142 0.0
21 143 0.0
21 144 0.0
21 145 0.0
21 146 0.0
21 147 0.0
21 148 0.0
21 149 0.0
21 150 0.0
21 151 0.0
21 152 0.0
21 153 6.21886679809e-06
21 154 0.0
21 155 0.0
21 156 6.21886679809e-06
21 157 6.21886679809e-06
21 158 6.21886679809e-06
21 159 6.21886679809e-06
21 160 6.21886679809e-06
21 161 6.21886679809e-06
21 162 6.21886679809e-06
21 163 0.0
21 164 0.0
21 165 6.21886679809e-06
21 166 0.0
21 167 0.0
21 168 0.0
21 169 6.21886679809e-06
21 170 0.0
21 171 0.0
21 172 6.21886679809e-06
21 173 6.21886679809e-06
21 174 6.21886679809e-06
21 175 0.0
21 176 6.21886679809e-06
21 177 6.21886679809e-06
21 178 6.21886679809e-06
21 179 0.0
21 180 0.0
21 181 0.0
21 182 0.0
21 183 0.0
21 184 0.0
21 185 0.0
21 186 0.0
21 187 0.0
21 188 0.0
21 189 6.21886679809e-06
21 190 0.0
21 191 0.0
21 192 6.21886679809e-06
21 193 6.21886679809e-06
21 194 6.21886679809e-06
21 195 6.21886679809e-06
21 196 6.21886679809e-06
21 197 6.21886679809e-06
21 198 6.21886679809e-06
21 199 0.0
21 200 0.0
21 201 6.21886679809e-06
21 202 0.0
21 203 0.0
21 204 0.0
21 205 0.0
21 206 0.0
21 207 0.0
21 208 0.0
21 209 0.0
21 210 0.0
21 211 6.21886679809e-06
21 212 0.0
21 213 0.0
21 214 6.21886679809e-06
21 215 6.21886679809e-06
21 216 6.21886679809e-06
21 217 0.0
21 218 6.21886679809e-06
21 219 6.21886679809e-06
21 220 6.21886679809e-06
21 221 0.0
21 222 0.0
21 223 0.0
21 224 0.0
21 225 0.0
21 226 0.0
21 227 0.0
21 228 0.0
21 229 0.0
21 230 0.0
21 231 0.0
21 232 0.0
21 233 0.0
21 234 0.0
21 235 0.0
21 236 0.0
21 237 0.0
21 238 0.0
21 239 0.0
21 240 0.0
21 241 0.0
21 242 0.0
21 243 0.0
21 244 0.0
21 245 0.0
21 246 0.0
21 247 6.21886679809e-06
21 248 0.0
21 249 0.0
21 250 6.21886679809e-06
21 251 6.21886679809e-06
21 252 6.21886679809e-06
21 253 0.0
21 254 6.21886679809e-06
21 255 6.21886679809e-06
21 256 6.21886679809e-06
21 257 0.0
21 258 0.0
21 259 0.0
21 260 0.0
21 261 6.21886679809e-06
21 262 0.0
21 263 0.0
21 264 6.21886679809e-06
21 265 6.21886679809e-06
21 266 6.21886679809e-06
21 267 6.21886679809e-06
21 268 6.21886679809e-06
21 269 6.21886679809e-06
21 270 6.21886679809e-06
21 271 6.21886679809e-06
21 272 6.21886679809e-06
21 273 6.21886679809e-06
21 274 6.21886679809e-06
21 275 6.21886679809e-06
21 276 6.21886679809e-06
21 277 6.21886679809e-06
21 278 6.21886679809e-06
21 279 0.0
21 280 0.0
21 281 6.21886679809e-06
21 282 0.0
21 283 6.21886679809e-06
21 284 0.0
21 285 0.0
21 286 6.21886679809e-06
21 287 6.21886679809e-06
21 288 6.21886679809e-06
21 289 0.0
21 290 6.21886679809e-06
21 291 6.21886679809e-06
21 292 6.21886679809e-06
21 293 0.0
21 294 0.0
21 295 0.0
21 296 0.0
21 297 6.21886679809e-06
21 298 0.0
21 299 0.0
21 300 6.21886679809e-06
21 301 6.21886679809e-06
21 302 6.21886679809e-06
21 303 6.21886679809e-06
21 304 6.21886679809e-06
21 305 6.21886679809e-06
21 306 6.21886679809e-06
21 307 0.0
21 308 0.0
21 309 6.21886679809e-06
21 310 0.0
21 311 0.0
21 312 0.0
21 313 0.0
21 314 0.0
21 315 0.0
21 316 0.0
21 317 0.0
21 318 0.0
21 319 0.0
21 320 0.0
21 321 0.0
21 322 0.0
21 323 0.0
21 324 0.0
21 325 0.0
21 326 0.0
21 327 0.0
21 328 0.0
21 329 0.0
21 330 0.0
21 331 0.0
21 332 0.0
21 333 0.0
21 334 0.0
21 335 0.0
21 336 0.0
21 337 0.0
21 338 0.0
21 339 6.21886679809e-06
21 340 0.0
21 341 0.0
21 342 6.21886679809e-06
21 343 6.21886679809e-06
21 344 6.21886679809e-06
21 345 6.21886679809e-06
21 346 6.21886679809e-06
21 347 6.21886679809e-06
21 348 6.21886679809e-06
21 349 0.0
21 350 0.0
21 351 6.21886679809e-06
21 352 0.0
21 353 0.0
21 354 0.0
21 355 0.0
21 356 6.21886679809e-06
21 357 6.21886679809e-06
21 358 6.21886679809e-06
21 359 0.0
21 360 6.21886679809e-06
21 361 6.21886679809e-06
21 362 6.21886679809e-06
21 363 0.0
21 364 0.0
21 365 6.21886679809e-06
21 366 0.0
21 367 0.0
21 368 0.0
21 369 0.0
21 370 0.0
21 371 0.0
21 372 0.0
21 373 0.0
21 374 0.0
21 375 0.0
21 376 0.0
21 377 0.0
21 378 6.21886679809e-06
21 379 0.0
21 380 0.0
21 381 5.59698011828e-05
21 382 6.21886679809e-06
21 383 0.0
21 384 0.0
21 385 6.21886679809e-06
21 386 0.0
21 387 0.0
21 388 0.0
21 389 6.21886679809e-06
21 390 0.0
21 391 0.000155471669952
21 392 6.21886679809e-06
21 393 2.48754671924e-05
21 394 0.0
21 395 2.48754671924e-05
21 396 0.0
21 397 2.48754671924e-05
21 398 6.21886679809e-06
21 399 5.59698011828e-05
21 400 0.0
22 0 0.0
22 1 2.48754671924e-05
22 2 0.0
22 3 2.48754671924e-05
22 4 0.0
22 5 0.000155471669952
22 6 0.0
22 7 0.000304724473107
22 8 0.0
22 9 2.48754671924e-05
22 10 0.0
22 11 0.000503728210645
22 12 0.0
22 13 5.59698011828e-05
22 14 0.0
22 15 2.48754671924e-05
22 16 0.0
22 17 0.000155471669952
22 18 0.0
22 19 2.48754671924e-05
22 20 0.0
22 21 2.48754671924e-05
22 22 0.0
22 23 0.0
22 24 0.0
22 25 6.21886679809e-06
22 26 0.0
22 27 0.0
22 28 0.0
22 29 0.0
22 30 0.0
22 31 6.21886679809e-06
22 32 0.0
22 33 0.0
22 34 0.0
22 35 6.21886679809e-06
22 36 0.0
22 37 0.0
22 38 0.0
22 39 6.21886679809e-06
22 40 0.0
22 41 0.0
22 42 0.0
22 43 6.21886679809e-06
22 44 0.0
22 45 0.0
22 46 0.0
22 47 6.21886679809e-06
22 48 0.0
22 49 0.0
22 50 0.0
22 51 0.0
22 52 0.0
22 53 0.0
22 54 0.0
22 55 0.0
22 56 0.0
22 57 0.0
22 58 0.0
22 59 0.0
22 60 0.0
22 61 0.0
22 62 0.0
22 63 0.0
22 64 0.0
22 65 0.0
22 66 0.0
22 67 0.0
22 68 0.0
22 69 0.0
22 70 0.0
22 71 0.0
22 72 0.0
22 73 0.0
22 74 0.0
22 75 0.0
22 76 0.0
22 77 0.0
22 78 0.0
22 79 0.0
22 80 0.0
22 81 0.0
22 82 0.0
22 83 0.0
22 84 0.0
22 85 0.0
22 86 0.0
22 87 0.0
22 88 0.0
22 89 0.0
22 90 0.0
22 91 0.0
22 92 0.0
22 93 0.0
22 94 0.0
22 95 0.0
22 96 0.0
22 97 0.0
22 98 0.0
22 99 0.0
22 100 0.0
22 101 0.0
22 102 0.0
22 103 0.0
22 104 0.0
22 105 0.0
22 106 0.0
22 107 0.0
22 108 0.0
22 109 0.0
22 110 0.0
22 111 0.0
22 112 0.0
22 113 0.0
22 114 0.0
22 115 0.0
22 116 0.0
22 117 0.0
22 118 0.0
22 119 0.0
22 120 0.0
22 121 0.0
22 122 0.0
22 123 0.0
22 124 0.0
22 125 0.0
22 126 0.0
22 127 0.0
22 128 0.0
22 129 0.0
22 130 0.0
22 131 0.0
22 132 0.0
22 133 0.0
22 134 0.0
22 135 0.0
22 136 0.0
22 137 0.0
22 138 0.0
22 139 0.0
22 140 0.0
22 141 0.0
22 142 0.0
22 143 0.0
22 144 0.0
22 145 0.0
22 146 0.0
22 147 0.0
22 148 0.0
22 149 0.0
22 150 0.0
22 151 0.0
22 152 0.0
22 153 0.0
22 154 0.0
22 155 0.0
22 156 0.0
22 157 0.0
22 158 0.0
22 159 0.0
22 160 0.0
22 161 0.0
22 162 0.0
22 163 0.0
22 164 0.0
22 165 0.0
22 166 0.0
22 167 0.0
22 168 0.0
22 169 0.0
22 170 0.0
22 171 0.0
22 172 0.0
22 173 0.0
22 174 0.0
22 175 0.0
22 176 0.0
22 177 0.0
22 178 0.0
22 179 0.0
22 180 0.0
22 181 0.0
22 182 0.0
22 183 0.0
22 184 0.0
22 185 0.0
22 186 0.0
22 187 0.0
22 188 0.0
22 189 0.0
22 190 0.0
22 191 0.0
22 192 0.0
22 193 0.0
22 194 0.0
22 195 0.0
22 196 0.0
22 197 0.0
22 198 0.0
22 199 0.0
22 200 0.0
22 201 0.0
22 202 0.0
22 203 0.0
22 204 0.0
22 205 0.0
22 206 0.0
22 207 0.0
22 208 0.0
22 209 0.0
22 210 0.0
22 211 0.0
22 212 0.0
22 213 0.0
22 214 0.0
22 215 0.0
22 216 0.0
22 217 0.0
22 218 0.0
22 219 0.0
22 220 0.0
22 221 0.0
22 222 0.0
22 223 0.0
22 224 0.0
22 225 0.0
22 226 0.0
22 227 0.0
22 228 0.0
22 229 0.0
22 230 0.0
22 231 0.0
22 232 0.0
22 233 0.0
22 234 0.0
22 235 0.0
22 236 0.0
22 237 0.0
22 238 0.0
22 239 0.0
22 240 0.0
22 241 0.0
22 242 0.0
22 243 0.0
22 244 0.0
22 245 0.0
22 246 0.0
22 247 0.0
22 248 0.0
22 249 0.0
22 250 0.0
22 251 0.0
22 252 0.0
22 253 0.0
22 254 0.0
22 255 0.0
22 256 0.0
22 257 0.0
22 258 0.0
22 259 0.0
22 260 0.0
22 261 0.0
22 262 0.0
22 263 0.0
22 264 0.0
22 265 0.0
22 266 0.0
22 267 0.0
22 268 0.0
22 269 0.0
22 270 0.0
22 271 0.0
22 272 0.0
22 273 0.0
22 274 0.0
22 275 0.0
22 276 0.0
22 277 0.0
22 278 0.0
22 279 0.0
22 280 0.0
22 281 0.0
22 282 0.0
22 283 0.0
22 284 0.0
22 285 0.0
22 286 0.0
22 287 0.0
22 288 0.0
22 289 0.0
22 290 0.0
22 291 0.0
22 292 0.0
22 293 0.0
22 294 0.0
22 295 0.0
22 296 0.0
22 297 0.0
22 298 0.0
22 299 0.0
22 300 0.0
22 301 0.0
22 302 0.0
22 303 0.0
22 304 0.0
22 305 0.0
22 306 0.0
22 307 0.0
22 308 0.0
22 309 0.0
22 310 0.0
22 311 0.0
22 312 0.0
22 313 0.0
22 314 0.0
22 315 0.0
22 316 0.0
22 317 0.0
22 318 0.0
22 319 0.0
22 320 0.0
22 321 0.0
22 322 0.0
22 323 0.0
22 324 0.0
22 325 0.0
22 326 0.0
22 327 0.0
22 328 0.0
22 329 0.0
22 330 0.0
22 331 0.0
22 332 0.0
22 333 0.0
22 334 0.0
22 335 0.0
22 336 0.0
22 337 0.0
22 338 0.0
22 339 0.0
22 340 0.0
22 341 0.0
22 342 0.0
22 343 0.0
22 344 0.0
22 345 0.0
22 346 0.0
22 347 0.0
22 348 0.0
22 349 0.0
22 350 0.0
22 351 0.0
22 352 0.0
22 353 0.0
22 354 0.0
22 355 0.0
22 356 0.0
22 357 0.0
22 358 0.0
22 359 0.0
22 360 0.0
22 361 0.0
22 362 0.0
22 363 0.0
22 364 0.0
22 365 0.0
22 366 0.0
22 367 6.21886679809e-06
22 368 0.0
22 369 0.0
22 370 0.0
22 371 0.0
22 372 0.0
22 373 6.21886679809e-06
22 374 0.0
22 375 0.0
22 376 0.0
22 377 6.21886679809e-06
22 378 0.0
22 379 6.21886679809e-06
22 380 0.0
22 381 5.59698011828e-05
22 382 0.0
22 383 2.48754671924e-05
22 384 0.0
22 385 6.21886679809e-06
22 386 0.0
22 387 2.48754671924e-05
22 388 0.0
22 389 0.0
22 390 0.0
22 391 0.000223879204731
22 392 0.0
22 393 6.21886679809e-06
22 394 0.0
22 395 9.95018687695e-05
22 396 0.0
22 397 9.95018687695e-05
22 398 0.0
22 399 6.21886679809e-06
22 400 0.0
23 0 6.21886679809e-06
23 1 5.59698011828e-05
23 2 6.21886679809e-06
23 3 5.59698011828e-05
23 4 6.21886679809e-06
23 5 9.95018687695e-05
23 6 0.0
23 7 0.000223879204731
23 8 0.0
23 9 2.48754671924e-05
23 10 0.0
23 11 0.000503728210645
23 12 0.0
23 13 9.95018687695e-05
23 14 0.0
23 15 5.59698011828e-05
23 16 6.21886679809e-06
23 17 0.000155471669952
23 18 6.21886679809e-06
23 19 2.48754671924e-05
23 20 6.21886679809e-06
23 21 2.48754671924e-05
23 22 0.0
23 23 0.0
23 24 0.0
23 25 6.21886679809e-06
23 26 0.0
23 27 0.0
23 28 0.0
23 29 0.0
23 30 0.0
23 31 6.21886679809e-06
23 32 0.0
23 33 0.0
23 34 0.0
23 35 6.21886679809e-06
23 36 2.48754671924e-05
23 37 2.48754671924e-05
23 38 2.48754671924e-05
23 39 5.59698011828e-05
23 40 2.48754671924e-05
23 41 2.48754671924e-05
23 42 6.21886679809e-06
23 43 6.21886679809e-06
23 44 0.0
23 45 0.0
23 46 0.0
23 47 6.21886679809e-06
23 48 0.0
23 49 0.0
23 50 0.0
23 51 0.0
23 52 0.0
23 53 0.0
23 54 0.0
23 55 0.0
23 56 0.0
23 57 0.0
23 58 0.0
23 59 0.0
23 60 0.0
23 61 0.0
23 62 0.0
23 63 0.0
23 64 0.0
23 65 0.0
23 66 0.0
23 67 0.0
23 68 0.0
23 69 0.0
23 70 0.0
23 71 0.0
23 72 0.0
23 73 0.0
23 74 0.0
23 75 0.0
23 76 0.0
23 77 0.0
23 78 0.0
23 79 0.0
23 80 0.0
23 81 0.0
23 82 0.0
23 83 0.0
23 84 0.0
23 85 0.0
23 86 0.0
23 87 0.0
23 88 0.0
23 89 0.0
23 90 0.0
23 91 0.0
23 92 0.0
23 93 0.0
23 94 0.0
23 95 0.0
23 96 0.0
23 97 0.0
23 98 0.0
23 99 0.0
23 100 0.0
23 101 0.0
23 102 0.0
23 103 0.0
23 104 0.0
23 105 0.0
23 106 0.0
23 107 0.0
23 108 0.0
23 109 0.0
23 110 0.0
23 111 0.0
23 112 0.0
23 113 0.0
23 114 0.0
23 115 0.0
23 116 0.0
23 117 0.0
23 118 0.0
23 119 0.0
23 120 0.0
23 121 0.0
23 122 0.0
23 123 0.0
23 124 0.0
23 125 0.0
23 126 0.0
23 127 0.0
23 128 0.0
23 129 0.0
23 130 0.0
23 131 0.0
23 132 0.0
23 133 0.0
23 134 0.0
23 135 0.0
23 136 0.0
23 137 0.0
23 138 0.0
23 139 0.0
23 140 0.0
23 141 0.0
23 142 0.0
23 143 0.0
23 144 0.0
23 145 0.0
23 146 0.0
23 147 0.0
23 148 0.0
23 149 0.0
23 150 0.0
23 151 0.0
23 152 0.0
23 153 0.0
23 154 0.0
23 155 0.0
23 156 0.0
23 157 0.0
23 158 0.0
23 159 0.0
23 160 0.0
23 161 0.0
23 162 0.0
23 163 0.0
23 164 0.0
23 165 0.0
23 166 0.0
23 167 0.0
23 168 0.0
23 169 0.0
23 170 0.0
23 171 0.0
23 172 0.0
23 173 0.0
23 174 0.0
23 175 0.0
23 176 0.0
23 177 0.0
23 178 0.0
23 179 0.0
23 180 0.0
23 181 0.0
23 182 0.0
23 183 0.0
23 184 0.0
23 185 0.0
23 186 0.0
23 187 0.0
23 188 0.0
23 189 0.0
23 190 0.0
23 191 0.0
23 192 0.0
23 193 0.0
23 194 0.0
23 195 0.0
23 196 0.0
23 197 0.0
23 198 0.0
23 199 0.0
23 200 0.0
23 201 0.0
23 202 0.0
23 203 0.0
23 204 0.0
23 205 0.0
23 206 0.0
23 207 0.0
23 208 0.0
23 209 0.0
23 210 0.0
23 211 0.0
23 212 0.0
23 213 0.0
23 214 0.0
23 215 0.0
23 216 0.0
23 217 0.0
23 218 0.0
23 219 0.0
23 220 0.0
23 221 0.0
23 222 0.0
23 223 0.0
23 224 0.0
23 225 0.0
23 226 0.0
23 227 0.0
23 228 0.0
23 229 0.0
23 230 0.0
23 231 0.0
23 232 0.0
23 233 0.0
23 234 0.0
23 235 0.0
23 236 0.0
23 237 0.0
23 238 0.0
23 239 0.0
23 240 0.0
23 241 0.0
23 242 0.0
23 243 0.0
23 244 0.0
23 245 0.0
23 246 0.0
23 247 0.0
23 248 0.0
23 249 0.0
23 250 0.0
23 251 0.0
23 252 0.0
23 253 0.0
23 254 0.0
23 255 0.0
23 256 0.0
23 257 0.0
23 258 0.0
23 259 0.0
23 260 0.0
23 261 0.0
23 262 0.0
23 263 0.0
23 264 0.0
23 265 0.0
23 266 0.0
23 267 0.0
23 268 0.0
23 269 0.0
23 270 0.0
23 271 0.0
23 272 0.0
23 273 0.0
23 274 0.0
23 275 0.0
23 276 0.0
23 277 0.0
23 278 0.0
23 279 0.0
23 280 0.0
23 281 0.0
23 282 0.0
23 283 0.0
23 284 0.0
23 285 0.0
23 286 0.0
23 287 0.0
23 288 0.0
23 289 0.0
23 290 0.0
23 291 0.0
23 292 0.0
23 293 0.0
23 294 0.0
23 295 0.0
23 296 0.0
23 297 0.0
23 298 0.0
23 299 0.0
23 300 0.0
23 301 0.0
23 302 0.0
23 303 0.0
23 304 0.0
23 305 0.0
23 306 0.0
23 307 0.0
23 308 0.0
23 309 0.0
23 310 0.0
23 311 0.0
23 312 0.0
23 313 0.0
23 314 0.0
23 315 0.0
23 316 0.0
23 317 0.0
23 318 0.0
23 319 0.0
23 320 0.0
23 321 0.0
23 322 0.0
23 323 0.0
23 324 0.0
23 325 0.0
23 326 0.0
23 327 0.0
23 328 0.0
23 329 0.0
23 330 0.0
23 331 0.0
23 332 0.0
23 333 0.0
23 334 0.0
23 335 0.0
23 336 0.0
23 337 0.0
23 338 0.0
23 339 0.0
23 340 0.0
23 341 0.0
23 342 0.0
23 343 0.0
23 344 0.0
23 345 0.0
23 346 0.0
23 347 0.0
23 348 0.0
23 349 0.0
23 350 0.0
23 351 0.0
23 352 0.0
23 353 0.0
23 354 0.0
23 355 0.0
23 356 0.0
23 357 0.0
23 358 0.0
23 359 0.0
23 360 0.0
23 361 0.0
23 362 0.0
23 363 0.0
23 364 0.0
23 365 0.0
23 366 0.0
23 367 6.21886679809e-06
23 368 0.0
23 369 0.0
23 370 0.0
23 371 0.0
23 372 0.0
23 373 6.21886679809e-06
23 374 0.0
23 375 0.0
23 376 0.0
23 377 6.21886679809e-06
23 378 6.21886679809e-06
23 379 6.21886679809e-06
23 380 6.21886679809e-06
23 381 9.95018687695e-05
23 382 6.21886679809e-06
23 383 5.59698011828e-05
23 384 0.0
23 385 2.48754671924e-05
23 386 0.0
23 387 5.59698011828e-05
23 388 6.21886679809e-06
23 389 6.21886679809e-06
23 390 6.21886679809e-06
23 391 0.000155471669952
23 392 0.0
23 393 6.21886679809e-06
23 394 6.21886679809e-06
23 395 5.59698011828e-05
23 396 0.0
23 397 9.95018687695e-05
23 398 0.0
23 399 6.21886679809e-06
23 400 0.0
24 0 0.0
24 1 2.48754671924e-05
24 2 0.0
24 3 2.48754671924e-05
24 4 0.0
24 5 0.000155471669952
24 6 0.0
24 7 0.000223879204731
24 8 0.0
24 9 2.48754671924e-05
24 10 0.0
24 11 0.000503728210645
24 12 0.0
24 13 5.59698011828e-05
24 14 0.0
24 15 2.48754671924e-05
24 16 0.0
24 17 0.000155471669952
24 18 0.0
24 19 2.48754671924e-05
24 20 0.0
24 21 2.48754671924e-05
24 22 0.0
24 23 0.0
24 24 0.0
24 25 6.21886679809e-06
24 26 0.0
24 27 0.0
24 28 0.0
24 29 0.0
24 30 0.0
24 31 0.0
24 32 0.0
24 33 6.21886679809e-06
24 34 0.0
24 35 0.0
24 36 0.0
24 37 0.0
24 38 0.0
24 39 0.0
24 40 0.0
24 41 0.0
24 42 0.0
24 43 0.0
24 44 0.0
24 45 0.0
24 46 0.0
24 47 0.0
24 48 0.0
24 49 0.0
24 50 0.0
24 51 0.0
24 52 0.0
24 53 0.0
24 54 0.0
24 55 0.0
24 56 0.0
24 57 0.0
24 58 0.0
24 59 0.0
24 60 0.0
24 61 0.0
24 62 0.0
24 63 0.0
24 64 0.0
24 65 0.0
24 66 0.0
24 67 0.0
24 68 0.0
24 69 0.0
24 70 0.0
24 71 0.0
24 72 0.0
24 73 0.0
24 74 0.0
24 75 0.0
24 76 0.0
24 77 0.0
24 78 0.0
24 79 0.0
24 80 0.0
24 81 0.0
24 82 0.0
24 83 0.0
24 84 0.0
24 85 0.0
24 86 0.0
24 87 0.0
24 88 0.0
24 89 0.0
24 90 0.0
24 91 0.0
24 92 0.0
24 93 0.0
24 94 0.0
24 95 0.0
24 96 0.0
24 97 0.0
24 98 0.0
24 99 0.0
24 100 0.0
24 101 0.0
24 102 0.0
24 103 0.0
24 104 0.0
24 105 0.0
24 106 0.0
24 107 0.0
24 108 0.0
24 109 0.0
24 110 0.0
24 111 0.0
24 112 0.0
24 113 0.0
24 114 0.0
24 115 0.0
24 116 0.0
24 117 0.0
24 118 0.0
24 119 0.0
24 120 0.0
24 121 0.0
24 122 0.0
24 123 0.0
24 124 0.0
24 125 0.0
24 126 0.0
24 127 0.0
24 128 0.0
24 129 0.0
24 130 0.0
24 131 0.0
24 132 0.0
24 133 0.0
24 134 0.0
24 135 0.0
24 136 0.0
24 137 0.0
24 138 0.0
24 139 0.0
24 140 0.0
24 141 0.0
24 142 0.0
24 143 0.0
24 144 0.0
24 145 0.0
24 146 0.0
24 147 0.0
24 148 0.0
24 149 0.0
24 150 0.0
24 151 0.0
24 152 0.0
24 153 0.0
24 154 0.0
24 155 0.0
24 156 0.0
24 157 0.0
24 158 0.0
24 159 0.0
24 160 0.0
24 161 0.0
24 162 0.0
24 163 0.0
24 164 0.0
24 165 0.0
24 166 0.0
24 167 0.0
24 168 0.0
24 169 0.0
24 170 0.0
24 171 0.0
24 172 0.0
24 173 0.0
24 174 0.0
24 175 0.0
24 176 0.0
24 177 0.0
24 178 0.0
24 179 0.0
24 180 0.0
24 181 0.0
24 182 0.0
24 183 0.0
24 184 0.0
24 185 0.0
24 186 0.0
24 187 0.0
24 188 0.0
24 189 0.0
24 190 0.0
24 191 0.0
24 192 0.0
24 193 0.0
24 194 0.0
24 195 0.0
24 196 0.0
24 197 0.0
24 198 0.0
24 199 0.0
24 200 0.0
24 201 0.0
24 202 0.0
24 203 0.0
24 204 0.0
24 205 0.0
24 206 0.0
24 207 0.0
24 208 0.0
24 209 0.0
24 210 0.0
24 211 0.0
24 212 0.0
24 213 0.0
24 214 0.0
24 215 0.0
24 216 0.0
24 217 0.0
24 218 0.0
24 219 0.0
24 220 0.0
24 221 0.0
24 222 0.0
24 223 0.0
24 224 0.0
24 225 0.0
24 226 0.0
24 227 0.0
24 228 0.0
24 229 0.0
24 230 0.0
24 231 0.0
24 232 0.0
24 233 0.0
24 234 0.0
24 235 0.0
24 236 0.0
24 237 0.0
24 238 0.0
24 239 0.0
24 240 0.0
24 241 0.0
24 242 0.0
24 243 0.0
24 244 0.0
24 245 0.0
24 246 0.0
24 247 0.0
24 248 0.0
24 249 0.0
24 250 0.0
24 251 0.0
24 252 0.0
24 253 0.0
24 254 0.0
24 255 0.0
24 256 0.0
24 257 0.0
24 258 0.0
24 259 0.0
24 260 0.0
24 261 0.0
24 262 0.0
24 263 0.0
24 264 0.0
24 265 0.0
24 266 0.0
24 267 0.0
24 268 0.0
24 269 0.0
24 270 0.0
24 271 0.0
24 272 0.0
24 273 0.0
24 274 0.0
24 275 0.0
24 276 0.0
24 277 0.0
24 278 0.0
24 279 0.0
24 280 0.0
24 281 0.0
24 282 0.0
24 283 0.0
24 284 0.0
24 285 0.0
24 286 0.0
24 287 0.0
24 288 0.0
24 289 0.0
24 290 0.0
24 291 0.0
24 292 0.0
24 293 0.0
24 294 0.0
24 295 0.0
24 296 0.0
24 297 0.0
24 298 0.0
24 299 0.0
24 300 0.0
24 301 0.0
24 302 0.0
24 303 0.0
24 304 0.0
24 305 0.0
24 306 0.0
24 307 0.0
24 308 0.0
24 309 0.0
24 310 0.0
24 311 0.0
24 312 0.0
24 313 0.0
24 314 0.0
24 315 0.0
24 316 0.0
24 317 0.0
24 318 0.0
24 319 0.0
24 320 0.0
24 321 0.0
24 322 0.0
24 323 0.0
24 324 0.0
24 325 0.0
24 326 0.0
24 327 0.0
24 328 0.0
24 329 0.0
24 330 0.0
24 331 0.0
24 332 0.0
24 333 0.0
24 334 0.0
24 335 0.0
24 336 0.0
24 337 0.0
24 338 0.0
24 339 0.0
24 340 0.0
24 341 0.0
24 342 0.0
24 343 0.0
24 344 0.0
24 345 0.0
24 346 0.0
24 347 0.0
24 348 0.0
24 349 0.0
24 350 0.0
24 351 0.0
24 352 0.0
24 353 0.0
24 354 0.0
24 355 0.0
24 356 0.0
24 357 0.0
24 358 0.0
24 359 0.0
24 360 0.0
24 361 0.0
24 362 0.0
24 363 0.0
24 364 0.0
24 365 0.0
24 366 0.0
24 367 6.21886679809e-06
24 368 0.0
24 369 0.0
24 370 0.0
24 371 0.0
24 372 0.0
24 373 6.21886679809e-06
24 374 0.0
24 375 0.0
24 376 0.0
24 377 6.21886679809e-06
24 378 0.0
24 379 6.21886679809e-06
24 380 0.0
24 381 5.59698011828e-05
24 382 0.0
24 383 5.59698011828e-05
24 384 0.0
24 385 2.48754671924e-05
24 386 0.0
24 387 2.48754671924e-05
24 388 0.0
24 389 0.0
24 390 0.0
24 391 0.000223879204731
24 392 0.0
24 393 6.21886679809e-06
24 394 0.0
24 395 5.59698011828e-05
24 396 0.0
24 397 9.95018687695e-05
24 398 0.0
24 399 6.21886679809e-06
24 400 0.0
25 0 6.21886679809e-06
25 1 5.59698011828e-05
25 2 0.0
25 3 2.48754671924e-05
25 4 6.21886679809e-06
25 5 9.95018687695e-05
25 6 0.0
25 7 0.000304724473107
25 8 0.0
25 9 5.59698011828e-05
25 10 6.21886679809e-06
25 11 0.000398007475078
25 12 6.21886679809e-06
25 13 5.59698011828e-05
25 14 0.0
25 15 5.59698011828e-05
25 16 6.21886679809e-06
25 17 9.95018687695e-05
25 18 6.21886679809e-06
25 19 5.59698011828e-05
25 20 6.21886679809e-06
25 21 2.48754671924e-05
25 22 0.0
25 23 0.0
25 24 0.0
25 25 6.21886679809e-06
25 26 0.0
25 27 0.0
25 28 0.0
25 29 0.0
25 30 6.21886679809e-06
25 31 6.21886679809e-06
25 32 6.21886679809e-06
25 33 2.48754671924e-05
25 34 6.21886679809e-06
25 35 6.21886679809e-06
25 36 6.21886679809e-06
25 37 2.48754671924e-05
25 38 6.21886679809e-06
25 39 6.21886679809e-06
25 40 6.21886679809e-06
25 41 2.48754671924e-05
25 42 2.48754671924e-05
25 43 2.48754671924e-05
25 44 2.48754671924e-05
25 45 2.48754671924e-05
25 46 2.48754671924e-05
25 47 2.48754671924e-05
25 48 2.48754671924e-05
25 49 2.48754671924e-05
25 50 6.21886679809e-06
25 51 6.21886679809e-06
25 52 6.21886679809e-06
25 53 2.48754671924e-05
25 54 6.21886679809e-06
25 55 6.21886679809e-06
25 56 6.21886679809e-06
25 57 2.48754671924e-05
25 58 2.48754671924e-05
25 59 5.59698011828e-05
25 60 2.48754671924e-05
25 61 2.48754671924e-05
25 62 2.48754671924e-05
25 63 2.48754671924e-05
25 64 2.48754671924e-05
25 65 2.48754671924e-05
25 66 2.48754671924e-05
25 67 2.48754671924e-05
25 68 2.48754671924e-05
25 69 2.48754671924e-05
25 70 2.48754671924e-05
25 71 2.48754671924e-05
25 72 2.48754671924e-05
25 73 2.48754671924e-05
25 74 2.48754671924e-05
25 75 2.48754671924e-05
25 76 2.48754671924e-05
25 77 2.48754671924e-05
25 78 2.48754671924e-05
25 79 2.48754671924e-05
25 80 2.48754671924e-05
25 81 2.48754671924e-05
25 82 2.48754671924e-05
25 83 2.48754671924e-05
25 84 2.48754671924e-05
25 85 2.48754671924e-05
25 86 2.48754671924e-05
25 87 2.48754671924e-05
25 88 2.48754671924e-05
25 89 2.48754671924e-05
25 90 2.48754671924e-05
25 91 2.48754671924e-05
25 92 2.48754671924e-05
25 93 2.48754671924e-05
25 94 2.48754671924e-05
25 95 2.48754671924e-05
25 96 2.48754671924e-05
25 97 5.59698011828e-05
25 98 2.48754671924e-05
25 99 2.48754671924e-05
25 100 6.21886679809e-06
25 101 2.48754671924e-05
25 102 2.48754671924e-05
25 103 2.48754671924e-05
25 104 2.48754671924e-05
25 105 2.48754671924e-05
25 106 2.48754671924e-05
25 107 2.48754671924e-05
25 108 2.48754671924e-05
25 109 2.48754671924e-05
25 110 2.48754671924e-05
25 111 2.48754671924e-05
25 112 2.48754671924e-05
25 113 2.48754671924e-05
25 114 2.48754671924e-05
25 115 2.48754671924e-05
25 116 2.48754671924e-05
25 117 5.59698011828e-05
25 118 2.48754671924e-05
25 119 2.48754671924e-05
25 120 6.21886679809e-06
25 121 2.48754671924e-05
25 122 2.48754671924e-05
25 123 5.59698011828e-05
25 124 2.48754671924e-05
25 125 2.48754671924e-05
25 126 2.48754671924e-05
25 127 2.48754671924e-05
25 128 2.48754671924e-05
25 129 2.48754671924e-05
25 130 2.48754671924e-05
25 131 2.48754671924e-05
25 132 2.48754671924e-05
25 133 5.59698011828e-05
25 134 2.48754671924e-05
25 135 2.48754671924e-05
25 136 6.21886679809e-06
25 137 6.21886679809e-06
25 138 6.21886679809e-06
25 139 2.48754671924e-05
25 140 6.21886679809e-06
25 141 6.21886679809e-06
25 142 6.21886679809e-06
25 143 2.48754671924e-05
25 144 2.48754671924e-05
25 145 5.59698011828e-05
25 146 2.48754671924e-05
25 147 2.48754671924e-05
25 148 6.21886679809e-06
25 149 2.48754671924e-05
25 150 2.48754671924e-05
25 151 2.48754671924e-05
25 152 2.48754671924e-05
25 153 2.48754671924e-05
25 154 2.48754671924e-05
25 155 2.48754671924e-05
25 156 2.48754671924e-05
25 157 2.48754671924e-05
25 158 2.48754671924e-05
25 159 2.48754671924e-05
25 160 2.48754671924e-05
25 161 2.48754671924e-05
25 162 2.48754671924e-05
25 163 2.48754671924e-05
25 164 2.48754671924e-05
25 165 2.48754671924e-05
25 166 2.48754671924e-05
25 167 2.48754671924e-05
25 168 2.48754671924e-05
25 169 2.48754671924e-05
25 170 2.48754671924e-05
25 171 2.48754671924e-05
25 172 2.48754671924e-05
25 173 2.48754671924e-05
25 174 2.48754671924e-05
25 175 2.48754671924e-05
25 176 2.48754671924e-05
25 177 2.48754671924e-05
25 178 2.48754671924e-05
25 179 2.48754671924e-05
25 180 2.48754671924e-05
25 181 2.48754671924e-05
25 182 2.48754671924e-05
25 183 5.59698011828e-05
25 184 2.48754671924e-05
25 185 2.48754671924e-05
25 186 6.21886679809e-06
25 187 2.48754671924e-05
25 188 2.48754671924e-05
25 189 5.59698011828e-05
25 190 2.48754671924e-05
25 191 2.48754671924e-05
25 192 2.48754671924e-05
25 193 2.48754671924e-05
25 194 2.48754671924e-05
25 195 5.59698011828e-05
25 196 2.48754671924e-05
25 197 2.48754671924e-05
25 198 6.21886679809e-06
25 199 2.48754671924e-05
25 200 2.48754671924e-05
25 201 5.59698011828e-05
25 202 2.48754671924e-05
25 203 2.48754671924e-05
25 204 2.48754671924e-05
25 205 2.48754671924e-05
25 206 2.48754671924e-05
25 207 2.48754671924e-05
25 208 2.48754671924e-05
25 209 2.48754671924e-05
25 210 2.48754671924e-05
25 211 5.59698011828e-05
25 212 2.48754671924e-05
25 213 2.48754671924e-05
25 214 6.21886679809e-06
25 215 6.21886679809e-06
25 216 6.21886679809e-06
25 217 2.48754671924e-05
25 218 6.21886679809e-06
25 219 6.21886679809e-06
25 220 6.21886679809e-06
25 221 2.48754671924e-05
25 222 2.48754671924e-05
25 223 2.48754671924e-05
25 224 2.48754671924e-05
25 225 2.48754671924e-05
25 226 2.48754671924e-05
25 227 2.48754671924e-05
25 228 2.48754671924e-05
25 229 2.48754671924e-05
25 230 2.48754671924e-05
25 231 2.48754671924e-05
25 232 2.48754671924e-05
25 233 2.48754671924e-05
25 234 2.48754671924e-05
25 235 2.48754671924e-05
25 236 2.48754671924e-05
25 237 2.48754671924e-05
25 238 2.48754671924e-05
25 239 2.48754671924e-05
25 240 2.48754671924e-05
25 241 2.48754671924e-05
25 242 2.48754671924e-05
25 243 2.48754671924e-05
25 244 2.48754671924e-05
25 245 2.48754671924e-05
25 246 2.48754671924e-05
25 247 2.48754671924e-05
25 248 2.48754671924e-05
25 249 2.48754671924e-05
25 250 2.48754671924e-05
25 251 2.48754671924e-05
25 252 2.48754671924e-05
25 253 2.48754671924e-05
25 254 2.48754671924e-05
25 255 2.48754671924e-05
25 256 2.48754671924e-05
25 257 2.48754671924e-05
25 258 2.48754671924e-05
25 259 2.48754671924e-05
25 260 2.48754671924e-05
25 261 5.59698011828e-05
25 262 2.48754671924e-05
25 263 2.48754671924e-05
25 264 6.21886679809e-06
25 265 6.21886679809e-06
25 266 6.21886679809e-06
25 267 6.21886679809e-06
25 268 6.21886679809e-06
25 269 6.21886679809e-06
25 270 6.21886679809e-06
25 271 2.48754671924e-05
25 272 2.48754671924e-05
25 273 5.59698011828e-05
25 274 2.48754671924e-05
25 275 2.48754671924e-05
25 276 2.48754671924e-05
25 277 2.48754671924e-05
25 278 2.48754671924e-05
25 279 2.48754671924e-05
25 280 2.48754671924e-05
25 281 2.48754671924e-05
25 282 2.48754671924e-05
25 283 2.48754671924e-05
25 284 2.48754671924e-05
25 285 2.48754671924e-05
25 286 2.48754671924e-05
25 287 2.48754671924e-05
25 288 2.48754671924e-05
25 289 2.48754671924e-05
25 290 2.48754671924e-05
25 291 2.48754671924e-05
25 292 2.48754671924e-05
25 293 2.48754671924e-05
25 294 2.48754671924e-05
25 295 2.48754671924e-05
25 296 2.48754671924e-05
25 297 2.48754671924e-05
25 298 2.48754671924e-05
25 299 2.48754671924e-05
25 300 2.48754671924e-05
25 301 2.48754671924e-05
25 302 2.48754671924e-05
25 303 2.48754671924e-05
25 304 2.48754671924e-05
25 305 2.48754671924e-05
25 306 2.48754671924e-05
25 307 2.48754671924e-05
25 308 2.48754671924e-05
25 309 5.59698011828e-05
25 310 2.48754671924e-05
25 311 2.48754671924e-05
25 312 6.21886679809e-06
25 313 2.48754671924e-05
25 314 2.48754671924e-05
25 315 5.59698011828e-05
25 316 2.48754671924e-05
25 317 2.48754671924e-05
25 318 2.48754671924e-05
25 319 2.48754671924e-05
25 320 2.48754671924e-05
25 321 2.48754671924e-05
25 322 2.48754671924e-05
25 323 2.48754671924e-05
25 324 2.48754671924e-05
25 325 2.48754671924e-05
25 326 2.48754671924e-05
25 327 2.48754671924e-05
25 328 2.48754671924e-05
25 329 2.48754671924e-05
25 330 2.48754671924e-05
25 331 2.48754671924e-05
25 332 2.48754671924e-05
25 333 2.48754671924e-05
25 334 2.48754671924e-05
25 335 2.48754671924e-05
25 336 2.48754671924e-05
25 337 2.48754671924e-05
25 338 2.48754671924e-05
25 339 2.48754671924e-05
25 340 2.48754671924e-05
25 341 2.48754671924e-05
25 342 2.48754671924e-05
25 343 2.48754671924e-05
25 344 2.48754671924e-05
25 345 2.48754671924e-05
25 346 2.48754671924e-05
25 347 2.48754671924e-05
25 348 2.48754671924e-05
25 349 2.48754671924e-05
25 350 6.21886679809e-06
25 351 2.48754671924e-05
25 352 2.48754671924e-05
25 353 5.59698011828e-05
25 354 2.48754671924e-05
25 355 2.48754671924e-05
25 356 2.48754671924e-05
25 357 2.48754671924e-05
25 358 2.48754671924e-05
25 359 2.48754671924e-05
25 360 2.48754671924e-05
25 361 2.48754671924e-05
25 362 2.48754671924e-05
25 363 2.48754671924e-05
25 364 2.48754671924e-05
25 365 2.48754671924e-05
25 366 2.48754671924e-05
25 367 2.48754671924e-05
25 368 2.48754671924e-05
25 369 2.48754671924e-05
25 370 2.48754671924e-05
25 371 6.21886679809e-06
25 372 6.21886679809e-06
25 373 2.48754671924e-05
25 374 6.21886679809e-06
25 375 6.21886679809e-06
25 376 0.0
25 377 0.0
25 378 0.0
25 379 6.21886679809e-06
25 380 0.0
25 381 2.48754671924e-05
25 382 6.21886679809e-06
25 383 5.59698011828e-05
25 384 6.21886679809e-06
25 385 2.48754671924e-05
25 386 0.0
25 387 2.48754671924e-05
25 388 0.0
25 389 0.0
25 390 0.0
25 391 0.000223879204731
25 392 0.0
25 393 6.21886679809e-06
25 394 0.0
25 395 5.59698011828e-05
25 396 0.0
25 397 9.95018687695e-05
25 398 0.0
25 399 6.21886679809e-06
25 400 0.0
26 0 0.0
26 1 2.48754671924e-05
26 2 0.0
26 3 2.48754671924e-05
26 4 0.0
26 5 0.000155471669952
26 6 0.0
26 7 0.000223879204731
26 8 0.0
26 9 2.48754671924e-05
26 10 0.0
26 11 0.000503728210645
26 12 0.0
26 13 5.59698011828e-05
26 14 0.0
26 15 2.48754671924e-05
26 16 0.0
26 17 0.000155471669952
26 18 0.0
26 19 2.48754671924e-05
26 20 0.0
26 21 2.48754671924e-05
26 22 0.0
26 23 0.0
26 24 0.0
26 25 6.21886679809e-06
26 26 0.0
26 27 0.0
26 28 0.0
26 29 0.0
26 30 0.0
26 31 0.0
26 32 0.0
26 33 6.21886679809e-06
26 34 0.0
26 35 0.0
26 36 0.0
26 37 6.21886679809e-06
26 38 0.0
26 39 0.0
26 40 0.0
26 41 6.21886679809e-06
26 42 0.0
26 43 6.21886679809e-06
26 44 0.0
26 45 0.0
26 46 0.0
26 47 0.0
26 48 0.0
26 49 0.0
26 50 0.0
26 51 0.0
26 52 0.0
26 53 0.0
26 54 0.0
26 55 0.0
26 56 0.0
26 57 0.0
26 58 0.0
26 59 0.0
26 60 0.0
26 61 0.0
26 62 0.0
26 63 0.0
26 64 0.0
26 65 0.0
26 66 0.0
26 67 0.0
26 68 0.0
26 69 0.0
26 70 0.0
26 71 0.0
26 72 0.0
26 73 0.0
26 74 0.0
26 75 0.0
26 76 0.0
26 77 0.0
26 78 0.0
26 79 0.0
26 80 0.0
26 81 0.0
26 82 0.0
26 83 0.0
26 84 0.0
26 85 0.0
26 86 0.0
26 87 0.0
26 88 0.0
26 89 0.0
26 90 0.0
26 91 0.0
26 92 0.0
26 93 0.0
26 94 0.0
26 95 0.0
26 96 0.0
26 97 0.0
26 98 0.0
26 99 0.0
26 100 0.0
26 101 0.0
26 102 0.0
26 103 0.0
26 104 0.0
26 105 0.0
26 106 0.0
26 107 0.0
26 108 0.0
26 109 0.0
26 110 0.0
26 111 0.0
26 112 0.0
26 113 0.0
26 114 0.0
26 115 0.0
26 116 0.0
26 117 0.0
26 118 0.0
26 119 0.0
26 120 0.0
26 121 0.0
26 122 0.0
26 123 0.0
26 124 0.0
26 125 0.0
26 126 0.0
26 127 0.0
26 128 0.0
26 129 0.0
26 130 0.0
26 131 0.0
26 132 0.0
26 133 0.0
26 134 0.0
26 135 0.0
26 136 0.0
26 137 0.0
26 138 0.0
26 139 0.0
26 140 0.0
26 141 0.0
26 142 0.0
26 143 0.0
26 144 0.0
26 145 0.0
26 146 0.0
26 147 0.0
26 148 0.0
26 149 0.0
26 150 0.0
26 151 0.0
26 152 0.0
26 153 0.0
26 154 0.0
26 155 0.0
26 156 0.0
26 157 0.0
26 158 0.0
26 159 0.0
26 160 0.0
26 161 0.0
26 162 0.0
26 163 0.0
26 164 0.0
26 165 0.0
26 166 0.0
26 167 0.0
26 168 0.0
26 169 0.0
26 170 0.0
26 171 0.0
26 172 0.0
26 173 0.0
26 174 0.0
26 175 0.0
26 176 0.0
26 177 0.0
26 178 0.0
26 179 0.0
26 180 0.0
26 181 0.0
26 182 0.0
26 183 0.0
26 184 0.0
26 185 0.0
26 186 0.0
26 187 0.0
26 188 0.0
26 189 0.0
26 190 0.0
26 191 0.0
26 192 0.0
26 193 0.0
26 194 0.0
26 195 0.0
26 196 0.0
26 197 0.0
26 198 0.0
26 199 0.0
26 200 0.0
26 201 0.0
26 202 0.0
26 203 0.0
26 204 0.0
26 205 0.0
26 206 0.0
26 207 0.0
26 208 0.0
26 209 0.0
26 210 0.0
26 211 0.0
26 212 0.0
26 213 0.0
26 214 0.0
26 215 0.0
26 216 0.0
26 217 0.0
26 218 0.0
26 219 0.0
26 220 0.0
26 221 0.0
26 222 0.0
26 223 0.0
26 224 0.0
26 225 0.0
26 226 0.0
26 227 0.0
26 228 0.0
26 229 0.0
26 230 0.0
26 231 0.0
26 232 0.0
26 233 0.0
26 234 0.0
26 235 0.0
26 236 0.0
26 237 0.0
26 238 0.0
26 239 0.0
26 240 0.0
26 241 0.0
26 242 0.0
26 243 0.0
26 244 0.0
26 245 0.0
26 246 0.0
26 247 0.0
26 248 0.0
26 249 0.0
26 250 0.0
26 251 0.0
26 252 0.0
26 253 0.0
26 254 0.0
26 255 0.0
26 256 0.0
26 257 0.0
26 258 0.0
26 259 0.0
26 260 0.0
26 261 0.0
26 262 0.0
26 263 0.0
26 264 0.0
26 265 0.0
26 266 0.0
26 267 0.0
26 268 0.0
26 269 0.0
26 270 0.0
26 271 0.0
26 272 0.0
26 273 0.0
26 274 0.0
26 275 0.0
26 276 0.0
26 277 0.0
26 278 0.0
26 279 0.0
26 280 0.0
26 281 0.0
26 282 0.0
26 283 0.0
26 284 0.0
26 285 0.0
26 286 0.0
26 287 0.0
26 288 0.0
26 289 0.0
26 290 0.0
26 291 0.0
26 292 0.0
26 293 0.0
26 294 0.0
26 295 0.0
26 296 0.0
26 297 0.0
26 298 0.0
26 299 0.0
26 300 0.0
26 301 0.0
26 302 0.0
26 303 0.0
26 304 0.0
26 305 0.0
26 306 0.0
26 307 0.0
26 308 0.0
26 309 0.0
26 310 0.0
26 311 0.0
26 312 0.0
26 313 0.0
26 314 0.0
26 315 0.0
26 316 0.0
26 317 0.0
26 318 0.0
26 319 0.0
26 320 0.0
26 321 0.0
26 322 0.0
26 323 0.0
26 324 0.0
26 325 0.0
26 326 0.0
26 327 0.0
26 328 0.0
26 329 0.0
26 330 0.0
26 331 0.0
26 332 0.0
26 333 0.0
26 334 0.0
26 335 0.0
26 336 0.0
26 337 0.0
26 338 0.0
26 339 0.0
26 340 0.0
26 341 0.0
26 342 0.0
26 343 0.0
26 344 0.0
26 345 0.0
26 346 0.0
26 347 0.0
26 348 0.0
26 349 0.0
26 350 0.0
26 351 0.0
26 352 0.0
26 353 0.0
26 354 0.0
26 355 0.0
26 356 0.0
26 357 0.0
26 358 0.0
26 359 0.0
26 360 0.0
26 361 0.0
26 362 0.0
26 363 0.0
26 364 0.0
26 365 0.0
26 366 0.0
26 367 0.0
26 368 0.0
26 369 0.0
26 370 0.0
26 371 0.0
26 372 0.0
26 373 0.0
26 374 0.0
26 375 6.21886679809e-06
26 376 0.0
26 377 0.0
26 378 0.0
26 379 6.21886679809e-06
26 380 0.0
26 381 5.59698011828e-05
26 382 0.0
26 383 5.59698011828e-05
26 384 0.0
26 385 2.48754671924e-05
26 386 0.0
26 387 2.48754671924e-05
26 388 0.0
26 389 0.0
26 390 0.0
26 391 0.000223879204731
26 392 0.0
26 393 6.21886679809e-06
26 394 0.0
26 395 5.59698011828e-05
26 396 0.0
26 397 9.95018687695e-05
26 398 0.0
26 399 6.21886679809e-06
26 400 0.0
27 0 0.0
27 1 5.59698011828e-05
27 2 6.21886679809e-06
27 3 2.48754671924e-05
27 4 0.0
27 5 0.000155471669952
27 6 6.21886679809e-06
27 7 0.000223879204731
27 8 6.21886679809e-06
27 9 5.59698011828e-05
27 10 0.0
27 11 0.000503728210645
27 12 0.0
27 13 5.59698011828e-05
27 14 0.0
27 15 2.48754671924e-05
27 16 0.0
27 17 0.000155471669952
27 18 0.0
27 19 2.48754671924e-05
27 20 0.0
27 21 2.48754671924e-05
27 22 0.0
27 23 0.0
27 24 0.0
27 25 6.21886679809e-06
27 26 0.0
27 27 0.0
27 28 6.21886679809e-06
27 29 0.0
27 30 0.0
27 31 0.0
27 32 0.0
27 33 0.0
27 34 0.0
27 35 0.0
27 36 6.21886679809e-06
27 37 0.0
27 38 6.21886679809e-06
27 39 6.21886679809e-06
27 40 6.21886679809e-06
27 41 6.21886679809e-06
27 42 2.48754671924e-05
27 43 5.59698011828e-05
27 44 5.59698011828e-05
27 45 5.59698011828e-05
27 46 5.59698011828e-05
27 47 5.59698011828e-05
27 48 5.59698011828e-05
27 49 2.48754671924e-05
27 50 2.48754671924e-05
27 51 6.21886679809e-06
27 52 2.48754671924e-05
27 53 2.48754671924e-05
27 54 2.48754671924e-05
27 55 6.21886679809e-06
27 56 2.48754671924e-05
27 57 2.48754671924e-05
27 58 5.59698011828e-05
27 59 5.59698011828e-05
27 60 5.59698011828e-05
27 61 5.59698011828e-05
27 62 5.59698011828e-05
27 63 5.59698011828e-05
27 64 5.59698011828e-05
27 65 5.59698011828e-05
27 66 5.59698011828e-05
27 67 5.59698011828e-05
27 68 5.59698011828e-05
27 69 5.59698011828e-05
27 70 5.59698011828e-05
27 71 5.59698011828e-05
27 72 5.59698011828e-05
27 73 5.59698011828e-05
27 74 5.59698011828e-05
27 75 5.59698011828e-05
27 76 5.59698011828e-05
27 77 5.59698011828e-05
27 78 5.59698011828e-05
27 79 5.59698011828e-05
27 80 5.59698011828e-05
27 81 5.59698011828e-05
27 82 5.59698011828e-05
27 83 5.59698011828e-05
27 84 5.59698011828e-05
27 85 5.59698011828e-05
27 86 5.59698011828e-05
27 87 5.59698011828e-05
27 88 5.59698011828e-05
27 89 5.59698011828e-05
27 90 5.59698011828e-05
27 91 5.59698011828e-05
27 92 5.59698011828e-05
27 93 5.59698011828e-05
27 94 5.59698011828e-05
27 95 5.59698011828e-05
27 96 5.59698011828e-05
27 97 5.59698011828e-05
27 98 5.59698011828e-05
27 99 2.48754671924e-05
27 100 2.48754671924e-05
27 101 6.21886679809e-06
27 102 2.48754671924e-05
27 103 2.48754671924e-05
27 104 2.48754671924e-05
27 105 6.21886679809e-06
27 106 2.48754671924e-05
27 107 2.48754671924e-05
27 108 5.59698011828e-05
27 109 2.48754671924e-05
27 110 5.59698011828e-05
27 111 5.59698011828e-05
27 112 5.59698011828e-05
27 113 2.48754671924e-05
27 114 2.48754671924e-05
27 115 2.48754671924e-05
27 116 2.48754671924e-05
27 117 2.48754671924e-05
27 118 2.48754671924e-05
27 119 2.48754671924e-05
27 120 2.48754671924e-05
27 121 2.48754671924e-05
27 122 5.59698011828e-05
27 123 5.59698011828e-05
27 124 5.59698011828e-05
27 125 2.48754671924e-05
27 126 5.59698011828e-05
27 127 5.59698011828e-05
27 128 5.59698011828e-05
27 129 5.59698011828e-05
27 130 5.59698011828e-05
27 131 5.59698011828e-05
27 132 5.59698011828e-05
27 133 5.59698011828e-05
27 134 5.59698011828e-05
27 135 2.48754671924e-05
27 136 2.48754671924e-05
27 137 6.21886679809e-06
27 138 2.48754671924e-05
27 139 2.48754671924e-05
27 140 2.48754671924e-05
27 141 2.48754671924e-05
27 142 2.48754671924e-05
27 143 2.48754671924e-05
27 144 2.48754671924e-05
27 145 2.48754671924e-05
27 146 2.48754671924e-05
27 147 6.21886679809e-06
27 148 2.48754671924e-05
27 149 2.48754671924e-05
27 150 5.59698011828e-05
27 151 2.48754671924e-05
27 152 5.59698011828e-05
27 153 5.59698011828e-05
27 154 5.59698011828e-05
27 155 2.48754671924e-05
27 156 2.48754671924e-05
27 157 2.48754671924e-05
27 158 2.48754671924e-05
27 159 2.48754671924e-05
27 160 2.48754671924e-05
27 161 2.48754671924e-05
27 162 2.48754671924e-05
27 163 2.48754671924e-05
27 164 2.48754671924e-05
27 165 2.48754671924e-05
27 166 2.48754671924e-05
27 167 2.48754671924e-05
27 168 2.48754671924e-05
27 169 6.21886679809e-06
27 170 2.48754671924e-05
27 171 2.48754671924e-05
27 172 5.59698011828e-05
27 173 5.59698011828e-05
27 174 5.59698011828e-05
27 175 5.59698011828e-05
27 176 5.59698011828e-05
27 177 5.59698011828e-05
27 178 5.59698011828e-05
27 179 5.59698011828e-05
27 180 5.59698011828e-05
27 181 2.48754671924e-05
27 182 5.59698011828e-05
27 183 5.59698011828e-05
27 184 5.59698011828e-05
27 185 2.48754671924e-05
27 186 2.48754671924e-05
27 187 2.48754671924e-05
27 188 2.48754671924e-05
27 189 2.48754671924e-05
27 190 2.48754671924e-05
27 191 2.48754671924e-05
27 192 2.48754671924e-05
27 193 2.48754671924e-05
27 194 2.48754671924e-05
27 195 2.48754671924e-05
27 196 2.48754671924e-05
27 197 2.48754671924e-05
27 198 2.48754671924e-05
27 199 2.48754671924e-05
27 200 5.59698011828e-05
27 201 5.59698011828e-05
27 202 5.59698011828e-05
27 203 2.48754671924e-05
27 204 5.59698011828e-05
27 205 5.59698011828e-05
27 206 5.59698011828e-05
27 207 5.59698011828e-05
27 208 5.59698011828e-05
27 209 5.59698011828e-05
27 210 5.59698011828e-05
27 211 5.59698011828e-05
27 212 5.59698011828e-05
27 213 2.48754671924e-05
27 214 2.48754671924e-05
27 215 6.21886679809e-06
27 216 2.48754671924e-05
27 217 2.48754671924e-05
27 218 2.48754671924e-05
27 219 2.48754671924e-05
27 220 2.48754671924e-05
27 221 2.48754671924e-05
27 222 2.48754671924e-05
27 223 2.48754671924e-05
27 224 2.48754671924e-05
27 225 6.21886679809e-06
27 226 2.48754671924e-05
27 227 2.48754671924e-05
27 228 5.59698011828e-05
27 229 5.59698011828e-05
27 230 5.59698011828e-05
27 231 5.59698011828e-05
27 232 5.59698011828e-05
27 233 5.59698011828e-05
27 234 5.59698011828e-05
27 235 5.59698011828e-05
27 236 5.59698011828e-05
27 237 5.59698011828e-05
27 238 5.59698011828e-05
27 239 5.59698011828e-05
27 240 5.59698011828e-05
27 241 5.59698011828e-05
27 242 5.59698011828e-05
27 243 5.59698011828e-05
27 244 5.59698011828e-05
27 245 5.59698011828e-05
27 246 5.59698011828e-05
27 247 5.59698011828e-05
27 248 5.59698011828e-05
27 249 5.59698011828e-05
27 250 5.59698011828e-05
27 251 5.59698011828e-05
27 252 5.59698011828e-05
27 253 5.59698011828e-05
27 254 5.59698011828e-05
27 255 5.59698011828e-05
27 256 5.59698011828e-05
27 257 5.59698011828e-05
27 258 5.59698011828e-05
27 259 2.48754671924e-05
27 260 5.59698011828e-05
27 261 5.59698011828e-05
27 262 5.59698011828e-05
27 263 2.48754671924e-05
27 264 2.48754671924e-05
27 265 2.48754671924e-05
27 266 2.48754671924e-05
27 267 2.48754671924e-05
27 268 2.48754671924e-05
27 269 2.48754671924e-05
27 270 2.48754671924e-05
27 271 2.48754671924e-05
27 272 5.59698011828e-05
27 273 5.59698011828e-05
27 274 5.59698011828e-05
27 275 2.48754671924e-05
27 276 5.59698011828e-05
27 277 5.59698011828e-05
27 278 5.59698011828e-05
27 279 5.59698011828e-05
27 280 5.59698011828e-05
27 281 5.59698011828e-05
27 282 5.59698011828e-05
27 283 5.59698011828e-05
27 284 5.59698011828e-05
27 285 2.48754671924e-05
27 286 2.48754671924e-05
27 287 6.21886679809e-06
27 288 2.48754671924e-05
27 289 2.48754671924e-05
27 290 2.48754671924e-05
27 291 6.21886679809e-06
27 292 2.48754671924e-05
27 293 2.48754671924e-05
27 294 5.59698011828e-05
27 295 5.59698011828e-05
27 296 5.59698011828e-05
27 297 5.59698011828e-05
27 298 5.59698011828e-05
27 299 5.59698011828e-05
27 300 5.59698011828e-05
27 301 2.48754671924e-05
27 302 5.59698011828e-05
27 303 5.59698011828e-05
27 304 5.59698011828e-05
27 305 2.48754671924e-05
27 306 2.48754671924e-05
27 307 2.48754671924e-05
27 308 2.48754671924e-05
27 309 2.48754671924e-05
27 310 2.48754671924e-05
27 311 2.48754671924e-05
27 312 2.48754671924e-05
27 313 2.48754671924e-05
27 314 5.59698011828e-05
27 315 5.59698011828e-05
27 316 5.59698011828e-05
27 317 2.48754671924e-05
27 318 5.59698011828e-05
27 319 5.59698011828e-05
27 320 5.59698011828e-05
27 321 5.59698011828e-05
27 322 5.59698011828e-05
27 323 5.59698011828e-05
27 324 5.59698011828e-05
27 325 5.59698011828e-05
27 326 5.59698011828e-05
27 327 2.48754671924e-05
27 328 2.48754671924e-05
27 329 6.21886679809e-06
27 330 2.48754671924e-05
27 331 2.48754671924e-05
27 332 2.48754671924e-05
27 333 6.21886679809e-06
27 334 2.48754671924e-05
27 335 2.48754671924e-05
27 336 5.59698011828e-05
27 337 5.59698011828e-05
27 338 5.59698011828e-05
27 339 5.59698011828e-05
27 340 5.59698011828e-05
27 341 5.59698011828e-05
27 342 5.59698011828e-05
27 343 5.59698011828e-05
27 344 5.59698011828e-05
27 345 5.59698011828e-05
27 346 5.59698011828e-05
27 347 5.59698011828e-05
27 348 5.59698011828e-05
27 349 2.48754671924e-05
27 350 2.48754671924e-05
27 351 6.21886679809e-06
27 352 2.48754671924e-05
27 353 2.48754671924e-05
27 354 2.48754671924e-05
27 355 2.48754671924e-05
27 356 2.48754671924e-05
27 357 2.48754671924e-05
27 358 2.48754671924e-05
27 359 2.48754671924e-05
27 360 2.48754671924e-05
27 361 2.48754671924e-05
27 362 2.48754671924e-05
27 363 2.48754671924e-05
27 364 2.48754671924e-05
27 365 2.48754671924e-05
27 366 2.48754671924e-05
27 367 6.21886679809e-06
27 368 2.48754671924e-05
27 369 2.48754671924e-05
27 370 2.48754671924e-05
27 371 6.21886679809e-06
27 372 0.0
27 373 0.0
27 374 6.21886679809e-06
27 375 0.0
27 376 0.0
27 377 6.21886679809e-06
27 378 6.21886679809e-06
27 379 0.0
27 380 6.21886679809e-06
27 381 2.48754671924e-05
27 382 6.21886679809e-06
27 383 5.59698011828e-05
27 384 6.21886679809e-06
27 385 2.48754671924e-05
27 386 0.0
27 387 2.48754671924e-05
27 388 0.0
27 389 0.0
27 390 0.0
27 391 0.000155471669952
27 392 6.21886679809e-06
27 393 6.21886679809e-06
27 394 0.0
27 395 9.95018687695e-05
27 396 6.21886679809e-06
27 397 5.59698011828e-05
27 398 6.21886679809e-06
27 399 2.48754671924e-05
27 400 0.0
28 0 0.0
28 1 5.59698011828e-05
28 2 0.0
28 3 6.21886679809e-06
28 4 0.0
28 5 0.000223879204731
28 6 0.0
28 7 0.000223879204731
28 8 0.0
28 9 2.48754671924e-05
28 10 0.0
28 11 0.000503728210645
28 12 0.0
28 13 5.59698011828e-05
28 14 0.0
28 15 2.48754671924e-05
28 16 0.0
28 17 0.000155471669952
28 18 0.0
28 19 6.21886679809e-06
28 20 0.0
28 21 6.21886679809e-06
28 22 0.0
28 23 0.0
28 24 0.0
28 25 6.21886679809e-06
28 26 0.0
28 27 0.0
28 28 0.0
28 29 6.21886679809e-06
28 30 0.0
28 31 0.0
28 32 0.0
28 33 0.0
28 34 0.0
28 35 6.21886679809e-06
28 36 0.0
28 37 0.0
28 38 0.0
28 39 6.21886679809e-06
28 40 0.0
28 41 6.21886679809e-06
28 42 0.0
28 43 0.0
28 44 0.0
28 45 0.0
28 46 0.0
28 47 0.0
28 48 0.0
28 49 2.48754671924e-05
28 50 0.0
28 51 6.21886679809e-06
28 52 0.0
28 53 0.0
28 54 0.0
28 55 6.21886679809e-06
28 56 0.0
28 57 2.48754671924e-05
28 58 0.0
28 59 0.0
28 60 0.0
28 61 0.0
28 62 0.0
28 63 0.0
28 64 0.0
28 65 0.0
28 66 0.0
28 67 0.0
28 68 0.0
28 69 0.0
28 70 0.0
28 71 0.0
28 72 0.0
28 73 0.0
28 74 0.0
28 75 0.0
28 76 0.0
28 77 0.0
28 78 0.0
28 79 0.0
28 80 0.0
28 81 0.0
28 82 0.0
28 83 0.0
28 84 0.0
28 85 0.0
28 86 0.0
28 87 0.0
28 88 0.0
28 89 0.0
28 90 0.0
28 91 0.0
28 92 0.0
28 93 0.0
28 94 0.0
28 95 0.0
28 96 0.0
28 97 0.0
28 98 0.0
28 99 6.21886679809e-06
28 100 0.0
28 101 6.21886679809e-06
28 102 0.0
28 103 0.0
28 104 0.0
28 105 6.21886679809e-06
28 106 0.0
28 107 6.21886679809e-06
28 108 0.0
28 109 6.21886679809e-06
28 110 0.0
28 111 0.0
28 112 0.0
28 113 6.21886679809e-06
28 114 0.0
28 115 6.21886679809e-06
28 116 0.0
28 117 0.0
28 118 0.0
28 119 6.21886679809e-06
28 120 0.0
28 121 0.0
28 122 0.0
28 123 0.0
28 124 0.0
28 125 6.21886679809e-06
28 126 0.0
28 127 0.0
28 128 0.0
28 129 0.0
28 130 0.0
28 131 0.0
28 132 0.0
28 133 0.0
28 134 0.0
28 135 0.0
28 136 0.0
28 137 6.21886679809e-06
28 138 0.0
28 139 0.0
28 140 0.0
28 141 6.21886679809e-06
28 142 0.0
28 143 6.21886679809e-06
28 144 0.0
28 145 0.0
28 146 0.0
28 147 6.21886679809e-06
28 148 0.0
28 149 6.21886679809e-06
28 150 0.0
28 151 6.21886679809e-06
28 152 0.0
28 153 0.0
28 154 0.0
28 155 6.21886679809e-06
28 156 0.0
28 157 6.21886679809e-06
28 158 0.0
28 159 0.0
28 160 0.0
28 161 0.0
28 162 0.0
28 163 0.0
28 164 0.0
28 165 0.0
28 166 0.0
28 167 0.0
28 168 0.0
28 169 6.21886679809e-06
28 170 0.0
28 171 6.21886679809e-06
28 172 0.0
28 173 0.0
28 174 0.0
28 175 0.0
28 176 0.0
28 177 0.0
28 178 0.0
28 179 0.0
28 180 0.0
28 181 6.21886679809e-06
28 182 0.0
28 183 0.0
28 184 0.0
28 185 0.0
28 186 0.0
28 187 6.21886679809e-06
28 188 0.0
28 189 0.0
28 190 0.0
28 191 6.21886679809e-06
28 192 0.0
28 193 6.21886679809e-06
28 194 0.0
28 195 0.0
28 196 0.0
28 197 6.21886679809e-06
28 198 0.0
28 199 0.0
28 200 0.0
28 201 0.0
28 202 0.0
28 203 6.21886679809e-06
28 204 0.0
28 205 0.0
28 206 0.0
28 207 0.0
28 208 0.0
28 209 0.0
28 210 0.0
28 211 0.0
28 212 0.0
28 213 0.0
28 214 0.0
28 215 6.21886679809e-06
28 216 0.0
28 217 0.0
28 218 0.0
28 219 6.21886679809e-06
28 220 0.0
28 221 6.21886679809e-06
28 222 0.0
28 223 0.0
28 224 0.0
28 225 6.21886679809e-06
28 226 0.0
28 227 0.0
28 228 0.0
28 229 0.0
28 230 0.0
28 231 0.0
28 232 0.0
28 233 0.0
28 234 0.0
28 235 0.0
28 236 0.0
28 237 0.0
28 238 0.0
28 239 0.0
28 240 0.0
28 241 0.0
28 242 0.0
28 243 0.0
28 244 0.0
28 245 0.0
28 246 0.0
28 247 0.0
28 248 0.0
28 249 0.0
28 250 0.0
28 251 0.0
28 252 0.0
28 253 0.0
28 254 0.0
28 255 0.0
28 256 0.0
28 257 0.0
28 258 0.0
28 259 6.21886679809e-06
28 260 0.0
28 261 0.0
28 262 0.0
28 263 0.0
28 264 0.0
28 265 0.0
28 266 0.0
28 267 0.0
28 268 0.0
28 269 0.0
28 270 0.0
28 271 6.21886679809e-06
28 272 0.0
28 273 0.0
28 274 0.0
28 275 6.21886679809e-06
28 276 0.0
28 277 0.0
28 278 0.0
28 279 0.0
28 280 0.0
28 281 0.0
28 282 0.0
28 283 0.0
28 284 0.0
28 285 0.0
28 286 0.0
28 287 6.21886679809e-06
28 288 0.0
28 289 0.0
28 290 0.0
28 291 0.0
28 292 0.0
28 293 6.21886679809e-06
28 294 0.0
28 295 0.0
28 296 0.0
28 297 0.0
28 298 0.0
28 299 0.0
28 300 0.0
28 301 6.21886679809e-06
28 302 0.0
28 303 0.0
28 304 0.0
28 305 6.21886679809e-06
28 306 0.0
28 307 0.0
28 308 0.0
28 309 0.0
28 310 0.0
28 311 6.21886679809e-06
28 312 0.0
28 313 0.0
28 314 0.0
28 315 0.0
28 316 0.0
28 317 6.21886679809e-06
28 318 0.0
28 319 0.0
28 320 0.0
28 321 0.0
28 322 0.0
28 323 0.0
28 324 0.0
28 325 0.0
28 326 0.0
28 327 6.21886679809e-06
28 328 0.0
28 329 6.21886679809e-06
28 330 0.0
28 331 0.0
28 332 0.0
28 333 6.21886679809e-06
28 334 0.0
28 335 6.21886679809e-06
28 336 0.0
28 337 0.0
28 338 0.0
28 339 0.0
28 340 0.0
28 341 0.0
28 342 0.0
28 343 0.0
28 344 0.0
28 345 0.0
28 346 0.0
28 347 0.0
28 348 0.0
28 349 6.21886679809e-06
28 350 0.0
28 351 6.21886679809e-06
28 352 0.0
28 353 0.0
28 354 0.0
28 355 0.0
28 356 0.0
28 357 0.0
28 358 0.0
28 359 0.0
28 360 0.0
28 361 0.0
28 362 0.0
28 363 0.0
28 364 0.0
28 365 2.48754671924e-05
28 366 0.0
28 367 0.0
28 368 0.0
28 369 6.21886679809e-06
28 370 0.0
28 371 0.0
28 372 0.0
28 373 6.21886679809e-06
28 374 0.0
28 375 6.21886679809e-06
28 376 0.0
28 377 2.48754671924e-05
28 378 0.0
28 379 0.0
28 380 0.0
28 381 5.59698011828e-05
28 382 0.0
28 383 2.48754671924e-05
28 384 0.0
28 385 2.48754671924e-05
28 386 0.0
28 387 2.48754671924e-05
28 388 0.0
28 389 0.0
28 390 0.0
28 391 9.95018687695e-05
28 392 0.0
28 393 5.59698011828e-05
28 394 0.0
28 395 6.21886679809e-06
28 396 0.0
28 397 2.48754671924e-05
28 398 0.0
28 399 2.48754671924e-05
28 400 0.0
29 0 6.21886679809e-06
29 1 5.59698011828e-05
29 2 0.0
29 3 6.21886679809e-06
29 4 6.21886679809e-06
29 5 0.000155471669952
29 6 0.0
29 7 0.000223879204731
29 8 6.21886679809e-06
29 9 5.59698011828e-05
29 10 0.0
29 11 0.000398007475078
29 12 0.0
29 13 2.48754671924e-05
29 14 0.0
29 15 5.59698011828e-05
29 16 6.21886679809e-06
29 17 9.95018687695e-05
29 18 6.21886679809e-06
29 19 2.48754671924e-05
29 20 6.21886679809e-06
29 21 6.21886679809e-06
29 22 0.0
29 23 0.0
29 24 0.0
29 25 6.21886679809e-06
29 26 0.0
29 27 0.0
29 28 0.0
29 29 2.48754671924e-05
29 30 6.21886679809e-06
29 31 2.48754671924e-05
29 32 2.48754671924e-05
29 33 9.95018687695e-05
29 34 9.95018687695e-05
29 35 0.000155471669952
29 36 9.95018687695e-05
29 37 0.000155471669952
29 38 0.000155471669952
29 39 0.000304724473107
29 40 0.000223879204731
29 41 0.000155471669952
29 42 0.000223879204731
29 43 0.000304724473107
29 44 0.000304724473107
29 45 0.000398007475078
29 46 0.000304724473107
29 47 0.000304724473107
29 48 0.000304724473107
29 49 0.000398007475078
29 50 0.000155471669952
29 51 0.000223879204731
29 52 0.000155471669952
29 53 0.000155471669952
29 54 0.000155471669952
29 55 0.000223879204731
29 56 0.000155471669952
29 57 0.000398007475078
29 58 0.000304724473107
29 59 0.000304724473107
29 60 0.000304724473107
29 61 0.000304724473107
29 62 0.000304724473107
29 63 0.000304724473107
29 64 0.000304724473107
29 65 0.000304724473107
29 66 0.000304724473107
29 67 0.000304724473107
29 68 0.000304724473107
29 69 0.000304724473107
29 70 0.000304724473107
29 71 0.000304724473107
29 72 0.000304724473107
29 73 0.000304724473107
29 74 0.000304724473107
29 75 0.000304724473107
29 76 0.000304724473107
29 77 0.000304724473107
29 78 0.000304724473107
29 79 0.000304724473107
29 80 0.000304724473107
29 81 0.000304724473107
29 82 0.000304724473107
29 83 0.000304724473107
29 84 0.000304724473107
29 85 0.000304724473107
29 86 0.000304724473107
29 87 0.000304724473107
29 88 0.000304724473107
29 89 0.000304724473107
29 90 0.000304724473107
29 91 0.000304724473107
29 92 0.000304724473107
29 93 0.000304724473107
29 94 0.000304724473107
29 95 0.000304724473107
29 96 0.000304724473107
29 97 0.000304724473107
29 98 0.000304724473107
29 99 0.000398007475078
29 100 0.000304724473107
29 101 0.000398007475078
29 102 0.000304724473107
29 103 0.000304724473107
29 104 0.000304724473107
29 105 0.000398007475078
29 106 0.000304724473107
29 107 0.000398007475078
29 108 0.000304724473107
29 109 0.000398007475078
29 110 0.000304724473107
29 111 0.000304724473107
29 112 0.000304724473107
29 113 0.000398007475078
29 114 0.000304724473107
29 115 0.000304724473107
29 116 0.000304724473107
29 117 0.000304724473107
29 118 0.000304724473107
29 119 0.000304724473107
29 120 0.000304724473107
29 121 0.000398007475078
29 122 0.000304724473107
29 123 0.000304724473107
29 124 0.000304724473107
29 125 0.000398007475078
29 126 0.000304724473107
29 127 0.000304724473107
29 128 0.000304724473107
29 129 0.000304724473107
29 130 0.000304724473107
29 131 0.000304724473107
29 132 0.000304724473107
29 133 0.000304724473107
29 134 0.000304724473107
29 135 0.000304724473107
29 136 0.000155471669952
29 137 0.000223879204731
29 138 0.000155471669952
29 139 0.000155471669952
29 140 0.000155471669952
29 141 0.000155471669952
29 142 0.000223879204731
29 143 0.000304724473107
29 144 0.000304724473107
29 145 0.000304724473107
29 146 0.000304724473107
29 147 0.000398007475078
29 148 0.000304724473107
29 149 0.000304724473107
29 150 0.000304724473107
29 151 0.000398007475078
29 152 0.000304724473107
29 153 0.000304724473107
29 154 0.000304724473107
29 155 0.000398007475078
29 156 0.000398007475078
29 157 0.000304724473107
29 158 0.000304724473107
29 159 0.000304724473107
29 160 0.000304724473107
29 161 0.000304724473107
29 162 0.000304724473107
29 163 0.000304724473107
29 164 0.000304724473107
29 165 0.000304724473107
29 166 0.000304724473107
29 167 0.000304724473107
29 168 0.000304724473107
29 169 0.000398007475078
29 170 0.000304724473107
29 171 0.000398007475078
29 172 0.000304724473107
29 173 0.000304724473107
29 174 0.000304724473107
29 175 0.000304724473107
29 176 0.000304724473107
29 177 0.000304724473107
29 178 0.000304724473107
29 179 0.000304724473107
29 180 0.000304724473107
29 181 0.000398007475078
29 182 0.000304724473107
29 183 0.000304724473107
29 184 0.000304724473107
29 185 0.000304724473107
29 186 0.000304724473107
29 187 0.000304724473107
29 188 0.000304724473107
29 189 0.000304724473107
29 190 0.000304724473107
29 191 0.000304724473107
29 192 0.000304724473107
29 193 0.000304724473107
29 194 0.000304724473107
29 195 0.000304724473107
29 196 0.000304724473107
29 197 0.000304724473107
29 198 0.000304724473107
29 199 0.000398007475078
29 200 0.000304724473107
29 201 0.000304724473107
29 202 0.000304724473107
29 203 0.000398007475078
29 204 0.000304724473107
29 205 0.000304724473107
29 206 0.000304724473107
29 207 0.000304724473107
29 208 0.000304724473107
29 209 0.000304724473107
29 210 0.000304724473107
29 211 0.000304724473107
29 212 0.000304724473107
29 213 0.000398007475078
29 214 0.000155471669952
29 215 0.000223879204731
29 216 0.000155471669952
29 217 0.000155471669952
29 218 0.000155471669952
29 219 0.000155471669952
29 220 0.000155471669952
29 221 0.000304724473107
29 222 0.000304724473107
29 223 0.000304724473107
29 224 0.000304724473107
29 225 0.000398007475078
29 226 0.000304724473107
29 227 0.000304724473107
29 228 0.000304724473107
29 229 0.000304724473107
29 230 0.000304724473107
29 231 0.000304724473107
29 232 0.000304724473107
29 233 0.000304724473107
29 234 0.000304724473107
29 235 0.000304724473107
29 236 0.000304724473107
29 237 0.000304724473107
29 238 0.000304724473107
29 239 0.000304724473107
29 240 0.000304724473107
29 241 0.000304724473107
29 242 0.000304724473107
29 243 0.000304724473107
29 244 0.000304724473107
29 245 0.000304724473107
29 246 0.000304724473107
29 247 0.000304724473107
29 248 0.000304724473107
29 249 0.000304724473107
29 250 0.000304724473107
29 251 0.000304724473107
29 252 0.000304724473107
29 253 0.000304724473107
29 254 0.000304724473107
29 255 0.000304724473107
29 256 0.000304724473107
29 257 0.000304724473107
29 258 0.000304724473107
29 259 0.000398007475078
29 260 0.000304724473107
29 261 0.000304724473107
29 262 0.000304724473107
29 263 0.000398007475078
29 264 0.000155471669952
29 265 0.000155471669952
29 266 0.000155471669952
29 267 0.000155471669952
29 268 0.000155471669952
29 269 0.000155471669952
29 270 0.000223879204731
29 271 0.000398007475078
29 272 0.000304724473107
29 273 0.000304724473107
29 274 0.000304724473107
29 275 0.000398007475078
29 276 0.000304724473107
29 277 0.000304724473107
29 278 0.000304724473107
29 279 0.000304724473107
29 280 0.000304724473107
29 281 0.000304724473107
29 282 0.000304724473107
29 283 0.000304724473107
29 284 0.000304724473107
29 285 0.000304724473107
29 286 0.000304724473107
29 287 0.000398007475078
29 288 0.000304724473107
29 289 0.000304724473107
29 290 0.000304724473107
29 291 0.000398007475078
29 292 0.000398007475078
29 293 0.000398007475078
29 294 0.000304724473107
29 295 0.000304724473107
29 296 0.000304724473107
29 297 0.000304724473107
29 298 0.000304724473107
29 299 0.000304724473107
29 300 0.000304724473107
29 301 0.000398007475078
29 302 0.000304724473107
29 303 0.000304724473107
29 304 0.000304724473107
29 305 0.000398007475078
29 306 0.000398007475078
29 307 0.000304724473107
29 308 0.000304724473107
29 309 0.000304724473107
29 310 0.000304724473107
29 311 0.000304724473107
29 312 0.000304724473107
29 313 0.000304724473107
29 314 0.000304724473107
29 315 0.000304724473107
29 316 0.000304724473107
29 317 0.000398007475078
29 318 0.000304724473107
29 319 0.000304724473107
29 320 0.000304724473107
29 321 0.000304724473107
29 322 0.000304724473107
29 323 0.000304724473107
29 324 0.000304724473107
29 325 0.000304724473107
29 326 0.000304724473107
29 327 0.000398007475078
29 328 0.000304724473107
29 329 0.000398007475078
29 330 0.000304724473107
29 331 0.000304724473107
29 332 0.000304724473107
29 333 0.000398007475078
29 334 0.000304724473107
29 335 0.000398007475078
29 336 0.000304724473107
29 337 0.000304724473107
29 338 0.000304724473107
29 339 0.000304724473107
29 340 0.000304724473107
29 341 0.000304724473107
29 342 0.000304724473107
29 343 0.000304724473107
29 344 0.000304724473107
29 345 0.000304724473107
29 346 0.000304724473107
29 347 0.000304724473107
29 348 0.000304724473107
29 349 0.000304724473107
29 350 0.000304724473107
29 351 0.000398007475078
29 352 0.000304724473107
29 353 0.000304724473107
29 354 0.000304724473107
29 355 0.000304724473107
29 356 0.000304724473107
29 357 0.000304724473107
29 358 0.000304724473107
29 359 0.000304724473107
29 360 0.000304724473107
29 361 0.000304724473107
29 362 0.000304724473107
29 363 0.000304724473107
29 364 0.000223879204731
29 365 0.000398007475078
29 366 0.000304724473107
29 367 0.000223879204731
29 368 0.000223879204731
29 369 0.000503728210645
29 370 0.000398007475078
29 371 0.000223879204731
29 372 5.59698011828e-05
29 373 9.95018687695e-05
29 374 5.59698011828e-05
29 375 2.48754671924e-05
29 376 6.21886679809e-06
29 377 2.48754671924e-05
29 378 6.21886679809e-06
29 379 6.21886679809e-06
29 380 6.21886679809e-06
29 381 5.59698011828e-05
29 382 6.21886679809e-06
29 383 2.48754671924e-05
29 384 0.0
29 385 2.48754671924e-05
29 386 0.0
29 387 2.48754671924e-05
29 388 0.0
29 389 0.0
29 390 0.0
29 391 9.95018687695e-05
29 392 6.21886679809e-06
29 393 5.59698011828e-05
29 394 6.21886679809e-06
29 395 0.0
29 396 0.0
29 397 0.0
29 398 6.21886679809e-06
29 399 5.59698011828e-05
29 400 0.0
30 0 0.0
30 1 5.59698011828e-05
30 2 0.0
30 3 0.0
30 4 0.0
30 5 0.000155471669952
30 6 0.0
30 7 0.000304724473107
30 8 0.0
30 9 2.48754671924e-05
30 10 0.0
30 11 0.000398007475078
30 12 0.0
30 13 5.59698011828e-05
30 14 0.0
30 15 2.48754671924e-05
30 16 0.0
30 17 0.000155471669952
30 18 0.0
30 19 6.21886679809e-06
30 20 0.0
30 21 6.21886679809e-06
30 22 0.0
30 23 0.0
30 24 0.0
30 25 6.21886679809e-06
30 26 0.0
30 27 0.0
30 28 0.0
30 29 2.48754671924e-05
30 30 0.0
30 31 6.21886679809e-06
30 32 0.0
30 33 6.21886679809e-06
30 34 0.0
30 35 6.21886679809e-06
30 36 0.0
30 37 2.48754671924e-05
30 38 0.0
30 39 6.21886679809e-06
30 40 0.0
30 41 0.0
30 42 0.0
30 43 0.0
30 44 0.0
30 45 6.21886679809e-06
30 46 0.0
30 47 0.0
30 48 0.0
30 49 0.0
30 50 0.0
30 51 0.0
30 52 0.0
30 53 0.0
30 54 0.0
30 55 0.0
30 56 0.0
30 57 0.0
30 58 0.0
30 59 0.0
30 60 0.0
30 61 0.0
30 62 0.0
30 63 0.0
30 64 0.0
30 65 0.0
30 66 0.0
30 67 0.0
30 68 0.0
30 69 0.0
30 70 0.0
30 71 0.0
30 72 0.0
30 73 0.0
30 74 0.0
30 75 0.0
30 76 0.0
30 77 0.0
30 78 0.0
30 79 0.0
30 80 0.0
30 81 0.0
30 82 0.0
30 83 0.0
30 84 0.0
30 85 0.0
30 86 0.0
30 87 0.0
30 88 0.0
30 89 0.0
30 90 0.0
30 91 0.0
30 92 0.0
30 93 0.0
30 94 0.0
30 95 0.0
30 96 0.0
30 97 0.0
30 98 0.0
30 99 0.0
30 100 0.0
30 101 0.0
30 102 0.0
30 103 0.0
30 104 0.0
30 105 0.0
30 106 0.0
30 107 0.0
30 108 0.0
30 109 0.0
30 110 0.0
30 111 0.0
30 112 0.0
30 113 0.0
30 114 0.0
30 115 0.0
30 116 0.0
30 117 0.0
30 118 0.0
30 119 0.0
30 120 0.0
30 121 0.0
30 122 0.0
30 123 0.0
30 124 0.0
30 125 0.0
30 126 0.0
30 127 0.0
30 128 0.0
30 129 0.0
30 130 0.0
30 131 0.0
30 132 0.0
30 133 0.0
30 134 0.0
30 135 0.0
30 136 0.0
30 137 0.0
30 138 0.0
30 139 0.0
30 140 0.0
30 141 0.0
30 142 0.0
30 143 0.0
30 144 0.0
30 145 0.0
30 146 0.0
30 147 0.0
30 148 0.0
30 149 0.0
30 150 0.0
30 151 0.0
30 152 0.0
30 153 0.0
30 154 0.0
30 155 0.0
30 156 0.0
30 157 0.0
30 158 0.0
30 159 0.0
30 160 0.0
30 161 0.0
30 162 0.0
30 163 0.0
30 164 0.0
30 165 0.0
30 166 0.0
30 167 0.0
30 168 0.0
30 169 0.0
30 170 0.0
30 171 0.0
30 172 0.0
30 173 0.0
30 174 0.0
30 175 0.0
30 176 0.0
30 177 0.0
30 178 0.0
30 179 0.0
30 180 0.0
30 181 0.0
30 182 0.0
30 183 0.0
30 184 0.0
30 185 0.0
30 186 0.0
30 187 0.0
30 188 0.0
30 189 0.0
30 190 0.0
30 191 0.0
30 192 0.0
30 193 0.0
30 194 0.0
30 195 0.0
30 196 0.0
30 197 0.0
30 198 0.0
30 199 0.0
30 200 0.0
30 201 0.0
30 202 0.0
30 203 0.0
30 204 0.0
30 205 0.0
30 206 0.0
30 207 0.0
30 208 0.0
30 209 0.0
30 210 0.0
30 211 0.0
30 212 0.0
30 213 0.0
30 214 0.0
30 215 0.0
30 216 0.0
30 217 6.21886679809e-06
30 218 0.0
30 219 0.0
30 220 0.0
30 221 0.0
30 222 0.0
30 223 0.0
30 224 0.0
30 225 6.21886679809e-06
30 226 0.0
30 227 0.0
30 228 0.0
30 229 0.0
30 230 0.0
30 231 0.0
30 232 0.0
30 233 0.0
30 234 0.0
30 235 0.0
30 236 0.0
30 237 0.0
30 238 0.0
30 239 0.0
30 240 0.0
30 241 0.0
30 242 0.0
30 243 0.0
30 244 0.0
30 245 0.0
30 246 0.0
30 247 0.0
30 248 0.0
30 249 0.0
30 250 0.0
30 251 0.0
30 252 0.0
30 253 0.0
30 254 0.0
30 255 0.0
30 256 0.0
30 257 0.0
30 258 0.0
30 259 0.0
30 260 0.0
30 261 0.0
30 262 0.0
30 263 0.0
30 264 0.0
30 265 0.0
30 266 0.0
30 267 0.0
30 268 0.0
30 269 0.0
30 270 0.0
30 271 0.0
30 272 0.0
30 273 0.0
30 274 0.0
30 275 0.0
30 276 0.0
30 277 0.0
30 278 0.0
30 279 0.0
30 280 0.0
30 281 0.0
30 282 0.0
30 283 0.0
30 284 0.0
30 285 0.0
30 286 0.0
30 287 0.0
30 288 0.0
30 289 0.0
30 290 0.0
30 291 0.0
30 292 0.0
30 293 0.0
30 294 0.0
30 295 0.0
30 296 0.0
30 297 0.0
30 298 0.0
30 299 0.0
30 300 0.0
30 301 0.0
30 302 0.0
30 303 0.0
30 304 0.0
30 305 0.0
30 306 0.0
30 307 0.0
30 308 0.0
30 309 0.0
30 310 0.0
30 311 0.0
30 312 0.0
30 313 0.0
30 314 0.0
30 315 0.0
30 316 0.0
30 317 0.0
30 318 0.0
30 319 0.0
30 320 0.0
30 321 0.0
30 322 0.0
30 323 0.0
30 324 0.0
30 325 0.0
30 326 0.0
30 327 0.0
30 328 0.0
30 329 0.0
30 330 0.0
30 331 0.0
30 332 0.0
30 333 0.0
30 334 0.0
30 335 0.0
30 336 0.0
30 337 0.0
30 338 0.0
30 339 0.0
30 340 0.0
30 341 0.0
30 342 0.0
30 343 0.0
30 344 0.0
30 345 0.0
30 346 0.0
30 347 0.0
30 348 0.0
30 349 0.0
30 350 0.0
30 351 0.0
30 352 0.0
30 353 0.0
30 354 0.0
30 355 0.0
30 356 0.0
30 357 0.0
30 358 0.0
30 359 6.21886679809e-06
30 360 0.0
30 361 0.0
30 362 0.0
30 363 6.21886679809e-06
30 364 0.0
30 365 6.21886679809e-06
30 366 0.0
30 367 0.0
30 368 0.0
30 369 6.21886679809e-06
30 370 0.0
30 371 9.95018687695e-05
30 372 0.0
30 373 2.48754671924e-05
30 374 0.0
30 375 6.21886679809e-06
30 376 0.0
30 377 6.21886679809e-06
30 378 0.0
30 379 6.21886679809e-06
30 380 0.0
30 381 9.95018687695e-05
30 382 0.0
30 383 2.48754671924e-05
30 384 0.0
30 385 2.48754671924e-05
30 386 0.0
30 387 2.48754671924e-05
30 388 0.0
30 389 0.0
30 390 0.0
30 391 9.95018687695e-05
30 392 0.0
30 393 5.59698011828e-05
30 394 0.0
30 395 0.0
30 396 0.0
30 397 6.21886679809e-06
30 398 0.0
30 399 2.48754671924e-05
30 400 0.0
31 0 6.21886679809e-06
31 1 5.59698011828e-05
31 2 0.0
31 3 6.21886679809e-06
31 4 6.21886679809e-06
31 5 0.000155471669952
31 6 0.0
31 7 0.000223879204731
31 8 6.21886679809e-06
31 9 5.59698011828e-05
31 10 0.0
31 11 0.000398007475078
31 12 6.21886679809e-06
31 13 2.48754671924e-05
31 14 0.0
31 15 2.48754671924e-05
31 16 0.0
31 17 0.000155471669952
31 18 0.0
31 19 6.21886679809e-06
31 20 0.0
31 21 2.48754671924e-05
31 22 6.21886679809e-06
31 23 6.21886679809e-06
31 24 6.21886679809e-06
31 25 6.21886679809e-06
31 26 0.0
31 27 0.0
31 28 6.21886679809e-06
31 29 5.59698011828e-05
31 30 6.21886679809e-06
31 31 9.95018687695e-05
31 32 5.59698011828e-05
31 33 0.000155471669952
31 34 0.000398007475078
31 35 0.000398007475078
31 36 0.000398007475078
31 37 0.000895516818925
31 38 0.000304724473107
31 39 0.000155471669952
31 40 0.000223879204731
31 41 0.000304724473107
31 42 0.000223879204731
31 43 9.95018687695e-05
31 44 0.000223879204731
31 45 0.000304724473107
31 46 0.000223879204731
31 47 0.000223879204731
31 48 0.000223879204731
31 49 0.000223879204731
31 50 0.000223879204731
31 51 0.000223879204731
31 52 0.000223879204731
31 53 0.000304724473107
31 54 0.000223879204731
31 55 0.000223879204731
31 56 0.000223879204731
31 57 0.000223879204731
31 58 0.000223879204731
31 59 0.000304724473107
31 60 0.000223879204731
31 61 0.000223879204731
31 62 0.000223879204731
31 63 0.000223879204731
31 64 0.000223879204731
31 65 0.000223879204731
31 66 0.000223879204731
31 67 0.000223879204731
31 68 0.000223879204731
31 69 0.000223879204731
31 70 0.000223879204731
31 71 0.000223879204731
31 72 0.000223879204731
31 73 0.000223879204731
31 74 0.000223879204731
31 75 0.000223879204731
31 76 0.000223879204731
31 77 0.000223879204731
31 78 0.000223879204731
31 79 0.000223879204731
31 80 0.000223879204731
31 81 0.000223879204731
31 82 0.000223879204731
31 83 0.000223879204731
31 84 0.000223879204731
31 85 0.000223879204731
31 86 0.000223879204731
31 87 0.000223879204731
31 88 0.000223879204731
31 89 0.000223879204731
31 90 0.000223879204731
31 91 0.000223879204731
31 92 0.000223879204731
31 93 0.000223879204731
31 94 0.000223879204731
31 95 0.000223879204731
31 96 0.000223879204731
31 97 0.000304724473107
31 98 0.000304724473107
31 99 0.000304724473107
31 100 0.000223879204731
31 101 0.000223879204731
31 102 0.000223879204731
31 103 0.000304724473107
31 104 0.000223879204731
31 105 0.000223879204731
31 106 0.000223879204731
31 107 0.000223879204731
31 108 0.000223879204731
31 109 0.000223879204731
31 110 0.000223879204731
31 111 0.000304724473107
31 112 0.000223879204731
31 113 0.000223879204731
31 114 0.000223879204731
31 115 0.000223879204731
31 116 0.000223879204731
31 117 0.000223879204731
31 118 0.000223879204731
31 119 0.000223879204731
31 120 0.000223879204731
31 121 0.000304724473107
31 122 0.000304724473107
31 123 0.000304724473107
31 124 0.000223879204731
31 125 0.000223879204731
31 126 0.000223879204731
31 127 0.000223879204731
31 128 0.000223879204731
31 129 0.000223879204731
31 130 0.000223879204731
31 131 0.000223879204731
31 132 0.000223879204731
31 133 0.000304724473107
31 134 0.000304724473107
31 135 0.000304724473107
31 136 0.000223879204731
31 137 0.000223879204731
31 138 0.000223879204731
31 139 0.000223879204731
31 140 0.000223879204731
31 141 0.000223879204731
31 142 0.000223879204731
31 143 0.000223879204731
31 144 0.000223879204731
31 145 0.000304724473107
31 146 0.000223879204731
31 147 0.000223879204731
31 148 0.000223879204731
31 149 0.000304724473107
31 150 0.000304724473107
31 151 0.000304724473107
31 152 0.000223879204731
31 153 0.000223879204731
31 154 0.000223879204731
31 155 0.000304724473107
31 156 0.000223879204731
31 157 0.000304724473107
31 158 0.000223879204731
31 159 0.000223879204731
31 160 0.000223879204731
31 161 0.000304724473107
31 162 0.000223879204731
31 163 0.000223879204731
31 164 0.000223879204731
31 165 0.000223879204731
31 166 0.000223879204731
31 167 0.000223879204731
31 168 0.000223879204731
31 169 0.000223879204731
31 170 0.000223879204731
31 171 0.000223879204731
31 172 0.000223879204731
31 173 0.000304724473107
31 174 0.000223879204731
31 175 0.000223879204731
31 176 0.000223879204731
31 177 0.000223879204731
31 178 0.000223879204731
31 179 0.000223879204731
31 180 0.000223879204731
31 181 0.000223879204731
31 182 0.000223879204731
31 183 0.000304724473107
31 184 0.000304724473107
31 185 0.000398007475078
31 186 0.000223879204731
31 187 0.000223879204731
31 188 0.000223879204731
31 189 0.000223879204731
31 190 0.000223879204731
31 191 0.000223879204731
31 192 0.000223879204731
31 193 0.000223879204731
31 194 0.000223879204731
31 195 0.000223879204731
31 196 0.000223879204731
31 197 0.000223879204731
31 198 0.000223879204731
31 199 0.000398007475078
31 200 0.000304724473107
31 201 0.000304724473107
31 202 0.000223879204731
31 203 0.000223879204731
31 204 0.000223879204731
31 205 0.000223879204731
31 206 0.000223879204731
31 207 0.000223879204731
31 208 0.000223879204731
31 209 0.000223879204731
31 210 0.000223879204731
31 211 0.000304724473107
31 212 0.000223879204731
31 213 0.000223879204731
31 214 0.000223879204731
31 215 0.000223879204731
31 216 0.000223879204731
31 217 0.000304724473107
31 218 0.000223879204731
31 219 0.000223879204731
31 220 0.000223879204731
31 221 0.000223879204731
31 222 0.000223879204731
31 223 0.000223879204731
31 224 0.000223879204731
31 225 0.000223879204731
31 226 0.000223879204731
31 227 0.000223879204731
31 228 0.000223879204731
31 229 0.000223879204731
31 230 0.000223879204731
31 231 0.000223879204731
31 232 0.000223879204731
31 233 0.000223879204731
31 234 0.000223879204731
31 235 0.000223879204731
31 236 0.000223879204731
31 237 0.000223879204731
31 238 0.000223879204731
31 239 0.000223879204731
31 240 0.000223879204731
31 241 0.000223879204731
31 242 0.000223879204731
31 243 0.000223879204731
31 244 0.000223879204731
31 245 0.000223879204731
31 246 0.000223879204731
31 247 0.000223879204731
31 248 0.000223879204731
31 249 0.000223879204731
31 250 0.000223879204731
31 251 0.000223879204731
31 252 0.000223879204731
31 253 0.000223879204731
31 254 0.000223879204731
31 255 0.000223879204731
31 256 0.000223879204731
31 257 0.000223879204731
31 258 0.000223879204731
31 259 0.000223879204731
31 260 0.000223879204731
31 261 0.000304724473107
31 262 0.000304724473107
31 263 0.000304724473107
31 264 0.000223879204731
31 265 0.000304724473107
31 266 0.000223879204731
31 267 0.000223879204731
31 268 0.000223879204731
31 269 0.000304724473107
31 270 0.000304724473107
31 271 0.000223879204731
31 272 0.000223879204731
31 273 0.000223879204731
31 274 0.000223879204731
31 275 0.000223879204731
31 276 0.000223879204731
31 277 0.000223879204731
31 278 0.000223879204731
31 279 0.000223879204731
31 280 0.000223879204731
31 281 0.000223879204731
31 282 0.000223879204731
31 283 0.000304724473107
31 284 0.000304724473107
31 285 0.000398007475078
31 286 0.000223879204731
31 287 0.000223879204731
31 288 0.000223879204731
31 289 0.000223879204731
31 290 0.000223879204731
31 291 0.000304724473107
31 292 0.000223879204731
31 293 0.000304724473107
31 294 0.000223879204731
31 295 0.000223879204731
31 296 0.000223879204731
31 297 0.000223879204731
31 298 0.000223879204731
31 299 0.000223879204731
31 300 0.000223879204731
31 301 0.000223879204731
31 302 0.000223879204731
31 303 0.000223879204731
31 304 0.000223879204731
31 305 0.000223879204731
31 306 0.000223879204731
31 307 0.000304724473107
31 308 0.000223879204731
31 309 0.000223879204731
31 310 0.000223879204731
31 311 0.000304724473107
31 312 0.000223879204731
31 313 0.000398007475078
31 314 0.000304724473107
31 315 0.000304724473107
31 316 0.000223879204731
31 317 0.000223879204731
31 318 0.000223879204731
31 319 0.000223879204731
31 320 0.000223879204731
31 321 0.000223879204731
31 322 0.000223879204731
31 323 0.000223879204731
31 324 0.000223879204731
31 325 0.000304724473107
31 326 0.000223879204731
31 327 0.000223879204731
31 328 0.000223879204731
31 329 0.000223879204731
31 330 0.000223879204731
31 331 0.000304724473107
31 332 0.000223879204731
31 333 0.000223879204731
31 334 0.000223879204731
31 335 0.000223879204731
31 336 0.000223879204731
31 337 0.000223879204731
31 338 0.000223879204731
31 339 0.000223879204731
31 340 0.000223879204731
31 341 0.000223879204731
31 342 0.000223879204731
31 343 0.000304724473107
31 344 0.000223879204731
31 345 0.000223879204731
31 346 0.000223879204731
31 347 0.000304724473107
31 348 0.000304724473107
31 349 0.000304724473107
31 350 0.000223879204731
31 351 0.000223879204731
31 352 0.000223879204731
31 353 0.000304724473107
31 354 0.000223879204731
31 355 0.000304724473107
31 356 0.000223879204731
31 357 0.000223879204731
31 358 0.000223879204731
31 359 0.000223879204731
31 360 0.000223879204731
31 361 0.000223879204731
31 362 0.000223879204731
31 363 0.000223879204731
31 364 0.000223879204731
31 365 0.000304724473107
31 366 0.000304724473107
31 367 0.000155471669952
31 368 0.000223879204731
31 369 0.000398007475078
31 370 0.000223879204731
31 371 0.000752482882569
31 372 0.000155471669952
31 373 0.000155471669952
31 374 0.0
31 375 2.48754671924e-05
31 376 0.0
31 377 2.48754671924e-05
31 378 0.0
31 379 6.21886679809e-06
31 380 0.0
31 381 9.95018687695e-05
31 382 0.0
31 383 2.48754671924e-05
31 384 0.0
31 385 2.48754671924e-05
31 386 6.21886679809e-06
31 387 9.95018687695e-05
31 388 6.21886679809e-06
31 389 6.21886679809e-06
31 390 0.0
31 391 9.95018687695e-05
31 392 0.0
31 393 5.59698011828e-05
31 394 0.0
31 395 0.0
31 396 0.0
31 397 6.21886679809e-06
31 398 0.0
31 399 2.48754671924e-05
31 400 0.0
32 0 0.0
32 1 5.59698011828e-05
32 2 0.0
32 3 0.0
32 4 0.0
32 5 0.000155471669952
32 6 0.0
32 7 0.000304724473107
32 8 0.0
32 9 2.48754671924e-05
32 10 0.0
32 11 0.000398007475078
32 12 0.0
32 13 5.59698011828e-05
32 14 0.0
32 15 2.48754671924e-05
32 16 0.0
32 17 0.000155471669952
32 18 0.0
32 19 6.21886679809e-06
32 20 0.0
32 21 6.21886679809e-06
32 22 0.0
32 23 0.0
32 24 0.0
32 25 6.21886679809e-06
32 26 0.0
32 27 0.0
32 28 0.0
32 29 5.59698011828e-05
32 30 0.0
32 31 9.95018687695e-05
32 32 0.0
32 33 6.21886679809e-06
32 34 0.0
32 35 6.21886679809e-06
32 36 0.0
32 37 0.000223879204731
32 38 0.0
32 39 0.000155471669952
32 40 0.0
32 41 2.48754671924e-05
32 42 0.0
32 43 6.21886679809e-06
32 44 0.0
32 45 6.21886679809e-06
32 46 0.0
32 47 0.0
32 48 0.0
32 49 0.0
32 50 0.0
32 51 0.0
32 52 0.0
32 53 6.21886679809e-06
32 54 0.0
32 55 0.0
32 56 0.0
32 57 0.0
32 58 0.0
32 59 6.21886679809e-06
32 60 0.0
32 61 0.0
32 62 0.0
32 63 0.0
32 64 0.0
32 65 0.0
32 66 0.0
32 67 0.0
32 68 0.0
32 69 0.0
32 70 0.0
32 71 0.0
32 72 0.0
32 73 0.0
32 74 0.0
32 75 0.0
32 76 0.0
32 77 0.0
32 78 0.0
32 79 0.0
32 80 0.0
32 81 0.0
32 82 0.0
32 83 0.0
32 84 0.0
32 85 0.0
32 86 0.0
32 87 0.0
32 88 0.0
32 89 0.0
32 90 0.0
32 91 0.0
32 92 0.0
32 93 0.0
32 94 0.0
32 95 0.0
32 96 0.0
32 97 6.21886679809e-06
32 98 0.0
32 99 6.21886679809e-06
32 100 0.0
32 101 0.0
32 102 0.0
32 103 6.21886679809e-06
32 104 0.0
32 105 0.0
32 106 0.0
32 107 0.0
32 108 0.0
32 109 0.0
32 110 0.0
32 111 6.21886679809e-06
32 112 0.0
32 113 0.0
32 114 0.0
32 115 0.0
32 116 0.0
32 117 0.0
32 118 0.0
32 119 0.0
32 120 0.0
32 121 6.21886679809e-06
32 122 0.0
32 123 6.21886679809e-06
32 124 0.0
32 125 0.0
32 126 0.0
32 127 0.0
32 128 0.0
32 129 0.0
32 130 0.0
32 131 0.0
32 132 0.0
32 133 6.21886679809e-06
32 134 0.0
32 135 6.21886679809e-06
32 136 0.0
32 137 0.0
32 138 0.0
32 139 0.0
32 140 0.0
32 141 0.0
32 142 0.0
32 143 0.0
32 144 0.0
32 145 6.21886679809e-06
32 146 0.0
32 147 0.0
32 148 0.0
32 149 0.0
32 150 0.0
32 151 6.21886679809e-06
32 152 0.0
32 153 0.0
32 154 0.0
32 155 6.21886679809e-06
32 156 0.0
32 157 6.21886679809e-06
32 158 0.0
32 159 0.0
32 160 0.0
32 161 6.21886679809e-06
32 162 0.0
32 163 0.0
32 164 0.0
32 165 0.0
32 166 0.0
32 167 0.0
32 168 0.0
32 169 0.0
32 170 0.0
32 171 0.0
32 172 0.0
32 173 6.21886679809e-06
32 174 0.0
32 175 0.0
32 176 0.0
32 177 0.0
32 178 0.0
32 179 0.0
32 180 0.0
32 181 0.0
32 182 0.0
32 183 6.21886679809e-06
32 184 0.0
32 185 6.21886679809e-06
32 186 0.0
32 187 0.0
32 188 0.0
32 189 0.0
32 190 0.0
32 191 0.0
32 192 0.0
32 193 0.0
32 194 0.0
32 195 0.0
32 196 0.0
32 197 0.0
32 198 0.0
32 199 6.21886679809e-06
32 200 0.0
32 201 6.21886679809e-06
32 202 0.0
32 203 0.0
32 204 0.0
32 205 0.0
32 206 0.0
32 207 0.0
32 208 0.0
32 209 0.0
32 210 0.0
32 211 6.21886679809e-06
32 212 0.0
32 213 0.0
32 214 0.0
32 215 0.0
32 216 0.0
32 217 6.21886679809e-06
32 218 0.0
32 219 0.0
32 220 0.0
32 221 0.0
32 222 0.0
32 223 0.0
32 224 0.0
32 225 0.0
32 226 0.0
32 227 0.0
32 228 0.0
32 229 0.0
32 230 0.0
32 231 0.0
32 232 0.0
32 233 0.0
32 234 0.0
32 235 0.0
32 236 0.0
32 237 0.0
32 238 0.0
32 239 0.0
32 240 0.0
32 241 0.0
32 242 0.0
32 243 0.0
32 244 0.0
32 245 0.0
32 246 0.0
32 247 0.0
32 248 0.0
32 249 0.0
32 250 0.0
32 251 0.0
32 252 0.0
32 253 0.0
32 254 0.0
32 255 0.0
32 256 0.0
32 257 0.0
32 258 0.0
32 259 0.0
32 260 0.0
32 261 6.21886679809e-06
32 262 0.0
32 263 6.21886679809e-06
32 264 0.0
32 265 6.21886679809e-06
32 266 0.0
32 267 0.0
32 268 0.0
32 269 6.21886679809e-06
32 270 0.0
32 271 6.21886679809e-06
32 272 0.0
32 273 0.0
32 274 0.0
32 275 0.0
32 276 0.0
32 277 0.0
32 278 0.0
32 279 0.0
32 280 0.0
32 281 0.0
32 282 0.0
32 283 6.21886679809e-06
32 284 0.0
32 285 2.48754671924e-05
32 286 0.0
32 287 0.0
32 288 0.0
32 289 0.0
32 290 0.0
32 291 6.21886679809e-06
32 292 0.0
32 293 0.0
32 294 0.0
32 295 0.0
32 296 0.0
32 297 0.0
32 298 0.0
32 299 0.0
32 300 0.0
32 301 0.0
32 302 0.0
32 303 0.0
32 304 0.0
32 305 6.21886679809e-06
32 306 0.0
32 307 6.21886679809e-06
32 308 0.0
32 309 0.0
32 310 0.0
32 311 6.21886679809e-06
32 312 0.0
32 313 6.21886679809e-06
32 314 0.0
32 315 6.21886679809e-06
32 316 0.0
32 317 0.0
32 318 0.0
32 319 0.0
32 320 0.0
32 321 0.0
32 322 0.0
32 323 0.0
32 324 0.0
32 325 6.21886679809e-06
32 326 0.0
32 327 0.0
32 328 0.0
32 329 0.0
32 330 0.0
32 331 6.21886679809e-06
32 332 0.0
32 333 0.0
32 334 0.0
32 335 0.0
32 336 0.0
32 337 0.0
32 338 0.0
32 339 0.0
32 340 0.0
32 341 0.0
32 342 0.0
32 343 6.21886679809e-06
32 344 0.0
32 345 0.0
32 346 0.0
32 347 6.21886679809e-06
32 348 0.0
32 349 0.0
32 350 0.0
32 351 0.0
32 352 0.0
32 353 6.21886679809e-06
32 354 0.0
32 355 6.21886679809e-06
32 356 0.0
32 357 6.21886679809e-06
32 358 0.0
32 359 0.0
32 360 0.0
32 361 0.0
32 362 0.0
32 363 0.0
32 364 0.0
32 365 6.21886679809e-06
32 366 0.0
32 367 6.21886679809e-06
32 368 0.0
32 369 2.48754671924e-05
32 370 0.0
32 371 9.95018687695e-05
32 372 0.0
32 373 5.59698011828e-05
32 374 0.0
32 375 6.21886679809e-06
32 376 0.0
32 377 2.48754671924e-05
32 378 0.0
32 379 6.21886679809e-06
32 380 0.0
32 381 9.95018687695e-05
32 382 0.0
32 383 2.48754671924e-05
32 384 0.0
32 385 2.48754671924e-05
32 386 0.0
32 387 2.48754671924e-05
32 388 0.0
32 389 0.0
32 390 0.0
32 391 9.95018687695e-05
32 392 0.0
32 393 5.59698011828e-05
32 394 0.0
32 395 0.0
32 396 0.0
32 397 6.21886679809e-06
32 398 0.0
32 399 2.48754671924e-05
32 400 0.0
33 0 0.0
33 1 5.59698011828e-05
33 2 6.21886679809e-06
33 3 6.21886679809e-06
33 4 0.0
33 5 0.000155471669952
33 6 6.21886679809e-06
33 7 0.000223879204731
33 8 0.0
33 9 5.59698011828e-05
33 10 6.21886679809e-06
33 11 0.000398007475078
33 12 0.0
33 13 5.59698011828e-05
33 14 0.0
33 15 2.48754671924e-05
33 16 0.0
33 17 0.000155471669952
33 18 0.0
33 19 6.21886679809e-06
33 20 0.0
33 21 6.21886679809e-06
33 22 0.0
33 23 0.0
33 24 0.0
33 25 6.21886679809e-06
33 26 0.0
33 27 0.0
33 28 0.0
33 29 9.95018687695e-05
33 30 6.21886679809e-06
33 31 0.000223879204731
33 32 0.0
33 33 5.59698011828e-05
33 34 5.59698011828e-05
33 35 0.000155471669952
33 36 9.95018687695e-05
33 37 0.000223879204731
33 38 5.59698011828e-05
33 39 0.000398007475078
33 40 5.59698011828e-05
33 41 0.0
33 42 9.95018687695e-05
33 43 9.95018687695e-05
33 44 9.95018687695e-05
33 45 5.59698011828e-05
33 46 9.95018687695e-05
33 47 9.95018687695e-05
33 48 9.95018687695e-05
33 49 9.95018687695e-05
33 50 9.95018687695e-05
33 51 9.95018687695e-05
33 52 9.95018687695e-05
33 53 5.59698011828e-05
33 54 9.95018687695e-05
33 55 9.95018687695e-05
33 56 9.95018687695e-05
33 57 9.95018687695e-05
33 58 9.95018687695e-05
33 59 5.59698011828e-05
33 60 9.95018687695e-05
33 61 9.95018687695e-05
33 62 9.95018687695e-05
33 63 9.95018687695e-05
33 64 9.95018687695e-05
33 65 9.95018687695e-05
33 66 9.95018687695e-05
33 67 9.95018687695e-05
33 68 9.95018687695e-05
33 69 9.95018687695e-05
33 70 9.95018687695e-05
33 71 9.95018687695e-05
33 72 9.95018687695e-05
33 73 9.95018687695e-05
33 74 9.95018687695e-05
33 75 9.95018687695e-05
33 76 9.95018687695e-05
33 77 9.95018687695e-05
33 78 9.95018687695e-05
33 79 9.95018687695e-05
33 80 9.95018687695e-05
33 81 9.95018687695e-05
33 82 9.95018687695e-05
33 83 9.95018687695e-05
33 84 9.95018687695e-05
33 85 9.95018687695e-05
33 86 9.95018687695e-05
33 87 9.95018687695e-05
33 88 9.95018687695e-05
33 89 9.95018687695e-05
33 90 9.95018687695e-05
33 91 9.95018687695e-05
33 92 9.95018687695e-05
33 93 9.95018687695e-05
33 94 9.95018687695e-05
33 95 9.95018687695e-05
33 96 9.95018687695e-05
33 97 5.59698011828e-05
33 98 5.59698011828e-05
33 99 5.59698011828e-05
33 100 5.59698011828e-05
33 101 5.59698011828e-05
33 102 5.59698011828e-05
33 103 5.59698011828e-05
33 104 5.59698011828e-05
33 105 5.59698011828e-05
33 106 5.59698011828e-05
33 107 9.95018687695e-05
33 108 9.95018687695e-05
33 109 9.95018687695e-05
33 110 9.95018687695e-05
33 111 9.95018687695e-05
33 112 9.95018687695e-05
33 113 9.95018687695e-05
33 114 5.59698011828e-05
33 115 5.59698011828e-05
33 116 5.59698011828e-05
33 117 5.59698011828e-05
33 118 5.59698011828e-05
33 119 5.59698011828e-05
33 120 5.59698011828e-05
33 121 9.95018687695e-05
33 122 9.95018687695e-05
33 123 9.95018687695e-05
33 124 9.95018687695e-05
33 125 9.95018687695e-05
33 126 9.95018687695e-05
33 127 9.95018687695e-05
33 128 9.95018687695e-05
33 129 9.95018687695e-05
33 130 9.95018687695e-05
33 131 9.95018687695e-05
33 132 9.95018687695e-05
33 133 5.59698011828e-05
33 134 9.95018687695e-05
33 135 5.59698011828e-05
33 136 9.95018687695e-05
33 137 9.95018687695e-05
33 138 9.95018687695e-05
33 139 5.59698011828e-05
33 140 9.95018687695e-05
33 141 9.95018687695e-05
33 142 9.95018687695e-05
33 143 5.59698011828e-05
33 144 5.59698011828e-05
33 145 5.59698011828e-05
33 146 5.59698011828e-05
33 147 5.59698011828e-05
33 148 5.59698011828e-05
33 149 5.59698011828e-05
33 150 9.95018687695e-05
33 151 9.95018687695e-05
33 152 9.95018687695e-05
33 153 9.95018687695e-05
33 154 9.95018687695e-05
33 155 9.95018687695e-05
33 156 9.95018687695e-05
33 157 5.59698011828e-05
33 158 5.59698011828e-05
33 159 5.59698011828e-05
33 160 5.59698011828e-05
33 161 5.59698011828e-05
33 162 5.59698011828e-05
33 163 5.59698011828e-05
33 164 5.59698011828e-05
33 165 5.59698011828e-05
33 166 5.59698011828e-05
33 167 5.59698011828e-05
33 168 5.59698011828e-05
33 169 5.59698011828e-05
33 170 5.59698011828e-05
33 171 9.95018687695e-05
33 172 9.95018687695e-05
33 173 9.95018687695e-05
33 174 9.95018687695e-05
33 175 9.95018687695e-05
33 176 9.95018687695e-05
33 177 9.95018687695e-05
33 178 9.95018687695e-05
33 179 9.95018687695e-05
33 180 9.95018687695e-05
33 181 9.95018687695e-05
33 182 9.95018687695e-05
33 183 9.95018687695e-05
33 184 9.95018687695e-05
33 185 5.59698011828e-05
33 186 5.59698011828e-05
33 187 5.59698011828e-05
33 188 5.59698011828e-05
33 189 5.59698011828e-05
33 190 5.59698011828e-05
33 191 5.59698011828e-05
33 192 5.59698011828e-05
33 193 5.59698011828e-05
33 194 5.59698011828e-05
33 195 5.59698011828e-05
33 196 5.59698011828e-05
33 197 5.59698011828e-05
33 198 5.59698011828e-05
33 199 5.59698011828e-05
33 200 9.95018687695e-05
33 201 9.95018687695e-05
33 202 9.95018687695e-05
33 203 9.95018687695e-05
33 204 9.95018687695e-05
33 205 9.95018687695e-05
33 206 9.95018687695e-05
33 207 9.95018687695e-05
33 208 9.95018687695e-05
33 209 9.95018687695e-05
33 210 9.95018687695e-05
33 211 5.59698011828e-05
33 212 9.95018687695e-05
33 213 9.95018687695e-05
33 214 9.95018687695e-05
33 215 9.95018687695e-05
33 216 9.95018687695e-05
33 217 9.95018687695e-05
33 218 9.95018687695e-05
33 219 9.95018687695e-05
33 220 9.95018687695e-05
33 221 9.95018687695e-05
33 222 9.95018687695e-05
33 223 5.59698011828e-05
33 224 9.95018687695e-05
33 225 9.95018687695e-05
33 226 9.95018687695e-05
33 227 5.59698011828e-05
33 228 9.95018687695e-05
33 229 9.95018687695e-05
33 230 9.95018687695e-05
33 231 9.95018687695e-05
33 232 9.95018687695e-05
33 233 9.95018687695e-05
33 234 9.95018687695e-05
33 235 9.95018687695e-05
33 236 9.95018687695e-05
33 237 9.95018687695e-05
33 238 9.95018687695e-05
33 239 9.95018687695e-05
33 240 9.95018687695e-05
33 241 9.95018687695e-05
33 242 9.95018687695e-05
33 243 9.95018687695e-05
33 244 9.95018687695e-05
33 245 9.95018687695e-05
33 246 9.95018687695e-05
33 247 9.95018687695e-05
33 248 9.95018687695e-05
33 249 9.95018687695e-05
33 250 9.95018687695e-05
33 251 9.95018687695e-05
33 252 9.95018687695e-05
33 253 9.95018687695e-05
33 254 9.95018687695e-05
33 255 9.95018687695e-05
33 256 9.95018687695e-05
33 257 9.95018687695e-05
33 258 9.95018687695e-05
33 259 9.95018687695e-05
33 260 9.95018687695e-05
33 261 5.59698011828e-05
33 262 9.95018687695e-05
33 263 9.95018687695e-05
33 264 9.95018687695e-05
33 265 9.95018687695e-05
33 266 9.95018687695e-05
33 267 9.95018687695e-05
33 268 9.95018687695e-05
33 269 9.95018687695e-05
33 270 9.95018687695e-05
33 271 9.95018687695e-05
33 272 9.95018687695e-05
33 273 5.59698011828e-05
33 274 9.95018687695e-05
33 275 9.95018687695e-05
33 276 9.95018687695e-05
33 277 9.95018687695e-05
33 278 9.95018687695e-05
33 279 9.95018687695e-05
33 280 9.95018687695e-05
33 281 9.95018687695e-05
33 282 9.95018687695e-05
33 283 5.59698011828e-05
33 284 5.59698011828e-05
33 285 2.48754671924e-05
33 286 5.59698011828e-05
33 287 5.59698011828e-05
33 288 5.59698011828e-05
33 289 5.59698011828e-05
33 290 5.59698011828e-05
33 291 5.59698011828e-05
33 292 9.95018687695e-05
33 293 9.95018687695e-05
33 294 9.95018687695e-05
33 295 9.95018687695e-05
33 296 9.95018687695e-05
33 297 9.95018687695e-05
33 298 9.95018687695e-05
33 299 9.95018687695e-05
33 300 9.95018687695e-05
33 301 5.59698011828e-05
33 302 9.95018687695e-05
33 303 9.95018687695e-05
33 304 9.95018687695e-05
33 305 5.59698011828e-05
33 306 5.59698011828e-05
33 307 2.48754671924e-05
33 308 5.59698011828e-05
33 309 5.59698011828e-05
33 310 5.59698011828e-05
33 311 2.48754671924e-05
33 312 5.59698011828e-05
33 313 5.59698011828e-05
33 314 9.95018687695e-05
33 315 9.95018687695e-05
33 316 9.95018687695e-05
33 317 9.95018687695e-05
33 318 9.95018687695e-05
33 319 9.95018687695e-05
33 320 9.95018687695e-05
33 321 9.95018687695e-05
33 322 9.95018687695e-05
33 323 9.95018687695e-05
33 324 9.95018687695e-05
33 325 9.95018687695e-05
33 326 9.95018687695e-05
33 327 9.95018687695e-05
33 328 5.59698011828e-05
33 329 5.59698011828e-05
33 330 5.59698011828e-05
33 331 5.59698011828e-05
33 332 5.59698011828e-05
33 333 5.59698011828e-05
33 334 5.59698011828e-05
33 335 9.95018687695e-05
33 336 9.95018687695e-05
33 337 9.95018687695e-05
33 338 9.95018687695e-05
33 339 9.95018687695e-05
33 340 9.95018687695e-05
33 341 9.95018687695e-05
33 342 9.95018687695e-05
33 343 9.95018687695e-05
33 344 9.95018687695e-05
33 345 9.95018687695e-05
33 346 9.95018687695e-05
33 347 9.95018687695e-05
33 348 9.95018687695e-05
33 349 5.59698011828e-05
33 350 5.59698011828e-05
33 351 5.59698011828e-05
33 352 5.59698011828e-05
33 353 5.59698011828e-05
33 354 5.59698011828e-05
33 355 2.48754671924e-05
33 356 5.59698011828e-05
33 357 5.59698011828e-05
33 358 9.95018687695e-05
33 359 9.95018687695e-05
33 360 9.95018687695e-05
33 361 9.95018687695e-05
33 362 9.95018687695e-05
33 363 5.59698011828e-05
33 364 9.95018687695e-05
33 365 6.21886679809e-06
33 366 5.59698011828e-05
33 367 0.000155471669952
33 368 0.000155471669952
33 369 0.0
33 370 5.59698011828e-05
33 371 0.000155471669952
33 372 5.59698011828e-05
33 373 6.21886679809e-06
33 374 0.0
33 375 6.21886679809e-06
33 376 6.21886679809e-06
33 377 5.59698011828e-05
33 378 6.21886679809e-06
33 379 0.0
33 380 6.21886679809e-06
33 381 5.59698011828e-05
33 382 6.21886679809e-06
33 383 5.59698011828e-05
33 384 6.21886679809e-06
33 385 2.48754671924e-05
33 386 0.0
33 387 2.48754671924e-05
33 388 0.0
33 389 6.21886679809e-06
33 390 6.21886679809e-06
33 391 5.59698011828e-05
33 392 6.21886679809e-06
33 393 9.95018687695e-05
33 394 6.21886679809e-06
33 395 6.21886679809e-06
33 396 6.21886679809e-06
33 397 6.21886679809e-06
33 398 6.21886679809e-06
33 399 2.48754671924e-05
33 400 0.0
34 0 0.0
34 1 5.59698011828e-05
34 2 0.0
34 3 0.0
34 4 0.0
34 5 0.000155471669952
34 6 0.0
34 7 0.000304724473107
34 8 0.0
34 9 2.48754671924e-05
34 10 0.0
34 11 0.000398007475078
34 12 0.0
34 13 2.48754671924e-05
34 14 0.0
34 15 2.48754671924e-05
34 16 0.0
34 17 0.000155471669952
34 18 0.0
34 19 6.21886679809e-06
34 20 0.0
34 21 6.21886679809e-06
34 22 0.0
34 23 0.0
34 24 0.0
34 25 6.21886679809e-06
34 26 0.0
34 27 0.0
34 28 0.0
34 29 9.95018687695e-05
34 30 0.0
34 31 0.000223879204731
34 32 0.0
34 33 2.48754671924e-05
34 34 0.0
34 35 6.21886679809e-06
34 36 0.0
34 37 0.000621886679809
34 38 0.0
34 39 0.000304724473107
34 40 0.0
34 41 9.95018687695e-05
34 42 0.0
34 43 6.21886679809e-06
34 44 0.0
34 45 0.0
34 46 0.0
34 47 6.21886679809e-06
34 48 0.0
34 49 0.0
34 50 0.0
34 51 0.0
34 52 0.0
34 53 6.21886679809e-06
34 54 0.0
34 55 0.0
34 56 0.0
34 57 0.0
34 58 0.0
34 59 6.21886679809e-06
34 60 0.0
34 61 0.0
34 62 0.0
34 63 0.0
34 64 0.0
34 65 0.0
34 66 0.0
34 67 0.0
34 68 0.0
34 69 0.0
34 70 0.0
34 71 0.0
34 72 0.0
34 73 0.0
34 74 0.0
34 75 0.0
34 76 0.0
34 77 0.0
34 78 0.0
34 79 0.0
34 80 0.0
34 81 0.0
34 82 0.0
34 83 0.0
34 84 0.0
34 85 0.0
34 86 0.0
34 87 0.0
34 88 0.0
34 89 0.0
34 90 0.0
34 91 0.0
34 92 0.0
34 93 0.0
34 94 0.0
34 95 0.0
34 96 0.0
34 97 0.0
34 98 0.0
34 99 6.21886679809e-06
34 100 0.0
34 101 6.21886679809e-06
34 102 0.0
34 103 0.0
34 104 0.0
34 105 6.21886679809e-06
34 106 0.0
34 107 6.21886679809e-06
34 108 0.0
34 109 6.21886679809e-06
34 110 0.0
34 111 0.0
34 112 0.0
34 113 6.21886679809e-06
34 114 0.0
34 115 0.0
34 116 0.0
34 117 0.0
34 118 0.0
34 119 0.0
34 120 0.0
34 121 6.21886679809e-06
34 122 0.0
34 123 0.0
34 124 0.0
34 125 6.21886679809e-06
34 126 0.0
34 127 0.0
34 128 0.0
34 129 0.0
34 130 0.0
34 131 0.0
34 132 0.0
34 133 6.21886679809e-06
34 134 0.0
34 135 0.0
34 136 0.0
34 137 0.0
34 138 0.0
34 139 0.0
34 140 0.0
34 141 6.21886679809e-06
34 142 0.0
34 143 0.0
34 144 0.0
34 145 0.0
34 146 0.0
34 147 6.21886679809e-06
34 148 0.0
34 149 0.0
34 150 0.0
34 151 0.0
34 152 0.0
34 153 0.0
34 154 0.0
34 155 0.0
34 156 0.0
34 157 0.0
34 158 0.0
34 159 6.21886679809e-06
34 160 0.0
34 161 0.0
34 162 0.0
34 163 0.0
34 164 0.0
34 165 0.0
34 166 0.0
34 167 0.0
34 168 0.0
34 169 6.21886679809e-06
34 170 0.0
34 171 6.21886679809e-06
34 172 0.0
34 173 0.0
34 174 0.0
34 175 0.0
34 176 0.0
34 177 0.0
34 178 0.0
34 179 0.0
34 180 0.0
34 181 6.21886679809e-06
34 182 0.0
34 183 0.0
34 184 0.0
34 185 0.0
34 186 0.0
34 187 0.0
34 188 0.0
34 189 0.0
34 190 0.0
34 191 0.0
34 192 0.0
34 193 0.0
34 194 0.0
34 195 0.0
34 196 0.0
34 197 0.0
34 198 0.0
34 199 0.0
34 200 0.0
34 201 0.0
34 202 0.0
34 203 6.21886679809e-06
34 204 0.0
34 205 0.0
34 206 0.0
34 207 0.0
34 208 0.0
34 209 0.0
34 210 0.0
34 211 6.21886679809e-06
34 212 0.0
34 213 0.0
34 214 0.0
34 215 0.0
34 216 0.0
34 217 0.0
34 218 0.0
34 219 0.0
34 220 0.0
34 221 0.0
34 222 0.0
34 223 6.21886679809e-06
34 224 0.0
34 225 0.0
34 226 0.0
34 227 6.21886679809e-06
34 228 0.0
34 229 0.0
34 230 0.0
34 231 0.0
34 232 0.0
34 233 0.0
34 234 0.0
34 235 0.0
34 236 0.0
34 237 0.0
34 238 0.0
34 239 0.0
34 240 0.0
34 241 0.0
34 242 0.0
34 243 0.0
34 244 0.0
34 245 0.0
34 246 0.0
34 247 0.0
34 248 0.0
34 249 0.0
34 250 0.0
34 251 0.0
34 252 0.0
34 253 0.0
34 254 0.0
34 255 0.0
34 256 0.0
34 257 0.0
34 258 0.0
34 259 0.0
34 260 0.0
34 261 6.21886679809e-06
34 262 0.0
34 263 0.0
34 264 0.0
34 265 0.0
34 266 0.0
34 267 0.0
34 268 0.0
34 269 0.0
34 270 0.0
34 271 0.0
34 272 0.0
34 273 6.21886679809e-06
34 274 0.0
34 275 0.0
34 276 0.0
34 277 0.0
34 278 0.0
34 279 0.0
34 280 0.0
34 281 0.0
34 282 0.0
34 283 0.0
34 284 0.0
34 285 0.0
34 286 0.0
34 287 6.21886679809e-06
34 288 0.0
34 289 6.21886679809e-06
34 290 0.0
34 291 0.0
34 292 0.0
34 293 0.0
34 294 0.0
34 295 0.0
34 296 0.0
34 297 0.0
34 298 0.0
34 299 0.0
34 300 0.0
34 301 6.21886679809e-06
34 302 0.0
34 303 0.0
34 304 0.0
34 305 6.21886679809e-06
34 306 0.0
34 307 0.0
34 308 0.0
34 309 0.0
34 310 0.0
34 311 0.0
34 312 0.0
34 313 0.0
34 314 0.0
34 315 0.0
34 316 0.0
34 317 6.21886679809e-06
34 318 0.0
34 319 0.0
34 320 0.0
34 321 0.0
34 322 0.0
34 323 0.0
34 324 0.0
34 325 0.0
34 326 0.0
34 327 6.21886679809e-06
34 328 0.0
34 329 6.21886679809e-06
34 330 0.0
34 331 0.0
34 332 0.0
34 333 6.21886679809e-06
34 334 0.0
34 335 6.21886679809e-06
34 336 0.0
34 337 0.0
34 338 0.0
34 339 0.0
34 340 0.0
34 341 0.0
34 342 0.0
34 343 0.0
34 344 0.0
34 345 0.0
34 346 0.0
34 347 0.0
34 348 0.0
34 349 0.0
34 350 0.0
34 351 6.21886679809e-06
34 352 0.0
34 353 0.0
34 354 0.0
34 355 0.0
34 356 0.0
34 357 6.21886679809e-06
34 358 0.0
34 359 0.0
34 360 0.0
34 361 0.0
34 362 0.0
34 363 6.21886679809e-06
34 364 0.0
34 365 5.59698011828e-05
34 366 0.0
34 367 2.48754671924e-05
34 368 0.0
34 369 9.95018687695e-05
34 370 0.0
34 371 0.000503728210645
34 372 0.0
34 373 2.48754671924e-05
34 374 0.0
34 375 0.0
34 376 0.0
34 377 0.0
34 378 0.0
34 379 6.21886679809e-06
34 380 0.0
34 381 5.59698011828e-05
34 382 0.0
34 383 5.59698011828e-05
34 384 0.0
34 385 6.21886679809e-06
34 386 0.0
34 387 2.48754671924e-05
34 388 0.0
34 389 0.0
34 390 0.0
34 391 9.95018687695e-05
34 392 0.0
34 393 9.95018687695e-05
34 394 0.0
34 395 6.21886679809e-06
34 396 0.0
34 397 6.21886679809e-06
34 398 0.0
34 399 2.48754671924e-05
34 400 0.0
35 0 6.21886679809e-06
35 1 9.95018687695e-05
35 2 6.21886679809e-06
35 3 2.48754671924e-05
35 4 6.21886679809e-06
35 5 0.000155471669952
35 6 0.0
35 7 0.000223879204731
35 8 0.0
35 9 5.59698011828e-05
35 10 6.21886679809e-06
35 11 0.000398007475078
35 12 6.21886679809e-06
35 13 2.48754671924e-05
35 14 0.0
35 15 2.48754671924e-05
35 16 0.0
35 17 0.000155471669952
35 18 0.0
35 19 6.21886679809e-06
35 20 0.0
35 21 2.48754671924e-05
35 22 6.21886679809e-06
35 23 0.0
35 24 6.21886679809e-06
35 25 6.21886679809e-06
35 26 0.0
35 27 0.0
35 28 0.0
35 29 0.000155471669952
35 30 0.0
35 31 0.000155471669952
35 32 0.0
35 33 5.59698011828e-05
35 34 0.0
35 35 0.0
35 36 6.21886679809e-06
35 37 0.000503728210645
35 38 0.0
35 39 0.000155471669952
35 40 6.21886679809e-06
35 41 2.48754671924e-05
35 42 0.0
35 43 6.21886679809e-06
35 44 6.21886679809e-06
35 45 6.21886679809e-06
35 46 6.21886679809e-06
35 47 6.21886679809e-06
35 48 6.21886679809e-06
35 49 6.21886679809e-06
35 50 6.21886679809e-06
35 51 6.21886679809e-06
35 52 6.21886679809e-06
35 53 6.21886679809e-06
35 54 6.21886679809e-06
35 55 6.21886679809e-06
35 56 6.21886679809e-06
35 57 0.0
35 58 0.0
35 59 0.0
35 60 0.0
35 61 0.0
35 62 0.0
35 63 0.0
35 64 0.0
35 65 0.0
35 66 0.0
35 67 0.0
35 68 0.0
35 69 0.0
35 70 0.0
35 71 0.0
35 72 0.0
35 73 0.0
35 74 0.0
35 75 0.0
35 76 0.0
35 77 0.0
35 78 0.0
35 79 0.0
35 80 0.0
35 81 0.0
35 82 0.0
35 83 0.0
35 84 0.0
35 85 0.0
35 86 0.0
35 87 0.0
35 88 0.0
35 89 0.0
35 90 0.0
35 91 0.0
35 92 6.21886679809e-06
35 93 6.21886679809e-06
35 94 6.21886679809e-06
35 95 6.21886679809e-06
35 96 6.21886679809e-06
35 97 6.21886679809e-06
35 98 6.21886679809e-06
35 99 6.21886679809e-06
35 100 0.0
35 101 0.0
35 102 0.0
35 103 0.0
35 104 0.0
35 105 0.0
35 106 0.0
35 107 0.0
35 108 0.0
35 109 0.0
35 110 0.0
35 111 0.0
35 112 0.0
35 113 0.0
35 114 0.0
35 115 0.0
35 116 0.0
35 117 0.0
35 118 0.0
35 119 0.0
35 120 0.0
35 121 0.0
35 122 0.0
35 123 0.0
35 124 0.0
35 125 0.0
35 126 0.0
35 127 0.0
35 128 0.0
35 129 0.0
35 130 0.0
35 131 0.0
35 132 0.0
35 133 0.0
35 134 0.0
35 135 6.21886679809e-06
35 136 6.21886679809e-06
35 137 6.21886679809e-06
35 138 6.21886679809e-06
35 139 6.21886679809e-06
35 140 6.21886679809e-06
35 141 6.21886679809e-06
35 142 6.21886679809e-06
35 143 0.0
35 144 0.0
35 145 0.0
35 146 0.0
35 147 0.0
35 148 0.0
35 149 0.0
35 150 6.21886679809e-06
35 151 0.0
35 152 0.0
35 153 0.0
35 154 0.0
35 155 0.0
35 156 0.0
35 157 0.0
35 158 0.0
35 159 0.0
35 160 0.0
35 161 0.0
35 162 0.0
35 163 0.0
35 164 0.0
35 165 0.0
35 166 0.0
35 167 0.0
35 168 0.0
35 169 0.0
35 170 0.0
35 171 0.0
35 172 0.0
35 173 0.0
35 174 0.0
35 175 0.0
35 176 0.0
35 177 0.0
35 178 0.0
35 179 0.0
35 180 0.0
35 181 0.0
35 182 0.0
35 183 0.0
35 184 6.21886679809e-06
35 185 0.0
35 186 0.0
35 187 0.0
35 188 0.0
35 189 0.0
35 190 0.0
35 191 0.0
35 192 0.0
35 193 0.0
35 194 0.0
35 195 0.0
35 196 0.0
35 197 0.0
35 198 0.0
35 199 0.0
35 200 6.21886679809e-06
35 201 0.0
35 202 0.0
35 203 0.0
35 204 0.0
35 205 0.0
35 206 0.0
35 207 0.0
35 208 0.0
35 209 0.0
35 210 0.0
35 211 0.0
35 212 0.0
35 213 6.21886679809e-06
35 214 6.21886679809e-06
35 215 6.21886679809e-06
35 216 6.21886679809e-06
35 217 6.21886679809e-06
35 218 6.21886679809e-06
35 219 6.21886679809e-06
35 220 6.21886679809e-06
35 221 2.48754671924e-05
35 222 2.48754671924e-05
35 223 2.48754671924e-05
35 224 2.48754671924e-05
35 225 2.48754671924e-05
35 226 2.48754671924e-05
35 227 2.48754671924e-05
35 228 6.21886679809e-06
35 229 0.0
35 230 0.0
35 231 0.0
35 232 0.0
35 233 0.0
35 234 0.0
35 235 0.0
35 236 0.0
35 237 0.0
35 238 0.0
35 239 0.0
35 240 0.0
35 241 0.0
35 242 0.0
35 243 0.0
35 244 0.0
35 245 0.0
35 246 0.0
35 247 0.0
35 248 0.0
35 249 0.0
35 250 0.0
35 251 0.0
35 252 0.0
35 253 0.0
35 254 0.0
35 255 0.0
35 256 0.0
35 257 0.0
35 258 0.0
35 259 0.0
35 260 0.0
35 261 0.0
35 262 0.0
35 263 6.21886679809e-06
35 264 6.21886679809e-06
35 265 6.21886679809e-06
35 266 6.21886679809e-06
35 267 6.21886679809e-06
35 268 6.21886679809e-06
35 269 6.21886679809e-06
35 270 6.21886679809e-06
35 271 0.0
35 272 0.0
35 273 0.0
35 274 0.0
35 275 0.0
35 276 0.0
35 277 0.0
35 278 6.21886679809e-06
35 279 6.21886679809e-06
35 280 6.21886679809e-06
35 281 6.21886679809e-06
35 282 6.21886679809e-06
35 283 6.21886679809e-06
35 284 6.21886679809e-06
35 285 0.0
35 286 0.0
35 287 0.0
35 288 0.0
35 289 0.0
35 290 0.0
35 291 0.0
35 292 0.0
35 293 0.0
35 294 0.0
35 295 0.0
35 296 0.0
35 297 0.0
35 298 0.0
35 299 0.0
35 300 0.0
35 301 0.0
35 302 0.0
35 303 0.0
35 304 0.0
35 305 6.21886679809e-06
35 306 0.0
35 307 0.0
35 308 0.0
35 309 0.0
35 310 0.0
35 311 0.0
35 312 0.0
35 313 0.0
35 314 6.21886679809e-06
35 315 0.0
35 316 0.0
35 317 0.0
35 318 0.0
35 319 0.0
35 320 0.0
35 321 0.0
35 322 0.0
35 323 0.0
35 324 0.0
35 325 0.0
35 326 0.0
35 327 0.0
35 328 0.0
35 329 0.0
35 330 0.0
35 331 0.0
35 332 0.0
35 333 0.0
35 334 0.0
35 335 0.0
35 336 0.0
35 337 0.0
35 338 0.0
35 339 0.0
35 340 0.0
35 341 0.0
35 342 0.0
35 343 0.0
35 344 0.0
35 345 0.0
35 346 0.0
35 347 0.0
35 348 6.21886679809e-06
35 349 0.0
35 350 0.0
35 351 0.0
35 352 0.0
35 353 0.0
35 354 0.0
35 355 0.0
35 356 6.21886679809e-06
35 357 2.48754671924e-05
35 358 6.21886679809e-06
35 359 6.21886679809e-06
35 360 6.21886679809e-06
35 361 6.21886679809e-06
35 362 2.48754671924e-05
35 363 2.48754671924e-05
35 364 0.0
35 365 2.48754671924e-05
35 366 5.59698011828e-05
35 367 0.0
35 368 2.48754671924e-05
35 369 0.000223879204731
35 370 5.59698011828e-05
35 371 0.000503728210645
35 372 0.0
35 373 0.000223879204731
35 374 2.48754671924e-05
35 375 6.21886679809e-06
35 376 0.0
35 377 6.21886679809e-06
35 378 0.0
35 379 6.21886679809e-06
35 380 0.0
35 381 5.59698011828e-05
35 382 0.0
35 383 5.59698011828e-05
35 384 6.21886679809e-06
35 385 6.21886679809e-06
35 386 6.21886679809e-06
35 387 2.48754671924e-05
35 388 6.21886679809e-06
35 389 2.48754671924e-05
35 390 6.21886679809e-06
35 391 9.95018687695e-05
35 392 0.0
35 393 9.95018687695e-05
35 394 6.21886679809e-06
35 395 2.48754671924e-05
35 396 0.0
35 397 6.21886679809e-06
35 398 6.21886679809e-06
35 399 2.48754671924e-05
35 400 0.0
36 0 0.0
36 1 2.48754671924e-05
36 2 0.0
36 3 2.48754671924e-05
36 4 0.0
36 5 0.000223879204731
36 6 0.0
36 7 0.000304724473107
36 8 0.0
36 9 2.48754671924e-05
36 10 0.0
36 11 0.000503728210645
36 12 0.0
36 13 5.59698011828e-05
36 14 0.0
36 15 2.48754671924e-05
36 16 0.0
36 17 0.000155471669952
36 18 0.0
36 19 6.21886679809e-06
36 20 0.0
36 21 2.48754671924e-05
36 22 0.0
36 23 6.21886679809e-06
36 24 0.0
36 25 6.21886679809e-06
36 26 0.0
36 27 5.59698011828e-05
36 28 0.0
36 29 0.000304724473107
36 30 0.0
36 31 0.000155471669952
36 32 0.0
36 33 6.21886679809e-06
36 34 0.0
36 35 0.0
36 36 0.0
36 37 9.95018687695e-05
36 38 0.0
36 39 5.59698011828e-05
36 40 0.0
36 41 2.48754671924e-05
36 42 0.0
36 43 6.21886679809e-06
36 44 0.0
36 45 0.0
36 46 0.0
36 47 6.21886679809e-06
36 48 0.0
36 49 2.48754671924e-05
36 50 0.0
36 51 6.21886679809e-06
36 52 0.0
36 53 0.0
36 54 0.0
36 55 0.0
36 56 0.0
36 57 0.0
36 58 0.0
36 59 0.0
36 60 0.0
36 61 0.0
36 62 0.0
36 63 0.0
36 64 0.0
36 65 0.0
36 66 0.0
36 67 0.0
36 68 0.0
36 69 0.0
36 70 0.0
36 71 0.0
36 72 0.0
36 73 0.0
36 74 0.0
36 75 0.0
36 76 0.0
36 77 0.0
36 78 0.0
36 79 0.0
36 80 0.0
36 81 0.0
36 82 0.0
36 83 0.0
36 84 0.0
36 85 0.0
36 86 0.0
36 87 0.0
36 88 0.0
36 89 0.0
36 90 0.0
36 91 0.0
36 92 0.0
36 93 6.21886679809e-06
36 94 0.0
36 95 0.0
36 96 0.0
36 97 0.0
36 98 0.0
36 99 2.48754671924e-05
36 100 0.0
36 101 6.21886679809e-06
36 102 0.0
36 103 6.21886679809e-06
36 104 0.0
36 105 0.0
36 106 0.0
36 107 0.0
36 108 0.0
36 109 0.0
36 110 0.0
36 111 6.21886679809e-06
36 112 0.0
36 113 0.0
36 114 0.0
36 115 0.0
36 116 0.0
36 117 0.0
36 118 0.0
36 119 0.0
36 120 0.0
36 121 6.21886679809e-06
36 122 0.0
36 123 6.21886679809e-06
36 124 0.0
36 125 0.0
36 126 0.0
36 127 0.0
36 128 0.0
36 129 0.0
36 130 0.0
36 131 0.0
36 132 0.0
36 133 0.0
36 134 0.0
36 135 0.0
36 136 0.0
36 137 0.0
36 138 0.0
36 139 0.0
36 140 0.0
36 141 6.21886679809e-06
36 142 0.0
36 143 6.21886679809e-06
36 144 0.0
36 145 6.21886679809e-06
36 146 0.0
36 147 0.0
36 148 0.0
36 149 6.21886679809e-06
36 150 0.0
36 151 0.0
36 152 0.0
36 153 0.0
36 154 0.0
36 155 0.0
36 156 0.0
36 157 6.21886679809e-06
36 158 0.0
36 159 0.0
36 160 0.0
36 161 6.21886679809e-06
36 162 0.0
36 163 0.0
36 164 0.0
36 165 0.0
36 166 0.0
36 167 0.0
36 168 0.0
36 169 0.0
36 170 0.0
36 171 0.0
36 172 0.0
36 173 6.21886679809e-06
36 174 0.0
36 175 0.0
36 176 0.0
36 177 0.0
36 178 0.0
36 179 0.0
36 180 0.0
36 181 0.0
36 182 0.0
36 183 6.21886679809e-06
36 184 0.0
36 185 6.21886679809e-06
36 186 0.0
36 187 0.0
36 188 0.0
36 189 0.0
36 190 0.0
36 191 0.0
36 192 0.0
36 193 0.0
36 194 0.0
36 195 0.0
36 196 0.0
36 197 0.0
36 198 0.0
36 199 6.21886679809e-06
36 200 0.0
36 201 6.21886679809e-06
36 202 0.0
36 203 0.0
36 204 0.0
36 205 0.0
36 206 0.0
36 207 0.0
36 208 0.0
36 209 0.0
36 210 0.0
36 211 0.0
36 212 0.0
36 213 0.0
36 214 0.0
36 215 0.0
36 216 0.0
36 217 0.0
36 218 0.0
36 219 0.0
36 220 0.0
36 221 0.0
36 222 0.0
36 223 0.0
36 224 0.0
36 225 0.0
36 226 0.0
36 227 0.0
36 228 0.0
36 229 0.0
36 230 0.0
36 231 0.0
36 232 0.0
36 233 0.0
36 234 0.0
36 235 0.0
36 236 0.0
36 237 0.0
36 238 0.0
36 239 0.0
36 240 0.0
36 241 0.0
36 242 0.0
36 243 0.0
36 244 0.0
36 245 0.0
36 246 0.0
36 247 0.0
36 248 0.0
36 249 0.0
36 250 0.0
36 251 0.0
36 252 0.0
36 253 0.0
36 254 0.0
36 255 0.0
36 256 0.0
36 257 0.0
36 258 0.0
36 259 0.0
36 260 0.0
36 261 0.0
36 262 0.0
36 263 0.0
36 264 0.0
36 265 0.0
36 266 0.0
36 267 0.0
36 268 0.0
36 269 0.0
36 270 0.0
36 271 0.0
36 272 0.0
36 273 0.0
36 274 0.0
36 275 0.0
36 276 0.0
36 277 6.21886679809e-06
36 278 0.0
36 279 0.0
36 280 0.0
36 281 6.21886679809e-06
36 282 0.0
36 283 0.0
36 284 0.0
36 285 0.0
36 286 0.0
36 287 6.21886679809e-06
36 288 0.0
36 289 0.0
36 290 0.0
36 291 6.21886679809e-06
36 292 0.0
36 293 6.21886679809e-06
36 294 0.0
36 295 0.0
36 296 0.0
36 297 0.0
36 298 0.0
36 299 0.0
36 300 0.0
36 301 0.0
36 302 0.0
36 303 6.21886679809e-06
36 304 0.0
36 305 0.0
36 306 0.0
36 307 0.0
36 308 0.0
36 309 0.0
36 310 0.0
36 311 0.0
36 312 0.0
36 313 6.21886679809e-06
36 314 0.0
36 315 6.21886679809e-06
36 316 0.0
36 317 0.0
36 318 0.0
36 319 0.0
36 320 0.0
36 321 0.0
36 322 0.0
36 323 0.0
36 324 0.0
36 325 6.21886679809e-06
36 326 0.0
36 327 0.0
36 328 0.0
36 329 0.0
36 330 0.0
36 331 6.21886679809e-06
36 332 0.0
36 333 0.0
36 334 0.0
36 335 0.0
36 336 0.0
36 337 0.0
36 338 0.0
36 339 0.0
36 340 0.0
36 341 0.0
36 342 0.0
36 343 0.0
36 344 0.0
36 345 0.0
36 346 0.0
36 347 0.0
36 348 0.0
36 349 6.21886679809e-06
36 350 0.0
36 351 0.0
36 352 0.0
36 353 6.21886679809e-06
36 354 0.0
36 355 6.21886679809e-06
36 356 0.0
36 357 6.21886679809e-06
36 358 0.0
36 359 0.0
36 360 0.0
36 361 0.0
36 362 0.0
36 363 6.21886679809e-06
36 364 0.0
36 365 6.21886679809e-06
36 366 0.0
36 367 0.0
36 368 0.0
36 369 2.48754671924e-05
36 370 0.0
36 371 0.000223879204731
36 372 0.0
36 373 0.000398007475078
36 374 0.0
36 375 9.95018687695e-05
36 376 0.0
36 377 6.21886679809e-06
36 378 0.0
36 379 0.0
36 380 0.0
36 381 5.59698011828e-05
36 382 0.0
36 383 2.48754671924e-05
36 384 0.0
36 385 5.59698011828e-05
36 386 0.0
36 387 5.59698011828e-05
36 388 0.0
36 389 6.21886679809e-06
36 390 0.0
36 391 9.95018687695e-05
36 392 0.0
36 393 6.21886679809e-06
36 394 0.0
36 395 5.59698011828e-05
36 396 0.0
36 397 5.59698011828e-05
36 398 0.0
36 399 2.48754671924e-05
36 400 0.0
37 0 0.0
37 1 2.48754671924e-05
37 2 0.0
37 3 2.48754671924e-05
37 4 0.0
37 5 0.000155471669952
37 6 0.0
37 7 0.000223879204731
37 8 0.0
37 9 2.48754671924e-05
37 10 0.0
37 11 0.000503728210645
37 12 0.0
37 13 5.59698011828e-05
37 14 0.0
37 15 2.48754671924e-05
37 16 0.0
37 17 0.000155471669952
37 18 0.0
37 19 6.21886679809e-06
37 20 0.0
37 21 2.48754671924e-05
37 22 0.0
37 23 6.21886679809e-06
37 24 0.0
37 25 6.21886679809e-06
37 26 0.0
37 27 5.59698011828e-05
37 28 0.0
37 29 0.000503728210645
37 30 2.48754671924e-05
37 31 0.000304724473107
37 32 6.21886679809e-06
37 33 6.21886679809e-06
37 34 0.0
37 35 0.0
37 36 0.0
37 37 2.48754671924e-05
37 38 2.48754671924e-05
37 39 0.000155471669952
37 40 0.000223879204731
37 41 0.000155471669952
37 42 0.000223879204731
37 43 0.000223879204731
37 44 0.000223879204731
37 45 0.000155471669952
37 46 0.000223879204731
37 47 0.000223879204731
37 48 0.000223879204731
37 49 9.95018687695e-05
37 50 0.000223879204731
37 51 0.000155471669952
37 52 0.000223879204731
37 53 0.000223879204731
37 54 0.000223879204731
37 55 0.000223879204731
37 56 0.000223879204731
37 57 0.000223879204731
37 58 0.000223879204731
37 59 0.000223879204731
37 60 0.000223879204731
37 61 0.000223879204731
37 62 0.000223879204731
37 63 0.000223879204731
37 64 0.000223879204731
37 65 0.000223879204731
37 66 0.000223879204731
37 67 0.000223879204731
37 68 0.000223879204731
37 69 0.000223879204731
37 70 0.000223879204731
37 71 0.000223879204731
37 72 0.000223879204731
37 73 0.000223879204731
37 74 0.000223879204731
37 75 0.000223879204731
37 76 0.000223879204731
37 77 0.000223879204731
37 78 0.000223879204731
37 79 0.000223879204731
37 80 0.000223879204731
37 81 0.000223879204731
37 82 0.000223879204731
37 83 0.000223879204731
37 84 0.000223879204731
37 85 0.000223879204731
37 86 0.000223879204731
37 87 0.000223879204731
37 88 0.000223879204731
37 89 0.000223879204731
37 90 0.000223879204731
37 91 0.000223879204731
37 92 0.000223879204731
37 93 0.000155471669952
37 94 0.000223879204731
37 95 0.000223879204731
37 96 0.000223879204731
37 97 0.000223879204731
37 98 0.000223879204731
37 99 9.95018687695e-05
37 100 0.000223879204731
37 101 0.000223879204731
37 102 0.000304724473107
37 103 0.000223879204731
37 104 0.000304724473107
37 105 0.000304724473107
37 106 0.000304724473107
37 107 0.000223879204731
37 108 0.000223879204731
37 109 0.000223879204731
37 110 0.000223879204731
37 111 0.000155471669952
37 112 0.000223879204731
37 113 0.000223879204731
37 114 0.000223879204731
37 115 0.000223879204731
37 116 0.000223879204731
37 117 0.000223879204731
37 118 0.000223879204731
37 119 0.000223879204731
37 120 0.000223879204731
37 121 0.000155471669952
37 122 0.000223879204731
37 123 0.000155471669952
37 124 0.000223879204731
37 125 0.000223879204731
37 126 0.000223879204731
37 127 0.000223879204731
37 128 0.000223879204731
37 129 0.000223879204731
37 130 0.000223879204731
37 131 0.000223879204731
37 132 0.000223879204731
37 133 0.000223879204731
37 134 0.000223879204731
37 135 0.000223879204731
37 136 0.000223879204731
37 137 0.000223879204731
37 138 0.000223879204731
37 139 0.000223879204731
37 140 0.000223879204731
37 141 0.000155471669952
37 142 0.000223879204731
37 143 0.000223879204731
37 144 0.000304724473107
37 145 0.000223879204731
37 146 0.000304724473107
37 147 0.000304724473107
37 148 0.000304724473107
37 149 0.000223879204731
37 150 0.000223879204731
37 151 0.000223879204731
37 152 0.000223879204731
37 153 0.000223879204731
37 154 0.000223879204731
37 155 0.000223879204731
37 156 0.000223879204731
37 157 0.000223879204731
37 158 0.000304724473107
37 159 0.000304724473107
37 160 0.000304724473107
37 161 0.000223879204731
37 162 0.000304724473107
37 163 0.000304724473107
37 164 0.000304724473107
37 165 0.000304724473107
37 166 0.000304724473107
37 167 0.000304724473107
37 168 0.000304724473107
37 169 0.000304724473107
37 170 0.000304724473107
37 171 0.000223879204731
37 172 0.000223879204731
37 173 0.000155471669952
37 174 0.000223879204731
37 175 0.000223879204731
37 176 0.000223879204731
37 177 0.000223879204731
37 178 0.000223879204731
37 179 0.000223879204731
37 180 0.000223879204731
37 181 0.000223879204731
37 182 0.000223879204731
37 183 0.000155471669952
37 184 0.000223879204731
37 185 0.000223879204731
37 186 0.000304724473107
37 187 0.000304724473107
37 188 0.000304724473107
37 189 0.000304724473107
37 190 0.000304724473107
37 191 0.000304724473107
37 192 0.000304724473107
37 193 0.000304724473107
37 194 0.000304724473107
37 195 0.000304724473107
37 196 0.000304724473107
37 197 0.000304724473107
37 198 0.000304724473107
37 199 0.000223879204731
37 200 0.000223879204731
37 201 0.000155471669952
37 202 0.000223879204731
37 203 0.000223879204731
37 204 0.000223879204731
37 205 0.000223879204731
37 206 0.000223879204731
37 207 0.000223879204731
37 208 0.000223879204731
37 209 0.000223879204731
37 210 0.000223879204731
37 211 0.000223879204731
37 212 0.000223879204731
37 213 0.000223879204731
37 214 0.000223879204731
37 215 0.000223879204731
37 216 0.000223879204731
37 217 0.000223879204731
37 218 0.000223879204731
37 219 0.000223879204731
37 220 0.000223879204731
37 221 0.000223879204731
37 222 0.000223879204731
37 223 0.000223879204731
37 224 0.000223879204731
37 225 0.000223879204731
37 226 0.000223879204731
37 227 0.000223879204731
37 228 0.000223879204731
37 229 0.000223879204731
37 230 0.000223879204731
37 231 0.000223879204731
37 232 0.000223879204731
37 233 0.000223879204731
37 234 0.000223879204731
37 235 0.000223879204731
37 236 0.000223879204731
37 237 0.000223879204731
37 238 0.000223879204731
37 239 0.000223879204731
37 240 0.000223879204731
37 241 0.000223879204731
37 242 0.000223879204731
37 243 0.000223879204731
37 244 0.000223879204731
37 245 0.000223879204731
37 246 0.000223879204731
37 247 0.000223879204731
37 248 0.000223879204731
37 249 0.000223879204731
37 250 0.000223879204731
37 251 0.000223879204731
37 252 0.000223879204731
37 253 0.000223879204731
37 254 0.000223879204731
37 255 0.000223879204731
37 256 0.000223879204731
37 257 0.000223879204731
37 258 0.000223879204731
37 259 0.000223879204731
37 260 0.000223879204731
37 261 0.000223879204731
37 262 0.000223879204731
37 263 0.000223879204731
37 264 0.000223879204731
37 265 0.000223879204731
37 266 0.000223879204731
37 267 0.000223879204731
37 268 0.000223879204731
37 269 0.000223879204731
37 270 0.000223879204731
37 271 0.000223879204731
37 272 0.000223879204731
37 273 0.000223879204731
37 274 0.000223879204731
37 275 0.000223879204731
37 276 0.000223879204731
37 277 0.000304724473107
37 278 0.000223879204731
37 279 0.000223879204731
37 280 0.000223879204731
37 281 0.000155471669952
37 282 0.000223879204731
37 283 0.000223879204731
37 284 0.000223879204731
37 285 0.000304724473107
37 286 0.000304724473107
37 287 0.000223879204731
37 288 0.000304724473107
37 289 0.000304724473107
37 290 0.000304724473107
37 291 0.000223879204731
37 292 0.000223879204731
37 293 0.000155471669952
37 294 0.000223879204731
37 295 0.000223879204731
37 296 0.000223879204731
37 297 0.000223879204731
37 298 0.000223879204731
37 299 0.000223879204731
37 300 0.000223879204731
37 301 0.000223879204731
37 302 0.000223879204731
37 303 0.000155471669952
37 304 0.000223879204731
37 305 0.000223879204731
37 306 0.000304724473107
37 307 0.000304724473107
37 308 0.000304724473107
37 309 0.000304724473107
37 310 0.000304724473107
37 311 0.000304724473107
37 312 0.000304724473107
37 313 0.000223879204731
37 314 0.000223879204731
37 315 0.000155471669952
37 316 0.000223879204731
37 317 0.000223879204731
37 318 0.000223879204731
37 319 0.000223879204731
37 320 0.000223879204731
37 321 0.000223879204731
37 322 0.000223879204731
37 323 0.000223879204731
37 324 0.000223879204731
37 325 0.000155471669952
37 326 0.000223879204731
37 327 0.000223879204731
37 328 0.000304724473107
37 329 0.000304724473107
37 330 0.000304724473107
37 331 0.000223879204731
37 332 0.000304724473107
37 333 0.000304724473107
37 334 0.000304724473107
37 335 0.000223879204731
37 336 0.000223879204731
37 337 0.000223879204731
37 338 0.000223879204731
37 339 0.000223879204731
37 340 0.000223879204731
37 341 0.000223879204731
37 342 0.000223879204731
37 343 0.000223879204731
37 344 0.000223879204731
37 345 0.000223879204731
37 346 0.000223879204731
37 347 0.000223879204731
37 348 0.000223879204731
37 349 0.000223879204731
37 350 0.000304724473107
37 351 0.000304724473107
37 352 0.000304724473107
37 353 0.000223879204731
37 354 0.000304724473107
37 355 0.000304724473107
37 356 0.000304724473107
37 357 0.000223879204731
37 358 0.000223879204731
37 359 0.000155471669952
37 360 0.000223879204731
37 361 0.000155471669952
37 362 0.000223879204731
37 363 0.000155471669952
37 364 9.95018687695e-05
37 365 5.59698011828e-05
37 366 2.48754671924e-05
37 367 5.59698011828e-05
37 368 6.21886679809e-06
37 369 5.59698011828e-05
37 370 6.21886679809e-06
37 371 0.000223879204731
37 372 6.21886679809e-06
37 373 0.000223879204731
37 374 6.21886679809e-06
37 375 9.95018687695e-05
37 376 0.0
37 377 6.21886679809e-06
37 378 0.0
37 379 0.0
37 380 6.21886679809e-06
37 381 2.48754671924e-05
37 382 6.21886679809e-06
37 383 5.59698011828e-05
37 384 0.0
37 385 5.59698011828e-05
37 386 0.0
37 387 5.59698011828e-05
37 388 0.0
37 389 6.21886679809e-06
37 390 0.0
37 391 9.95018687695e-05
37 392 0.0
37 393 6.21886679809e-06
37 394 0.0
37 395 9.95018687695e-05
37 396 6.21886679809e-06
37 397 2.48754671924e-05
37 398 0.0
37 399 6.21886679809e-06
37 400 0.0
38 0 0.0
38 1 2.48754671924e-05
38 2 0.0
38 3 2.48754671924e-05
38 4 0.0
38 5 0.000155471669952
38 6 0.0
38 7 0.000223879204731
38 8 0.0
38 9 2.48754671924e-05
38 10 0.0
38 11 0.000503728210645
38 12 0.0
38 13 5.59698011828e-05
38 14 0.0
38 15 2.48754671924e-05
38 16 0.0
38 17 0.000155471669952
38 18 0.0
38 19 6.21886679809e-06
38 20 0.0
38 21 2.48754671924e-05
38 22 0.0
38 23 6.21886679809e-06
38 24 0.0
38 25 6.21886679809e-06
38 26 0.0
38 27 2.48754671924e-05
38 28 0.0
38 29 0.000398007475078
38 30 0.0
38 31 9.95018687695e-05
38 32 0.0
38 33 5.59698011828e-05
38 34 0.0
38 35 0.0
38 36 0.0
38 37 2.48754671924e-05
38 38 0.0
38 39 2.48754671924e-05
38 40 0.0
38 41 0.0
38 42 0.0
38 43 0.0
38 44 0.0
38 45 0.0
38 46 0.0
38 47 0.0
38 48 0.0
38 49 2.48754671924e-05
38 50 0.0
38 51 6.21886679809e-06
38 52 0.0
38 53 0.0
38 54 0.0
38 55 0.0
38 56 0.0
38 57 0.0
38 58 0.0
38 59 0.0
38 60 0.0
38 61 0.0
38 62 0.0
38 63 0.0
38 64 0.0
38 65 0.0
38 66 0.0
38 67 0.0
38 68 0.0
38 69 0.0
38 70 0.0
38 71 0.0
38 72 0.0
38 73 0.0
38 74 0.0
38 75 0.0
38 76 0.0
38 77 0.0
38 78 0.0
38 79 0.0
38 80 0.0
38 81 0.0
38 82 0.0
38 83 0.0
38 84 0.0
38 85 0.0
38 86 0.0
38 87 0.0
38 88 0.0
38 89 0.0
38 90 0.0
38 91 0.0
38 92 0.0
38 93 6.21886679809e-06
38 94 0.0
38 95 0.0
38 96 0.0
38 97 0.0
38 98 0.0
38 99 0.0
38 100 0.0
38 101 6.21886679809e-06
38 102 0.0
38 103 0.0
38 104 0.0
38 105 0.0
38 106 0.0
38 107 0.0
38 108 0.0
38 109 0.0
38 110 0.0
38 111 6.21886679809e-06
38 112 0.0
38 113 0.0
38 114 0.0
38 115 0.0
38 116 0.0
38 117 0.0
38 118 0.0
38 119 0.0
38 120 0.0
38 121 6.21886679809e-06
38 122 0.0
38 123 6.21886679809e-06
38 124 0.0
38 125 0.0
38 126 0.0
38 127 0.0
38 128 0.0
38 129 0.0
38 130 0.0
38 131 0.0
38 132 0.0
38 133 0.0
38 134 0.0
38 135 0.0
38 136 0.0
38 137 0.0
38 138 0.0
38 139 0.0
38 140 0.0
38 141 0.0
38 142 0.0
38 143 0.0
38 144 0.0
38 145 0.0
38 146 0.0
38 147 0.0
38 148 0.0
38 149 0.0
38 150 0.0
38 151 0.0
38 152 0.0
38 153 0.0
38 154 0.0
38 155 0.0
38 156 0.0
38 157 0.0
38 158 0.0
38 159 0.0
38 160 0.0
38 161 0.0
38 162 0.0
38 163 0.0
38 164 0.0
38 165 0.0
38 166 0.0
38 167 0.0
38 168 0.0
38 169 0.0
38 170 0.0
38 171 0.0
38 172 0.0
38 173 0.0
38 174 0.0
38 175 0.0
38 176 0.0
38 177 0.0
38 178 0.0
38 179 0.0
38 180 0.0
38 181 0.0
38 182 0.0
38 183 0.0
38 184 0.0
38 185 0.0
38 186 0.0
38 187 0.0
38 188 0.0
38 189 0.0
38 190 0.0
38 191 0.0
38 192 0.0
38 193 0.0
38 194 0.0
38 195 0.0
38 196 0.0
38 197 0.0
38 198 0.0
38 199 0.0
38 200 0.0
38 201 0.0
38 202 0.0
38 203 0.0
38 204 0.0
38 205 0.0
38 206 0.0
38 207 0.0
38 208 0.0
38 209 0.0
38 210 0.0
38 211 0.0
38 212 0.0
38 213 0.0
38 214 0.0
38 215 0.0
38 216 0.0
38 217 0.0
38 218 0.0
38 219 0.0
38 220 0.0
38 221 0.0
38 222 0.0
38 223 0.0
38 224 0.0
38 225 0.0
38 226 0.0
38 227 0.0
38 228 0.0
38 229 0.0
38 230 0.0
38 231 0.0
38 232 0.0
38 233 0.0
38 234 0.0
38 235 0.0
38 236 0.0
38 237 0.0
38 238 0.0
38 239 0.0
38 240 0.0
38 241 0.0
38 242 0.0
38 243 0.0
38 244 0.0
38 245 0.0
38 246 0.0
38 247 0.0
38 248 0.0
38 249 0.0
38 250 0.0
38 251 0.0
38 252 0.0
38 253 0.0
38 254 0.0
38 255 0.0
38 256 0.0
38 257 0.0
38 258 0.0
38 259 0.0
38 260 0.0
38 261 0.0
38 262 0.0
38 263 0.0
38 264 0.0
38 265 0.0
38 266 0.0
38 267 0.0
38 268 0.0
38 269 0.0
38 270 0.0
38 271 0.0
38 272 0.0
38 273 0.0
38 274 0.0
38 275 0.0
38 276 0.0
38 277 6.21886679809e-06
38 278 0.0
38 279 0.0
38 280 0.0
38 281 6.21886679809e-06
38 282 0.0
38 283 0.0
38 284 0.0
38 285 0.0
38 286 0.0
38 287 6.21886679809e-06
38 288 0.0
38 289 0.0
38 290 0.0
38 291 0.0
38 292 0.0
38 293 0.0
38 294 0.0
38 295 0.0
38 296 0.0
38 297 0.0
38 298 0.0
38 299 0.0
38 300 0.0
38 301 0.0
38 302 0.0
38 303 0.0
38 304 0.0
38 305 0.0
38 306 0.0
38 307 0.0
38 308 0.0
38 309 0.0
38 310 0.0
38 311 0.0
38 312 0.0
38 313 0.0
38 314 0.0
38 315 0.0
38 316 0.0
38 317 0.0
38 318 0.0
38 319 0.0
38 320 0.0
38 321 0.0
38 322 0.0
38 323 0.0
38 324 0.0
38 325 0.0
38 326 0.0
38 327 0.0
38 328 0.0
38 329 0.0
38 330 0.0
38 331 0.0
38 332 0.0
38 333 0.0
38 334 0.0
38 335 0.0
38 336 0.0
38 337 0.0
38 338 0.0
38 339 0.0
38 340 0.0
38 341 0.0
38 342 0.0
38 343 0.0
38 344 0.0
38 345 0.0
38 346 0.0
38 347 0.0
38 348 0.0
38 349 0.0
38 350 0.0
38 351 0.0
38 352 0.0
38 353 0.0
38 354 0.0
38 355 0.0
38 356 0.0
38 357 0.0
38 358 0.0
38 359 6.21886679809e-06
38 360 0.0
38 361 6.21886679809e-06
38 362 0.0
38 363 6.21886679809e-06
38 364 0.0
38 365 6.21886679809e-06
38 366 0.0
38 367 2.48754671924e-05
38 368 0.0
38 369 2.48754671924e-05
38 370 0.0
38 371 0.000223879204731
38 372 0.0
38 373 0.000304724473107
38 374 0.0
38 375 9.95018687695e-05
38 376 0.0
38 377 6.21886679809e-06
38 378 0.0
38 379 0.0
38 380 0.0
38 381 5.59698011828e-05
38 382 0.0
38 383 5.59698011828e-05
38 384 0.0
38 385 5.59698011828e-05
38 386 0.0
38 387 5.59698011828e-05
38 388 0.0
38 389 6.21886679809e-06
38 390 0.0
38 391 9.95018687695e-05
38 392 0.0
38 393 6.21886679809e-06
38 394 0.0
38 395 5.59698011828e-05
38 396 0.0
38 397 5.59698011828e-05
38 398 0.0
38 399 2.48754671924e-05
38 400 0.0
39 0 0.0
39 1 2.48754671924e-05
39 2 0.0
39 3 2.48754671924e-05
39 4 0.0
39 5 0.000155471669952
39 6 0.0
39 7 0.000223879204731
39 8 0.0
39 9 2.48754671924e-05
39 10 0.0
39 11 0.000503728210645
39 12 0.0
39 13 5.59698011828e-05
39 14 0.0
39 15 2.48754671924e-05
39 16 0.0
39 17 0.000155471669952
39 18 0.0
39 19 6.21886679809e-06
39 20 0.0
39 21 2.48754671924e-05
39 22 0.0
39 23 6.21886679809e-06
39 24 0.0
39 25 6.21886679809e-06
39 26 0.0
39 27 2.48754671924e-05
39 28 0.0
39 29 0.000398007475078
39 30 0.0
39 31 9.95018687695e-05
39 32 0.0
39 33 2.48754671924e-05
39 34 6.21886679809e-06
39 35 0.0
39 36 6.21886679809e-06
39 37 9.95018687695e-05
39 38 2.48754671924e-05
39 39 0.000304724473107
39 40 5.59698011828e-05
39 41 2.48754671924e-05
39 42 5.59698011828e-05
39 43 0.000155471669952
39 44 5.59698011828e-05
39 45 5.59698011828e-05
39 46 5.59698011828e-05
39 47 9.95018687695e-05
39 48 5.59698011828e-05
39 49 0.000155471669952
39 50 5.59698011828e-05
39 51 9.95018687695e-05
39 52 5.59698011828e-05
39 53 5.59698011828e-05
39 54 5.59698011828e-05
39 55 5.59698011828e-05
39 56 5.59698011828e-05
39 57 5.59698011828e-05
39 58 5.59698011828e-05
39 59 5.59698011828e-05
39 60 5.59698011828e-05
39 61 5.59698011828e-05
39 62 5.59698011828e-05
39 63 5.59698011828e-05
39 64 5.59698011828e-05
39 65 5.59698011828e-05
39 66 5.59698011828e-05
39 67 5.59698011828e-05
39 68 5.59698011828e-05
39 69 5.59698011828e-05
39 70 5.59698011828e-05
39 71 5.59698011828e-05
39 72 5.59698011828e-05
39 73 5.59698011828e-05
39 74 5.59698011828e-05
39 75 5.59698011828e-05
39 76 5.59698011828e-05
39 77 5.59698011828e-05
39 78 5.59698011828e-05
39 79 5.59698011828e-05
39 80 5.59698011828e-05
39 81 5.59698011828e-05
39 82 5.59698011828e-05
39 83 5.59698011828e-05
39 84 5.59698011828e-05
39 85 5.59698011828e-05
39 86 5.59698011828e-05
39 87 5.59698011828e-05
39 88 5.59698011828e-05
39 89 5.59698011828e-05
39 90 5.59698011828e-05
39 91 5.59698011828e-05
39 92 5.59698011828e-05
39 93 9.95018687695e-05
39 94 5.59698011828e-05
39 95 5.59698011828e-05
39 96 5.59698011828e-05
39 97 5.59698011828e-05
39 98 5.59698011828e-05
39 99 9.95018687695e-05
39 100 5.59698011828e-05
39 101 9.95018687695e-05
39 102 5.59698011828e-05
39 103 5.59698011828e-05
39 104 5.59698011828e-05
39 105 5.59698011828e-05
39 106 5.59698011828e-05
39 107 5.59698011828e-05
39 108 5.59698011828e-05
39 109 5.59698011828e-05
39 110 5.59698011828e-05
39 111 9.95018687695e-05
39 112 5.59698011828e-05
39 113 5.59698011828e-05
39 114 5.59698011828e-05
39 115 5.59698011828e-05
39 116 5.59698011828e-05
39 117 5.59698011828e-05
39 118 5.59698011828e-05
39 119 5.59698011828e-05
39 120 5.59698011828e-05
39 121 9.95018687695e-05
39 122 5.59698011828e-05
39 123 9.95018687695e-05
39 124 5.59698011828e-05
39 125 5.59698011828e-05
39 126 5.59698011828e-05
39 127 5.59698011828e-05
39 128 5.59698011828e-05
39 129 5.59698011828e-05
39 130 5.59698011828e-05
39 131 5.59698011828e-05
39 132 5.59698011828e-05
39 133 5.59698011828e-05
39 134 5.59698011828e-05
39 135 5.59698011828e-05
39 136 5.59698011828e-05
39 137 5.59698011828e-05
39 138 5.59698011828e-05
39 139 5.59698011828e-05
39 140 5.59698011828e-05
39 141 5.59698011828e-05
39 142 5.59698011828e-05
39 143 5.59698011828e-05
39 144 5.59698011828e-05
39 145 5.59698011828e-05
39 146 5.59698011828e-05
39 147 5.59698011828e-05
39 148 5.59698011828e-05
39 149 5.59698011828e-05
39 150 5.59698011828e-05
39 151 5.59698011828e-05
39 152 5.59698011828e-05
39 153 5.59698011828e-05
39 154 5.59698011828e-05
39 155 5.59698011828e-05
39 156 5.59698011828e-05
39 157 5.59698011828e-05
39 158 5.59698011828e-05
39 159 5.59698011828e-05
39 160 5.59698011828e-05
39 161 5.59698011828e-05
39 162 5.59698011828e-05
39 163 5.59698011828e-05
39 164 5.59698011828e-05
39 165 5.59698011828e-05
39 166 5.59698011828e-05
39 167 5.59698011828e-05
39 168 5.59698011828e-05
39 169 5.59698011828e-05
39 170 5.59698011828e-05
39 171 5.59698011828e-05
39 172 5.59698011828e-05
39 173 5.59698011828e-05
39 174 5.59698011828e-05
39 175 5.59698011828e-05
39 176 5.59698011828e-05
39 177 5.59698011828e-05
39 178 5.59698011828e-05
39 179 5.59698011828e-05
39 180 5.59698011828e-05
39 181 5.59698011828e-05
39 182 5.59698011828e-05
39 183 5.59698011828e-05
39 184 5.59698011828e-05
39 185 5.59698011828e-05
39 186 5.59698011828e-05
39 187 5.59698011828e-05
39 188 5.59698011828e-05
39 189 5.59698011828e-05
39 190 5.59698011828e-05
39 191 5.59698011828e-05
39 192 5.59698011828e-05
39 193 5.59698011828e-05
39 194 5.59698011828e-05
39 195 5.59698011828e-05
39 196 5.59698011828e-05
39 197 5.59698011828e-05
39 198 5.59698011828e-05
39 199 5.59698011828e-05
39 200 5.59698011828e-05
39 201 5.59698011828e-05
39 202 5.59698011828e-05
39 203 5.59698011828e-05
39 204 5.59698011828e-05
39 205 5.59698011828e-05
39 206 5.59698011828e-05
39 207 5.59698011828e-05
39 208 5.59698011828e-05
39 209 5.59698011828e-05
39 210 5.59698011828e-05
39 211 5.59698011828e-05
39 212 5.59698011828e-05
39 213 5.59698011828e-05
39 214 5.59698011828e-05
39 215 5.59698011828e-05
39 216 5.59698011828e-05
39 217 5.59698011828e-05
39 218 5.59698011828e-05
39 219 5.59698011828e-05
39 220 5.59698011828e-05
39 221 5.59698011828e-05
39 222 5.59698011828e-05
39 223 5.59698011828e-05
39 224 5.59698011828e-05
39 225 5.59698011828e-05
39 226 5.59698011828e-05
39 227 5.59698011828e-05
39 228 5.59698011828e-05
39 229 5.59698011828e-05
39 230 5.59698011828e-05
39 231 5.59698011828e-05
39 232 5.59698011828e-05
39 233 5.59698011828e-05
39 234 5.59698011828e-05
39 235 5.59698011828e-05
39 236 5.59698011828e-05
39 237 5.59698011828e-05
39 238 5.59698011828e-05
39 239 5.59698011828e-05
39 240 5.59698011828e-05
39 241 5.59698011828e-05
39 242 5.59698011828e-05
39 243 5.59698011828e-05
39 244 5.59698011828e-05
39 245 5.59698011828e-05
39 246 5.59698011828e-05
39 247 5.59698011828e-05
39 248 5.59698011828e-05
39 249 5.59698011828e-05
39 250 5.59698011828e-05
39 251 5.59698011828e-05
39 252 5.59698011828e-05
39 253 5.59698011828e-05
39 254 5.59698011828e-05
39 255 5.59698011828e-05
39 256 5.59698011828e-05
39 257 5.59698011828e-05
39 258 5.59698011828e-05
39 259 5.59698011828e-05
39 260 5.59698011828e-05
39 261 5.59698011828e-05
39 262 5.59698011828e-05
39 263 5.59698011828e-05
39 264 5.59698011828e-05
39 265 5.59698011828e-05
39 266 5.59698011828e-05
39 267 5.59698011828e-05
39 268 5.59698011828e-05
39 269 5.59698011828e-05
39 270 5.59698011828e-05
39 271 5.59698011828e-05
39 272 5.59698011828e-05
39 273 5.59698011828e-05
39 274 5.59698011828e-05
39 275 5.59698011828e-05
39 276 5.59698011828e-05
39 277 2.48754671924e-05
39 278 5.59698011828e-05
39 279 5.59698011828e-05
39 280 5.59698011828e-05
39 281 9.95018687695e-05
39 282 5.59698011828e-05
39 283 5.59698011828e-05
39 284 5.59698011828e-05
39 285 5.59698011828e-05
39 286 5.59698011828e-05
39 287 9.95018687695e-05
39 288 5.59698011828e-05
39 289 5.59698011828e-05
39 290 5.59698011828e-05
39 291 5.59698011828e-05
39 292 5.59698011828e-05
39 293 5.59698011828e-05
39 294 5.59698011828e-05
39 295 5.59698011828e-05
39 296 5.59698011828e-05
39 297 5.59698011828e-05
39 298 5.59698011828e-05
39 299 5.59698011828e-05
39 300 5.59698011828e-05
39 301 5.59698011828e-05
39 302 5.59698011828e-05
39 303 5.59698011828e-05
39 304 5.59698011828e-05
39 305 5.59698011828e-05
39 306 5.59698011828e-05
39 307 5.59698011828e-05
39 308 5.59698011828e-05
39 309 5.59698011828e-05
39 310 5.59698011828e-05
39 311 5.59698011828e-05
39 312 5.59698011828e-05
39 313 5.59698011828e-05
39 314 5.59698011828e-05
39 315 5.59698011828e-05
39 316 5.59698011828e-05
39 317 5.59698011828e-05
39 318 5.59698011828e-05
39 319 5.59698011828e-05
39 320 5.59698011828e-05
39 321 5.59698011828e-05
39 322 5.59698011828e-05
39 323 5.59698011828e-05
39 324 5.59698011828e-05
39 325 5.59698011828e-05
39 326 5.59698011828e-05
39 327 5.59698011828e-05
39 328 5.59698011828e-05
39 329 5.59698011828e-05
39 330 5.59698011828e-05
39 331 5.59698011828e-05
39 332 5.59698011828e-05
39 333 5.59698011828e-05
39 334 5.59698011828e-05
39 335 5.59698011828e-05
39 336 5.59698011828e-05
39 337 5.59698011828e-05
39 338 5.59698011828e-05
39 339 5.59698011828e-05
39 340 5.59698011828e-05
39 341 5.59698011828e-05
39 342 5.59698011828e-05
39 343 5.59698011828e-05
39 344 5.59698011828e-05
39 345 5.59698011828e-05
39 346 5.59698011828e-05
39 347 5.59698011828e-05
39 348 5.59698011828e-05
39 349 5.59698011828e-05
39 350 5.59698011828e-05
39 351 5.59698011828e-05
39 352 5.59698011828e-05
39 353 5.59698011828e-05
39 354 5.59698011828e-05
39 355 9.95018687695e-05
39 356 5.59698011828e-05
39 357 9.95018687695e-05
39 358 9.95018687695e-05
39 359 9.95018687695e-05
39 360 9.95018687695e-05
39 361 5.59698011828e-05
39 362 9.95018687695e-05
39 363 0.000155471669952
39 364 5.59698011828e-05
39 365 2.48754671924e-05
39 366 6.21886679809e-06
39 367 2.48754671924e-05
39 368 6.21886679809e-06
39 369 5.59698011828e-05
39 370 0.0
39 371 0.000155471669952
39 372 0.0
39 373 0.000398007475078
39 374 6.21886679809e-06
39 375 0.000155471669952
39 376 6.21886679809e-06
39 377 2.48754671924e-05
39 378 0.0
39 379 0.0
39 380 0.0
39 381 5.59698011828e-05
39 382 0.0
39 383 5.59698011828e-05
39 384 6.21886679809e-06
39 385 2.48754671924e-05
39 386 0.0
39 387 5.59698011828e-05
39 388 0.0
39 389 6.21886679809e-06
39 390 0.0
39 391 5.59698011828e-05
39 392 6.21886679809e-06
39 393 2.48754671924e-05
39 394 0.0
39 395 5.59698011828e-05
39 396 0.0
39 397 5.59698011828e-05
39 398 0.0
39 399 2.48754671924e-05
39 400 0.0
40 0 0.0
40 1 2.48754671924e-05
40 2 0.0
40 3 2.48754671924e-05
40 4 0.0
40 5 0.000155471669952
40 6 0.0
40 7 0.000223879204731
40 8 0.0
40 9 2.48754671924e-05
40 10 0.0
40 11 0.000503728210645
40 12 0.0
40 13 5.59698011828e-05
40 14 0.0
40 15 2.48754671924e-05
40 16 0.0
40 17 0.000155471669952
40 18 0.0
40 19 6.21886679809e-06
40 20 0.0
40 21 2.48754671924e-05
40 22 0.0
40 23 6.21886679809e-06
40 24 0.0
40 25 6.21886679809e-06
40 26 0.0
40 27 6.21886679809e-06
40 28 0.0
40 29 0.000304724473107
40 30 0.0
40 31 0.000155471669952
40 32 0.0
40 33 2.48754671924e-05
40 34 0.0
40 35 0.0
40 36 0.0
40 37 0.000503728210645
40 38 0.0
40 39 0.000223879204731
40 40 0.0
40 41 6.21886679809e-06
40 42 0.0
40 43 5.59698011828e-05
40 44 0.0
40 45 0.0
40 46 0.0
40 47 6.21886679809e-06
40 48 0.0
40 49 6.21886679809e-06
40 50 0.0
40 51 6.21886679809e-06
40 52 0.0
40 53 0.0
40 54 0.0
40 55 0.0
40 56 0.0
40 57 0.0
40 58 0.0
40 59 0.0
40 60 0.0
40 61 0.0
40 62 0.0
40 63 0.0
40 64 0.0
40 65 0.0
40 66 0.0
40 67 0.0
40 68 0.0
40 69 0.0
40 70 0.0
40 71 0.0
40 72 0.0
40 73 0.0
40 74 0.0
40 75 0.0
40 76 0.0
40 77 0.0
40 78 0.0
40 79 0.0
40 80 0.0
40 81 0.0
40 82 0.0
40 83 0.0
40 84 0.0
40 85 0.0
40 86 0.0
40 87 0.0
40 88 0.0
40 89 0.0
40 90 0.0
40 91 6.21886679809e-06
40 92 0.0
40 93 6.21886679809e-06
40 94 0.0
40 95 0.0
40 96 0.0
40 97 0.0
40 98 0.0
40 99 6.21886679809e-06
40 100 0.0
40 101 6.21886679809e-06
40 102 0.0
40 103 0.0
40 104 0.0
40 105 0.0
40 106 0.0
40 107 0.0
40 108 0.0
40 109 0.0
40 110 0.0
40 111 6.21886679809e-06
40 112 0.0
40 113 0.0
40 114 0.0
40 115 0.0
40 116 0.0
40 117 0.0
40 118 0.0
40 119 0.0
40 120 0.0
40 121 0.0
40 122 0.0
40 123 6.21886679809e-06
40 124 0.0
40 125 0.0
40 126 0.0
40 127 0.0
40 128 0.0
40 129 0.0
40 130 0.0
40 131 0.0
40 132 0.0
40 133 0.0
40 134 0.0
40 135 0.0
40 136 0.0
40 137 0.0
40 138 0.0
40 139 0.0
40 140 0.0
40 141 0.0
40 142 0.0
40 143 0.0
40 144 0.0
40 145 0.0
40 146 0.0
40 147 0.0
40 148 0.0
40 149 0.0
40 150 0.0
40 151 0.0
40 152 0.0
40 153 0.0
40 154 0.0
40 155 0.0
40 156 0.0
40 157 0.0
40 158 0.0
40 159 0.0
40 160 0.0
40 161 0.0
40 162 0.0
40 163 0.0
40 164 0.0
40 165 0.0
40 166 0.0
40 167 0.0
40 168 0.0
40 169 0.0
40 170 0.0
40 171 0.0
40 172 0.0
40 173 0.0
40 174 0.0
40 175 0.0
40 176 0.0
40 177 0.0
40 178 0.0
40 179 0.0
40 180 0.0
40 181 0.0
40 182 0.0
40 183 0.0
40 184 0.0
40 185 0.0
40 186 0.0
40 187 0.0
40 188 0.0
40 189 0.0
40 190 0.0
40 191 0.0
40 192 0.0
40 193 0.0
40 194 0.0
40 195 0.0
40 196 0.0
40 197 0.0
40 198 0.0
40 199 0.0
40 200 0.0
40 201 0.0
40 202 0.0
40 203 0.0
40 204 0.0
40 205 0.0
40 206 0.0
40 207 0.0
40 208 0.0
40 209 0.0
40 210 0.0
40 211 0.0
40 212 0.0
40 213 0.0
40 214 0.0
40 215 0.0
40 216 0.0
40 217 0.0
40 218 0.0
40 219 0.0
40 220 0.0
40 221 0.0
40 222 0.0
40 223 0.0
40 224 0.0
40 225 0.0
40 226 0.0
40 227 0.0
40 228 0.0
40 229 0.0
40 230 0.0
40 231 0.0
40 232 0.0
40 233 0.0
40 234 0.0
40 235 0.0
40 236 0.0
40 237 0.0
40 238 0.0
40 239 0.0
40 240 0.0
40 241 0.0
40 242 0.0
40 243 0.0
40 244 0.0
40 245 0.0
40 246 0.0
40 247 0.0
40 248 0.0
40 249 0.0
40 250 0.0
40 251 0.0
40 252 0.0
40 253 0.0
40 254 0.0
40 255 0.0
40 256 0.0
40 257 0.0
40 258 0.0
40 259 0.0
40 260 0.0
40 261 0.0
40 262 0.0
40 263 0.0
40 264 0.0
40 265 0.0
40 266 0.0
40 267 0.0
40 268 0.0
40 269 0.0
40 270 0.0
40 271 0.0
40 272 0.0
40 273 0.0
40 274 0.0
40 275 0.0
40 276 0.0
40 277 0.0
40 278 0.0
40 279 0.0
40 280 0.0
40 281 6.21886679809e-06
40 282 0.0
40 283 0.0
40 284 0.0
40 285 0.0
40 286 0.0
40 287 6.21886679809e-06
40 288 0.0
40 289 0.0
40 290 0.0
40 291 0.0
40 292 0.0
40 293 0.0
40 294 0.0
40 295 0.0
40 296 0.0
40 297 0.0
40 298 0.0
40 299 0.0
40 300 0.0
40 301 0.0
40 302 0.0
40 303 0.0
40 304 0.0
40 305 0.0
40 306 0.0
40 307 0.0
40 308 0.0
40 309 0.0
40 310 0.0
40 311 0.0
40 312 0.0
40 313 0.0
40 314 0.0
40 315 0.0
40 316 0.0
40 317 0.0
40 318 0.0
40 319 0.0
40 320 0.0
40 321 0.0
40 322 0.0
40 323 0.0
40 324 0.0
40 325 0.0
40 326 0.0
40 327 0.0
40 328 0.0
40 329 0.0
40 330 0.0
40 331 0.0
40 332 0.0
40 333 0.0
40 334 0.0
40 335 0.0
40 336 0.0
40 337 0.0
40 338 0.0
40 339 0.0
40 340 0.0
40 341 0.0
40 342 0.0
40 343 0.0
40 344 0.0
40 345 0.0
40 346 0.0
40 347 0.0
40 348 0.0
40 349 0.0
40 350 0.0
40 351 0.0
40 352 0.0
40 353 0.0
40 354 0.0
40 355 6.21886679809e-06
40 356 0.0
40 357 0.0
40 358 0.0
40 359 6.21886679809e-06
40 360 0.0
40 361 6.21886679809e-06
40 362 0.0
40 363 5.59698011828e-05
40 364 0.0
40 365 0.0
40 366 0.0
40 367 9.95018687695e-05
40 368 0.0
40 369 2.48754671924e-05
40 370 0.0
40 371 0.000223879204731
40 372 0.0
40 373 0.000398007475078
40 374 0.0
40 375 9.95018687695e-05
40 376 0.0
40 377 6.21886679809e-06
40 378 0.0
40 379 0.0
40 380 0.0
40 381 5.59698011828e-05
40 382 0.0
40 383 5.59698011828e-05
40 384 0.0
40 385 5.59698011828e-05
40 386 0.0
40 387 5.59698011828e-05
40 388 0.0
40 389 6.21886679809e-06
40 390 0.0
40 391 9.95018687695e-05
40 392 0.0
40 393 6.21886679809e-06
40 394 0.0
40 395 5.59698011828e-05
40 396 0.0
40 397 5.59698011828e-05
40 398 0.0
40 399 2.48754671924e-05
40 400 0.0
41 0 0.0
41 1 2.48754671924e-05
41 2 0.0
41 3 2.48754671924e-05
41 4 0.0
41 5 0.000155471669952
41 6 0.0
41 7 0.000223879204731
41 8 0.0
41 9 2.48754671924e-05
41 10 0.0
41 11 0.000503728210645
41 12 0.0
41 13 5.59698011828e-05
41 14 0.0
41 15 2.48754671924e-05
41 16 0.0
41 17 0.000155471669952
41 18 0.0
41 19 6.21886679809e-06
41 20 0.0
41 21 2.48754671924e-05
41 22 0.0
41 23 6.21886679809e-06
41 24 0.0
41 25 6.21886679809e-06
41 26 0.0
41 27 6.21886679809e-06
41 28 0.0
41 29 0.000223879204731
41 30 6.21886679809e-06
41 31 0.000155471669952
41 32 2.48754671924e-05
41 33 6.21886679809e-06
41 34 6.21886679809e-06
41 35 0.0
41 36 6.21886679809e-06
41 37 0.000752482882569
41 38 6.21886679809e-06
41 39 0.000398007475078
41 40 6.21886679809e-06
41 41 6.21886679809e-06
41 42 2.48754671924e-05
41 43 0.000155471669952
41 44 2.48754671924e-05
41 45 2.48754671924e-05
41 46 2.48754671924e-05
41 47 5.59698011828e-05
41 48 2.48754671924e-05
41 49 5.59698011828e-05
41 50 6.21886679809e-06
41 51 2.48754671924e-05
41 52 6.21886679809e-06
41 53 6.21886679809e-06
41 54 6.21886679809e-06
41 55 6.21886679809e-06
41 56 6.21886679809e-06
41 57 6.21886679809e-06
41 58 6.21886679809e-06
41 59 6.21886679809e-06
41 60 6.21886679809e-06
41 61 6.21886679809e-06
41 62 6.21886679809e-06
41 63 6.21886679809e-06
41 64 6.21886679809e-06
41 65 6.21886679809e-06
41 66 6.21886679809e-06
41 67 6.21886679809e-06
41 68 6.21886679809e-06
41 69 6.21886679809e-06
41 70 6.21886679809e-06
41 71 6.21886679809e-06
41 72 6.21886679809e-06
41 73 6.21886679809e-06
41 74 6.21886679809e-06
41 75 6.21886679809e-06
41 76 6.21886679809e-06
41 77 6.21886679809e-06
41 78 6.21886679809e-06
41 79 6.21886679809e-06
41 80 6.21886679809e-06
41 81 6.21886679809e-06
41 82 6.21886679809e-06
41 83 6.21886679809e-06
41 84 6.21886679809e-06
41 85 6.21886679809e-06
41 86 6.21886679809e-06
41 87 6.21886679809e-06
41 88 6.21886679809e-06
41 89 6.21886679809e-06
41 90 6.21886679809e-06
41 91 2.48754671924e-05
41 92 6.21886679809e-06
41 93 5.59698011828e-05
41 94 2.48754671924e-05
41 95 2.48754671924e-05
41 96 2.48754671924e-05
41 97 2.48754671924e-05
41 98 2.48754671924e-05
41 99 2.48754671924e-05
41 100 6.21886679809e-06
41 101 2.48754671924e-05
41 102 6.21886679809e-06
41 103 6.21886679809e-06
41 104 6.21886679809e-06
41 105 6.21886679809e-06
41 106 6.21886679809e-06
41 107 6.21886679809e-06
41 108 6.21886679809e-06
41 109 6.21886679809e-06
41 110 6.21886679809e-06
41 111 2.48754671924e-05
41 112 6.21886679809e-06
41 113 6.21886679809e-06
41 114 2.48754671924e-05
41 115 2.48754671924e-05
41 116 2.48754671924e-05
41 117 2.48754671924e-05
41 118 2.48754671924e-05
41 119 2.48754671924e-05
41 120 2.48754671924e-05
41 121 6.21886679809e-06
41 122 6.21886679809e-06
41 123 2.48754671924e-05
41 124 6.21886679809e-06
41 125 6.21886679809e-06
41 126 6.21886679809e-06
41 127 6.21886679809e-06
41 128 6.21886679809e-06
41 129 6.21886679809e-06
41 130 6.21886679809e-06
41 131 6.21886679809e-06
41 132 6.21886679809e-06
41 133 6.21886679809e-06
41 134 6.21886679809e-06
41 135 6.21886679809e-06
41 136 6.21886679809e-06
41 137 6.21886679809e-06
41 138 6.21886679809e-06
41 139 6.21886679809e-06
41 140 6.21886679809e-06
41 141 6.21886679809e-06
41 142 6.21886679809e-06
41 143 6.21886679809e-06
41 144 6.21886679809e-06
41 145 6.21886679809e-06
41 146 6.21886679809e-06
41 147 6.21886679809e-06
41 148 6.21886679809e-06
41 149 6.21886679809e-06
41 150 6.21886679809e-06
41 151 6.21886679809e-06
41 152 6.21886679809e-06
41 153 6.21886679809e-06
41 154 6.21886679809e-06
41 155 6.21886679809e-06
41 156 6.21886679809e-06
41 157 6.21886679809e-06
41 158 6.21886679809e-06
41 159 6.21886679809e-06
41 160 6.21886679809e-06
41 161 6.21886679809e-06
41 162 6.21886679809e-06
41 163 6.21886679809e-06
41 164 6.21886679809e-06
41 165 6.21886679809e-06
41 166 6.21886679809e-06
41 167 6.21886679809e-06
41 168 6.21886679809e-06
41 169 6.21886679809e-06
41 170 6.21886679809e-06
41 171 6.21886679809e-06
41 172 6.21886679809e-06
41 173 6.21886679809e-06
41 174 6.21886679809e-06
41 175 6.21886679809e-06
41 176 6.21886679809e-06
41 177 6.21886679809e-06
41 178 6.21886679809e-06
41 179 6.21886679809e-06
41 180 6.21886679809e-06
41 181 6.21886679809e-06
41 182 6.21886679809e-06
41 183 6.21886679809e-06
41 184 6.21886679809e-06
41 185 6.21886679809e-06
41 186 6.21886679809e-06
41 187 6.21886679809e-06
41 188 6.21886679809e-06
41 189 6.21886679809e-06
41 190 6.21886679809e-06
41 191 6.21886679809e-06
41 192 6.21886679809e-06
41 193 6.21886679809e-06
41 194 6.21886679809e-06
41 195 6.21886679809e-06
41 196 6.21886679809e-06
41 197 6.21886679809e-06
41 198 6.21886679809e-06
41 199 6.21886679809e-06
41 200 6.21886679809e-06
41 201 6.21886679809e-06
41 202 6.21886679809e-06
41 203 6.21886679809e-06
41 204 6.21886679809e-06
41 205 6.21886679809e-06
41 206 6.21886679809e-06
41 207 6.21886679809e-06
41 208 6.21886679809e-06
41 209 6.21886679809e-06
41 210 6.21886679809e-06
41 211 6.21886679809e-06
41 212 6.21886679809e-06
41 213 6.21886679809e-06
41 214 6.21886679809e-06
41 215 6.21886679809e-06
41 216 6.21886679809e-06
41 217 6.21886679809e-06
41 218 6.21886679809e-06
41 219 6.21886679809e-06
41 220 6.21886679809e-06
41 221 6.21886679809e-06
41 222 6.21886679809e-06
41 223 6.21886679809e-06
41 224 6.21886679809e-06
41 225 6.21886679809e-06
41 226 6.21886679809e-06
41 227 6.21886679809e-06
41 228 6.21886679809e-06
41 229 6.21886679809e-06
41 230 6.21886679809e-06
41 231 6.21886679809e-06
41 232 6.21886679809e-06
41 233 6.21886679809e-06
41 234 6.21886679809e-06
41 235 6.21886679809e-06
41 236 6.21886679809e-06
41 237 6.21886679809e-06
41 238 6.21886679809e-06
41 239 6.21886679809e-06
41 240 6.21886679809e-06
41 241 6.21886679809e-06
41 242 6.21886679809e-06
41 243 6.21886679809e-06
41 244 6.21886679809e-06
41 245 6.21886679809e-06
41 246 6.21886679809e-06
41 247 6.21886679809e-06
41 248 6.21886679809e-06
41 249 6.21886679809e-06
41 250 6.21886679809e-06
41 251 6.21886679809e-06
41 252 6.21886679809e-06
41 253 6.21886679809e-06
41 254 6.21886679809e-06
41 255 6.21886679809e-06
41 256 6.21886679809e-06
41 257 6.21886679809e-06
41 258 6.21886679809e-06
41 259 6.21886679809e-06
41 260 6.21886679809e-06
41 261 6.21886679809e-06
41 262 6.21886679809e-06
41 263 6.21886679809e-06
41 264 6.21886679809e-06
41 265 6.21886679809e-06
41 266 6.21886679809e-06
41 267 6.21886679809e-06
41 268 6.21886679809e-06
41 269 6.21886679809e-06
41 270 6.21886679809e-06
41 271 6.21886679809e-06
41 272 6.21886679809e-06
41 273 6.21886679809e-06
41 274 6.21886679809e-06
41 275 6.21886679809e-06
41 276 6.21886679809e-06
41 277 6.21886679809e-06
41 278 2.48754671924e-05
41 279 2.48754671924e-05
41 280 2.48754671924e-05
41 281 5.59698011828e-05
41 282 2.48754671924e-05
41 283 2.48754671924e-05
41 284 2.48754671924e-05
41 285 6.21886679809e-06
41 286 6.21886679809e-06
41 287 2.48754671924e-05
41 288 6.21886679809e-06
41 289 6.21886679809e-06
41 290 6.21886679809e-06
41 291 6.21886679809e-06
41 292 6.21886679809e-06
41 293 6.21886679809e-06
41 294 6.21886679809e-06
41 295 6.21886679809e-06
41 296 6.21886679809e-06
41 297 6.21886679809e-06
41 298 6.21886679809e-06
41 299 6.21886679809e-06
41 300 6.21886679809e-06
41 301 6.21886679809e-06
41 302 6.21886679809e-06
41 303 6.21886679809e-06
41 304 6.21886679809e-06
41 305 6.21886679809e-06
41 306 6.21886679809e-06
41 307 6.21886679809e-06
41 308 6.21886679809e-06
41 309 6.21886679809e-06
41 310 6.21886679809e-06
41 311 6.21886679809e-06
41 312 6.21886679809e-06
41 313 6.21886679809e-06
41 314 6.21886679809e-06
41 315 6.21886679809e-06
41 316 6.21886679809e-06
41 317 6.21886679809e-06
41 318 6.21886679809e-06
41 319 6.21886679809e-06
41 320 6.21886679809e-06
41 321 6.21886679809e-06
41 322 6.21886679809e-06
41 323 6.21886679809e-06
41 324 6.21886679809e-06
41 325 6.21886679809e-06
41 326 6.21886679809e-06
41 327 6.21886679809e-06
41 328 6.21886679809e-06
41 329 6.21886679809e-06
41 330 6.21886679809e-06
41 331 6.21886679809e-06
41 332 6.21886679809e-06
41 333 6.21886679809e-06
41 334 6.21886679809e-06
41 335 6.21886679809e-06
41 336 6.21886679809e-06
41 337 6.21886679809e-06
41 338 6.21886679809e-06
41 339 6.21886679809e-06
41 340 6.21886679809e-06
41 341 6.21886679809e-06
41 342 6.21886679809e-06
41 343 6.21886679809e-06
41 344 6.21886679809e-06
41 345 6.21886679809e-06
41 346 6.21886679809e-06
41 347 6.21886679809e-06
41 348 6.21886679809e-06
41 349 6.21886679809e-06
41 350 6.21886679809e-06
41 351 6.21886679809e-06
41 352 6.21886679809e-06
41 353 6.21886679809e-06
41 354 6.21886679809e-06
41 355 2.48754671924e-05
41 356 6.21886679809e-06
41 357 2.48754671924e-05
41 358 2.48754671924e-05
41 359 5.59698011828e-05
41 360 2.48754671924e-05
41 361 0.0
41 362 6.21886679809e-06
41 363 9.95018687695e-05
41 364 2.48754671924e-05
41 365 6.21886679809e-06
41 366 6.21886679809e-06
41 367 0.000155471669952
41 368 6.21886679809e-06
41 369 0.000155471669952
41 370 6.21886679809e-06
41 371 0.000223879204731
41 372 0.0
41 373 0.000223879204731
41 374 6.21886679809e-06
41 375 0.000155471669952
41 376 6.21886679809e-06
41 377 0.0
41 378 0.0
41 379 0.0
41 380 6.21886679809e-06
41 381 2.48754671924e-05
41 382 6.21886679809e-06
41 383 5.59698011828e-05
41 384 6.21886679809e-06
41 385 5.59698011828e-05
41 386 0.0
41 387 5.59698011828e-05
41 388 0.0
41 389 6.21886679809e-06
41 390 0.0
41 391 9.95018687695e-05
41 392 0.0
41 393 6.21886679809e-06
41 394 0.0
41 395 9.95018687695e-05
41 396 6.21886679809e-06
41 397 2.48754671924e-05
41 398 0.0
41 399 6.21886679809e-06
41 400 0.0
42 0 0.0
42 1 2.48754671924e-05
42 2 0.0
42 3 2.48754671924e-05
42 4 0.0
42 5 0.000155471669952
42 6 0.0
42 7 0.000223879204731
42 8 0.0
42 9 2.48754671924e-05
42 10 0.0
42 11 0.000503728210645
42 12 0.0
42 13 5.59698011828e-05
42 14 0.0
42 15 2.48754671924e-05
42 16 0.0
42 17 0.000155471669952
42 18 0.0
42 19 6.21886679809e-06
42 20 0.0
42 21 2.48754671924e-05
42 22 0.0
42 23 6.21886679809e-06
42 24 0.0
42 25 6.21886679809e-06
42 26 0.0
42 27 6.21886679809e-06
42 28 0.0
42 29 0.000223879204731
42 30 0.0
42 31 9.95018687695e-05
42 32 0.0
42 33 2.48754671924e-05
42 34 0.0
42 35 6.21886679809e-06
42 36 0.0
42 37 0.000752482882569
42 38 0.0
42 39 0.000398007475078
42 40 0.0
42 41 6.21886679809e-06
42 42 0.0
42 43 2.48754671924e-05
42 44 0.0
42 45 0.0
42 46 0.0
42 47 6.21886679809e-06
42 48 0.0
42 49 6.21886679809e-06
42 50 0.0
42 51 6.21886679809e-06
42 52 0.0
42 53 0.0
42 54 0.0
42 55 0.0
42 56 0.0
42 57 0.0
42 58 0.0
42 59 0.0
42 60 0.0
42 61 0.0
42 62 0.0
42 63 0.0
42 64 0.0
42 65 0.0
42 66 0.0
42 67 0.0
42 68 0.0
42 69 0.0
42 70 0.0
42 71 0.0
42 72 0.0
42 73 0.0
42 74 0.0
42 75 0.0
42 76 0.0
42 77 0.0
42 78 0.0
42 79 0.0
42 80 0.0
42 81 0.0
42 82 0.0
42 83 0.0
42 84 0.0
42 85 0.0
42 86 0.0
42 87 0.0
42 88 0.0
42 89 0.0
42 90 0.0
42 91 6.21886679809e-06
42 92 0.0
42 93 6.21886679809e-06
42 94 0.0
42 95 0.0
42 96 0.0
42 97 0.0
42 98 0.0
42 99 6.21886679809e-06
42 100 0.0
42 101 6.21886679809e-06
42 102 0.0
42 103 0.0
42 104 0.0
42 105 0.0
42 106 0.0
42 107 0.0
42 108 0.0
42 109 0.0
42 110 0.0
42 111 6.21886679809e-06
42 112 0.0
42 113 0.0
42 114 0.0
42 115 0.0
42 116 0.0
42 117 0.0
42 118 0.0
42 119 0.0
42 120 0.0
42 121 0.0
42 122 0.0
42 123 6.21886679809e-06
42 124 0.0
42 125 0.0
42 126 0.0
42 127 0.0
42 128 0.0
42 129 0.0
42 130 0.0
42 131 0.0
42 132 0.0
42 133 0.0
42 134 0.0
42 135 0.0
42 136 0.0
42 137 0.0
42 138 0.0
42 139 0.0
42 140 0.0
42 141 0.0
42 142 0.0
42 143 0.0
42 144 0.0
42 145 0.0
42 146 0.0
42 147 0.0
42 148 0.0
42 149 0.0
42 150 0.0
42 151 0.0
42 152 0.0
42 153 0.0
42 154 0.0
42 155 0.0
42 156 0.0
42 157 0.0
42 158 0.0
42 159 0.0
42 160 0.0
42 161 0.0
42 162 0.0
42 163 0.0
42 164 0.0
42 165 0.0
42 166 0.0
42 167 0.0
42 168 0.0
42 169 0.0
42 170 0.0
42 171 0.0
42 172 0.0
42 173 0.0
42 174 0.0
42 175 0.0
42 176 0.0
42 177 0.0
42 178 0.0
42 179 0.0
42 180 0.0
42 181 0.0
42 182 0.0
42 183 0.0
42 184 0.0
42 185 0.0
42 186 0.0
42 187 0.0
42 188 0.0
42 189 0.0
42 190 0.0
42 191 0.0
42 192 0.0
42 193 0.0
42 194 0.0
42 195 0.0
42 196 0.0
42 197 0.0
42 198 0.0
42 199 0.0
42 200 0.0
42 201 0.0
42 202 0.0
42 203 0.0
42 204 0.0
42 205 0.0
42 206 0.0
42 207 0.0
42 208 0.0
42 209 0.0
42 210 0.0
42 211 0.0
42 212 0.0
42 213 0.0
42 214 0.0
42 215 0.0
42 216 0.0
42 217 0.0
42 218 0.0
42 219 0.0
42 220 0.0
42 221 0.0
42 222 0.0
42 223 0.0
42 224 0.0
42 225 0.0
42 226 0.0
42 227 0.0
42 228 0.0
42 229 0.0
42 230 0.0
42 231 0.0
42 232 0.0
42 233 0.0
42 234 0.0
42 235 0.0
42 236 0.0
42 237 0.0
42 238 0.0
42 239 0.0
42 240 0.0
42 241 0.0
42 242 0.0
42 243 0.0
42 244 0.0
42 245 0.0
42 246 0.0
42 247 0.0
42 248 0.0
42 249 0.0
42 250 0.0
42 251 0.0
42 252 0.0
42 253 0.0
42 254 0.0
42 255 0.0
42 256 0.0
42 257 0.0
42 258 0.0
42 259 0.0
42 260 0.0
42 261 0.0
42 262 0.0
42 263 0.0
42 264 0.0
42 265 0.0
42 266 0.0
42 267 0.0
42 268 0.0
42 269 0.0
42 270 0.0
42 271 0.0
42 272 0.0
42 273 0.0
42 274 0.0
42 275 0.0
42 276 0.0
42 277 0.0
42 278 0.0
42 279 0.0
42 280 0.0
42 281 6.21886679809e-06
42 282 0.0
42 283 0.0
42 284 0.0
42 285 0.0
42 286 0.0
42 287 6.21886679809e-06
42 288 0.0
42 289 0.0
42 290 0.0
42 291 0.0
42 292 0.0
42 293 0.0
42 294 0.0
42 295 0.0
42 296 0.0
42 297 0.0
42 298 0.0
42 299 0.0
42 300 0.0
42 301 0.0
42 302 0.0
42 303 0.0
42 304 0.0
42 305 0.0
42 306 0.0
42 307 0.0
42 308 0.0
42 309 0.0
42 310 0.0
42 311 0.0
42 312 0.0
42 313 0.0
42 314 0.0
42 315 0.0
42 316 0.0
42 317 0.0
42 318 0.0
42 319 0.0
42 320 0.0
42 321 0.0
42 322 0.0
42 323 0.0
42 324 0.0
42 325 0.0
42 326 0.0
42 327 0.0
42 328 0.0
42 329 0.0
42 330 0.0
42 331 0.0
42 332 0.0
42 333 0.0
42 334 0.0
42 335 0.0
42 336 0.0
42 337 0.0
42 338 0.0
42 339 0.0
42 340 0.0
42 341 0.0
42 342 0.0
42 343 0.0
42 344 0.0
42 345 0.0
42 346 0.0
42 347 0.0
42 348 0.0
42 349 0.0
42 350 0.0
42 351 0.0
42 352 0.0
42 353 0.0
42 354 0.0
42 355 6.21886679809e-06
42 356 0.0
42 357 0.0
42 358 0.0
42 359 6.21886679809e-06
42 360 0.0
42 361 0.0
42 362 0.0
42 363 5.59698011828e-05
42 364 0.0
42 365 6.21886679809e-06
42 366 0.0
42 367 0.000223879204731
42 368 0.0
42 369 0.000155471669952
42 370 0.0
42 371 0.000304724473107
42 372 0.0
42 373 0.000223879204731
42 374 0.0
42 375 0.000155471669952
42 376 0.0
42 377 0.0
42 378 0.0
42 379 6.21886679809e-06
42 380 0.0
42 381 2.48754671924e-05
42 382 0.0
42 383 2.48754671924e-05
42 384 0.0
42 385 2.48754671924e-05
42 386 0.0
42 387 2.48754671924e-05
42 388 0.0
42 389 6.21886679809e-06
42 390 0.0
42 391 9.95018687695e-05
42 392 0.0
42 393 0.0
42 394 0.0
42 395 9.95018687695e-05
42 396 0.0
42 397 2.48754671924e-05
42 398 0.0
42 399 6.21886679809e-06
42 400 0.0
43 0 0.0
43 1 2.48754671924e-05
43 2 0.0
43 3 2.48754671924e-05
43 4 0.0
43 5 0.000155471669952
43 6 0.0
43 7 0.000223879204731
43 8 0.0
43 9 2.48754671924e-05
43 10 0.0
43 11 0.000503728210645
43 12 0.0
43 13 5.59698011828e-05
43 14 0.0
43 15 2.48754671924e-05
43 16 0.0
43 17 0.000155471669952
43 18 0.0
43 19 6.21886679809e-06
43 20 0.0
43 21 2.48754671924e-05
43 22 0.0
43 23 6.21886679809e-06
43 24 0.0
43 25 6.21886679809e-06
43 26 0.0
43 27 6.21886679809e-06
43 28 6.21886679809e-06
43 29 0.000398007475078
43 30 6.21886679809e-06
43 31 9.95018687695e-05
43 32 6.21886679809e-06
43 33 6.21886679809e-06
43 34 6.21886679809e-06
43 35 6.21886679809e-06
43 36 0.0
43 37 0.000503728210645
43 38 2.48754671924e-05
43 39 0.000398007475078
43 40 5.59698011828e-05
43 41 5.59698011828e-05
43 42 5.59698011828e-05
43 43 0.000155471669952
43 44 5.59698011828e-05
43 45 5.59698011828e-05
43 46 5.59698011828e-05
43 47 9.95018687695e-05
43 48 5.59698011828e-05
43 49 5.59698011828e-05
43 50 5.59698011828e-05
43 51 5.59698011828e-05
43 52 5.59698011828e-05
43 53 5.59698011828e-05
43 54 5.59698011828e-05
43 55 5.59698011828e-05
43 56 5.59698011828e-05
43 57 5.59698011828e-05
43 58 5.59698011828e-05
43 59 5.59698011828e-05
43 60 5.59698011828e-05
43 61 5.59698011828e-05
43 62 5.59698011828e-05
43 63 5.59698011828e-05
43 64 5.59698011828e-05
43 65 5.59698011828e-05
43 66 5.59698011828e-05
43 67 5.59698011828e-05
43 68 5.59698011828e-05
43 69 5.59698011828e-05
43 70 5.59698011828e-05
43 71 5.59698011828e-05
43 72 5.59698011828e-05
43 73 5.59698011828e-05
43 74 5.59698011828e-05
43 75 5.59698011828e-05
43 76 5.59698011828e-05
43 77 5.59698011828e-05
43 78 5.59698011828e-05
43 79 5.59698011828e-05
43 80 5.59698011828e-05
43 81 5.59698011828e-05
43 82 5.59698011828e-05
43 83 5.59698011828e-05
43 84 5.59698011828e-05
43 85 5.59698011828e-05
43 86 5.59698011828e-05
43 87 5.59698011828e-05
43 88 5.59698011828e-05
43 89 5.59698011828e-05
43 90 5.59698011828e-05
43 91 5.59698011828e-05
43 92 5.59698011828e-05
43 93 5.59698011828e-05
43 94 5.59698011828e-05
43 95 5.59698011828e-05
43 96 5.59698011828e-05
43 97 5.59698011828e-05
43 98 5.59698011828e-05
43 99 5.59698011828e-05
43 100 5.59698011828e-05
43 101 5.59698011828e-05
43 102 5.59698011828e-05
43 103 5.59698011828e-05
43 104 5.59698011828e-05
43 105 5.59698011828e-05
43 106 5.59698011828e-05
43 107 5.59698011828e-05
43 108 5.59698011828e-05
43 109 5.59698011828e-05
43 110 5.59698011828e-05
43 111 5.59698011828e-05
43 112 5.59698011828e-05
43 113 5.59698011828e-05
43 114 5.59698011828e-05
43 115 5.59698011828e-05
43 116 5.59698011828e-05
43 117 5.59698011828e-05
43 118 5.59698011828e-05
43 119 5.59698011828e-05
43 120 5.59698011828e-05
43 121 5.59698011828e-05
43 122 5.59698011828e-05
43 123 5.59698011828e-05
43 124 5.59698011828e-05
43 125 5.59698011828e-05
43 126 5.59698011828e-05
43 127 5.59698011828e-05
43 128 5.59698011828e-05
43 129 5.59698011828e-05
43 130 5.59698011828e-05
43 131 5.59698011828e-05
43 132 5.59698011828e-05
43 133 5.59698011828e-05
43 134 5.59698011828e-05
43 135 5.59698011828e-05
43 136 5.59698011828e-05
43 137 5.59698011828e-05
43 138 5.59698011828e-05
43 139 5.59698011828e-05
43 140 5.59698011828e-05
43 141 5.59698011828e-05
43 142 5.59698011828e-05
43 143 5.59698011828e-05
43 144 5.59698011828e-05
43 145 5.59698011828e-05
43 146 5.59698011828e-05
43 147 5.59698011828e-05
43 148 5.59698011828e-05
43 149 5.59698011828e-05
43 150 5.59698011828e-05
43 151 5.59698011828e-05
43 152 5.59698011828e-05
43 153 5.59698011828e-05
43 154 5.59698011828e-05
43 155 5.59698011828e-05
43 156 5.59698011828e-05
43 157 5.59698011828e-05
43 158 5.59698011828e-05
43 159 5.59698011828e-05
43 160 5.59698011828e-05
43 161 5.59698011828e-05
43 162 5.59698011828e-05
43 163 5.59698011828e-05
43 164 5.59698011828e-05
43 165 5.59698011828e-05
43 166 5.59698011828e-05
43 167 5.59698011828e-05
43 168 5.59698011828e-05
43 169 5.59698011828e-05
43 170 5.59698011828e-05
43 171 5.59698011828e-05
43 172 5.59698011828e-05
43 173 5.59698011828e-05
43 174 5.59698011828e-05
43 175 5.59698011828e-05
43 176 5.59698011828e-05
43 177 5.59698011828e-05
43 178 5.59698011828e-05
43 179 5.59698011828e-05
43 180 5.59698011828e-05
43 181 5.59698011828e-05
43 182 5.59698011828e-05
43 183 5.59698011828e-05
43 184 5.59698011828e-05
43 185 5.59698011828e-05
43 186 5.59698011828e-05
43 187 5.59698011828e-05
43 188 5.59698011828e-05
43 189 5.59698011828e-05
43 190 5.59698011828e-05
43 191 5.59698011828e-05
43 192 5.59698011828e-05
43 193 5.59698011828e-05
43 194 5.59698011828e-05
43 195 5.59698011828e-05
43 196 5.59698011828e-05
43 197 5.59698011828e-05
43 198 5.59698011828e-05
43 199 5.59698011828e-05
43 200 5.59698011828e-05
43 201 5.59698011828e-05
43 202 5.59698011828e-05
43 203 5.59698011828e-05
43 204 5.59698011828e-05
43 205 5.59698011828e-05
43 206 5.59698011828e-05
43 207 5.59698011828e-05
43 208 5.59698011828e-05
43 209 5.59698011828e-05
43 210 5.59698011828e-05
43 211 5.59698011828e-05
43 212 5.59698011828e-05
43 213 5.59698011828e-05
43 214 5.59698011828e-05
43 215 5.59698011828e-05
43 216 5.59698011828e-05
43 217 5.59698011828e-05
43 218 5.59698011828e-05
43 219 5.59698011828e-05
43 220 5.59698011828e-05
43 221 5.59698011828e-05
43 222 5.59698011828e-05
43 223 5.59698011828e-05
43 224 5.59698011828e-05
43 225 5.59698011828e-05
43 226 5.59698011828e-05
43 227 5.59698011828e-05
43 228 5.59698011828e-05
43 229 5.59698011828e-05
43 230 5.59698011828e-05
43 231 5.59698011828e-05
43 232 5.59698011828e-05
43 233 5.59698011828e-05
43 234 5.59698011828e-05
43 235 5.59698011828e-05
43 236 5.59698011828e-05
43 237 5.59698011828e-05
43 238 5.59698011828e-05
43 239 5.59698011828e-05
43 240 5.59698011828e-05
43 241 5.59698011828e-05
43 242 5.59698011828e-05
43 243 5.59698011828e-05
43 244 5.59698011828e-05
43 245 5.59698011828e-05
43 246 5.59698011828e-05
43 247 5.59698011828e-05
43 248 5.59698011828e-05
43 249 5.59698011828e-05
43 250 5.59698011828e-05
43 251 5.59698011828e-05
43 252 5.59698011828e-05
43 253 5.59698011828e-05
43 254 5.59698011828e-05
43 255 5.59698011828e-05
43 256 5.59698011828e-05
43 257 5.59698011828e-05
43 258 5.59698011828e-05
43 259 5.59698011828e-05
43 260 5.59698011828e-05
43 261 5.59698011828e-05
43 262 5.59698011828e-05
43 263 5.59698011828e-05
43 264 5.59698011828e-05
43 265 5.59698011828e-05
43 266 5.59698011828e-05
43 267 5.59698011828e-05
43 268 5.59698011828e-05
43 269 5.59698011828e-05
43 270 5.59698011828e-05
43 271 5.59698011828e-05
43 272 5.59698011828e-05
43 273 5.59698011828e-05
43 274 5.59698011828e-05
43 275 5.59698011828e-05
43 276 5.59698011828e-05
43 277 5.59698011828e-05
43 278 5.59698011828e-05
43 279 5.59698011828e-05
43 280 5.59698011828e-05
43 281 5.59698011828e-05
43 282 5.59698011828e-05
43 283 5.59698011828e-05
43 284 5.59698011828e-05
43 285 5.59698011828e-05
43 286 5.59698011828e-05
43 287 5.59698011828e-05
43 288 5.59698011828e-05
43 289 5.59698011828e-05
43 290 5.59698011828e-05
43 291 5.59698011828e-05
43 292 5.59698011828e-05
43 293 5.59698011828e-05
43 294 5.59698011828e-05
43 295 5.59698011828e-05
43 296 5.59698011828e-05
43 297 5.59698011828e-05
43 298 5.59698011828e-05
43 299 5.59698011828e-05
43 300 5.59698011828e-05
43 301 5.59698011828e-05
43 302 5.59698011828e-05
43 303 5.59698011828e-05
43 304 5.59698011828e-05
43 305 5.59698011828e-05
43 306 5.59698011828e-05
43 307 5.59698011828e-05
43 308 5.59698011828e-05
43 309 5.59698011828e-05
43 310 5.59698011828e-05
43 311 5.59698011828e-05
43 312 5.59698011828e-05
43 313 5.59698011828e-05
43 314 5.59698011828e-05
43 315 5.59698011828e-05
43 316 5.59698011828e-05
43 317 5.59698011828e-05
43 318 5.59698011828e-05
43 319 5.59698011828e-05
43 320 5.59698011828e-05
43 321 5.59698011828e-05
43 322 5.59698011828e-05
43 323 5.59698011828e-05
43 324 5.59698011828e-05
43 325 5.59698011828e-05
43 326 5.59698011828e-05
43 327 5.59698011828e-05
43 328 5.59698011828e-05
43 329 5.59698011828e-05
43 330 5.59698011828e-05
43 331 5.59698011828e-05
43 332 5.59698011828e-05
43 333 5.59698011828e-05
43 334 5.59698011828e-05
43 335 5.59698011828e-05
43 336 5.59698011828e-05
43 337 5.59698011828e-05
43 338 5.59698011828e-05
43 339 5.59698011828e-05
43 340 5.59698011828e-05
43 341 5.59698011828e-05
43 342 5.59698011828e-05
43 343 5.59698011828e-05
43 344 5.59698011828e-05
43 345 5.59698011828e-05
43 346 5.59698011828e-05
43 347 5.59698011828e-05
43 348 5.59698011828e-05
43 349 5.59698011828e-05
43 350 5.59698011828e-05
43 351 5.59698011828e-05
43 352 5.59698011828e-05
43 353 5.59698011828e-05
43 354 5.59698011828e-05
43 355 5.59698011828e-05
43 356 5.59698011828e-05
43 357 5.59698011828e-05
43 358 5.59698011828e-05
43 359 5.59698011828e-05
43 360 5.59698011828e-05
43 361 0.000155471669952
43 362 9.95018687695e-05
43 363 0.000155471669952
43 364 5.59698011828e-05
43 365 5.59698011828e-05
43 366 2.48754671924e-05
43 367 0.000223879204731
43 368 0.0
43 369 5.59698011828e-05
43 370 0.0
43 371 0.000304724473107
43 372 2.48754671924e-05
43 373 0.000155471669952
43 374 6.21886679809e-06
43 375 9.95018687695e-05
43 376 6.21886679809e-06
43 377 0.0
43 378 0.0
43 379 6.21886679809e-06
43 380 0.0
43 381 9.95018687695e-05
43 382 6.21886679809e-06
43 383 2.48754671924e-05
43 384 6.21886679809e-06
43 385 6.21886679809e-06
43 386 6.21886679809e-06
43 387 5.59698011828e-05
43 388 0.0
43 389 0.0
43 390 0.0
43 391 0.000155471669952
43 392 6.21886679809e-06
43 393 6.21886679809e-06
43 394 0.0
43 395 5.59698011828e-05
43 396 6.21886679809e-06
43 397 9.95018687695e-05
43 398 0.0
43 399 6.21886679809e-06
43 400 0.0
44 0 0.0
44 1 2.48754671924e-05
44 2 0.0
44 3 2.48754671924e-05
44 4 0.0
44 5 0.000155471669952
44 6 0.0
44 7 0.000223879204731
44 8 0.0
44 9 2.48754671924e-05
44 10 0.0
44 11 0.000503728210645
44 12 0.0
44 13 5.59698011828e-05
44 14 0.0
44 15 2.48754671924e-05
44 16 0.0
44 17 0.000155471669952
44 18 0.0
44 19 6.21886679809e-06
44 20 0.0
44 21 2.48754671924e-05
44 22 0.0
44 23 6.21886679809e-06
44 24 0.0
44 25 6.21886679809e-06
44 26 0.0
44 27 6.21886679809e-06
44 28 0.0
44 29 0.000304724473107
44 30 0.0
44 31 9.95018687695e-05
44 32 0.0
44 33 2.48754671924e-05
44 34 0.0
44 35 6.21886679809e-06
44 36 0.0
44 37 0.000621886679809
44 38 0.0
44 39 0.000223879204731
44 40 0.0
44 41 6.21886679809e-06
44 42 0.0
44 43 5.59698011828e-05
44 44 0.0
44 45 0.0
44 46 0.0
44 47 6.21886679809e-06
44 48 0.0
44 49 0.0
44 50 0.0
44 51 0.0
44 52 0.0
44 53 0.0
44 54 0.0
44 55 0.0
44 56 0.0
44 57 0.0
44 58 0.0
44 59 0.0
44 60 0.0
44 61 0.0
44 62 0.0
44 63 0.0
44 64 0.0
44 65 0.0
44 66 0.0
44 67 0.0
44 68 0.0
44 69 0.0
44 70 0.0
44 71 0.0
44 72 0.0
44 73 0.0
44 74 0.0
44 75 0.0
44 76 0.0
44 77 0.0
44 78 0.0
44 79 0.0
44 80 0.0
44 81 0.0
44 82 0.0
44 83 0.0
44 84 0.0
44 85 0.0
44 86 0.0
44 87 0.0
44 88 0.0
44 89 0.0
44 90 0.0
44 91 0.0
44 92 0.0
44 93 0.0
44 94 0.0
44 95 0.0
44 96 0.0
44 97 0.0
44 98 0.0
44 99 0.0
44 100 0.0
44 101 0.0
44 102 0.0
44 103 0.0
44 104 0.0
44 105 0.0
44 106 0.0
44 107 0.0
44 108 0.0
44 109 0.0
44 110 0.0
44 111 0.0
44 112 0.0
44 113 0.0
44 114 0.0
44 115 0.0
44 116 0.0
44 117 0.0
44 118 0.0
44 119 0.0
44 120 0.0
44 121 0.0
44 122 0.0
44 123 0.0
44 124 0.0
44 125 0.0
44 126 0.0
44 127 0.0
44 128 0.0
44 129 0.0
44 130 0.0
44 131 0.0
44 132 0.0
44 133 0.0
44 134 0.0
44 135 0.0
44 136 0.0
44 137 0.0
44 138 0.0
44 139 0.0
44 140 0.0
44 141 0.0
44 142 0.0
44 143 0.0
44 144 0.0
44 145 0.0
44 146 0.0
44 147 0.0
44 148 0.0
44 149 0.0
44 150 0.0
44 151 0.0
44 152 0.0
44 153 0.0
44 154 0.0
44 155 0.0
44 156 0.0
44 157 0.0
44 158 0.0
44 159 0.0
44 160 0.0
44 161 0.0
44 162 0.0
44 163 0.0
44 164 0.0
44 165 0.0
44 166 0.0
44 167 0.0
44 168 0.0
44 169 0.0
44 170 0.0
44 171 0.0
44 172 0.0
44 173 0.0
44 174 0.0
44 175 0.0
44 176 0.0
44 177 0.0
44 178 0.0
44 179 0.0
44 180 0.0
44 181 0.0
44 182 0.0
44 183 0.0
44 184 0.0
44 185 0.0
44 186 0.0
44 187 0.0
44 188 0.0
44 189 0.0
44 190 0.0
44 191 0.0
44 192 0.0
44 193 0.0
44 194 0.0
44 195 0.0
44 196 0.0
44 197 0.0
44 198 0.0
44 199 0.0
44 200 0.0
44 201 0.0
44 202 0.0
44 203 0.0
44 204 0.0
44 205 0.0
44 206 0.0
44 207 0.0
44 208 0.0
44 209 0.0
44 210 0.0
44 211 0.0
44 212 0.0
44 213 0.0
44 214 0.0
44 215 0.0
44 216 0.0
44 217 0.0
44 218 0.0
44 219 0.0
44 220 0.0
44 221 0.0
44 222 0.0
44 223 0.0
44 224 0.0
44 225 0.0
44 226 0.0
44 227 0.0
44 228 0.0
44 229 0.0
44 230 0.0
44 231 0.0
44 232 0.0
44 233 0.0
44 234 0.0
44 235 0.0
44 236 0.0
44 237 0.0
44 238 0.0
44 239 0.0
44 240 0.0
44 241 0.0
44 242 0.0
44 243 0.0
44 244 0.0
44 245 0.0
44 246 0.0
44 247 0.0
44 248 0.0
44 249 0.0
44 250 0.0
44 251 0.0
44 252 0.0
44 253 0.0
44 254 0.0
44 255 0.0
44 256 0.0
44 257 0.0
44 258 0.0
44 259 0.0
44 260 0.0
44 261 0.0
44 262 0.0
44 263 0.0
44 264 0.0
44 265 0.0
44 266 0.0
44 267 0.0
44 268 0.0
44 269 0.0
44 270 0.0
44 271 0.0
44 272 0.0
44 273 0.0
44 274 0.0
44 275 0.0
44 276 0.0
44 277 0.0
44 278 0.0
44 279 0.0
44 280 0.0
44 281 0.0
44 282 0.0
44 283 0.0
44 284 0.0
44 285 0.0
44 286 0.0
44 287 0.0
44 288 0.0
44 289 0.0
44 290 0.0
44 291 0.0
44 292 0.0
44 293 0.0
44 294 0.0
44 295 0.0
44 296 0.0
44 297 0.0
44 298 0.0
44 299 0.0
44 300 0.0
44 301 0.0
44 302 0.0
44 303 0.0
44 304 0.0
44 305 0.0
44 306 0.0
44 307 0.0
44 308 0.0
44 309 0.0
44 310 0.0
44 311 0.0
44 312 0.0
44 313 0.0
44 314 0.0
44 315 0.0
44 316 0.0
44 317 0.0
44 318 0.0
44 319 0.0
44 320 0.0
44 321 0.0
44 322 0.0
44 323 0.0
44 324 0.0
44 325 0.0
44 326 0.0
44 327 0.0
44 328 0.0
44 329 0.0
44 330 0.0
44 331 0.0
44 332 0.0
44 333 0.0
44 334 0.0
44 335 0.0
44 336 0.0
44 337 0.0
44 338 0.0
44 339 0.0
44 340 0.0
44 341 0.0
44 342 0.0
44 343 0.0
44 344 0.0
44 345 0.0
44 346 0.0
44 347 0.0
44 348 0.0
44 349 0.0
44 350 0.0
44 351 0.0
44 352 0.0
44 353 0.0
44 354 0.0
44 355 0.0
44 356 0.0
44 357 0.0
44 358 0.0
44 359 0.0
44 360 0.0
44 361 0.0
44 362 0.0
44 363 2.48754671924e-05
44 364 0.0
44 365 6.21886679809e-06
44 366 0.0
44 367 0.000223879204731
44 368 0.0
44 369 9.95018687695e-05
44 370 0.0
44 371 0.000304724473107
44 372 0.0
44 373 0.000155471669952
44 374 0.0
44 375 9.95018687695e-05
44 376 0.0
44 377 6.21886679809e-06
44 378 0.0
44 379 6.21886679809e-06
44 380 0.0
44 381 9.95018687695e-05
44 382 0.0
44 383 2.48754671924e-05
44 384 0.0
44 385 2.48754671924e-05
44 386 0.0
44 387 2.48754671924e-05
44 388 0.0
44 389 0.0
44 390 0.0
44 391 0.000223879204731
44 392 0.0
44 393 6.21886679809e-06
44 394 0.0
44 395 5.59698011828e-05
44 396 0.0
44 397 9.95018687695e-05
44 398 0.0
44 399 6.21886679809e-06
44 400 0.0
45 0 0.0
45 1 2.48754671924e-05
45 2 0.0
45 3 2.48754671924e-05
45 4 0.0
45 5 0.000155471669952
45 6 0.0
45 7 0.000223879204731
45 8 0.0
45 9 2.48754671924e-05
45 10 0.0
45 11 0.000503728210645
45 12 0.0
45 13 5.59698011828e-05
45 14 0.0
45 15 2.48754671924e-05
45 16 0.0
45 17 0.000155471669952
45 18 0.0
45 19 6.21886679809e-06
45 20 0.0
45 21 2.48754671924e-05
45 22 0.0
45 23 6.21886679809e-06
45 24 0.0
45 25 6.21886679809e-06
45 26 0.0
45 27 6.21886679809e-06
45 28 0.0
45 29 0.000304724473107
45 30 0.0
45 31 9.95018687695e-05
45 32 0.0
45 33 2.48754671924e-05
45 34 0.0
45 35 6.21886679809e-06
45 36 6.21886679809e-06
45 37 0.000621886679809
45 38 0.0
45 39 0.000223879204731
45 40 0.0
45 41 6.21886679809e-06
45 42 0.0
45 43 5.59698011828e-05
45 44 0.0
45 45 0.0
45 46 0.0
45 47 6.21886679809e-06
45 48 0.0
45 49 0.0
45 50 0.0
45 51 0.0
45 52 0.0
45 53 0.0
45 54 0.0
45 55 0.0
45 56 0.0
45 57 0.0
45 58 0.0
45 59 0.0
45 60 0.0
45 61 0.0
45 62 0.0
45 63 0.0
45 64 0.0
45 65 0.0
45 66 0.0
45 67 0.0
45 68 0.0
45 69 0.0
45 70 0.0
45 71 0.0
45 72 0.0
45 73 0.0
45 74 0.0
45 75 0.0
45 76 0.0
45 77 0.0
45 78 0.0
45 79 0.0
45 80 0.0
45 81 0.0
45 82 0.0
45 83 0.0
45 84 0.0
45 85 0.0
45 86 0.0
45 87 0.0
45 88 0.0
45 89 0.0
45 90 0.0
45 91 0.0
45 92 0.0
45 93 0.0
45 94 0.0
45 95 0.0
45 96 0.0
45 97 0.0
45 98 0.0
45 99 0.0
45 100 0.0
45 101 0.0
45 102 0.0
45 103 0.0
45 104 0.0
45 105 0.0
45 106 0.0
45 107 0.0
45 108 0.0
45 109 0.0
45 110 0.0
45 111 0.0
45 112 0.0
45 113 0.0
45 114 0.0
45 115 0.0
45 116 0.0
45 117 0.0
45 118 0.0
45 119 0.0
45 120 0.0
45 121 0.0
45 122 0.0
45 123 0.0
45 124 0.0
45 125 0.0
45 126 0.0
45 127 0.0
45 128 0.0
45 129 0.0
45 130 0.0
45 131 0.0
45 132 0.0
45 133 0.0
45 134 0.0
45 135 0.0
45 136 0.0
45 137 0.0
45 138 0.0
45 139 0.0
45 140 0.0
45 141 0.0
45 142 0.0
45 143 0.0
45 144 0.0
45 145 0.0
45 146 0.0
45 147 0.0
45 148 0.0
45 149 0.0
45 150 0.0
45 151 0.0
45 152 0.0
45 153 0.0
45 154 0.0
45 155 0.0
45 156 0.0
45 157 0.0
45 158 0.0
45 159 0.0
45 160 0.0
45 161 0.0
45 162 0.0
45 163 0.0
45 164 0.0
45 165 0.0
45 166 0.0
45 167 0.0
45 168 0.0
45 169 0.0
45 170 0.0
45 171 0.0
45 172 0.0
45 173 0.0
45 174 0.0
45 175 0.0
45 176 0.0
45 177 0.0
45 178 0.0
45 179 0.0
45 180 0.0
45 181 0.0
45 182 0.0
45 183 0.0
45 184 0.0
45 185 0.0
45 186 0.0
45 187 0.0
45 188 0.0
45 189 0.0
45 190 0.0
45 191 0.0
45 192 0.0
45 193 0.0
45 194 0.0
45 195 0.0
45 196 0.0
45 197 0.0
45 198 0.0
45 199 0.0
45 200 0.0
45 201 0.0
45 202 0.0
45 203 0.0
45 204 0.0
45 205 0.0
45 206 0.0
45 207 0.0
45 208 0.0
45 209 0.0
45 210 0.0
45 211 0.0
45 212 0.0
45 213 0.0
45 214 0.0
45 215 0.0
45 216 0.0
45 217 0.0
45 218 0.0
45 219 0.0
45 220 0.0
45 221 0.0
45 222 0.0
45 223 0.0
45 224 0.0
45 225 0.0
45 226 0.0
45 227 0.0
45 228 0.0
45 229 0.0
45 230 0.0
45 231 0.0
45 232 0.0
45 233 0.0
45 234 0.0
45 235 0.0
45 236 0.0
45 237 0.0
45 238 0.0
45 239 0.0
45 240 0.0
45 241 0.0
45 242 0.0
45 243 0.0
45 244 0.0
45 245 0.0
45 246 0.0
45 247 0.0
45 248 0.0
45 249 0.0
45 250 0.0
45 251 0.0
45 252 0.0
45 253 0.0
45 254 0.0
45 255 0.0
45 256 0.0
45 257 0.0
45 258 0.0
45 259 0.0
45 260 0.0
45 261 0.0
45 262 0.0
45 263 0.0
45 264 0.0
45 265 0.0
45 266 0.0
45 267 0.0
45 268 0.0
45 269 0.0
45 270 0.0
45 271 0.0
45 272 0.0
45 273 0.0
45 274 0.0
45 275 0.0
45 276 0.0
45 277 0.0
45 278 0.0
45 279 0.0
45 280 0.0
45 281 0.0
45 282 0.0
45 283 0.0
45 284 0.0
45 285 0.0
45 286 0.0
45 287 0.0
45 288 0.0
45 289 0.0
45 290 0.0
45 291 0.0
45 292 0.0
45 293 0.0
45 294 0.0
45 295 0.0
45 296 0.0
45 297 0.0
45 298 0.0
45 299 0.0
45 300 0.0
45 301 0.0
45 302 0.0
45 303 0.0
45 304 0.0
45 305 0.0
45 306 0.0
45 307 0.0
45 308 0.0
45 309 0.0
45 310 0.0
45 311 0.0
45 312 0.0
45 313 0.0
45 314 0.0
45 315 0.0
45 316 0.0
45 317 0.0
45 318 0.0
45 319 0.0
45 320 0.0
45 321 0.0
45 322 0.0
45 323 0.0
45 324 0.0
45 325 0.0
45 326 0.0
45 327 0.0
45 328 0.0
45 329 0.0
45 330 0.0
45 331 0.0
45 332 0.0
45 333 0.0
45 334 0.0
45 335 0.0
45 336 0.0
45 337 0.0
45 338 0.0
45 339 0.0
45 340 0.0
45 341 0.0
45 342 0.0
45 343 0.0
45 344 0.0
45 345 0.0
45 346 0.0
45 347 0.0
45 348 0.0
45 349 0.0
45 350 0.0
45 351 0.0
45 352 0.0
45 353 0.0
45 354 0.0
45 355 0.0
45 356 0.0
45 357 0.0
45 358 0.0
45 359 0.0
45 360 0.0
45 361 0.0
45 362 0.0
45 363 2.48754671924e-05
45 364 0.0
45 365 6.21886679809e-06
45 366 0.0
45 367 0.000304724473107
45 368 0.0
45 369 0.000155471669952
45 370 6.21886679809e-06
45 371 0.000304724473107
45 372 0.0
45 373 9.95018687695e-05
45 374 6.21886679809e-06
45 375 0.000155471669952
45 376 0.0
45 377 6.21886679809e-06
45 378 6.21886679809e-06
45 379 0.0
45 380 0.0
45 381 5.59698011828e-05
45 382 6.21886679809e-06
45 383 5.59698011828e-05
45 384 0.0
45 385 2.48754671924e-05
45 386 0.0
45 387 2.48754671924e-05
45 388 0.0
45 389 6.21886679809e-06
45 390 6.21886679809e-06
45 391 0.000155471669952
45 392 0.0
45 393 6.21886679809e-06
45 394 0.0
45 395 5.59698011828e-05
45 396 0.0
45 397 9.95018687695e-05
45 398 0.0
45 399 6.21886679809e-06
45 400 0.0
46 0 0.0
46 1 2.48754671924e-05
46 2 0.0
46 3 2.48754671924e-05
46 4 0.0
46 5 0.000155471669952
46 6 0.0
46 7 0.000223879204731
46 8 0.0
46 9 2.48754671924e-05
46 10 0.0
46 11 0.000503728210645
46 12 0.0
46 13 5.59698011828e-05
46 14 0.0
46 15 2.48754671924e-05
46 16 0.0
46 17 0.000155471669952
46 18 0.0
46 19 6.21886679809e-06
46 20 0.0
46 21 2.48754671924e-05
46 22 0.0
46 23 6.21886679809e-06
46 24 0.0
46 25 6.21886679809e-06
46 26 0.0
46 27 6.21886679809e-06
46 28 0.0
46 29 0.000304724473107
46 30 0.0
46 31 9.95018687695e-05
46 32 0.0
46 33 2.48754671924e-05
46 34 0.0
46 35 6.21886679809e-06
46 36 0.0
46 37 0.000621886679809
46 38 0.0
46 39 0.000223879204731
46 40 0.0
46 41 6.21886679809e-06
46 42 0.0
46 43 5.59698011828e-05
46 44 0.0
46 45 0.0
46 46 0.0
46 47 6.21886679809e-06
46 48 0.0
46 49 0.0
46 50 0.0
46 51 0.0
46 52 0.0
46 53 0.0
46 54 0.0
46 55 0.0
46 56 0.0
46 57 0.0
46 58 0.0
46 59 0.0
46 60 0.0
46 61 0.0
46 62 0.0
46 63 0.0
46 64 0.0
46 65 0.0
46 66 0.0
46 67 0.0
46 68 0.0
46 69 0.0
46 70 0.0
46 71 0.0
46 72 0.0
46 73 0.0
46 74 0.0
46 75 0.0
46 76 0.0
46 77 0.0
46 78 0.0
46 79 0.0
46 80 0.0
46 81 0.0
46 82 0.0
46 83 0.0
46 84 0.0
46 85 0.0
46 86 0.0
46 87 0.0
46 88 0.0
46 89 0.0
46 90 0.0
46 91 0.0
46 92 0.0
46 93 0.0
46 94 0.0
46 95 0.0
46 96 0.0
46 97 0.0
46 98 0.0
46 99 0.0
46 100 0.0
46 101 0.0
46 102 0.0
46 103 0.0
46 104 0.0
46 105 0.0
46 106 0.0
46 107 0.0
46 108 0.0
46 109 0.0
46 110 0.0
46 111 0.0
46 112 0.0
46 113 0.0
46 114 0.0
46 115 0.0
46 116 0.0
46 117 0.0
46 118 0.0
46 119 0.0
46 120 0.0
46 121 0.0
46 122 0.0
46 123 0.0
46 124 0.0
46 125 0.0
46 126 0.0
46 127 0.0
46 128 0.0
46 129 0.0
46 130 0.0
46 131 0.0
46 132 0.0
46 133 0.0
46 134 0.0
46 135 0.0
46 136 0.0
46 137 0.0
46 138 0.0
46 139 0.0
46 140 0.0
46 141 0.0
46 142 0.0
46 143 0.0
46 144 0.0
46 145 0.0
46 146 0.0
46 147 0.0
46 148 0.0
46 149 0.0
46 150 0.0
46 151 0.0
46 152 0.0
46 153 0.0
46 154 0.0
46 155 0.0
46 156 0.0
46 157 0.0
46 158 0.0
46 159 0.0
46 160 0.0
46 161 0.0
46 162 0.0
46 163 0.0
46 164 0.0
46 165 0.0
46 166 0.0
46 167 0.0
46 168 0.0
46 169 0.0
46 170 0.0
46 171 0.0
46 172 0.0
46 173 0.0
46 174 0.0
46 175 0.0
46 176 0.0
46 177 0.0
46 178 0.0
46 179 0.0
46 180 0.0
46 181 0.0
46 182 0.0
46 183 0.0
46 184 0.0
46 185 0.0
46 186 0.0
46 187 0.0
46 188 0.0
46 189 0.0
46 190 0.0
46 191 0.0
46 192 0.0
46 193 0.0
46 194 0.0
46 195 0.0
46 196 0.0
46 197 0.0
46 198 0.0
46 199 0.0
46 200 0.0
46 201 0.0
46 202 0.0
46 203 0.0
46 204 0.0
46 205 0.0
46 206 0.0
46 207 0.0
46 208 0.0
46 209 0.0
46 210 0.0
46 211 0.0
46 212 0.0
46 213 0.0
46 214 0.0
46 215 0.0
46 216 0.0
46 217 0.0
46 218 0.0
46 219 0.0
46 220 0.0
46 221 0.0
46 222 0.0
46 223 0.0
46 224 0.0
46 225 0.0
46 226 0.0
46 227 0.0
46 228 0.0
46 229 0.0
46 230 0.0
46 231 0.0
46 232 0.0
46 233 0.0
46 234 0.0
46 235 0.0
46 236 0.0
46 237 0.0
46 238 0.0
46 239 0.0
46 240 0.0
46 241 0.0
46 242 0.0
46 243 0.0
46 244 0.0
46 245 0.0
46 246 0.0
46 247 0.0
46 248 0.0
46 249 0.0
46 250 0.0
46 251 0.0
46 252 0.0
46 253 0.0
46 254 0.0
46 255 0.0
46 256 0.0
46 257 0.0
46 258 0.0
46 259 0.0
46 260 0.0
46 261 0.0
46 262 0.0
46 263 0.0
46 264 0.0
46 265 0.0
46 266 0.0
46 267 0.0
46 268 0.0
46 269 0.0
46 270 0.0
46 271 0.0
46 272 0.0
46 273 0.0
46 274 0.0
46 275 0.0
46 276 0.0
46 277 0.0
46 278 0.0
46 279 0.0
46 280 0.0
46 281 0.0
46 282 0.0
46 283 0.0
46 284 0.0
46 285 0.0
46 286 0.0
46 287 0.0
46 288 0.0
46 289 0.0
46 290 0.0
46 291 0.0
46 292 0.0
46 293 0.0
46 294 0.0
46 295 0.0
46 296 0.0
46 297 0.0
46 298 0.0
46 299 0.0
46 300 0.0
46 301 0.0
46 302 0.0
46 303 0.0
46 304 0.0
46 305 0.0
46 306 0.0
46 307 0.0
46 308 0.0
46 309 0.0
46 310 0.0
46 311 0.0
46 312 0.0
46 313 0.0
46 314 0.0
46 315 0.0
46 316 0.0
46 317 0.0
46 318 0.0
46 319 0.0
46 320 0.0
46 321 0.0
46 322 0.0
46 323 0.0
46 324 0.0
46 325 0.0
46 326 0.0
46 327 0.0
46 328 0.0
46 329 0.0
46 330 0.0
46 331 0.0
46 332 0.0
46 333 0.0
46 334 0.0
46 335 0.0
46 336 0.0
46 337 0.0
46 338 0.0
46 339 0.0
46 340 0.0
46 341 0.0
46 342 0.0
46 343 0.0
46 344 0.0
46 345 0.0
46 346 0.0
46 347 0.0
46 348 0.0
46 349 0.0
46 350 0.0
46 351 0.0
46 352 0.0
46 353 0.0
46 354 0.0
46 355 0.0
46 356 0.0
46 357 0.0
46 358 0.0
46 359 0.0
46 360 0.0
46 361 0.0
46 362 0.0
46 363 2.48754671924e-05
46 364 0.0
46 365 6.21886679809e-06
46 366 0.0
46 367 0.000223879204731
46 368 0.0
46 369 9.95018687695e-05
46 370 0.0
46 371 0.000304724473107
46 372 0.0
46 373 0.000155471669952
46 374 0.0
46 375 9.95018687695e-05
46 376 0.0
46 377 6.21886679809e-06
46 378 0.0
46 379 6.21886679809e-06
46 380 0.0
46 381 9.95018687695e-05
46 382 0.0
46 383 2.48754671924e-05
46 384 0.0
46 385 2.48754671924e-05
46 386 0.0
46 387 2.48754671924e-05
46 388 0.0
46 389 0.0
46 390 0.0
46 391 0.000223879204731
46 392 0.0
46 393 6.21886679809e-06
46 394 0.0
46 395 5.59698011828e-05
46 396 0.0
46 397 9.95018687695e-05
46 398 0.0
46 399 6.21886679809e-06
46 400 0.0
47 0 0.0
47 1 2.48754671924e-05
47 2 0.0
47 3 2.48754671924e-05
47 4 0.0
47 5 0.000155471669952
47 6 0.0
47 7 0.000223879204731
47 8 0.0
47 9 2.48754671924e-05
47 10 0.0
47 11 0.000503728210645
47 12 0.0
47 13 5.59698011828e-05
47 14 0.0
47 15 2.48754671924e-05
47 16 0.0
47 17 0.000155471669952
47 18 0.0
47 19 6.21886679809e-06
47 20 0.0
47 21 2.48754671924e-05
47 22 0.0
47 23 6.21886679809e-06
47 24 0.0
47 25 6.21886679809e-06
47 26 0.0
47 27 6.21886679809e-06
47 28 6.21886679809e-06
47 29 0.000398007475078
47 30 6.21886679809e-06
47 31 9.95018687695e-05
47 32 0.0
47 33 6.21886679809e-06
47 34 6.21886679809e-06
47 35 6.21886679809e-06
47 36 0.0
47 37 0.000621886679809
47 38 6.21886679809e-06
47 39 0.000304724473107
47 40 6.21886679809e-06
47 41 2.48754671924e-05
47 42 6.21886679809e-06
47 43 9.95018687695e-05
47 44 6.21886679809e-06
47 45 6.21886679809e-06
47 46 6.21886679809e-06
47 47 2.48754671924e-05
47 48 6.21886679809e-06
47 49 6.21886679809e-06
47 50 6.21886679809e-06
47 51 6.21886679809e-06
47 52 6.21886679809e-06
47 53 6.21886679809e-06
47 54 6.21886679809e-06
47 55 6.21886679809e-06
47 56 6.21886679809e-06
47 57 6.21886679809e-06
47 58 6.21886679809e-06
47 59 6.21886679809e-06
47 60 6.21886679809e-06
47 61 6.21886679809e-06
47 62 6.21886679809e-06
47 63 6.21886679809e-06
47 64 6.21886679809e-06
47 65 6.21886679809e-06
47 66 6.21886679809e-06
47 67 6.21886679809e-06
47 68 6.21886679809e-06
47 69 6.21886679809e-06
47 70 6.21886679809e-06
47 71 6.21886679809e-06
47 72 6.21886679809e-06
47 73 6.21886679809e-06
47 74 6.21886679809e-06
47 75 6.21886679809e-06
47 76 6.21886679809e-06
47 77 6.21886679809e-06
47 78 6.21886679809e-06
47 79 6.21886679809e-06
47 80 6.21886679809e-06
47 81 6.21886679809e-06
47 82 6.21886679809e-06
47 83 6.21886679809e-06
47 84 6.21886679809e-06
47 85 6.21886679809e-06
47 86 6.21886679809e-06
47 87 6.21886679809e-06
47 88 6.21886679809e-06
47 89 6.21886679809e-06
47 90 6.21886679809e-06
47 91 6.21886679809e-06
47 92 6.21886679809e-06
47 93 6.21886679809e-06
47 94 6.21886679809e-06
47 95 6.21886679809e-06
47 96 6.21886679809e-06
47 97 6.21886679809e-06
47 98 6.21886679809e-06
47 99 6.21886679809e-06
47 100 6.21886679809e-06
47 101 6.21886679809e-06
47 102 6.21886679809e-06
47 103 6.21886679809e-06
47 104 6.21886679809e-06
47 105 6.21886679809e-06
47 106 6.21886679809e-06
47 107 6.21886679809e-06
47 108 6.21886679809e-06
47 109 6.21886679809e-06
47 110 6.21886679809e-06
47 111 6.21886679809e-06
47 112 6.21886679809e-06
47 113 6.21886679809e-06
47 114 6.21886679809e-06
47 115 6.21886679809e-06
47 116 6.21886679809e-06
47 117 6.21886679809e-06
47 118 6.21886679809e-06
47 119 6.21886679809e-06
47 120 6.21886679809e-06
47 121 6.21886679809e-06
47 122 6.21886679809e-06
47 123 6.21886679809e-06
47 124 6.21886679809e-06
47 125 6.21886679809e-06
47 126 6.21886679809e-06
47 127 6.21886679809e-06
47 128 6.21886679809e-06
47 129 6.21886679809e-06
47 130 6.21886679809e-06
47 131 6.21886679809e-06
47 132 6.21886679809e-06
47 133 6.21886679809e-06
47 134 6.21886679809e-06
47 135 6.21886679809e-06
47 136 6.21886679809e-06
47 137 6.21886679809e-06
47 138 6.21886679809e-06
47 139 6.21886679809e-06
47 140 6.21886679809e-06
47 141 6.21886679809e-06
47 142 6.21886679809e-06
47 143 6.21886679809e-06
47 144 6.21886679809e-06
47 145 6.21886679809e-06
47 146 6.21886679809e-06
47 147 6.21886679809e-06
47 148 6.21886679809e-06
47 149 6.21886679809e-06
47 150 6.21886679809e-06
47 151 6.21886679809e-06
47 152 6.21886679809e-06
47 153 6.21886679809e-06
47 154 6.21886679809e-06
47 155 6.21886679809e-06
47 156 6.21886679809e-06
47 157 6.21886679809e-06
47 158 6.21886679809e-06
47 159 6.21886679809e-06
47 160 6.21886679809e-06
47 161 6.21886679809e-06
47 162 6.21886679809e-06
47 163 6.21886679809e-06
47 164 6.21886679809e-06
47 165 6.21886679809e-06
47 166 6.21886679809e-06
47 167 6.21886679809e-06
47 168 6.21886679809e-06
47 169 6.21886679809e-06
47 170 6.21886679809e-06
47 171 6.21886679809e-06
47 172 6.21886679809e-06
47 173 6.21886679809e-06
47 174 6.21886679809e-06
47 175 6.21886679809e-06
47 176 6.21886679809e-06
47 177 6.21886679809e-06
47 178 6.21886679809e-06
47 179 6.21886679809e-06
47 180 6.21886679809e-06
47 181 6.21886679809e-06
47 182 6.21886679809e-06
47 183 6.21886679809e-06
47 184 6.21886679809e-06
47 185 6.21886679809e-06
47 186 6.21886679809e-06
47 187 6.21886679809e-06
47 188 6.21886679809e-06
47 189 6.21886679809e-06
47 190 6.21886679809e-06
47 191 6.21886679809e-06
47 192 6.21886679809e-06
47 193 6.21886679809e-06
47 194 6.21886679809e-06
47 195 6.21886679809e-06
47 196 6.21886679809e-06
47 197 6.21886679809e-06
47 198 6.21886679809e-06
47 199 6.21886679809e-06
47 200 6.21886679809e-06
47 201 6.21886679809e-06
47 202 6.21886679809e-06
47 203 6.21886679809e-06
47 204 6.21886679809e-06
47 205 6.21886679809e-06
47 206 6.21886679809e-06
47 207 6.21886679809e-06
47 208 6.21886679809e-06
47 209 6.21886679809e-06
47 210 6.21886679809e-06
47 211 6.21886679809e-06
47 212 6.21886679809e-06
47 213 6.21886679809e-06
47 214 6.21886679809e-06
47 215 6.21886679809e-06
47 216 6.21886679809e-06
47 217 6.21886679809e-06
47 218 6.21886679809e-06
47 219 6.21886679809e-06
47 220 6.21886679809e-06
47 221 6.21886679809e-06
47 222 6.21886679809e-06
47 223 6.21886679809e-06
47 224 6.21886679809e-06
47 225 6.21886679809e-06
47 226 6.21886679809e-06
47 227 6.21886679809e-06
47 228 6.21886679809e-06
47 229 6.21886679809e-06
47 230 6.21886679809e-06
47 231 6.21886679809e-06
47 232 6.21886679809e-06
47 233 6.21886679809e-06
47 234 6.21886679809e-06
47 235 6.21886679809e-06
47 236 6.21886679809e-06
47 237 6.21886679809e-06
47 238 6.21886679809e-06
47 239 6.21886679809e-06
47 240 6.21886679809e-06
47 241 6.21886679809e-06
47 242 6.21886679809e-06
47 243 6.21886679809e-06
47 244 6.21886679809e-06
47 245 6.21886679809e-06
47 246 6.21886679809e-06
47 247 6.21886679809e-06
47 248 6.21886679809e-06
47 249 6.21886679809e-06
47 250 6.21886679809e-06
47 251 6.21886679809e-06
47 252 6.21886679809e-06
47 253 6.21886679809e-06
47 254 6.21886679809e-06
47 255 6.21886679809e-06
47 256 6.21886679809e-06
47 257 6.21886679809e-06
47 258 6.21886679809e-06
47 259 6.21886679809e-06
47 260 6.21886679809e-06
47 261 6.21886679809e-06
47 262 6.21886679809e-06
47 263 6.21886679809e-06
47 264 6.21886679809e-06
47 265 6.21886679809e-06
47 266 6.21886679809e-06
47 267 6.21886679809e-06
47 268 6.21886679809e-06
47 269 6.21886679809e-06
47 270 6.21886679809e-06
47 271 6.21886679809e-06
47 272 6.21886679809e-06
47 273 6.21886679809e-06
47 274 6.21886679809e-06
47 275 6.21886679809e-06
47 276 6.21886679809e-06
47 277 6.21886679809e-06
47 278 6.21886679809e-06
47 279 6.21886679809e-06
47 280 6.21886679809e-06
47 281 6.21886679809e-06
47 282 6.21886679809e-06
47 283 6.21886679809e-06
47 284 6.21886679809e-06
47 285 6.21886679809e-06
47 286 6.21886679809e-06
47 287 6.21886679809e-06
47 288 6.21886679809e-06
47 289 6.21886679809e-06
47 290 6.21886679809e-06
47 291 6.21886679809e-06
47 292 6.21886679809e-06
47 293 6.21886679809e-06
47 294 6.21886679809e-06
47 295 6.21886679809e-06
47 296 6.21886679809e-06
47 297 6.21886679809e-06
47 298 6.21886679809e-06
47 299 6.21886679809e-06
47 300 6.21886679809e-06
47 301 6.21886679809e-06
47 302 6.21886679809e-06
47 303 6.21886679809e-06
47 304 6.21886679809e-06
47 305 6.21886679809e-06
47 306 6.21886679809e-06
47 307 6.21886679809e-06
47 308 6.21886679809e-06
47 309 6.21886679809e-06
47 310 6.21886679809e-06
47 311 6.21886679809e-06
47 312 6.21886679809e-06
47 313 6.21886679809e-06
47 314 6.21886679809e-06
47 315 6.21886679809e-06
47 316 6.21886679809e-06
47 317 6.21886679809e-06
47 318 6.21886679809e-06
47 319 6.21886679809e-06
47 320 6.21886679809e-06
47 321 6.21886679809e-06
47 322 6.21886679809e-06
47 323 6.21886679809e-06
47 324 6.21886679809e-06
47 325 6.21886679809e-06
47 326 6.21886679809e-06
47 327 6.21886679809e-06
47 328 6.21886679809e-06
47 329 6.21886679809e-06
47 330 6.21886679809e-06
47 331 6.21886679809e-06
47 332 6.21886679809e-06
47 333 6.21886679809e-06
47 334 6.21886679809e-06
47 335 6.21886679809e-06
47 336 6.21886679809e-06
47 337 6.21886679809e-06
47 338 6.21886679809e-06
47 339 6.21886679809e-06
47 340 6.21886679809e-06
47 341 6.21886679809e-06
47 342 6.21886679809e-06
47 343 6.21886679809e-06
47 344 6.21886679809e-06
47 345 6.21886679809e-06
47 346 6.21886679809e-06
47 347 6.21886679809e-06
47 348 6.21886679809e-06
47 349 6.21886679809e-06
47 350 6.21886679809e-06
47 351 6.21886679809e-06
47 352 6.21886679809e-06
47 353 6.21886679809e-06
47 354 6.21886679809e-06
47 355 6.21886679809e-06
47 356 6.21886679809e-06
47 357 6.21886679809e-06
47 358 6.21886679809e-06
47 359 6.21886679809e-06
47 360 6.21886679809e-06
47 361 6.21886679809e-06
47 362 6.21886679809e-06
47 363 5.59698011828e-05
47 364 6.21886679809e-06
47 365 2.48754671924e-05
47 366 6.21886679809e-06
47 367 0.000223879204731
47 368 0.0
47 369 9.95018687695e-05
47 370 0.0
47 371 0.000304724473107
47 372 6.21886679809e-06
47 373 9.95018687695e-05
47 374 0.0
47 375 9.95018687695e-05
47 376 6.21886679809e-06
47 377 6.21886679809e-06
47 378 0.0
47 379 6.21886679809e-06
47 380 0.0
47 381 9.95018687695e-05
47 382 0.0
47 383 2.48754671924e-05
47 384 0.0
47 385 2.48754671924e-05
47 386 6.21886679809e-06
47 387 5.59698011828e-05
47 388 0.0
47 389 0.0
47 390 0.0
47 391 0.000155471669952
47 392 6.21886679809e-06
47 393 6.21886679809e-06
47 394 0.0
47 395 5.59698011828e-05
47 396 0.0
47 397 9.95018687695e-05
47 398 0.0
47 399 6.21886679809e-06
47 400 0.0
48 0 0.0
48 1 2.48754671924e-05
48 2 0.0
48 3 2.48754671924e-05
48 4 0.0
48 5 0.000155471669952
48 6 0.0
48 7 0.000223879204731
48 8 0.0
48 9 2.48754671924e-05
48 10 0.0
48 11 0.000503728210645
48 12 0.0
48 13 5.59698011828e-05
48 14 0.0
48 15 2.48754671924e-05
48 16 0.0
48 17 0.000155471669952
48 18 0.0
48 19 6.21886679809e-06
48 20 0.0
48 21 2.48754671924e-05
48 22 0.0
48 23 6.21886679809e-06
48 24 0.0
48 25 6.21886679809e-06
48 26 0.0
48 27 6.21886679809e-06
48 28 0.0
48 29 0.000304724473107
48 30 0.0
48 31 9.95018687695e-05
48 32 0.0
48 33 2.48754671924e-05
48 34 0.0
48 35 6.21886679809e-06
48 36 0.0
48 37 0.000621886679809
48 38 0.0
48 39 0.000223879204731
48 40 0.0
48 41 6.21886679809e-06
48 42 0.0
48 43 5.59698011828e-05
48 44 0.0
48 45 0.0
48 46 0.0
48 47 6.21886679809e-06
48 48 0.0
48 49 0.0
48 50 0.0
48 51 0.0
48 52 0.0
48 53 0.0
48 54 0.0
48 55 0.0
48 56 0.0
48 57 0.0
48 58 0.0
48 59 0.0
48 60 0.0
48 61 0.0
48 62 0.0
48 63 0.0
48 64 0.0
48 65 0.0
48 66 0.0
48 67 0.0
48 68 0.0
48 69 0.0
48 70 0.0
48 71 0.0
48 72 0.0
48 73 0.0
48 74 0.0
48 75 0.0
48 76 0.0
48 77 0.0
48 78 0.0
48 79 0.0
48 80 0.0
48 81 0.0
48 82 0.0
48 83 0.0
48 84 0.0
48 85 0.0
48 86 0.0
48 87 0.0
48 88 0.0
48 89 0.0
48 90 0.0
48 91 0.0
48 92 0.0
48 93 0.0
48 94 0.0
48 95 0.0
48 96 0.0
48 97 0.0
48 98 0.0
48 99 0.0
48 100 0.0
48 101 0.0
48 102 0.0
48 103 0.0
48 104 0.0
48 105 0.0
48 106 0.0
48 107 0.0
48 108 0.0
48 109 0.0
48 110 0.0
48 111 0.0
48 112 0.0
48 113 0.0
48 114 0.0
48 115 0.0
48 116 0.0
48 117 0.0
48 118 0.0
48 119 0.0
48 120 0.0
48 121 0.0
48 122 0.0
48 123 0.0
48 124 0.0
48 125 0.0
48 126 0.0
48 127 0.0
48 128 0.0
48 129 0.0
48 130 0.0
48 131 0.0
48 132 0.0
48 133 0.0
48 134 0.0
48 135 0.0
48 136 0.0
48 137 0.0
48 138 0.0
48 139 0.0
48 140 0.0
48 141 0.0
48 142 0.0
48 143 0.0
48 144 0.0
48 145 0.0
48 146 0.0
48 147 0.0
48 148 0.0
48 149 0.0
48 150 0.0
48 151 0.0
48 152 0.0
48 153 0.0
48 154 0.0
48 155 0.0
48 156 0.0
48 157 0.0
48 158 0.0
48 159 0.0
48 160 0.0
48 161 0.0
48 162 0.0
48 163 0.0
48 164 0.0
48 165 0.0
48 166 0.0
48 167 0.0
48 168 0.0
48 169 0.0
48 170 0.0
48 171 0.0
48 172 0.0
48 173 0.0
48 174 0.0
48 175 0.0
48 176 0.0
48 177 0.0
48 178 0.0
48 179 0.0
48 180 0.0
48 181 0.0
48 182 0.0
48 183 0.0
48 184 0.0
48 185 0.0
48 186 0.0
48 187 0.0
48 188 0.0
48 189 0.0
48 190 0.0
48 191 0.0
48 192 0.0
48 193 0.0
48 194 0.0
48 195 0.0
48 196 0.0
48 197 0.0
48 198 0.0
48 199 0.0
48 200 0.0
48 201 0.0
48 202 0.0
48 203 0.0
48 204 0.0
48 205 0.0
48 206 0.0
48 207 0.0
48 208 0.0
48 209 0.0
48 210 0.0
48 211 0.0
48 212 0.0
48 213 0.0
48 214 0.0
48 215 0.0
48 216 0.0
48 217 0.0
48 218 0.0
48 219 0.0
48 220 0.0
48 221 0.0
48 222 0.0
48 223 0.0
48 224 0.0
48 225 0.0
48 226 0.0
48 227 0.0
48 228 0.0
48 229 0.0
48 230 0.0
48 231 0.0
48 232 0.0
48 233 0.0
48 234 0.0
48 235 0.0
48 236 0.0
48 237 0.0
48 238 0.0
48 239 0.0
48 240 0.0
48 241 0.0
48 242 0.0
48 243 0.0
48 244 0.0
48 245 0.0
48 246 0.0
48 247 0.0
48 248 0.0
48 249 0.0
48 250 0.0
48 251 0.0
48 252 0.0
48 253 0.0
48 254 0.0
48 255 0.0
48 256 0.0
48 257 0.0
48 258 0.0
48 259 0.0
48 260 0.0
48 261 0.0
48 262 0.0
48 263 0.0
48 264 0.0
48 265 0.0
48 266 0.0
48 267 0.0
48 268 0.0
48 269 0.0
48 270 0.0
48 271 0.0
48 272 0.0
48 273 0.0
48 274 0.0
48 275 0.0
48 276 0.0
48 277 0.0
48 278 0.0
48 279 0.0
48 280 0.0
48 281 0.0
48 282 0.0
48 283 0.0
48 284 0.0
48 285 0.0
48 286 0.0
48 287 0.0
48 288 0.0
48 289 0.0
48 290 0.0
48 291 0.0
48 292 0.0
48 293 0.0
48 294 0.0
48 295 0.0
48 296 0.0
48 297 0.0
48 298 0.0
48 299 0.0
48 300 0.0
48 301 0.0
48 302 0.0
48 303 0.0
48 304 0.0
48 305 0.0
48 306 0.0
48 307 0.0
48 308 0.0
48 309 0.0
48 310 0.0
48 311 0.0
48 312 0.0
48 313 0.0
48 314 0.0
48 315 0.0
48 316 0.0
48 317 0.0
48 318 0.0
48 319 0.0
48 320 0.0
48 321 0.0
48 322 0.0
48 323 0.0
48 324 0.0
48 325 0.0
48 326 0.0
48 327 0.0
48 328 0.0
48 329 0.0
48 330 0.0
48 331 0.0
48 332 0.0
48 333 0.0
48 334 0.0
48 335 0.0
48 336 0.0
48 337 0.0
48 338 0.0
48 339 0.0
48 340 0.0
48 341 0.0
48 342 0.0
48 343 0.0
48 344 0.0
48 345 0.0
48 346 0.0
48 347 0.0
48 348 0.0
48 349 0.0
48 350 0.0
48 351 0.0
48 352 0.0
48 353 0.0
48 354 0.0
48 355 0.0
48 356 0.0
48 357 0.0
48 358 0.0
48 359 0.0
48 360 0.0
48 361 0.0
48 362 0.0
48 363 2.48754671924e-05
48 364 0.0
48 365 6.21886679809e-06
48 366 0.0
48 367 0.000223879204731
48 368 0.0
48 369 9.95018687695e-05
48 370 0.0
48 371 0.000304724473107
48 372 0.0
48 373 0.000155471669952
48 374 0.0
48 375 9.95018687695e-05
48 376 0.0
48 377 6.21886679809e-06
48 378 0.0
48 379 6.21886679809e-06
48 380 0.0
48 381 9.95018687695e-05
48 382 0.0
48 383 2.48754671924e-05
48 384 0.0
48 385 2.48754671924e-05
48 386 0.0
48 387 2.48754671924e-05
48 388 0.0
48 389 0.0
48 390 0.0
48 391 0.000223879204731
48 392 0.0
48 393 6.21886679809e-06
48 394 0.0
48 395 5.59698011828e-05
48 396 0.0
48 397 9.95018687695e-05
48 398 0.0
48 399 6.21886679809e-06
48 400 0.0
49 0 0.0
49 1 2.48754671924e-05
49 2 0.0
49 3 2.48754671924e-05
49 4 0.0
49 5 0.000155471669952
49 6 0.0
49 7 0.000304724473107
49 8 0.0
49 9 5.59698011828e-05
49 10 6.21886679809e-06
49 11 0.000398007475078
49 12 0.0
49 13 5.59698011828e-05
49 14 0.0
49 15 2.48754671924e-05
49 16 0.0
49 17 0.000155471669952
49 18 0.0
49 19 6.21886679809e-06
49 20 0.0
49 21 2.48754671924e-05
49 22 0.0
49 23 6.21886679809e-06
49 24 0.0
49 25 6.21886679809e-06
49 26 0.0
49 27 6.21886679809e-06
49 28 0.0
49 29 0.000304724473107
49 30 0.0
49 31 9.95018687695e-05
49 32 0.0
49 33 2.48754671924e-05
49 34 0.0
49 35 6.21886679809e-06
49 36 0.0
49 37 0.000621886679809
49 38 0.0
49 39 0.000223879204731
49 40 0.0
49 41 6.21886679809e-06
49 42 0.0
49 43 5.59698011828e-05
49 44 0.0
49 45 0.0
49 46 0.0
49 47 6.21886679809e-06
49 48 0.0
49 49 0.0
49 50 0.0
49 51 0.0
49 52 0.0
49 53 0.0
49 54 0.0
49 55 0.0
49 56 0.0
49 57 2.48754671924e-05
49 58 2.48754671924e-05
49 59 2.48754671924e-05
49 60 6.21886679809e-06
49 61 5.59698011828e-05
49 62 5.59698011828e-05
49 63 5.59698011828e-05
49 64 2.48754671924e-05
49 65 2.48754671924e-05
49 66 2.48754671924e-05
49 67 2.48754671924e-05
49 68 6.21886679809e-06
49 69 2.48754671924e-05
49 70 2.48754671924e-05
49 71 2.48754671924e-05
49 72 6.21886679809e-06
49 73 6.21886679809e-06
49 74 6.21886679809e-06
49 75 6.21886679809e-06
49 76 6.21886679809e-06
49 77 6.21886679809e-06
49 78 6.21886679809e-06
49 79 6.21886679809e-06
49 80 6.21886679809e-06
49 81 6.21886679809e-06
49 82 6.21886679809e-06
49 83 6.21886679809e-06
49 84 6.21886679809e-06
49 85 6.21886679809e-06
49 86 6.21886679809e-06
49 87 6.21886679809e-06
49 88 6.21886679809e-06
49 89 6.21886679809e-06
49 90 6.21886679809e-06
49 91 6.21886679809e-06
49 92 6.21886679809e-06
49 93 6.21886679809e-06
49 94 6.21886679809e-06
49 95 6.21886679809e-06
49 96 6.21886679809e-06
49 97 6.21886679809e-06
49 98 6.21886679809e-06
49 99 2.48754671924e-05
49 100 5.59698011828e-05
49 101 9.95018687695e-05
49 102 5.59698011828e-05
49 103 5.59698011828e-05
49 104 5.59698011828e-05
49 105 5.59698011828e-05
49 106 5.59698011828e-05
49 107 5.59698011828e-05
49 108 5.59698011828e-05
49 109 5.59698011828e-05
49 110 5.59698011828e-05
49 111 9.95018687695e-05
49 112 5.59698011828e-05
49 113 5.59698011828e-05
49 114 6.21886679809e-06
49 115 6.21886679809e-06
49 116 6.21886679809e-06
49 117 6.21886679809e-06
49 118 6.21886679809e-06
49 119 6.21886679809e-06
49 120 6.21886679809e-06
49 121 6.21886679809e-06
49 122 6.21886679809e-06
49 123 6.21886679809e-06
49 124 6.21886679809e-06
49 125 6.21886679809e-06
49 126 6.21886679809e-06
49 127 6.21886679809e-06
49 128 6.21886679809e-06
49 129 6.21886679809e-06
49 130 6.21886679809e-06
49 131 6.21886679809e-06
49 132 6.21886679809e-06
49 133 6.21886679809e-06
49 134 6.21886679809e-06
49 135 6.21886679809e-06
49 136 6.21886679809e-06
49 137 6.21886679809e-06
49 138 6.21886679809e-06
49 139 6.21886679809e-06
49 140 6.21886679809e-06
49 141 6.21886679809e-06
49 142 6.21886679809e-06
49 143 6.21886679809e-06
49 144 6.21886679809e-06
49 145 6.21886679809e-06
49 146 6.21886679809e-06
49 147 6.21886679809e-06
49 148 6.21886679809e-06
49 149 6.21886679809e-06
49 150 6.21886679809e-06
49 151 6.21886679809e-06
49 152 6.21886679809e-06
49 153 6.21886679809e-06
49 154 6.21886679809e-06
49 155 6.21886679809e-06
49 156 6.21886679809e-06
49 157 6.21886679809e-06
49 158 6.21886679809e-06
49 159 6.21886679809e-06
49 160 6.21886679809e-06
49 161 6.21886679809e-06
49 162 6.21886679809e-06
49 163 6.21886679809e-06
49 164 6.21886679809e-06
49 165 6.21886679809e-06
49 166 6.21886679809e-06
49 167 6.21886679809e-06
49 168 6.21886679809e-06
49 169 6.21886679809e-06
49 170 6.21886679809e-06
49 171 2.48754671924e-05
49 172 5.59698011828e-05
49 173 9.95018687695e-05
49 174 5.59698011828e-05
49 175 9.95018687695e-05
49 176 5.59698011828e-05
49 177 5.59698011828e-05
49 178 6.21886679809e-06
49 179 6.21886679809e-06
49 180 6.21886679809e-06
49 181 6.21886679809e-06
49 182 6.21886679809e-06
49 183 6.21886679809e-06
49 184 6.21886679809e-06
49 185 6.21886679809e-06
49 186 6.21886679809e-06
49 187 6.21886679809e-06
49 188 6.21886679809e-06
49 189 6.21886679809e-06
49 190 6.21886679809e-06
49 191 6.21886679809e-06
49 192 6.21886679809e-06
49 193 6.21886679809e-06
49 194 6.21886679809e-06
49 195 6.21886679809e-06
49 196 6.21886679809e-06
49 197 6.21886679809e-06
49 198 6.21886679809e-06
49 199 6.21886679809e-06
49 200 6.21886679809e-06
49 201 6.21886679809e-06
49 202 6.21886679809e-06
49 203 6.21886679809e-06
49 204 6.21886679809e-06
49 205 6.21886679809e-06
49 206 6.21886679809e-06
49 207 6.21886679809e-06
49 208 6.21886679809e-06
49 209 6.21886679809e-06
49 210 6.21886679809e-06
49 211 6.21886679809e-06
49 212 6.21886679809e-06
49 213 6.21886679809e-06
49 214 6.21886679809e-06
49 215 6.21886679809e-06
49 216 6.21886679809e-06
49 217 6.21886679809e-06
49 218 6.21886679809e-06
49 219 6.21886679809e-06
49 220 6.21886679809e-06
49 221 6.21886679809e-06
49 222 6.21886679809e-06
49 223 6.21886679809e-06
49 224 6.21886679809e-06
49 225 6.21886679809e-06
49 226 6.21886679809e-06
49 227 6.21886679809e-06
49 228 6.21886679809e-06
49 229 6.21886679809e-06
49 230 6.21886679809e-06
49 231 6.21886679809e-06
49 232 6.21886679809e-06
49 233 6.21886679809e-06
49 234 6.21886679809e-06
49 235 6.21886679809e-06
49 236 6.21886679809e-06
49 237 6.21886679809e-06
49 238 6.21886679809e-06
49 239 6.21886679809e-06
49 240 6.21886679809e-06
49 241 6.21886679809e-06
49 242 6.21886679809e-06
49 243 6.21886679809e-06
49 244 6.21886679809e-06
49 245 6.21886679809e-06
49 246 6.21886679809e-06
49 247 6.21886679809e-06
49 248 6.21886679809e-06
49 249 6.21886679809e-06
49 250 6.21886679809e-06
49 251 6.21886679809e-06
49 252 6.21886679809e-06
49 253 6.21886679809e-06
49 254 6.21886679809e-06
49 255 6.21886679809e-06
49 256 6.21886679809e-06
49 257 6.21886679809e-06
49 258 6.21886679809e-06
49 259 6.21886679809e-06
49 260 6.21886679809e-06
49 261 6.21886679809e-06
49 262 6.21886679809e-06
49 263 6.21886679809e-06
49 264 6.21886679809e-06
49 265 6.21886679809e-06
49 266 6.21886679809e-06
49 267 6.21886679809e-06
49 268 6.21886679809e-06
49 269 6.21886679809e-06
49 270 6.21886679809e-06
49 271 5.59698011828e-05
49 272 5.59698011828e-05
49 273 9.95018687695e-05
49 274 5.59698011828e-05
49 275 5.59698011828e-05
49 276 5.59698011828e-05
49 277 2.48754671924e-05
49 278 6.21886679809e-06
49 279 6.21886679809e-06
49 280 6.21886679809e-06
49 281 2.48754671924e-05
49 282 6.21886679809e-06
49 283 6.21886679809e-06
49 284 6.21886679809e-06
49 285 6.21886679809e-06
49 286 6.21886679809e-06
49 287 6.21886679809e-06
49 288 6.21886679809e-06
49 289 6.21886679809e-06
49 290 6.21886679809e-06
49 291 6.21886679809e-06
49 292 6.21886679809e-06
49 293 6.21886679809e-06
49 294 6.21886679809e-06
49 295 6.21886679809e-06
49 296 6.21886679809e-06
49 297 6.21886679809e-06
49 298 6.21886679809e-06
49 299 6.21886679809e-06
49 300 6.21886679809e-06
49 301 6.21886679809e-06
49 302 6.21886679809e-06
49 303 6.21886679809e-06
49 304 6.21886679809e-06
49 305 6.21886679809e-06
49 306 6.21886679809e-06
49 307 6.21886679809e-06
49 308 6.21886679809e-06
49 309 6.21886679809e-06
49 310 6.21886679809e-06
49 311 6.21886679809e-06
49 312 6.21886679809e-06
49 313 6.21886679809e-06
49 314 6.21886679809e-06
49 315 6.21886679809e-06
49 316 6.21886679809e-06
49 317 6.21886679809e-06
49 318 6.21886679809e-06
49 319 6.21886679809e-06
49 320 6.21886679809e-06
49 321 2.48754671924e-05
49 322 5.59698011828e-05
49 323 9.95018687695e-05
49 324 5.59698011828e-05
49 325 9.95018687695e-05
49 326 5.59698011828e-05
49 327 5.59698011828e-05
49 328 6.21886679809e-06
49 329 6.21886679809e-06
49 330 6.21886679809e-06
49 331 6.21886679809e-06
49 332 6.21886679809e-06
49 333 6.21886679809e-06
49 334 6.21886679809e-06
49 335 6.21886679809e-06
49 336 6.21886679809e-06
49 337 2.48754671924e-05
49 338 6.21886679809e-06
49 339 6.21886679809e-06
49 340 6.21886679809e-06
49 341 2.48754671924e-05
49 342 2.48754671924e-05
49 343 9.95018687695e-05
49 344 9.95018687695e-05
49 345 9.95018687695e-05
49 346 2.48754671924e-05
49 347 2.48754671924e-05
49 348 2.48754671924e-05
49 349 6.21886679809e-06
49 350 0.0
49 351 0.0
49 352 0.0
49 353 2.48754671924e-05
49 354 5.59698011828e-05
49 355 2.48754671924e-05
49 356 0.0
49 357 0.0
49 358 0.0
49 359 6.21886679809e-06
49 360 0.0
49 361 0.0
49 362 0.0
49 363 2.48754671924e-05
49 364 6.21886679809e-06
49 365 6.21886679809e-06
49 366 0.0
49 367 0.000304724473107
49 368 0.0
49 369 9.95018687695e-05
49 370 6.21886679809e-06
49 371 0.000155471669952
49 372 9.95018687695e-05
49 373 9.95018687695e-05
49 374 0.0
49 375 9.95018687695e-05
49 376 2.48754671924e-05
49 377 0.0
49 378 0.0
49 379 6.21886679809e-06
49 380 0.0
49 381 9.95018687695e-05
49 382 0.0
49 383 2.48754671924e-05
49 384 0.0
49 385 2.48754671924e-05
49 386 0.0
49 387 2.48754671924e-05
49 388 0.0
49 389 0.0
49 390 0.0
49 391 9.95018687695e-05
49 392 2.48754671924e-05
49 393 2.48754671924e-05
49 394 0.0
49 395 2.48754671924e-05
49 396 6.21886679809e-06
49 397 9.95018687695e-05
49 398 0.0
49 399 2.48754671924e-05
49 400 0.0
50 0 0.0
50 1 2.48754671924e-05
50 2 0.0
50 3 2.48754671924e-05
50 4 0.0
50 5 0.000155471669952
50 6 0.0
50 7 0.000304724473107
50 8 0.0
50 9 2.48754671924e-05
50 10 0.0
50 11 0.000398007475078
50 12 0.0
50 13 5.59698011828e-05
50 14 0.0
50 15 2.48754671924e-05
50 16 0.0
50 17 0.000155471669952
50 18 0.0
50 19 6.21886679809e-06
50 20 0.0
50 21 2.48754671924e-05
50 22 0.0
50 23 6.21886679809e-06
50 24 0.0
50 25 6.21886679809e-06
50 26 0.0
50 27 6.21886679809e-06
50 28 0.0
50 29 0.000304724473107
50 30 0.0
50 31 9.95018687695e-05
50 32 0.0
50 33 2.48754671924e-05
50 34 0.0
50 35 6.21886679809e-06
50 36 0.0
50 37 0.000621886679809
50 38 0.0
50 39 0.000223879204731
50 40 0.0
50 41 6.21886679809e-06
50 42 0.0
50 43 5.59698011828e-05
50 44 0.0
50 45 0.0
50 46 0.0
50 47 6.21886679809e-06
50 48 0.0
50 49 0.0
50 50 0.0
50 51 0.0
50 52 0.0
50 53 0.0
50 54 0.0
50 55 0.0
50 56 0.0
50 57 2.48754671924e-05
50 58 0.0
50 59 6.21886679809e-06
50 60 0.0
50 61 2.48754671924e-05
50 62 0.0
50 63 6.21886679809e-06
50 64 0.0
50 65 6.21886679809e-06
50 66 0.0
50 67 0.0
50 68 0.0
50 69 6.21886679809e-06
50 70 0.0
50 71 6.21886679809e-06
50 72 0.0
50 73 0.0
50 74 0.0
50 75 0.0
50 76 0.0
50 77 0.0
50 78 0.0
50 79 0.0
50 80 0.0
50 81 0.0
50 82 0.0
50 83 0.0
50 84 0.0
50 85 0.0
50 86 0.0
50 87 0.0
50 88 0.0
50 89 0.0
50 90 0.0
50 91 0.0
50 92 0.0
50 93 0.0
50 94 0.0
50 95 0.0
50 96 0.0
50 97 0.0
50 98 0.0
50 99 6.21886679809e-06
50 100 0.0
50 101 6.21886679809e-06
50 102 0.0
50 103 0.0
50 104 0.0
50 105 0.0
50 106 0.0
50 107 0.0
50 108 0.0
50 109 0.0
50 110 0.0
50 111 6.21886679809e-06
50 112 0.0
50 113 0.0
50 114 0.0
50 115 0.0
50 116 0.0
50 117 0.0
50 118 0.0
50 119 0.0
50 120 0.0
50 121 0.0
50 122 0.0
50 123 0.0
50 124 0.0
50 125 0.0
50 126 0.0
50 127 0.0
50 128 0.0
50 129 0.0
50 130 0.0
50 131 0.0
50 132 0.0
50 133 0.0
50 134 0.0
50 135 0.0
50 136 0.0
50 137 0.0
50 138 0.0
50 139 0.0
50 140 0.0
50 141 0.0
50 142 0.0
50 143 0.0
50 144 0.0
50 145 0.0
50 146 0.0
50 147 0.0
50 148 0.0
50 149 0.0
50 150 0.0
50 151 0.0
50 152 0.0
50 153 0.0
50 154 0.0
50 155 0.0
50 156 0.0
50 157 0.0
50 158 0.0
50 159 0.0
50 160 0.0
50 161 0.0
50 162 0.0
50 163 0.0
50 164 0.0
50 165 0.0
50 166 0.0
50 167 0.0
50 168 0.0
50 169 0.0
50 170 0.0
50 171 6.21886679809e-06
50 172 0.0
50 173 6.21886679809e-06
50 174 0.0
50 175 6.21886679809e-06
50 176 0.0
50 177 0.0
50 178 0.0
50 179 0.0
50 180 0.0
50 181 0.0
50 182 0.0
50 183 0.0
50 184 0.0
50 185 0.0
50 186 0.0
50 187 0.0
50 188 0.0
50 189 0.0
50 190 0.0
50 191 0.0
50 192 0.0
50 193 0.0
50 194 0.0
50 195 0.0
50 196 0.0
50 197 0.0
50 198 0.0
50 199 0.0
50 200 0.0
50 201 0.0
50 202 0.0
50 203 0.0
50 204 0.0
50 205 0.0
50 206 0.0
50 207 0.0
50 208 0.0
50 209 0.0
50 210 0.0
50 211 0.0
50 212 0.0
50 213 0.0
50 214 0.0
50 215 0.0
50 216 0.0
50 217 0.0
50 218 0.0
50 219 0.0
50 220 0.0
50 221 0.0
50 222 0.0
50 223 0.0
50 224 0.0
50 225 0.0
50 226 0.0
50 227 0.0
50 228 0.0
50 229 0.0
50 230 0.0
50 231 0.0
50 232 0.0
50 233 0.0
50 234 0.0
50 235 0.0
50 236 0.0
50 237 0.0
50 238 0.0
50 239 0.0
50 240 0.0
50 241 0.0
50 242 0.0
50 243 0.0
50 244 0.0
50 245 0.0
50 246 0.0
50 247 0.0
50 248 0.0
50 249 0.0
50 250 0.0
50 251 0.0
50 252 0.0
50 253 0.0
50 254 0.0
50 255 0.0
50 256 0.0
50 257 0.0
50 258 0.0
50 259 0.0
50 260 0.0
50 261 0.0
50 262 0.0
50 263 0.0
50 264 0.0
50 265 0.0
50 266 0.0
50 267 0.0
50 268 0.0
50 269 0.0
50 270 0.0
50 271 0.0
50 272 0.0
50 273 6.21886679809e-06
50 274 0.0
50 275 0.0
50 276 0.0
50 277 6.21886679809e-06
50 278 0.0
50 279 0.0
50 280 0.0
50 281 6.21886679809e-06
50 282 0.0
50 283 0.0
50 284 0.0
50 285 0.0
50 286 0.0
50 287 0.0
50 288 0.0
50 289 0.0
50 290 0.0
50 291 0.0
50 292 0.0
50 293 0.0
50 294 0.0
50 295 0.0
50 296 0.0
50 297 0.0
50 298 0.0
50 299 0.0
50 300 0.0
50 301 0.0
50 302 0.0
50 303 0.0
50 304 0.0
50 305 0.0
50 306 0.0
50 307 0.0
50 308 0.0
50 309 0.0
50 310 0.0
50 311 0.0
50 312 0.0
50 313 0.0
50 314 0.0
50 315 0.0
50 316 0.0
50 317 0.0
50 318 0.0
50 319 0.0
50 320 0.0
50 321 6.21886679809e-06
50 322 0.0
50 323 6.21886679809e-06
50 324 0.0
50 325 6.21886679809e-06
50 326 0.0
50 327 0.0
50 328 0.0
50 329 0.0
50 330 0.0
50 331 0.0
50 332 0.0
50 333 0.0
50 334 0.0
50 335 0.0
50 336 0.0
50 337 6.21886679809e-06
50 338 0.0
50 339 0.0
50 340 0.0
50 341 6.21886679809e-06
50 342 0.0
50 343 6.21886679809e-06
50 344 0.0
50 345 0.0
50 346 0.0
50 347 6.21886679809e-06
50 348 0.0
50 349 0.0
50 350 0.0
50 351 0.0
50 352 0.0
50 353 0.0
50 354 0.0
50 355 0.0
50 356 0.0
50 357 0.0
50 358 0.0
50 359 6.21886679809e-06
50 360 0.0
50 361 0.0
50 362 0.0
50 363 2.48754671924e-05
50 364 0.0
50 365 6.21886679809e-06
50 366 0.0
50 367 0.000155471669952
50 368 0.0
50 369 5.59698011828e-05
50 370 0.0
50 371 0.000223879204731
50 372 0.0
50 373 0.000223879204731
50 374 0.0
50 375 2.48754671924e-05
50 376 0.0
50 377 6.21886679809e-06
50 378 0.0
50 379 6.21886679809e-06
50 380 0.0
50 381 9.95018687695e-05
50 382 0.0
50 383 2.48754671924e-05
50 384 0.0
50 385 2.48754671924e-05
50 386 0.0
50 387 2.48754671924e-05
50 388 0.0
50 389 0.0
50 390 0.0
50 391 9.95018687695e-05
50 392 0.0
50 393 6.21886679809e-06
50 394 0.0
50 395 5.59698011828e-05
50 396 0.0
50 397 5.59698011828e-05
50 398 0.0
50 399 2.48754671924e-05
50 400 0.0
51 0 0.0
51 1 2.48754671924e-05
51 2 0.0
51 3 2.48754671924e-05
51 4 0.0
51 5 0.000155471669952
51 6 0.0
51 7 0.000398007475078
51 8 0.0
51 9 5.59698011828e-05
51 10 6.21886679809e-06
51 11 0.000398007475078
51 12 0.0
51 13 5.59698011828e-05
51 14 0.0
51 15 2.48754671924e-05
51 16 0.0
51 17 0.000155471669952
51 18 0.0
51 19 6.21886679809e-06
51 20 0.0
51 21 2.48754671924e-05
51 22 0.0
51 23 6.21886679809e-06
51 24 0.0
51 25 6.21886679809e-06
51 26 0.0
51 27 6.21886679809e-06
51 28 0.0
51 29 0.000304724473107
51 30 0.0
51 31 9.95018687695e-05
51 32 0.0
51 33 2.48754671924e-05
51 34 0.0
51 35 6.21886679809e-06
51 36 0.0
51 37 0.000621886679809
51 38 0.0
51 39 0.000223879204731
51 40 0.0
51 41 6.21886679809e-06
51 42 0.0
51 43 5.59698011828e-05
51 44 0.0
51 45 0.0
51 46 0.0
51 47 6.21886679809e-06
51 48 0.0
51 49 0.0
51 50 0.0
51 51 0.0
51 52 0.0
51 53 0.0
51 54 0.0
51 55 0.0
51 56 0.0
51 57 0.0
51 58 5.59698011828e-05
51 59 6.21886679809e-06
51 60 0.0
51 61 2.48754671924e-05
51 62 2.48754671924e-05
51 63 2.48754671924e-05
51 64 5.59698011828e-05
51 65 2.48754671924e-05
51 66 5.59698011828e-05
51 67 6.21886679809e-06
51 68 2.48754671924e-05
51 69 5.59698011828e-05
51 70 5.59698011828e-05
51 71 6.21886679809e-06
51 72 6.21886679809e-06
51 73 6.21886679809e-06
51 74 6.21886679809e-06
51 75 6.21886679809e-06
51 76 6.21886679809e-06
51 77 6.21886679809e-06
51 78 6.21886679809e-06
51 79 6.21886679809e-06
51 80 6.21886679809e-06
51 81 6.21886679809e-06
51 82 6.21886679809e-06
51 83 6.21886679809e-06
51 84 6.21886679809e-06
51 85 6.21886679809e-06
51 86 6.21886679809e-06
51 87 6.21886679809e-06
51 88 6.21886679809e-06
51 89 6.21886679809e-06
51 90 6.21886679809e-06
51 91 6.21886679809e-06
51 92 6.21886679809e-06
51 93 6.21886679809e-06
51 94 6.21886679809e-06
51 95 6.21886679809e-06
51 96 6.21886679809e-06
51 97 6.21886679809e-06
51 98 6.21886679809e-06
51 99 0.0
51 100 6.21886679809e-06
51 101 0.0
51 102 6.21886679809e-06
51 103 6.21886679809e-06
51 104 6.21886679809e-06
51 105 6.21886679809e-06
51 106 6.21886679809e-06
51 107 6.21886679809e-06
51 108 6.21886679809e-06
51 109 6.21886679809e-06
51 110 6.21886679809e-06
51 111 0.0
51 112 6.21886679809e-06
51 113 6.21886679809e-06
51 114 6.21886679809e-06
51 115 6.21886679809e-06
51 116 6.21886679809e-06
51 117 6.21886679809e-06
51 118 6.21886679809e-06
51 119 6.21886679809e-06
51 120 6.21886679809e-06
51 121 6.21886679809e-06
51 122 6.21886679809e-06
51 123 6.21886679809e-06
51 124 6.21886679809e-06
51 125 6.21886679809e-06
51 126 6.21886679809e-06
51 127 6.21886679809e-06
51 128 6.21886679809e-06
51 129 6.21886679809e-06
51 130 6.21886679809e-06
51 131 6.21886679809e-06
51 132 6.21886679809e-06
51 133 6.21886679809e-06
51 134 6.21886679809e-06
51 135 6.21886679809e-06
51 136 6.21886679809e-06
51 137 6.21886679809e-06
51 138 6.21886679809e-06
51 139 6.21886679809e-06
51 140 6.21886679809e-06
51 141 6.21886679809e-06
51 142 6.21886679809e-06
51 143 6.21886679809e-06
51 144 6.21886679809e-06
51 145 6.21886679809e-06
51 146 6.21886679809e-06
51 147 6.21886679809e-06
51 148 6.21886679809e-06
51 149 6.21886679809e-06
51 150 6.21886679809e-06
51 151 6.21886679809e-06
51 152 6.21886679809e-06
51 153 6.21886679809e-06
51 154 6.21886679809e-06
51 155 6.21886679809e-06
51 156 6.21886679809e-06
51 157 6.21886679809e-06
51 158 6.21886679809e-06
51 159 6.21886679809e-06
51 160 6.21886679809e-06
51 161 6.21886679809e-06
51 162 6.21886679809e-06
51 163 6.21886679809e-06
51 164 6.21886679809e-06
51 165 6.21886679809e-06
51 166 6.21886679809e-06
51 167 6.21886679809e-06
51 168 6.21886679809e-06
51 169 6.21886679809e-06
51 170 6.21886679809e-06
51 171 6.21886679809e-06
51 172 6.21886679809e-06
51 173 0.0
51 174 6.21886679809e-06
51 175 0.0
51 176 6.21886679809e-06
51 177 6.21886679809e-06
51 178 6.21886679809e-06
51 179 6.21886679809e-06
51 180 6.21886679809e-06
51 181 6.21886679809e-06
51 182 6.21886679809e-06
51 183 6.21886679809e-06
51 184 6.21886679809e-06
51 185 6.21886679809e-06
51 186 6.21886679809e-06
51 187 6.21886679809e-06
51 188 6.21886679809e-06
51 189 6.21886679809e-06
51 190 6.21886679809e-06
51 191 6.21886679809e-06
51 192 6.21886679809e-06
51 193 6.21886679809e-06
51 194 6.21886679809e-06
51 195 6.21886679809e-06
51 196 6.21886679809e-06
51 197 6.21886679809e-06
51 198 6.21886679809e-06
51 199 6.21886679809e-06
51 200 6.21886679809e-06
51 201 6.21886679809e-06
51 202 6.21886679809e-06
51 203 6.21886679809e-06
51 204 6.21886679809e-06
51 205 6.21886679809e-06
51 206 6.21886679809e-06
51 207 6.21886679809e-06
51 208 6.21886679809e-06
51 209 6.21886679809e-06
51 210 6.21886679809e-06
51 211 6.21886679809e-06
51 212 6.21886679809e-06
51 213 6.21886679809e-06
51 214 6.21886679809e-06
51 215 6.21886679809e-06
51 216 6.21886679809e-06
51 217 6.21886679809e-06
51 218 6.21886679809e-06
51 219 6.21886679809e-06
51 220 6.21886679809e-06
51 221 6.21886679809e-06
51 222 6.21886679809e-06
51 223 6.21886679809e-06
51 224 6.21886679809e-06
51 225 6.21886679809e-06
51 226 6.21886679809e-06
51 227 6.21886679809e-06
51 228 6.21886679809e-06
51 229 6.21886679809e-06
51 230 6.21886679809e-06
51 231 6.21886679809e-06
51 232 6.21886679809e-06
51 233 6.21886679809e-06
51 234 6.21886679809e-06
51 235 6.21886679809e-06
51 236 6.21886679809e-06
51 237 6.21886679809e-06
51 238 6.21886679809e-06
51 239 6.21886679809e-06
51 240 6.21886679809e-06
51 241 6.21886679809e-06
51 242 6.21886679809e-06
51 243 6.21886679809e-06
51 244 6.21886679809e-06
51 245 6.21886679809e-06
51 246 6.21886679809e-06
51 247 6.21886679809e-06
51 248 6.21886679809e-06
51 249 6.21886679809e-06
51 250 6.21886679809e-06
51 251 6.21886679809e-06
51 252 6.21886679809e-06
51 253 6.21886679809e-06
51 254 6.21886679809e-06
51 255 6.21886679809e-06
51 256 6.21886679809e-06
51 257 6.21886679809e-06
51 258 6.21886679809e-06
51 259 6.21886679809e-06
51 260 6.21886679809e-06
51 261 6.21886679809e-06
51 262 6.21886679809e-06
51 263 6.21886679809e-06
51 264 6.21886679809e-06
51 265 6.21886679809e-06
51 266 6.21886679809e-06
51 267 6.21886679809e-06
51 268 6.21886679809e-06
51 269 6.21886679809e-06
51 270 6.21886679809e-06
51 271 6.21886679809e-06
51 272 6.21886679809e-06
51 273 0.0
51 274 6.21886679809e-06
51 275 6.21886679809e-06
51 276 6.21886679809e-06
51 277 6.21886679809e-06
51 278 6.21886679809e-06
51 279 6.21886679809e-06
51 280 6.21886679809e-06
51 281 0.0
51 282 6.21886679809e-06
51 283 6.21886679809e-06
51 284 6.21886679809e-06
51 285 6.21886679809e-06
51 286 6.21886679809e-06
51 287 6.21886679809e-06
51 288 6.21886679809e-06
51 289 6.21886679809e-06
51 290 6.21886679809e-06
51 291 6.21886679809e-06
51 292 6.21886679809e-06
51 293 6.21886679809e-06
51 294 6.21886679809e-06
51 295 6.21886679809e-06
51 296 6.21886679809e-06
51 297 6.21886679809e-06
51 298 6.21886679809e-06
51 299 6.21886679809e-06
51 300 6.21886679809e-06
51 301 6.21886679809e-06
51 302 6.21886679809e-06
51 303 6.21886679809e-06
51 304 6.21886679809e-06
51 305 6.21886679809e-06
51 306 6.21886679809e-06
51 307 6.21886679809e-06
51 308 6.21886679809e-06
51 309 6.21886679809e-06
51 310 6.21886679809e-06
51 311 6.21886679809e-06
51 312 6.21886679809e-06
51 313 6.21886679809e-06
51 314 6.21886679809e-06
51 315 6.21886679809e-06
51 316 6.21886679809e-06
51 317 6.21886679809e-06
51 318 6.21886679809e-06
51 319 6.21886679809e-06
51 320 6.21886679809e-06
51 321 6.21886679809e-06
51 322 6.21886679809e-06
51 323 0.0
51 324 6.21886679809e-06
51 325 0.0
51 326 6.21886679809e-06
51 327 6.21886679809e-06
51 328 6.21886679809e-06
51 329 6.21886679809e-06
51 330 6.21886679809e-06
51 331 6.21886679809e-06
51 332 6.21886679809e-06
51 333 6.21886679809e-06
51 334 6.21886679809e-06
51 335 6.21886679809e-06
51 336 6.21886679809e-06
51 337 6.21886679809e-06
51 338 6.21886679809e-06
51 339 6.21886679809e-06
51 340 6.21886679809e-06
51 341 6.21886679809e-06
51 342 6.21886679809e-06
51 343 0.0
51 344 6.21886679809e-06
51 345 0.0
51 346 6.21886679809e-06
51 347 2.48754671924e-05
51 348 2.48754671924e-05
51 349 6.21886679809e-06
51 350 6.21886679809e-06
51 351 2.48754671924e-05
51 352 2.48754671924e-05
51 353 5.59698011828e-05
51 354 6.21886679809e-06
51 355 0.0
51 356 6.21886679809e-06
51 357 6.21886679809e-06
51 358 0.0
51 359 0.0
51 360 0.0
51 361 0.0
51 362 0.0
51 363 5.59698011828e-05
51 364 6.21886679809e-06
51 365 2.48754671924e-05
51 366 0.0
51 367 0.000223879204731
51 368 0.0
51 369 9.95018687695e-05
51 370 6.21886679809e-06
51 371 0.000155471669952
51 372 6.21886679809e-06
51 373 0.000223879204731
51 374 0.0
51 375 5.59698011828e-05
51 376 6.21886679809e-06
51 377 2.48754671924e-05
51 378 0.0
51 379 6.21886679809e-06
51 380 0.0
51 381 9.95018687695e-05
51 382 0.0
51 383 2.48754671924e-05
51 384 0.0
51 385 2.48754671924e-05
51 386 0.0
51 387 2.48754671924e-05
51 388 0.0
51 389 0.0
51 390 0.0
51 391 5.59698011828e-05
51 392 6.21886679809e-06
51 393 6.21886679809e-06
51 394 0.0
51 395 5.59698011828e-05
51 396 0.0
51 397 5.59698011828e-05
51 398 0.0
51 399 2.48754671924e-05
51 400 0.0
52 0 0.0
52 1 2.48754671924e-05
52 2 0.0
52 3 2.48754671924e-05
52 4 0.0
52 5 0.000155471669952
52 6 0.0
52 7 0.000304724473107
52 8 0.0
52 9 2.48754671924e-05
52 10 0.0
52 11 0.000398007475078
52 12 0.0
52 13 5.59698011828e-05
52 14 0.0
52 15 2.48754671924e-05
52 16 0.0
52 17 0.000155471669952
52 18 0.0
52 19 6.21886679809e-06
52 20 0.0
52 21 2.48754671924e-05
52 22 0.0
52 23 6.21886679809e-06
52 24 0.0
52 25 6.21886679809e-06
52 26 0.0
52 27 6.21886679809e-06
52 28 0.0
52 29 0.000304724473107
52 30 0.0
52 31 9.95018687695e-05
52 32 0.0
52 33 2.48754671924e-05
52 34 0.0
52 35 6.21886679809e-06
52 36 0.0
52 37 0.000621886679809
52 38 0.0
52 39 0.000223879204731
52 40 0.0
52 41 6.21886679809e-06
52 42 0.0
52 43 5.59698011828e-05
52 44 0.0
52 45 0.0
52 46 0.0
52 47 6.21886679809e-06
52 48 0.0
52 49 0.0
52 50 0.0
52 51 0.0
52 52 0.0
52 53 0.0
52 54 0.0
52 55 0.0
52 56 0.0
52 57 6.21886679809e-06
52 58 0.0
52 59 2.48754671924e-05
52 60 0.0
52 61 6.21886679809e-06
52 62 0.0
52 63 2.48754671924e-05
52 64 0.0
52 65 6.21886679809e-06
52 66 0.0
52 67 2.48754671924e-05
52 68 0.0
52 69 5.59698011828e-05
52 70 0.0
52 71 0.0
52 72 0.0
52 73 0.0
52 74 0.0
52 75 0.0
52 76 0.0
52 77 0.0
52 78 0.0
52 79 0.0
52 80 0.0
52 81 0.0
52 82 0.0
52 83 0.0
52 84 0.0
52 85 0.0
52 86 0.0
52 87 0.0
52 88 0.0
52 89 0.0
52 90 0.0
52 91 0.0
52 92 0.0
52 93 0.0
52 94 0.0
52 95 0.0
52 96 0.0
52 97 6.21886679809e-06
52 98 0.0
52 99 6.21886679809e-06
52 100 0.0
52 101 0.0
52 102 0.0
52 103 0.0
52 104 0.0
52 105 0.0
52 106 0.0
52 107 0.0
52 108 0.0
52 109 0.0
52 110 0.0
52 111 0.0
52 112 0.0
52 113 0.0
52 114 0.0
52 115 0.0
52 116 0.0
52 117 6.21886679809e-06
52 118 0.0
52 119 0.0
52 120 0.0
52 121 0.0
52 122 0.0
52 123 0.0
52 124 0.0
52 125 0.0
52 126 0.0
52 127 0.0
52 128 0.0
52 129 0.0
52 130 0.0
52 131 0.0
52 132 0.0
52 133 0.0
52 134 0.0
52 135 0.0
52 136 0.0
52 137 0.0
52 138 0.0
52 139 0.0
52 140 0.0
52 141 0.0
52 142 0.0
52 143 0.0
52 144 0.0
52 145 0.0
52 146 0.0
52 147 0.0
52 148 0.0
52 149 0.0
52 150 0.0
52 151 0.0
52 152 0.0
52 153 0.0
52 154 0.0
52 155 0.0
52 156 0.0
52 157 0.0
52 158 0.0
52 159 0.0
52 160 0.0
52 161 0.0
52 162 0.0
52 163 0.0
52 164 0.0
52 165 0.0
52 166 0.0
52 167 0.0
52 168 0.0
52 169 6.21886679809e-06
52 170 0.0
52 171 6.21886679809e-06
52 172 0.0
52 173 0.0
52 174 0.0
52 175 6.21886679809e-06
52 176 0.0
52 177 0.0
52 178 0.0
52 179 0.0
52 180 0.0
52 181 0.0
52 182 0.0
52 183 0.0
52 184 0.0
52 185 0.0
52 186 0.0
52 187 0.0
52 188 0.0
52 189 0.0
52 190 0.0
52 191 0.0
52 192 0.0
52 193 0.0
52 194 0.0
52 195 0.0
52 196 0.0
52 197 0.0
52 198 0.0
52 199 0.0
52 200 0.0
52 201 0.0
52 202 0.0
52 203 0.0
52 204 0.0
52 205 0.0
52 206 0.0
52 207 0.0
52 208 0.0
52 209 0.0
52 210 0.0
52 211 0.0
52 212 0.0
52 213 0.0
52 214 0.0
52 215 0.0
52 216 0.0
52 217 0.0
52 218 0.0
52 219 0.0
52 220 0.0
52 221 0.0
52 222 0.0
52 223 0.0
52 224 0.0
52 225 0.0
52 226 0.0
52 227 0.0
52 228 0.0
52 229 0.0
52 230 0.0
52 231 0.0
52 232 0.0
52 233 0.0
52 234 0.0
52 235 0.0
52 236 0.0
52 237 0.0
52 238 0.0
52 239 0.0
52 240 0.0
52 241 0.0
52 242 0.0
52 243 0.0
52 244 0.0
52 245 0.0
52 246 0.0
52 247 0.0
52 248 0.0
52 249 0.0
52 250 0.0
52 251 0.0
52 252 0.0
52 253 0.0
52 254 0.0
52 255 0.0
52 256 0.0
52 257 0.0
52 258 0.0
52 259 0.0
52 260 0.0
52 261 0.0
52 262 0.0
52 263 0.0
52 264 0.0
52 265 0.0
52 266 0.0
52 267 6.21886679809e-06
52 268 0.0
52 269 0.0
52 270 0.0
52 271 0.0
52 272 0.0
52 273 0.0
52 274 0.0
52 275 0.0
52 276 0.0
52 277 6.21886679809e-06
52 278 0.0
52 279 6.21886679809e-06
52 280 0.0
52 281 0.0
52 282 0.0
52 283 0.0
52 284 0.0
52 285 0.0
52 286 0.0
52 287 0.0
52 288 0.0
52 289 0.0
52 290 0.0
52 291 0.0
52 292 0.0
52 293 0.0
52 294 0.0
52 295 0.0
52 296 0.0
52 297 0.0
52 298 0.0
52 299 0.0
52 300 0.0
52 301 0.0
52 302 0.0
52 303 0.0
52 304 0.0
52 305 0.0
52 306 0.0
52 307 0.0
52 308 0.0
52 309 0.0
52 310 0.0
52 311 0.0
52 312 0.0
52 313 0.0
52 314 0.0
52 315 0.0
52 316 0.0
52 317 0.0
52 318 0.0
52 319 0.0
52 320 0.0
52 321 0.0
52 322 0.0
52 323 6.21886679809e-06
52 324 0.0
52 325 0.0
52 326 0.0
52 327 6.21886679809e-06
52 328 0.0
52 329 6.21886679809e-06
52 330 0.0
52 331 0.0
52 332 0.0
52 333 0.0
52 334 0.0
52 335 0.0
52 336 0.0
52 337 0.0
52 338 0.0
52 339 6.21886679809e-06
52 340 0.0
52 341 0.0
52 342 0.0
52 343 0.0
52 344 0.0
52 345 2.48754671924e-05
52 346 0.0
52 347 6.21886679809e-06
52 348 0.0
52 349 0.0
52 350 0.0
52 351 2.48754671924e-05
52 352 0.0
52 353 0.0
52 354 0.0
52 355 0.0
52 356 0.0
52 357 2.48754671924e-05
52 358 0.0
52 359 0.0
52 360 0.0
52 361 0.0
52 362 0.0
52 363 2.48754671924e-05
52 364 0.0
52 365 6.21886679809e-06
52 366 0.0
52 367 0.000223879204731
52 368 0.0
52 369 5.59698011828e-05
52 370 0.0
52 371 0.000223879204731
52 372 0.0
52 373 0.000223879204731
52 374 0.0
52 375 2.48754671924e-05
52 376 0.0
52 377 6.21886679809e-06
52 378 0.0
52 379 6.21886679809e-06
52 380 0.0
52 381 9.95018687695e-05
52 382 0.0
52 383 2.48754671924e-05
52 384 0.0
52 385 2.48754671924e-05
52 386 0.0
52 387 2.48754671924e-05
52 388 0.0
52 389 0.0
52 390 0.0
52 391 9.95018687695e-05
52 392 0.0
52 393 6.21886679809e-06
52 394 0.0
52 395 5.59698011828e-05
52 396 0.0
52 397 5.59698011828e-05
52 398 0.0
52 399 2.48754671924e-05
52 400 0.0
53 0 0.0
53 1 2.48754671924e-05
53 2 0.0
53 3 2.48754671924e-05
53 4 0.0
53 5 0.000155471669952
53 6 0.0
53 7 0.000304724473107
53 8 6.21886679809e-06
53 9 5.59698011828e-05
53 10 0.0
53 11 0.000398007475078
53 12 6.21886679809e-06
53 13 2.48754671924e-05
53 14 0.0
53 15 2.48754671924e-05
53 16 0.0
53 17 0.000155471669952
53 18 0.0
53 19 6.21886679809e-06
53 20 0.0
53 21 2.48754671924e-05
53 22 0.0
53 23 6.21886679809e-06
53 24 0.0
53 25 6.21886679809e-06
53 26 0.0
53 27 6.21886679809e-06
53 28 0.0
53 29 0.000304724473107
53 30 0.0
53 31 9.95018687695e-05
53 32 0.0
53 33 2.48754671924e-05
53 34 0.0
53 35 6.21886679809e-06
53 36 0.0
53 37 0.000621886679809
53 38 0.0
53 39 0.000223879204731
53 40 0.0
53 41 6.21886679809e-06
53 42 0.0
53 43 5.59698011828e-05
53 44 0.0
53 45 0.0
53 46 0.0
53 47 6.21886679809e-06
53 48 0.0
53 49 0.0
53 50 0.0
53 51 0.0
53 52 0.0
53 53 0.0
53 54 0.0
53 55 0.0
53 56 0.0
53 57 2.48754671924e-05
53 58 2.48754671924e-05
53 59 2.48754671924e-05
53 60 6.21886679809e-06
53 61 6.21886679809e-06
53 62 2.48754671924e-05
53 63 0.000223879204731
53 64 9.95018687695e-05
53 65 9.95018687695e-05
53 66 0.000223879204731
53 67 0.000503728210645
53 68 9.95018687695e-05
53 69 6.21886679809e-06
53 70 0.000223879204731
53 71 0.000304724473107
53 72 0.000503728210645
53 73 0.000503728210645
53 74 0.000503728210645
53 75 0.000503728210645
53 76 0.000503728210645
53 77 0.000503728210645
53 78 0.000503728210645
53 79 0.000503728210645
53 80 0.000503728210645
53 81 0.000503728210645
53 82 0.000503728210645
53 83 0.000503728210645
53 84 0.000503728210645
53 85 0.000503728210645
53 86 0.000503728210645
53 87 0.000503728210645
53 88 0.000503728210645
53 89 0.000503728210645
53 90 0.000503728210645
53 91 0.000503728210645
53 92 0.000503728210645
53 93 0.000503728210645
53 94 0.000503728210645
53 95 0.000503728210645
53 96 0.000503728210645
53 97 0.000621886679809
53 98 0.000503728210645
53 99 0.000503728210645
53 100 0.000503728210645
53 101 0.000503728210645
53 102 0.000503728210645
53 103 0.000503728210645
53 104 0.000503728210645
53 105 0.000503728210645
53 106 0.000503728210645
53 107 0.000503728210645
53 108 0.000503728210645
53 109 0.000621886679809
53 110 0.000503728210645
53 111 0.000503728210645
53 112 0.000503728210645
53 113 0.000621886679809
53 114 0.000398007475078
53 115 0.000503728210645
53 116 0.000503728210645
53 117 0.000621886679809
53 118 0.000503728210645
53 119 0.000503728210645
53 120 0.000503728210645
53 121 0.000503728210645
53 122 0.000503728210645
53 123 0.000503728210645
53 124 0.000503728210645
53 125 0.000503728210645
53 126 0.000503728210645
53 127 0.000503728210645
53 128 0.000503728210645
53 129 0.000503728210645
53 130 0.000503728210645
53 131 0.000503728210645
53 132 0.000503728210645
53 133 0.000503728210645
53 134 0.000503728210645
53 135 0.000503728210645
53 136 0.000503728210645
53 137 0.000503728210645
53 138 0.000503728210645
53 139 0.000503728210645
53 140 0.000503728210645
53 141 0.000503728210645
53 142 0.000503728210645
53 143 0.000503728210645
53 144 0.000503728210645
53 145 0.000503728210645
53 146 0.000503728210645
53 147 0.000503728210645
53 148 0.000503728210645
53 149 0.000503728210645
53 150 0.000503728210645
53 151 0.000503728210645
53 152 0.000503728210645
53 153 0.000503728210645
53 154 0.000503728210645
53 155 0.000503728210645
53 156 0.000503728210645
53 157 0.000503728210645
53 158 0.000503728210645
53 159 0.000503728210645
53 160 0.000503728210645
53 161 0.000503728210645
53 162 0.000503728210645
53 163 0.000503728210645
53 164 0.000503728210645
53 165 0.000503728210645
53 166 0.000503728210645
53 167 0.000503728210645
53 168 0.000503728210645
53 169 0.000621886679809
53 170 0.000503728210645
53 171 0.000752482882569
53 172 0.000503728210645
53 173 0.000503728210645
53 174 0.000503728210645
53 175 0.000503728210645
53 176 0.000503728210645
53 177 0.000621886679809
53 178 0.000398007475078
53 179 0.000503728210645
53 180 0.000503728210645
53 181 0.000503728210645
53 182 0.000503728210645
53 183 0.000503728210645
53 184 0.000503728210645
53 185 0.000503728210645
53 186 0.000503728210645
53 187 0.000503728210645
53 188 0.000503728210645
53 189 0.000503728210645
53 190 0.000503728210645
53 191 0.000503728210645
53 192 0.000503728210645
53 193 0.000503728210645
53 194 0.000503728210645
53 195 0.000503728210645
53 196 0.000503728210645
53 197 0.000503728210645
53 198 0.000503728210645
53 199 0.000503728210645
53 200 0.000503728210645
53 201 0.000503728210645
53 202 0.000503728210645
53 203 0.000503728210645
53 204 0.000503728210645
53 205 0.000503728210645
53 206 0.000503728210645
53 207 0.000503728210645
53 208 0.000503728210645
53 209 0.000503728210645
53 210 0.000503728210645
53 211 0.000503728210645
53 212 0.000503728210645
53 213 0.000503728210645
53 214 0.000503728210645
53 215 0.000503728210645
53 216 0.000503728210645
53 217 0.000503728210645
53 218 0.000503728210645
53 219 0.000503728210645
53 220 0.000503728210645
53 221 0.000503728210645
53 222 0.000503728210645
53 223 0.000503728210645
53 224 0.000503728210645
53 225 0.000503728210645
53 226 0.000503728210645
53 227 0.000503728210645
53 228 0.000503728210645
53 229 0.000503728210645
53 230 0.000503728210645
53 231 0.000503728210645
53 232 0.000503728210645
53 233 0.000503728210645
53 234 0.000503728210645
53 235 0.000503728210645
53 236 0.000503728210645
53 237 0.000503728210645
53 238 0.000503728210645
53 239 0.000503728210645
53 240 0.000503728210645
53 241 0.000503728210645
53 242 0.000503728210645
53 243 0.000503728210645
53 244 0.000503728210645
53 245 0.000503728210645
53 246 0.000503728210645
53 247 0.000503728210645
53 248 0.000503728210645
53 249 0.000503728210645
53 250 0.000503728210645
53 251 0.000503728210645
53 252 0.000503728210645
53 253 0.000503728210645
53 254 0.000503728210645
53 255 0.000503728210645
53 256 0.000503728210645
53 257 0.000503728210645
53 258 0.000503728210645
53 259 0.000503728210645
53 260 0.000503728210645
53 261 0.000503728210645
53 262 0.000503728210645
53 263 0.000503728210645
53 264 0.000503728210645
53 265 0.000503728210645
53 266 0.000503728210645
53 267 0.000621886679809
53 268 0.000503728210645
53 269 0.000503728210645
53 270 0.000398007475078
53 271 0.000621886679809
53 272 0.000503728210645
53 273 0.000503728210645
53 274 0.000503728210645
53 275 0.000621886679809
53 276 0.000503728210645
53 277 0.000752482882569
53 278 0.000503728210645
53 279 0.000621886679809
53 280 0.000503728210645
53 281 0.000503728210645
53 282 0.000503728210645
53 283 0.000503728210645
53 284 0.000503728210645
53 285 0.000503728210645
53 286 0.000503728210645
53 287 0.000503728210645
53 288 0.000503728210645
53 289 0.000503728210645
53 290 0.000503728210645
53 291 0.000503728210645
53 292 0.000503728210645
53 293 0.000503728210645
53 294 0.000503728210645
53 295 0.000503728210645
53 296 0.000503728210645
53 297 0.000503728210645
53 298 0.000503728210645
53 299 0.000503728210645
53 300 0.000503728210645
53 301 0.000503728210645
53 302 0.000503728210645
53 303 0.000503728210645
53 304 0.000503728210645
53 305 0.000503728210645
53 306 0.000503728210645
53 307 0.000503728210645
53 308 0.000503728210645
53 309 0.000503728210645
53 310 0.000503728210645
53 311 0.000503728210645
53 312 0.000503728210645
53 313 0.000503728210645
53 314 0.000503728210645
53 315 0.000503728210645
53 316 0.000503728210645
53 317 0.000503728210645
53 318 0.000503728210645
53 319 0.000503728210645
53 320 0.000398007475078
53 321 0.000621886679809
53 322 0.000503728210645
53 323 0.000503728210645
53 324 0.000503728210645
53 325 0.000503728210645
53 326 0.000503728210645
53 327 0.000621886679809
53 328 0.000503728210645
53 329 0.000621886679809
53 330 0.000503728210645
53 331 0.000503728210645
53 332 0.000503728210645
53 333 0.000503728210645
53 334 0.000503728210645
53 335 0.000503728210645
53 336 0.000503728210645
53 337 0.000503728210645
53 338 0.000503728210645
53 339 0.000621886679809
53 340 0.000503728210645
53 341 0.000503728210645
53 342 0.000304724473107
53 343 0.000223879204731
53 344 0.000398007475078
53 345 0.000895516818925
53 346 0.000503728210645
53 347 0.000304724473107
53 348 0.000752482882569
53 349 5.59698011828e-05
53 350 0.0
53 351 2.48754671924e-05
53 352 5.59698011828e-05
53 353 5.59698011828e-05
53 354 0.0
53 355 6.21886679809e-06
53 356 6.21886679809e-06
53 357 2.48754671924e-05
53 358 0.0
53 359 0.0
53 360 0.0
53 361 0.0
53 362 0.0
53 363 2.48754671924e-05
53 364 0.0
53 365 6.21886679809e-06
53 366 0.0
53 367 0.000223879204731
53 368 0.0
53 369 5.59698011828e-05
53 370 0.0
53 371 0.000223879204731
53 372 0.0
53 373 0.000155471669952
53 374 6.21886679809e-06
53 375 5.59698011828e-05
53 376 0.0
53 377 6.21886679809e-06
53 378 0.0
53 379 6.21886679809e-06
53 380 0.0
53 381 9.95018687695e-05
53 382 0.0
53 383 2.48754671924e-05
53 384 0.0
53 385 2.48754671924e-05
53 386 0.0
53 387 2.48754671924e-05
53 388 0.0
53 389 0.0
53 390 0.0
53 391 9.95018687695e-05
53 392 0.0
53 393 6.21886679809e-06
53 394 0.0
53 395 9.95018687695e-05
53 396 6.21886679809e-06
53 397 5.59698011828e-05
53 398 0.0
53 399 2.48754671924e-05
53 400 0.0
54 0 0.0
54 1 2.48754671924e-05
54 2 0.0
54 3 2.48754671924e-05
54 4 0.0
54 5 0.000155471669952
54 6 0.0
54 7 0.000304724473107
54 8 0.0
54 9 2.48754671924e-05
54 10 0.0
54 11 0.000398007475078
54 12 0.0
54 13 5.59698011828e-05
54 14 0.0
54 15 2.48754671924e-05
54 16 0.0
54 17 0.000155471669952
54 18 0.0
54 19 6.21886679809e-06
54 20 0.0
54 21 2.48754671924e-05
54 22 0.0
54 23 6.21886679809e-06
54 24 0.0
54 25 6.21886679809e-06
54 26 0.0
54 27 6.21886679809e-06
54 28 0.0
54 29 0.000304724473107
54 30 0.0
54 31 9.95018687695e-05
54 32 0.0
54 33 2.48754671924e-05
54 34 0.0
54 35 6.21886679809e-06
54 36 0.0
54 37 0.000621886679809
54 38 0.0
54 39 0.000223879204731
54 40 0.0
54 41 6.21886679809e-06
54 42 0.0
54 43 5.59698011828e-05
54 44 0.0
54 45 0.0
54 46 0.0
54 47 6.21886679809e-06
54 48 0.0
54 49 0.0
54 50 0.0
54 51 0.0
54 52 0.0
54 53 0.0
54 54 0.0
54 55 6.21886679809e-06
54 56 0.0
54 57 6.21886679809e-06
54 58 0.0
54 59 6.21886679809e-06
54 60 0.0
54 61 6.21886679809e-06
54 62 0.0
54 63 2.48754671924e-05
54 64 0.0
54 65 5.59698011828e-05
54 66 0.0
54 67 9.95018687695e-05
54 68 0.0
54 69 0.000155471669952
54 70 0.0
54 71 6.21886679809e-06
54 72 0.0
54 73 0.0
54 74 0.0
54 75 0.0
54 76 0.0
54 77 0.0
54 78 0.0
54 79 0.0
54 80 0.0
54 81 0.0
54 82 0.0
54 83 0.0
54 84 0.0
54 85 0.0
54 86 0.0
54 87 0.0
54 88 0.0
54 89 0.0
54 90 0.0
54 91 0.0
54 92 0.0
54 93 0.0
54 94 0.0
54 95 0.0
54 96 0.0
54 97 6.21886679809e-06
54 98 0.0
54 99 0.0
54 100 0.0
54 101 0.0
54 102 0.0
54 103 0.0
54 104 0.0
54 105 0.0
54 106 0.0
54 107 0.0
54 108 0.0
54 109 6.21886679809e-06
54 110 0.0
54 111 0.0
54 112 0.0
54 113 6.21886679809e-06
54 114 0.0
54 115 0.0
54 116 0.0
54 117 0.0
54 118 0.0
54 119 0.0
54 120 0.0
54 121 0.0
54 122 0.0
54 123 0.0
54 124 0.0
54 125 0.0
54 126 0.0
54 127 0.0
54 128 0.0
54 129 0.0
54 130 0.0
54 131 0.0
54 132 0.0
54 133 0.0
54 134 0.0
54 135 0.0
54 136 0.0
54 137 0.0
54 138 0.0
54 139 0.0
54 140 0.0
54 141 0.0
54 142 0.0
54 143 0.0
54 144 0.0
54 145 0.0
54 146 0.0
54 147 0.0
54 148 0.0
54 149 0.0
54 150 0.0
54 151 0.0
54 152 0.0
54 153 0.0
54 154 0.0
54 155 0.0
54 156 0.0
54 157 0.0
54 158 0.0
54 159 0.0
54 160 0.0
54 161 0.0
54 162 0.0
54 163 0.0
54 164 0.0
54 165 0.0
54 166 0.0
54 167 0.0
54 168 0.0
54 169 6.21886679809e-06
54 170 0.0
54 171 6.21886679809e-06
54 172 0.0
54 173 0.0
54 174 0.0
54 175 0.0
54 176 0.0
54 177 6.21886679809e-06
54 178 0.0
54 179 6.21886679809e-06
54 180 0.0
54 181 0.0
54 182 0.0
54 183 0.0
54 184 0.0
54 185 0.0
54 186 0.0
54 187 0.0
54 188 0.0
54 189 0.0
54 190 0.0
54 191 0.0
54 192 0.0
54 193 0.0
54 194 0.0
54 195 0.0
54 196 0.0
54 197 0.0
54 198 0.0
54 199 0.0
54 200 0.0
54 201 0.0
54 202 0.0
54 203 0.0
54 204 0.0
54 205 0.0
54 206 0.0
54 207 0.0
54 208 0.0
54 209 0.0
54 210 0.0
54 211 0.0
54 212 0.0
54 213 0.0
54 214 0.0
54 215 0.0
54 216 0.0
54 217 0.0
54 218 0.0
54 219 0.0
54 220 0.0
54 221 0.0
54 222 0.0
54 223 0.0
54 224 0.0
54 225 0.0
54 226 0.0
54 227 0.0
54 228 0.0
54 229 0.0
54 230 0.0
54 231 0.0
54 232 0.0
54 233 0.0
54 234 0.0
54 235 0.0
54 236 0.0
54 237 0.0
54 238 0.0
54 239 0.0
54 240 0.0
54 241 0.0
54 242 0.0
54 243 0.0
54 244 0.0
54 245 0.0
54 246 0.0
54 247 0.0
54 248 0.0
54 249 0.0
54 250 0.0
54 251 0.0
54 252 0.0
54 253 0.0
54 254 0.0
54 255 0.0
54 256 0.0
54 257 0.0
54 258 0.0
54 259 0.0
54 260 0.0
54 261 0.0
54 262 0.0
54 263 0.0
54 264 0.0
54 265 0.0
54 266 0.0
54 267 0.0
54 268 0.0
54 269 0.0
54 270 0.0
54 271 6.21886679809e-06
54 272 0.0
54 273 0.0
54 274 0.0
54 275 6.21886679809e-06
54 276 0.0
54 277 6.21886679809e-06
54 278 0.0
54 279 6.21886679809e-06
54 280 0.0
54 281 0.0
54 282 0.0
54 283 0.0
54 284 0.0
54 285 0.0
54 286 0.0
54 287 0.0
54 288 0.0
54 289 0.0
54 290 0.0
54 291 0.0
54 292 0.0
54 293 0.0
54 294 0.0
54 295 0.0
54 296 0.0
54 297 0.0
54 298 0.0
54 299 0.0
54 300 0.0
54 301 0.0
54 302 0.0
54 303 0.0
54 304 0.0
54 305 0.0
54 306 0.0
54 307 0.0
54 308 0.0
54 309 0.0
54 310 0.0
54 311 0.0
54 312 0.0
54 313 0.0
54 314 0.0
54 315 0.0
54 316 0.0
54 317 0.0
54 318 0.0
54 319 6.21886679809e-06
54 320 0.0
54 321 6.21886679809e-06
54 322 0.0
54 323 0.0
54 324 0.0
54 325 0.0
54 326 0.0
54 327 6.21886679809e-06
54 328 0.0
54 329 6.21886679809e-06
54 330 0.0
54 331 0.0
54 332 0.0
54 333 0.0
54 334 0.0
54 335 0.0
54 336 0.0
54 337 6.21886679809e-06
54 338 0.0
54 339 0.0
54 340 0.0
54 341 2.48754671924e-05
54 342 0.0
54 343 2.48754671924e-05
54 344 0.0
54 345 0.000155471669952
54 346 0.0
54 347 9.95018687695e-05
54 348 0.0
54 349 2.48754671924e-05
54 350 0.0
54 351 0.000155471669952
54 352 0.0
54 353 2.48754671924e-05
54 354 0.0
54 355 0.0
54 356 0.0
54 357 6.21886679809e-06
54 358 0.0
54 359 0.0
54 360 0.0
54 361 0.0
54 362 0.0
54 363 2.48754671924e-05
54 364 0.0
54 365 6.21886679809e-06
54 366 0.0
54 367 0.000223879204731
54 368 0.0
54 369 5.59698011828e-05
54 370 0.0
54 371 0.000223879204731
54 372 0.0
54 373 0.000223879204731
54 374 0.0
54 375 2.48754671924e-05
54 376 0.0
54 377 6.21886679809e-06
54 378 0.0
54 379 6.21886679809e-06
54 380 0.0
54 381 9.95018687695e-05
54 382 0.0
54 383 2.48754671924e-05
54 384 0.0
54 385 2.48754671924e-05
54 386 0.0
54 387 2.48754671924e-05
54 388 0.0
54 389 0.0
54 390 0.0
54 391 9.95018687695e-05
54 392 0.0
54 393 6.21886679809e-06
54 394 0.0
54 395 5.59698011828e-05
54 396 0.0
54 397 5.59698011828e-05
54 398 0.0
54 399 2.48754671924e-05
54 400 0.0
55 0 0.0
55 1 2.48754671924e-05
55 2 0.0
55 3 2.48754671924e-05
55 4 0.0
55 5 0.000155471669952
55 6 0.0
55 7 0.000398007475078
55 8 0.0
55 9 5.59698011828e-05
55 10 6.21886679809e-06
55 11 0.000398007475078
55 12 0.0
55 13 2.48754671924e-05
55 14 6.21886679809e-06
55 15 5.59698011828e-05
55 16 0.0
55 17 0.000155471669952
55 18 0.0
55 19 2.48754671924e-05
55 20 6.21886679809e-06
55 21 2.48754671924e-05
55 22 0.0
55 23 6.21886679809e-06
55 24 0.0
55 25 6.21886679809e-06
55 26 0.0
55 27 6.21886679809e-06
55 28 0.0
55 29 0.000304724473107
55 30 0.0
55 31 9.95018687695e-05
55 32 0.0
55 33 2.48754671924e-05
55 34 0.0
55 35 6.21886679809e-06
55 36 0.0
55 37 0.000621886679809
55 38 0.0
55 39 0.000223879204731
55 40 0.0
55 41 6.21886679809e-06
55 42 0.0
55 43 5.59698011828e-05
55 44 0.0
55 45 0.0
55 46 0.0
55 47 6.21886679809e-06
55 48 0.0
55 49 0.0
55 50 0.0
55 51 0.0
55 52 0.0
55 53 0.0
55 54 0.0
55 55 6.21886679809e-06
55 56 0.0
55 57 5.59698011828e-05
55 58 6.21886679809e-06
55 59 6.21886679809e-06
55 60 6.21886679809e-06
55 61 9.95018687695e-05
55 62 6.21886679809e-06
55 63 0.000155471669952
55 64 0.000223879204731
55 65 0.000155471669952
55 66 0.000621886679809
55 67 0.00105098848888
55 68 0.000752482882569
55 69 0.000223879204731
55 70 0.00105098848888
55 71 0.000223879204731
55 72 0.000155471669952
55 73 0.000155471669952
55 74 0.000155471669952
55 75 0.000155471669952
55 76 0.000155471669952
55 77 0.000155471669952
55 78 0.000155471669952
55 79 0.000155471669952
55 80 0.000155471669952
55 81 0.000155471669952
55 82 0.000155471669952
55 83 0.000155471669952
55 84 0.000155471669952
55 85 0.000155471669952
55 86 0.000155471669952
55 87 0.000155471669952
55 88 0.000155471669952
55 89 0.000155471669952
55 90 0.000155471669952
55 91 0.000155471669952
55 92 0.000155471669952
55 93 0.000155471669952
55 94 0.000155471669952
55 95 0.000155471669952
55 96 0.000155471669952
55 97 0.000155471669952
55 98 0.000155471669952
55 99 0.000223879204731
55 100 0.000223879204731
55 101 0.000223879204731
55 102 0.000155471669952
55 103 0.000155471669952
55 104 0.000155471669952
55 105 0.000155471669952
55 106 0.000155471669952
55 107 0.000155471669952
55 108 0.000155471669952
55 109 0.000155471669952
55 110 0.000155471669952
55 111 0.000155471669952
55 112 0.000155471669952
55 113 0.000155471669952
55 114 0.000155471669952
55 115 0.000155471669952
55 116 0.000155471669952
55 117 0.000155471669952
55 118 0.000155471669952
55 119 0.000155471669952
55 120 0.000155471669952
55 121 0.000155471669952
55 122 0.000155471669952
55 123 0.000155471669952
55 124 0.000155471669952
55 125 0.000155471669952
55 126 0.000155471669952
55 127 0.000155471669952
55 128 0.000155471669952
55 129 0.000155471669952
55 130 0.000155471669952
55 131 0.000155471669952
55 132 0.000155471669952
55 133 0.000155471669952
55 134 0.000155471669952
55 135 0.000155471669952
55 136 0.000155471669952
55 137 0.000155471669952
55 138 0.000155471669952
55 139 0.000155471669952
55 140 0.000155471669952
55 141 0.000155471669952
55 142 0.000155471669952
55 143 0.000155471669952
55 144 0.000155471669952
55 145 0.000155471669952
55 146 0.000155471669952
55 147 0.000155471669952
55 148 0.000155471669952
55 149 0.000155471669952
55 150 0.000155471669952
55 151 0.000155471669952
55 152 0.000155471669952
55 153 0.000155471669952
55 154 0.000155471669952
55 155 0.000155471669952
55 156 0.000155471669952
55 157 0.000155471669952
55 158 0.000155471669952
55 159 0.000155471669952
55 160 0.000155471669952
55 161 0.000155471669952
55 162 0.000155471669952
55 163 0.000155471669952
55 164 0.000155471669952
55 165 0.000155471669952
55 166 0.000155471669952
55 167 0.000155471669952
55 168 0.000155471669952
55 169 0.000155471669952
55 170 0.000155471669952
55 171 0.000223879204731
55 172 0.000223879204731
55 173 0.000223879204731
55 174 0.000155471669952
55 175 0.000155471669952
55 176 0.000155471669952
55 177 0.000155471669952
55 178 0.000155471669952
55 179 0.000155471669952
55 180 0.000155471669952
55 181 0.000155471669952
55 182 0.000155471669952
55 183 0.000155471669952
55 184 0.000155471669952
55 185 0.000155471669952
55 186 0.000155471669952
55 187 0.000155471669952
55 188 0.000155471669952
55 189 0.000155471669952
55 190 0.000155471669952
55 191 0.000155471669952
55 192 0.000155471669952
55 193 0.000155471669952
55 194 0.000155471669952
55 195 0.000155471669952
55 196 0.000155471669952
55 197 0.000155471669952
55 198 0.000155471669952
55 199 0.000155471669952
55 200 0.000155471669952
55 201 0.000155471669952
55 202 0.000155471669952
55 203 0.000155471669952
55 204 0.000155471669952
55 205 0.000155471669952
55 206 0.000155471669952
55 207 0.000155471669952
55 208 0.000155471669952
55 209 0.000155471669952
55 210 0.000155471669952
55 211 0.000155471669952
55 212 0.000155471669952
55 213 0.000155471669952
55 214 0.000155471669952
55 215 0.000155471669952
55 216 0.000155471669952
55 217 0.000155471669952
55 218 0.000155471669952
55 219 0.000155471669952
55 220 0.000155471669952
55 221 0.000155471669952
55 222 0.000155471669952
55 223 0.000155471669952
55 224 0.000155471669952
55 225 0.000155471669952
55 226 0.000155471669952
55 227 0.000155471669952
55 228 0.000155471669952
55 229 0.000155471669952
55 230 0.000155471669952
55 231 0.000155471669952
55 232 0.000155471669952
55 233 0.000155471669952
55 234 0.000155471669952
55 235 0.000155471669952
55 236 0.000155471669952
55 237 0.000155471669952
55 238 0.000155471669952
55 239 0.000155471669952
55 240 0.000155471669952
55 241 0.000155471669952
55 242 0.000155471669952
55 243 0.000155471669952
55 244 0.000155471669952
55 245 0.000155471669952
55 246 0.000155471669952
55 247 0.000155471669952
55 248 0.000155471669952
55 249 0.000155471669952
55 250 0.000155471669952
55 251 0.000155471669952
55 252 0.000155471669952
55 253 0.000155471669952
55 254 0.000155471669952
55 255 0.000155471669952
55 256 0.000155471669952
55 257 0.000155471669952
55 258 0.000155471669952
55 259 0.000155471669952
55 260 0.000155471669952
55 261 0.000155471669952
55 262 0.000155471669952
55 263 0.000155471669952
55 264 0.000155471669952
55 265 0.000155471669952
55 266 0.000155471669952
55 267 0.000155471669952
55 268 0.000155471669952
55 269 0.000155471669952
55 270 0.000155471669952
55 271 0.000155471669952
55 272 0.000155471669952
55 273 0.000155471669952
55 274 0.000155471669952
55 275 0.000155471669952
55 276 0.000155471669952
55 277 0.000155471669952
55 278 0.000155471669952
55 279 0.000155471669952
55 280 0.000155471669952
55 281 0.000155471669952
55 282 0.000155471669952
55 283 0.000155471669952
55 284 0.000155471669952
55 285 0.000155471669952
55 286 0.000155471669952
55 287 0.000155471669952
55 288 0.000155471669952
55 289 0.000155471669952
55 290 0.000155471669952
55 291 0.000155471669952
55 292 0.000155471669952
55 293 0.000155471669952
55 294 0.000155471669952
55 295 0.000155471669952
55 296 0.000155471669952
55 297 0.000155471669952
55 298 0.000155471669952
55 299 0.000155471669952
55 300 0.000155471669952
55 301 0.000155471669952
55 302 0.000155471669952
55 303 0.000155471669952
55 304 0.000155471669952
55 305 0.000155471669952
55 306 0.000155471669952
55 307 0.000155471669952
55 308 0.000155471669952
55 309 0.000155471669952
55 310 0.000155471669952
55 311 0.000155471669952
55 312 0.000155471669952
55 313 0.000155471669952
55 314 0.000155471669952
55 315 0.000155471669952
55 316 0.000155471669952
55 317 0.000155471669952
55 318 0.000155471669952
55 319 0.000155471669952
55 320 0.000155471669952
55 321 0.000155471669952
55 322 0.000155471669952
55 323 0.000155471669952
55 324 0.000155471669952
55 325 0.000155471669952
55 326 0.000155471669952
55 327 0.000155471669952
55 328 0.000155471669952
55 329 0.000155471669952
55 330 0.000155471669952
55 331 0.000155471669952
55 332 0.000155471669952
55 333 0.000155471669952
55 334 0.000155471669952
55 335 0.000155471669952
55 336 0.000155471669952
55 337 0.000155471669952
55 338 0.000155471669952
55 339 0.000155471669952
55 340 0.000155471669952
55 341 0.000155471669952
55 342 9.95018687695e-05
55 343 2.48754671924e-05
55 344 0.000223879204731
55 345 0.00121889789243
55 346 0.000503728210645
55 347 2.48754671924e-05
55 348 9.95018687695e-05
55 349 5.59698011828e-05
55 350 0.000155471669952
55 351 0.000752482882569
55 352 9.95018687695e-05
55 353 0.0
55 354 6.21886679809e-06
55 355 0.0
55 356 0.0
55 357 2.48754671924e-05
55 358 0.0
55 359 0.0
55 360 0.0
55 361 0.0
55 362 0.0
55 363 5.59698011828e-05
55 364 6.21886679809e-06
55 365 2.48754671924e-05
55 366 0.0
55 367 0.000155471669952
55 368 0.0
55 369 5.59698011828e-05
55 370 0.0
55 371 0.000223879204731
55 372 6.21886679809e-06
55 373 0.000223879204731
55 374 0.0
55 375 5.59698011828e-05
55 376 6.21886679809e-06
55 377 2.48754671924e-05
55 378 6.21886679809e-06
55 379 0.0
55 380 6.21886679809e-06
55 381 5.59698011828e-05
55 382 6.21886679809e-06
55 383 5.59698011828e-05
55 384 6.21886679809e-06
55 385 2.48754671924e-05
55 386 0.0
55 387 2.48754671924e-05
55 388 0.0
55 389 0.0
55 390 0.0
55 391 9.95018687695e-05
55 392 0.0
55 393 6.21886679809e-06
55 394 6.21886679809e-06
55 395 9.95018687695e-05
55 396 0.0
55 397 9.95018687695e-05
55 398 0.0
55 399 2.48754671924e-05
55 400 0.0
56 0 0.0
56 1 2.48754671924e-05
56 2 0.0
56 3 2.48754671924e-05
56 4 0.0
56 5 0.000155471669952
56 6 0.0
56 7 0.000304724473107
56 8 0.0
56 9 2.48754671924e-05
56 10 0.0
56 11 0.000398007475078
56 12 0.0
56 13 5.59698011828e-05
56 14 0.0
56 15 2.48754671924e-05
56 16 0.0
56 17 0.000155471669952
56 18 0.0
56 19 6.21886679809e-06
56 20 0.0
56 21 2.48754671924e-05
56 22 0.0
56 23 6.21886679809e-06
56 24 0.0
56 25 6.21886679809e-06
56 26 0.0
56 27 6.21886679809e-06
56 28 0.0
56 29 0.000304724473107
56 30 0.0
56 31 9.95018687695e-05
56 32 0.0
56 33 2.48754671924e-05
56 34 0.0
56 35 6.21886679809e-06
56 36 0.0
56 37 0.000621886679809
56 38 0.0
56 39 0.000223879204731
56 40 0.0
56 41 6.21886679809e-06
56 42 0.0
56 43 5.59698011828e-05
56 44 0.0
56 45 0.0
56 46 0.0
56 47 6.21886679809e-06
56 48 0.0
56 49 0.0
56 50 0.0
56 51 0.0
56 52 0.0
56 53 0.0
56 54 0.0
56 55 6.21886679809e-06
56 56 0.0
56 57 6.21886679809e-06
56 58 0.0
56 59 6.21886679809e-06
56 60 0.0
56 61 0.000155471669952
56 62 0.0
56 63 0.000398007475078
56 64 0.0
56 65 2.48754671924e-05
56 66 0.0
56 67 2.48754671924e-05
56 68 0.0
56 69 0.000155471669952
56 70 0.0
56 71 6.21886679809e-06
56 72 0.0
56 73 0.0
56 74 0.0
56 75 0.0
56 76 0.0
56 77 0.0
56 78 0.0
56 79 0.0
56 80 0.0
56 81 0.0
56 82 0.0
56 83 0.0
56 84 0.0
56 85 0.0
56 86 0.0
56 87 0.0
56 88 0.0
56 89 0.0
56 90 0.0
56 91 0.0
56 92 0.0
56 93 0.0
56 94 0.0
56 95 0.0
56 96 0.0
56 97 0.0
56 98 0.0
56 99 2.48754671924e-05
56 100 0.0
56 101 6.21886679809e-06
56 102 0.0
56 103 0.0
56 104 0.0
56 105 0.0
56 106 0.0
56 107 0.0
56 108 0.0
56 109 0.0
56 110 0.0
56 111 6.21886679809e-06
56 112 0.0
56 113 6.21886679809e-06
56 114 0.0
56 115 0.0
56 116 0.0
56 117 0.0
56 118 0.0
56 119 0.0
56 120 0.0
56 121 0.0
56 122 0.0
56 123 0.0
56 124 0.0
56 125 0.0
56 126 0.0
56 127 0.0
56 128 0.0
56 129 0.0
56 130 0.0
56 131 0.0
56 132 0.0
56 133 0.0
56 134 0.0
56 135 0.0
56 136 0.0
56 137 0.0
56 138 0.0
56 139 0.0
56 140 0.0
56 141 0.0
56 142 0.0
56 143 0.0
56 144 0.0
56 145 0.0
56 146 0.0
56 147 0.0
56 148 0.0
56 149 0.0
56 150 0.0
56 151 0.0
56 152 0.0
56 153 0.0
56 154 0.0
56 155 0.0
56 156 0.0
56 157 0.0
56 158 0.0
56 159 0.0
56 160 0.0
56 161 0.0
56 162 0.0
56 163 0.0
56 164 0.0
56 165 0.0
56 166 0.0
56 167 0.0
56 168 0.0
56 169 0.0
56 170 0.0
56 171 6.21886679809e-06
56 172 0.0
56 173 6.21886679809e-06
56 174 0.0
56 175 6.21886679809e-06
56 176 0.0
56 177 6.21886679809e-06
56 178 0.0
56 179 0.0
56 180 0.0
56 181 0.0
56 182 0.0
56 183 0.0
56 184 0.0
56 185 0.0
56 186 0.0
56 187 0.0
56 188 0.0
56 189 0.0
56 190 0.0
56 191 0.0
56 192 0.0
56 193 0.0
56 194 0.0
56 195 0.0
56 196 0.0
56 197 0.0
56 198 0.0
56 199 0.0
56 200 0.0
56 201 0.0
56 202 0.0
56 203 0.0
56 204 0.0
56 205 0.0
56 206 0.0
56 207 0.0
56 208 0.0
56 209 0.0
56 210 0.0
56 211 0.0
56 212 0.0
56 213 0.0
56 214 0.0
56 215 0.0
56 216 0.0
56 217 0.0
56 218 0.0
56 219 0.0
56 220 0.0
56 221 0.0
56 222 0.0
56 223 0.0
56 224 0.0
56 225 0.0
56 226 0.0
56 227 0.0
56 228 0.0
56 229 0.0
56 230 0.0
56 231 0.0
56 232 0.0
56 233 0.0
56 234 0.0
56 235 0.0
56 236 0.0
56 237 0.0
56 238 0.0
56 239 0.0
56 240 0.0
56 241 0.0
56 242 0.0
56 243 0.0
56 244 0.0
56 245 0.0
56 246 0.0
56 247 0.0
56 248 0.0
56 249 0.0
56 250 0.0
56 251 0.0
56 252 0.0
56 253 0.0
56 254 0.0
56 255 0.0
56 256 0.0
56 257 0.0
56 258 0.0
56 259 0.0
56 260 0.0
56 261 0.0
56 262 0.0
56 263 0.0
56 264 0.0
56 265 0.0
56 266 0.0
56 267 0.0
56 268 0.0
56 269 0.0
56 270 0.0
56 271 6.21886679809e-06
56 272 0.0
56 273 6.21886679809e-06
56 274 0.0
56 275 0.0
56 276 0.0
56 277 0.0
56 278 0.0
56 279 0.0
56 280 0.0
56 281 6.21886679809e-06
56 282 0.0
56 283 0.0
56 284 0.0
56 285 0.0
56 286 0.0
56 287 0.0
56 288 0.0
56 289 0.0
56 290 0.0
56 291 0.0
56 292 0.0
56 293 0.0
56 294 0.0
56 295 0.0
56 296 0.0
56 297 0.0
56 298 0.0
56 299 0.0
56 300 0.0
56 301 0.0
56 302 0.0
56 303 0.0
56 304 0.0
56 305 0.0
56 306 0.0
56 307 0.0
56 308 0.0
56 309 0.0
56 310 0.0
56 311 0.0
56 312 0.0
56 313 0.0
56 314 0.0
56 315 0.0
56 316 0.0
56 317 0.0
56 318 0.0
56 319 0.0
56 320 0.0
56 321 6.21886679809e-06
56 322 0.0
56 323 6.21886679809e-06
56 324 0.0
56 325 6.21886679809e-06
56 326 0.0
56 327 0.0
56 328 0.0
56 329 0.0
56 330 0.0
56 331 0.0
56 332 0.0
56 333 0.0
56 334 0.0
56 335 0.0
56 336 0.0
56 337 0.0
56 338 0.0
56 339 6.21886679809e-06
56 340 0.0
56 341 0.0
56 342 0.0
56 343 2.48754671924e-05
56 344 0.0
56 345 0.000304724473107
56 346 0.0
56 347 0.000155471669952
56 348 0.0
56 349 2.48754671924e-05
56 350 0.0
56 351 0.000398007475078
56 352 0.0
56 353 5.59698011828e-05
56 354 0.0
56 355 0.0
56 356 0.0
56 357 2.48754671924e-05
56 358 0.0
56 359 0.0
56 360 0.0
56 361 0.0
56 362 0.0
56 363 2.48754671924e-05
56 364 0.0
56 365 6.21886679809e-06
56 366 0.0
56 367 0.000223879204731
56 368 0.0
56 369 5.59698011828e-05
56 370 0.0
56 371 0.000223879204731
56 372 0.0
56 373 0.000223879204731
56 374 0.0
56 375 2.48754671924e-05
56 376 0.0
56 377 6.21886679809e-06
56 378 0.0
56 379 6.21886679809e-06
56 380 0.0
56 381 9.95018687695e-05
56 382 0.0
56 383 2.48754671924e-05
56 384 0.0
56 385 2.48754671924e-05
56 386 0.0
56 387 2.48754671924e-05
56 388 0.0
56 389 0.0
56 390 0.0
56 391 9.95018687695e-05
56 392 0.0
56 393 6.21886679809e-06
56 394 0.0
56 395 5.59698011828e-05
56 396 0.0
56 397 5.59698011828e-05
56 398 0.0
56 399 2.48754671924e-05
56 400 0.0
57 0 0.0
57 1 2.48754671924e-05
57 2 0.0
57 3 2.48754671924e-05
57 4 0.0
57 5 0.000155471669952
57 6 0.0
57 7 0.000304724473107
57 8 0.0
57 9 5.59698011828e-05
57 10 6.21886679809e-06
57 11 0.000398007475078
57 12 0.0
57 13 5.59698011828e-05
57 14 6.21886679809e-06
57 15 9.95018687695e-05
57 16 0.0
57 17 9.95018687695e-05
57 18 0.0
57 19 6.21886679809e-06
57 20 6.21886679809e-06
57 21 6.21886679809e-06
57 22 0.0
57 23 6.21886679809e-06
57 24 0.0
57 25 6.21886679809e-06
57 26 0.0
57 27 6.21886679809e-06
57 28 0.0
57 29 0.000304724473107
57 30 0.0
57 31 9.95018687695e-05
57 32 0.0
57 33 2.48754671924e-05
57 34 0.0
57 35 6.21886679809e-06
57 36 0.0
57 37 0.000621886679809
57 38 0.0
57 39 0.000223879204731
57 40 0.0
57 41 6.21886679809e-06
57 42 0.0
57 43 5.59698011828e-05
57 44 0.0
57 45 0.0
57 46 0.0
57 47 6.21886679809e-06
57 48 0.0
57 49 0.0
57 50 0.0
57 51 0.0
57 52 0.0
57 53 0.0
57 54 0.0
57 55 0.0
57 56 0.0
57 57 6.21886679809e-06
57 58 0.0
57 59 5.59698011828e-05
57 60 2.48754671924e-05
57 61 2.48754671924e-05
57 62 5.59698011828e-05
57 63 0.000223879204731
57 64 0.000621886679809
57 65 0.000752482882569
57 66 0.000503728210645
57 67 0.0
57 68 5.59698011828e-05
57 69 0.000621886679809
57 70 0.0
57 71 2.48754671924e-05
57 72 2.48754671924e-05
57 73 0.0
57 74 6.21886679809e-06
57 75 0.0
57 76 0.0
57 77 6.21886679809e-06
57 78 0.0
57 79 0.0
57 80 0.0
57 81 0.0
57 82 0.0
57 83 0.0
57 84 0.0
57 85 0.0
57 86 0.0
57 87 0.0
57 88 0.0
57 89 0.0
57 90 0.0
57 91 0.0
57 92 0.0
57 93 0.0
57 94 0.0
57 95 0.0
57 96 0.0
57 97 0.0
57 98 0.0
57 99 6.21886679809e-06
57 100 6.21886679809e-06
57 101 2.48754671924e-05
57 102 6.21886679809e-06
57 103 6.21886679809e-06
57 104 6.21886679809e-06
57 105 2.48754671924e-05
57 106 6.21886679809e-06
57 107 2.48754671924e-05
57 108 6.21886679809e-06
57 109 6.21886679809e-06
57 110 6.21886679809e-06
57 111 6.21886679809e-06
57 112 6.21886679809e-06
57 113 6.21886679809e-06
57 114 0.0
57 115 0.0
57 116 0.0
57 117 0.0
57 118 0.0
57 119 0.0
57 120 0.0
57 121 6.21886679809e-06
57 122 0.0
57 123 0.0
57 124 0.0
57 125 6.21886679809e-06
57 126 0.0
57 127 0.0
57 128 6.21886679809e-06
57 129 0.0
57 130 0.0
57 131 6.21886679809e-06
57 132 0.0
57 133 0.0
57 134 0.0
57 135 0.0
57 136 0.0
57 137 0.0
57 138 0.0
57 139 0.0
57 140 0.0
57 141 0.0
57 142 0.0
57 143 0.0
57 144 0.0
57 145 0.0
57 146 0.0
57 147 6.21886679809e-06
57 148 0.0
57 149 0.0
57 150 0.0
57 151 0.0
57 152 0.0
57 153 0.0
57 154 0.0
57 155 0.0
57 156 0.0
57 157 0.0
57 158 0.0
57 159 6.21886679809e-06
57 160 0.0
57 161 0.0
57 162 0.0
57 163 0.0
57 164 0.0
57 165 0.0
57 166 0.0
57 167 0.0
57 168 0.0
57 169 0.0
57 170 0.0
57 171 6.21886679809e-06
57 172 6.21886679809e-06
57 173 6.21886679809e-06
57 174 6.21886679809e-06
57 175 2.48754671924e-05
57 176 6.21886679809e-06
57 177 6.21886679809e-06
57 178 6.21886679809e-06
57 179 2.48754671924e-05
57 180 2.48754671924e-05
57 181 6.21886679809e-06
57 182 2.48754671924e-05
57 183 2.48754671924e-05
57 184 5.59698011828e-05
57 185 6.21886679809e-06
57 186 0.0
57 187 0.0
57 188 0.0
57 189 6.21886679809e-06
57 190 0.0
57 191 0.0
57 192 0.0
57 193 0.0
57 194 0.0
57 195 0.0
57 196 0.0
57 197 0.0
57 198 0.0
57 199 0.0
57 200 0.0
57 201 0.0
57 202 0.0
57 203 0.0
57 204 0.0
57 205 0.0
57 206 0.0
57 207 0.0
57 208 0.0
57 209 0.0
57 210 0.0
57 211 0.0
57 212 0.0
57 213 0.0
57 214 0.0
57 215 0.0
57 216 0.0
57 217 0.0
57 218 0.0
57 219 0.0
57 220 0.0
57 221 0.0
57 222 0.0
57 223 0.0
57 224 0.0
57 225 0.0
57 226 0.0
57 227 0.0
57 228 0.0
57 229 0.0
57 230 0.0
57 231 0.0
57 232 0.0
57 233 0.0
57 234 0.0
57 235 0.0
57 236 0.0
57 237 0.0
57 238 0.0
57 239 0.0
57 240 0.0
57 241 0.0
57 242 0.0
57 243 0.0
57 244 0.0
57 245 0.0
57 246 0.0
57 247 0.0
57 248 0.0
57 249 0.0
57 250 0.0
57 251 0.0
57 252 0.0
57 253 0.0
57 254 0.0
57 255 0.0
57 256 0.0
57 257 0.0
57 258 0.0
57 259 0.0
57 260 0.0
57 261 0.0
57 262 0.0
57 263 0.0
57 264 0.0
57 265 0.0
57 266 0.0
57 267 0.0
57 268 0.0
57 269 0.0
57 270 0.0
57 271 6.21886679809e-06
57 272 6.21886679809e-06
57 273 2.48754671924e-05
57 274 6.21886679809e-06
57 275 6.21886679809e-06
57 276 6.21886679809e-06
57 277 6.21886679809e-06
57 278 0.0
57 279 0.0
57 280 0.0
57 281 6.21886679809e-06
57 282 0.0
57 283 0.0
57 284 0.0
57 285 0.0
57 286 0.0
57 287 0.0
57 288 0.0
57 289 6.21886679809e-06
57 290 0.0
57 291 0.0
57 292 0.0
57 293 0.0
57 294 0.0
57 295 6.21886679809e-06
57 296 0.0
57 297 0.0
57 298 0.0
57 299 0.0
57 300 0.0
57 301 0.0
57 302 0.0
57 303 6.21886679809e-06
57 304 0.0
57 305 0.0
57 306 6.21886679809e-06
57 307 0.0
57 308 0.0
57 309 0.0
57 310 0.0
57 311 0.0
57 312 0.0
57 313 0.0
57 314 0.0
57 315 0.0
57 316 0.0
57 317 0.0
57 318 0.0
57 319 0.0
57 320 0.0
57 321 6.21886679809e-06
57 322 6.21886679809e-06
57 323 2.48754671924e-05
57 324 6.21886679809e-06
57 325 6.21886679809e-06
57 326 6.21886679809e-06
57 327 6.21886679809e-06
57 328 0.0
57 329 0.0
57 330 0.0
57 331 0.0
57 332 0.0
57 333 0.0
57 334 0.0
57 335 0.0
57 336 0.0
57 337 0.0
57 338 6.21886679809e-06
57 339 0.0
57 340 6.21886679809e-06
57 341 2.48754671924e-05
57 342 6.21886679809e-06
57 343 2.48754671924e-05
57 344 5.59698011828e-05
57 345 9.95018687695e-05
57 346 5.59698011828e-05
57 347 2.48754671924e-05
57 348 0.00105098848888
57 349 0.00224501091411
57 350 0.000223879204731
57 351 0.000398007475078
57 352 6.21886679809e-06
57 353 0.000223879204731
57 354 2.48754671924e-05
57 355 6.21886679809e-06
57 356 0.0
57 357 6.21886679809e-06
57 358 0.0
57 359 0.0
57 360 0.0
57 361 0.0
57 362 0.0
57 363 2.48754671924e-05
57 364 6.21886679809e-06
57 365 6.21886679809e-06
57 366 0.0
57 367 0.000304724473107
57 368 0.0
57 369 9.95018687695e-05
57 370 0.0
57 371 0.000304724473107
57 372 2.48754671924e-05
57 373 0.000223879204731
57 374 6.21886679809e-06
57 375 9.95018687695e-05
57 376 2.48754671924e-05
57 377 0.0
57 378 6.21886679809e-06
57 379 0.0
57 380 6.21886679809e-06
57 381 2.48754671924e-05
57 382 6.21886679809e-06
57 383 9.95018687695e-05
57 384 0.0
57 385 2.48754671924e-05
57 386 0.0
57 387 2.48754671924e-05
57 388 0.0
57 389 0.0
57 390 0.0
57 391 9.95018687695e-05
57 392 0.0
57 393 9.95018687695e-05
57 394 2.48754671924e-05
57 395 6.21886679809e-06
57 396 6.21886679809e-06
57 397 6.21886679809e-06
57 398 0.0
57 399 6.21886679809e-06
57 400 0.0
58 0 0.0
58 1 2.48754671924e-05
58 2 0.0
58 3 2.48754671924e-05
58 4 0.0
58 5 0.000155471669952
58 6 0.0
58 7 0.000223879204731
58 8 0.0
58 9 2.48754671924e-05
58 10 0.0
58 11 0.000503728210645
58 12 0.0
58 13 9.95018687695e-05
58 14 0.0
58 15 5.59698011828e-05
58 16 0.0
58 17 9.95018687695e-05
58 18 0.0
58 19 6.21886679809e-06
58 20 0.0
58 21 6.21886679809e-06
58 22 0.0
58 23 0.0
58 24 0.0
58 25 6.21886679809e-06
58 26 0.0
58 27 6.21886679809e-06
58 28 0.0
58 29 0.000304724473107
58 30 0.0
58 31 9.95018687695e-05
58 32 0.0
58 33 2.48754671924e-05
58 34 0.0
58 35 6.21886679809e-06
58 36 0.0
58 37 0.000621886679809
58 38 0.0
58 39 0.000223879204731
58 40 0.0
58 41 6.21886679809e-06
58 42 0.0
58 43 5.59698011828e-05
58 44 0.0
58 45 0.0
58 46 0.0
58 47 6.21886679809e-06
58 48 0.0
58 49 0.0
58 50 0.0
58 51 0.0
58 52 0.0
58 53 0.0
58 54 0.0
58 55 0.0
58 56 0.0
58 57 0.0
58 58 0.0
58 59 0.000155471669952
58 60 0.0
58 61 0.000155471669952
58 62 0.0
58 63 9.95018687695e-05
58 64 0.0
58 65 6.21886679809e-06
58 66 0.0
58 67 2.48754671924e-05
58 68 0.0
58 69 9.95018687695e-05
58 70 0.0
58 71 2.48754671924e-05
58 72 0.0
58 73 6.21886679809e-06
58 74 0.0
58 75 0.0
58 76 0.0
58 77 6.21886679809e-06
58 78 0.0
58 79 0.0
58 80 0.0
58 81 0.0
58 82 0.0
58 83 0.0
58 84 0.0
58 85 0.0
58 86 0.0
58 87 0.0
58 88 0.0
58 89 0.0
58 90 0.0
58 91 0.0
58 92 0.0
58 93 0.0
58 94 0.0
58 95 0.0
58 96 0.0
58 97 0.0
58 98 0.0
58 99 6.21886679809e-06
58 100 0.0
58 101 0.0
58 102 0.0
58 103 0.0
58 104 0.0
58 105 0.0
58 106 0.0
58 107 2.48754671924e-05
58 108 0.0
58 109 6.21886679809e-06
58 110 0.0
58 111 0.0
58 112 0.0
58 113 6.21886679809e-06
58 114 0.0
58 115 0.0
58 116 0.0
58 117 0.0
58 118 0.0
58 119 0.0
58 120 0.0
58 121 6.21886679809e-06
58 122 0.0
58 123 0.0
58 124 0.0
58 125 6.21886679809e-06
58 126 0.0
58 127 6.21886679809e-06
58 128 0.0
58 129 0.0
58 130 0.0
58 131 0.0
58 132 0.0
58 133 0.0
58 134 0.0
58 135 0.0
58 136 0.0
58 137 0.0
58 138 0.0
58 139 0.0
58 140 0.0
58 141 0.0
58 142 0.0
58 143 0.0
58 144 0.0
58 145 0.0
58 146 0.0
58 147 0.0
58 148 0.0
58 149 6.21886679809e-06
58 150 0.0
58 151 0.0
58 152 0.0
58 153 0.0
58 154 0.0
58 155 0.0
58 156 0.0
58 157 0.0
58 158 0.0
58 159 0.0
58 160 0.0
58 161 0.0
58 162 0.0
58 163 0.0
58 164 0.0
58 165 0.0
58 166 0.0
58 167 0.0
58 168 0.0
58 169 0.0
58 170 0.0
58 171 2.48754671924e-05
58 172 0.0
58 173 0.0
58 174 0.0
58 175 0.0
58 176 0.0
58 177 0.0
58 178 0.0
58 179 0.0
58 180 0.0
58 181 6.21886679809e-06
58 182 0.0
58 183 0.0
58 184 0.0
58 185 0.0
58 186 0.0
58 187 0.0
58 188 0.0
58 189 0.0
58 190 0.0
58 191 0.0
58 192 0.0
58 193 6.21886679809e-06
58 194 0.0
58 195 0.0
58 196 0.0
58 197 6.21886679809e-06
58 198 0.0
58 199 0.0
58 200 0.0
58 201 0.0
58 202 0.0
58 203 0.0
58 204 0.0
58 205 0.0
58 206 0.0
58 207 0.0
58 208 0.0
58 209 0.0
58 210 0.0
58 211 0.0
58 212 0.0
58 213 0.0
58 214 0.0
58 215 0.0
58 216 0.0
58 217 0.0
58 218 0.0
58 219 0.0
58 220 0.0
58 221 0.0
58 222 0.0
58 223 0.0
58 224 0.0
58 225 0.0
58 226 0.0
58 227 0.0
58 228 0.0
58 229 0.0
58 230 0.0
58 231 0.0
58 232 0.0
58 233 0.0
58 234 0.0
58 235 0.0
58 236 0.0
58 237 0.0
58 238 0.0
58 239 0.0
58 240 0.0
58 241 0.0
58 242 0.0
58 243 0.0
58 244 0.0
58 245 0.0
58 246 0.0
58 247 0.0
58 248 0.0
58 249 0.0
58 250 0.0
58 251 0.0
58 252 0.0
58 253 0.0
58 254 0.0
58 255 0.0
58 256 0.0
58 257 0.0
58 258 0.0
58 259 0.0
58 260 0.0
58 261 0.0
58 262 0.0
58 263 0.0
58 264 0.0
58 265 0.0
58 266 0.0
58 267 0.0
58 268 0.0
58 269 0.0
58 270 0.0
58 271 0.0
58 272 0.0
58 273 0.0
58 274 0.0
58 275 0.0
58 276 0.0
58 277 0.0
58 278 0.0
58 279 0.0
58 280 0.0
58 281 0.0
58 282 0.0
58 283 0.0
58 284 0.0
58 285 0.0
58 286 0.0
58 287 0.0
58 288 0.0
58 289 0.0
58 290 0.0
58 291 0.0
58 292 0.0
58 293 0.0
58 294 0.0
58 295 6.21886679809e-06
58 296 0.0
58 297 0.0
58 298 0.0
58 299 0.0
58 300 0.0
58 301 0.0
58 302 0.0
58 303 0.0
58 304 0.0
58 305 0.0
58 306 0.0
58 307 6.21886679809e-06
58 308 0.0
58 309 0.0
58 310 0.0
58 311 6.21886679809e-06
58 312 0.0
58 313 0.0
58 314 0.0
58 315 0.0
58 316 0.0
58 317 0.0
58 318 0.0
58 319 0.0
58 320 0.0
58 321 0.0
58 322 0.0
58 323 0.0
58 324 0.0
58 325 0.0
58 326 0.0
58 327 6.21886679809e-06
58 328 0.0
58 329 0.0
58 330 0.0
58 331 0.0
58 332 0.0
58 333 0.0
58 334 0.0
58 335 0.0
58 336 0.0
58 337 0.0
58 338 0.0
58 339 0.0
58 340 0.0
58 341 2.48754671924e-05
58 342 0.0
58 343 0.0
58 344 0.0
58 345 0.0
58 346 0.0
58 347 2.48754671924e-05
58 348 0.0
58 349 0.000895516818925
58 350 0.0
58 351 0.00105098848888
58 352 0.0
58 353 0.000155471669952
58 354 0.0
58 355 0.0
58 356 0.0
58 357 0.0
58 358 0.0
58 359 0.0
58 360 0.0
58 361 0.0
58 362 0.0
58 363 2.48754671924e-05
58 364 0.0
58 365 6.21886679809e-06
58 366 0.0
58 367 0.000304724473107
58 368 0.0
58 369 0.000155471669952
58 370 0.0
58 371 0.000398007475078
58 372 0.0
58 373 0.000155471669952
58 374 0.0
58 375 9.95018687695e-05
58 376 0.0
58 377 2.48754671924e-05
58 378 0.0
58 379 0.0
58 380 0.0
58 381 5.59698011828e-05
58 382 0.0
58 383 2.48754671924e-05
58 384 0.0
58 385 5.59698011828e-05
58 386 0.0
58 387 2.48754671924e-05
58 388 0.0
58 389 0.0
58 390 0.0
58 391 5.59698011828e-05
58 392 0.0
58 393 5.59698011828e-05
58 394 0.0
58 395 6.21886679809e-06
58 396 0.0
58 397 6.21886679809e-06
58 398 0.0
58 399 6.21886679809e-06
58 400 0.0
59 0 0.0
59 1 2.48754671924e-05
59 2 0.0
59 3 2.48754671924e-05
59 4 0.0
59 5 0.000155471669952
59 6 0.0
59 7 0.000223879204731
59 8 6.21886679809e-06
59 9 5.59698011828e-05
59 10 0.0
59 11 0.000503728210645
59 12 6.21886679809e-06
59 13 9.95018687695e-05
59 14 0.0
59 15 9.95018687695e-05
59 16 6.21886679809e-06
59 17 5.59698011828e-05
59 18 6.21886679809e-06
59 19 6.21886679809e-06
59 20 0.0
59 21 6.21886679809e-06
59 22 0.0
59 23 0.0
59 24 0.0
59 25 6.21886679809e-06
59 26 0.0
59 27 6.21886679809e-06
59 28 0.0
59 29 0.000304724473107
59 30 0.0
59 31 9.95018687695e-05
59 32 0.0
59 33 2.48754671924e-05
59 34 0.0
59 35 6.21886679809e-06
59 36 0.0
59 37 0.000621886679809
59 38 0.0
59 39 0.000223879204731
59 40 0.0
59 41 6.21886679809e-06
59 42 0.0
59 43 5.59698011828e-05
59 44 0.0
59 45 0.0
59 46 0.0
59 47 6.21886679809e-06
59 48 0.0
59 49 0.0
59 50 0.0
59 51 0.0
59 52 0.0
59 53 0.0
59 54 0.0
59 55 0.0
59 56 0.0
59 57 2.48754671924e-05
59 58 0.0
59 59 0.000223879204731
59 60 6.21886679809e-06
59 61 0.000304724473107
59 62 2.48754671924e-05
59 63 9.95018687695e-05
59 64 2.48754671924e-05
59 65 0.000304724473107
59 66 0.000155471669952
59 67 6.21886679809e-06
59 68 6.21886679809e-06
59 69 0.0
59 70 0.000304724473107
59 71 0.000398007475078
59 72 0.000621886679809
59 73 0.000503728210645
59 74 0.000503728210645
59 75 0.000503728210645
59 76 0.000621886679809
59 77 0.000752482882569
59 78 0.000621886679809
59 79 0.000621886679809
59 80 0.000752482882569
59 81 0.000752482882569
59 82 0.000752482882569
59 83 0.000621886679809
59 84 0.000752482882569
59 85 0.000752482882569
59 86 0.000752482882569
59 87 0.000752482882569
59 88 0.000752482882569
59 89 0.000752482882569
59 90 0.000752482882569
59 91 0.000752482882569
59 92 0.000752482882569
59 93 0.000752482882569
59 94 0.000752482882569
59 95 0.000752482882569
59 96 0.000752482882569
59 97 0.000752482882569
59 98 0.000752482882569
59 99 0.000621886679809
59 100 0.000621886679809
59 101 0.000503728210645
59 102 0.000621886679809
59 103 0.000621886679809
59 104 0.000621886679809
59 105 0.000503728210645
59 106 0.000621886679809
59 107 0.000503728210645
59 108 0.000752482882569
59 109 0.000621886679809
59 110 0.000752482882569
59 111 0.000752482882569
59 112 0.000752482882569
59 113 0.000621886679809
59 114 0.000621886679809
59 115 0.000621886679809
59 116 0.000621886679809
59 117 0.000621886679809
59 118 0.000621886679809
59 119 0.000621886679809
59 120 0.000621886679809
59 121 0.000621886679809
59 122 0.000752482882569
59 123 0.000752482882569
59 124 0.000752482882569
59 125 0.000621886679809
59 126 0.000752482882569
59 127 0.000621886679809
59 128 0.000752482882569
59 129 0.000621886679809
59 130 0.000621886679809
59 131 0.000503728210645
59 132 0.000621886679809
59 133 0.000621886679809
59 134 0.000621886679809
59 135 0.000621886679809
59 136 0.000621886679809
59 137 0.000621886679809
59 138 0.000621886679809
59 139 0.000621886679809
59 140 0.000621886679809
59 141 0.000621886679809
59 142 0.000621886679809
59 143 0.000621886679809
59 144 0.000621886679809
59 145 0.000621886679809
59 146 0.000621886679809
59 147 0.000503728210645
59 148 0.000621886679809
59 149 0.000621886679809
59 150 0.000752482882569
59 151 0.000752482882569
59 152 0.000752482882569
59 153 0.000752482882569
59 154 0.000752482882569
59 155 0.000752482882569
59 156 0.000752482882569
59 157 0.000621886679809
59 158 0.000621886679809
59 159 0.000503728210645
59 160 0.000621886679809
59 161 0.000621886679809
59 162 0.000621886679809
59 163 0.000621886679809
59 164 0.000621886679809
59 165 0.000621886679809
59 166 0.000621886679809
59 167 0.000621886679809
59 168 0.000621886679809
59 169 0.000503728210645
59 170 0.000621886679809
59 171 0.000503728210645
59 172 0.000752482882569
59 173 0.000752482882569
59 174 0.000752482882569
59 175 0.000752482882569
59 176 0.000752482882569
59 177 0.000752482882569
59 178 0.000621886679809
59 179 0.000503728210645
59 180 0.000503728210645
59 181 0.000398007475078
59 182 0.000503728210645
59 183 0.000503728210645
59 184 0.000503728210645
59 185 0.000621886679809
59 186 0.000621886679809
59 187 0.000621886679809
59 188 0.000621886679809
59 189 0.000503728210645
59 190 0.000621886679809
59 191 0.000621886679809
59 192 0.000752482882569
59 193 0.000621886679809
59 194 0.000752482882569
59 195 0.000752482882569
59 196 0.000752482882569
59 197 0.000621886679809
59 198 0.000752482882569
59 199 0.000752482882569
59 200 0.000752482882569
59 201 0.000752482882569
59 202 0.000752482882569
59 203 0.000752482882569
59 204 0.000752482882569
59 205 0.000752482882569
59 206 0.000752482882569
59 207 0.000752482882569
59 208 0.000752482882569
59 209 0.000752482882569
59 210 0.000752482882569
59 211 0.000752482882569
59 212 0.000752482882569
59 213 0.000752482882569
59 214 0.000752482882569
59 215 0.000752482882569
59 216 0.000752482882569
59 217 0.000752482882569
59 218 0.000752482882569
59 219 0.000752482882569
59 220 0.000752482882569
59 221 0.000752482882569
59 222 0.000752482882569
59 223 0.000752482882569
59 224 0.000752482882569
59 225 0.000752482882569
59 226 0.000752482882569
59 227 0.000752482882569
59 228 0.000752482882569
59 229 0.000752482882569
59 230 0.000752482882569
59 231 0.000752482882569
59 232 0.000752482882569
59 233 0.000752482882569
59 234 0.000752482882569
59 235 0.000752482882569
59 236 0.000752482882569
59 237 0.000752482882569
59 238 0.000752482882569
59 239 0.000752482882569
59 240 0.000752482882569
59 241 0.000752482882569
59 242 0.000752482882569
59 243 0.000752482882569
59 244 0.000752482882569
59 245 0.000752482882569
59 246 0.000752482882569
59 247 0.000752482882569
59 248 0.000752482882569
59 249 0.000752482882569
59 250 0.000752482882569
59 251 0.000752482882569
59 252 0.000752482882569
59 253 0.000752482882569
59 254 0.000752482882569
59 255 0.000752482882569
59 256 0.000752482882569
59 257 0.000752482882569
59 258 0.000752482882569
59 259 0.000752482882569
59 260 0.000752482882569
59 261 0.000752482882569
59 262 0.000752482882569
59 263 0.000752482882569
59 264 0.000752482882569
59 265 0.000752482882569
59 266 0.000752482882569
59 267 0.000752482882569
59 268 0.000752482882569
59 269 0.000752482882569
59 270 0.000752482882569
59 271 0.000621886679809
59 272 0.000621886679809
59 273 0.000503728210645
59 274 0.000621886679809
59 275 0.000621886679809
59 276 0.000621886679809
59 277 0.000621886679809
59 278 0.000621886679809
59 279 0.000621886679809
59 280 0.000621886679809
59 281 0.000621886679809
59 282 0.000621886679809
59 283 0.000621886679809
59 284 0.000621886679809
59 285 0.000621886679809
59 286 0.000621886679809
59 287 0.000621886679809
59 288 0.000621886679809
59 289 0.000503728210645
59 290 0.000621886679809
59 291 0.000621886679809
59 292 0.000752482882569
59 293 0.000621886679809
59 294 0.000752482882569
59 295 0.000621886679809
59 296 0.000752482882569
59 297 0.000752482882569
59 298 0.000752482882569
59 299 0.000752482882569
59 300 0.000621886679809
59 301 0.000621886679809
59 302 0.000621886679809
59 303 0.000503728210645
59 304 0.000621886679809
59 305 0.000621886679809
59 306 0.000752482882569
59 307 0.000621886679809
59 308 0.000752482882569
59 309 0.000752482882569
59 310 0.000752482882569
59 311 0.000621886679809
59 312 0.000752482882569
59 313 0.000752482882569
59 314 0.000752482882569
59 315 0.000752482882569
59 316 0.000752482882569
59 317 0.000752482882569
59 318 0.000752482882569
59 319 0.000752482882569
59 320 0.000752482882569
59 321 0.000752482882569
59 322 0.000752482882569
59 323 0.000752482882569
59 324 0.000752482882569
59 325 0.000752482882569
59 326 0.000752482882569
59 327 0.000621886679809
59 328 0.000621886679809
59 329 0.000503728210645
59 330 0.000621886679809
59 331 0.000621886679809
59 332 0.000621886679809
59 333 0.000621886679809
59 334 0.000621886679809
59 335 0.000752482882569
59 336 0.000621886679809
59 337 0.000621886679809
59 338 0.000621886679809
59 339 0.000621886679809
59 340 0.000752482882569
59 341 0.000621886679809
59 342 0.000503728210645
59 343 0.000155471669952
59 344 0.000155471669952
59 345 5.59698011828e-05
59 346 2.48754671924e-05
59 347 6.21886679809e-06
59 348 2.48754671924e-05
59 349 0.00139924502957
59 350 2.48754671924e-05
59 351 0.000895516818925
59 352 6.21886679809e-06
59 353 5.59698011828e-05
59 354 6.21886679809e-06
59 355 6.21886679809e-06
59 356 0.0
59 357 6.21886679809e-06
59 358 0.0
59 359 0.0
59 360 0.0
59 361 0.0
59 362 0.0
59 363 2.48754671924e-05
59 364 0.0
59 365 6.21886679809e-06
59 366 0.0
59 367 0.000304724473107
59 368 0.0
59 369 0.000155471669952
59 370 0.0
59 371 0.000398007475078
59 372 0.0
59 373 0.000155471669952
59 374 6.21886679809e-06
59 375 0.000155471669952
59 376 0.0
59 377 2.48754671924e-05
59 378 0.0
59 379 0.0
59 380 0.0
59 381 5.59698011828e-05
59 382 0.0
59 383 2.48754671924e-05
59 384 0.0
59 385 5.59698011828e-05
59 386 0.0
59 387 2.48754671924e-05
59 388 0.0
59 389 0.0
59 390 0.0
59 391 5.59698011828e-05
59 392 0.0
59 393 5.59698011828e-05
59 394 0.0
59 395 6.21886679809e-06
59 396 6.21886679809e-06
59 397 0.0
59 398 0.0
59 399 6.21886679809e-06
59 400 0.0
60 0 0.0
60 1 2.48754671924e-05
60 2 0.0
60 3 2.48754671924e-05
60 4 0.0
60 5 0.000155471669952
60 6 0.0
60 7 0.000223879204731
60 8 0.0
60 9 2.48754671924e-05
60 10 0.0
60 11 0.000503728210645
60 12 0.0
60 13 9.95018687695e-05
60 14 0.0
60 15 5.59698011828e-05
60 16 0.0
60 17 9.95018687695e-05
60 18 0.0
60 19 6.21886679809e-06
60 20 0.0
60 21 6.21886679809e-06
60 22 0.0
60 23 0.0
60 24 0.0
60 25 6.21886679809e-06
60 26 0.0
60 27 6.21886679809e-06
60 28 0.0
60 29 0.000304724473107
60 30 0.0
60 31 9.95018687695e-05
60 32 0.0
60 33 2.48754671924e-05
60 34 0.0
60 35 6.21886679809e-06
60 36 0.0
60 37 0.000621886679809
60 38 0.0
60 39 0.000223879204731
60 40 0.0
60 41 6.21886679809e-06
60 42 0.0
60 43 5.59698011828e-05
60 44 0.0
60 45 0.0
60 46 0.0
60 47 6.21886679809e-06
60 48 0.0
60 49 0.0
60 50 0.0
60 51 0.0
60 52 0.0
60 53 0.0
60 54 0.0
60 55 6.21886679809e-06
60 56 0.0
60 57 6.21886679809e-06
60 58 0.0
60 59 0.000223879204731
60 60 0.0
60 61 0.000503728210645
60 62 0.0
60 63 0.000503728210645
60 64 0.0
60 65 0.000398007475078
60 66 0.0
60 67 0.000304724473107
60 68 0.0
60 69 0.000155471669952
60 70 0.0
60 71 6.21886679809e-06
60 72 0.0
60 73 0.0
60 74 0.0
60 75 6.21886679809e-06
60 76 0.0
60 77 6.21886679809e-06
60 78 0.0
60 79 6.21886679809e-06
60 80 0.0
60 81 0.0
60 82 0.0
60 83 6.21886679809e-06
60 84 0.0
60 85 0.0
60 86 0.0
60 87 0.0
60 88 0.0
60 89 0.0
60 90 0.0
60 91 0.0
60 92 0.0
60 93 0.0
60 94 0.0
60 95 0.0
60 96 0.0
60 97 0.0
60 98 0.0
60 99 0.0
60 100 0.0
60 101 6.21886679809e-06
60 102 0.0
60 103 0.0
60 104 0.0
60 105 6.21886679809e-06
60 106 0.0
60 107 6.21886679809e-06
60 108 0.0
60 109 6.21886679809e-06
60 110 0.0
60 111 0.0
60 112 0.0
60 113 6.21886679809e-06
60 114 0.0
60 115 0.0
60 116 0.0
60 117 0.0
60 118 0.0
60 119 0.0
60 120 0.0
60 121 0.0
60 122 0.0
60 123 0.0
60 124 0.0
60 125 6.21886679809e-06
60 126 0.0
60 127 6.21886679809e-06
60 128 0.0
60 129 6.21886679809e-06
60 130 0.0
60 131 0.0
60 132 0.0
60 133 0.0
60 134 0.0
60 135 0.0
60 136 0.0
60 137 0.0
60 138 0.0
60 139 0.0
60 140 0.0
60 141 0.0
60 142 0.0
60 143 0.0
60 144 0.0
60 145 0.0
60 146 0.0
60 147 6.21886679809e-06
60 148 0.0
60 149 0.0
60 150 0.0
60 151 0.0
60 152 0.0
60 153 0.0
60 154 0.0
60 155 0.0
60 156 0.0
60 157 0.0
60 158 0.0
60 159 6.21886679809e-06
60 160 0.0
60 161 0.0
60 162 0.0
60 163 0.0
60 164 0.0
60 165 0.0
60 166 0.0
60 167 0.0
60 168 0.0
60 169 6.21886679809e-06
60 170 0.0
60 171 6.21886679809e-06
60 172 0.0
60 173 0.0
60 174 0.0
60 175 0.0
60 176 0.0
60 177 0.0
60 178 0.0
60 179 0.0
60 180 0.0
60 181 6.21886679809e-06
60 182 0.0
60 183 0.0
60 184 0.0
60 185 0.0
60 186 0.0
60 187 0.0
60 188 0.0
60 189 0.0
60 190 0.0
60 191 0.0
60 192 0.0
60 193 6.21886679809e-06
60 194 0.0
60 195 0.0
60 196 0.0
60 197 6.21886679809e-06
60 198 0.0
60 199 0.0
60 200 0.0
60 201 0.0
60 202 0.0
60 203 0.0
60 204 0.0
60 205 0.0
60 206 0.0
60 207 0.0
60 208 0.0
60 209 0.0
60 210 0.0
60 211 0.0
60 212 0.0
60 213 0.0
60 214 0.0
60 215 0.0
60 216 0.0
60 217 0.0
60 218 0.0
60 219 0.0
60 220 0.0
60 221 0.0
60 222 0.0
60 223 0.0
60 224 0.0
60 225 0.0
60 226 0.0
60 227 0.0
60 228 0.0
60 229 0.0
60 230 0.0
60 231 0.0
60 232 0.0
60 233 0.0
60 234 0.0
60 235 0.0
60 236 0.0
60 237 0.0
60 238 0.0
60 239 0.0
60 240 0.0
60 241 0.0
60 242 0.0
60 243 0.0
60 244 0.0
60 245 0.0
60 246 0.0
60 247 0.0
60 248 0.0
60 249 0.0
60 250 0.0
60 251 0.0
60 252 0.0
60 253 0.0
60 254 0.0
60 255 0.0
60 256 0.0
60 257 0.0
60 258 0.0
60 259 0.0
60 260 0.0
60 261 0.0
60 262 0.0
60 263 0.0
60 264 0.0
60 265 0.0
60 266 0.0
60 267 0.0
60 268 0.0
60 269 0.0
60 270 0.0
60 271 0.0
60 272 0.0
60 273 6.21886679809e-06
60 274 0.0
60 275 0.0
60 276 0.0
60 277 0.0
60 278 0.0
60 279 0.0
60 280 0.0
60 281 0.0
60 282 0.0
60 283 0.0
60 284 0.0
60 285 0.0
60 286 0.0
60 287 0.0
60 288 0.0
60 289 0.0
60 290 0.0
60 291 6.21886679809e-06
60 292 0.0
60 293 6.21886679809e-06
60 294 0.0
60 295 6.21886679809e-06
60 296 0.0
60 297 0.0
60 298 0.0
60 299 0.0
60 300 0.0
60 301 0.0
60 302 0.0
60 303 0.0
60 304 0.0
60 305 0.0
60 306 0.0
60 307 6.21886679809e-06
60 308 0.0
60 309 0.0
60 310 0.0
60 311 6.21886679809e-06
60 312 0.0
60 313 0.0
60 314 0.0
60 315 0.0
60 316 0.0
60 317 0.0
60 318 0.0
60 319 0.0
60 320 0.0
60 321 0.0
60 322 0.0
60 323 0.0
60 324 0.0
60 325 0.0
60 326 0.0
60 327 6.21886679809e-06
60 328 0.0
60 329 6.21886679809e-06
60 330 0.0
60 331 0.0
60 332 0.0
60 333 0.0
60 334 0.0
60 335 6.21886679809e-06
60 336 0.0
60 337 6.21886679809e-06
60 338 0.0
60 339 6.21886679809e-06
60 340 0.0
60 341 6.21886679809e-06
60 342 0.0
60 343 5.59698011828e-05
60 344 0.0
60 345 6.21886679809e-06
60 346 0.0
60 347 2.48754671924e-05
60 348 0.0
60 349 0.00139924502957
60 350 0.0
60 351 0.00121889789243
60 352 0.0
60 353 0.000155471669952
60 354 0.0
60 355 0.0
60 356 0.0
60 357 2.48754671924e-05
60 358 0.0
60 359 0.0
60 360 0.0
60 361 0.0
60 362 0.0
60 363 2.48754671924e-05
60 364 0.0
60 365 6.21886679809e-06
60 366 0.0
60 367 0.000304724473107
60 368 0.0
60 369 0.000155471669952
60 370 0.0
60 371 0.000398007475078
60 372 0.0
60 373 0.000155471669952
60 374 0.0
60 375 9.95018687695e-05
60 376 0.0
60 377 2.48754671924e-05
60 378 0.0
60 379 0.0
60 380 0.0
60 381 5.59698011828e-05
60 382 0.0
60 383 2.48754671924e-05
60 384 0.0
60 385 5.59698011828e-05
60 386 0.0
60 387 2.48754671924e-05
60 388 0.0
60 389 0.0
60 390 0.0
60 391 5.59698011828e-05
60 392 0.0
60 393 5.59698011828e-05
60 394 0.0
60 395 6.21886679809e-06
60 396 0.0
60 397 6.21886679809e-06
60 398 0.0
60 399 6.21886679809e-06
60 400 0.0
61 0 0.0
61 1 2.48754671924e-05
61 2 0.0
61 3 2.48754671924e-05
61 4 0.0
61 5 0.000155471669952
61 6 0.0
61 7 0.000223879204731
61 8 0.0
61 9 2.48754671924e-05
61 10 0.0
61 11 0.000503728210645
61 12 0.0
61 13 9.95018687695e-05
61 14 0.0
61 15 5.59698011828e-05
61 16 0.0
61 17 9.95018687695e-05
61 18 0.0
61 19 6.21886679809e-06
61 20 0.0
61 21 6.21886679809e-06
61 22 0.0
61 23 0.0
61 24 0.0
61 25 6.21886679809e-06
61 26 0.0
61 27 6.21886679809e-06
61 28 0.0
61 29 0.000304724473107
61 30 0.0
61 31 9.95018687695e-05
61 32 0.0
61 33 2.48754671924e-05
61 34 0.0
61 35 6.21886679809e-06
61 36 0.0
61 37 0.000621886679809
61 38 0.0
61 39 0.000223879204731
61 40 0.0
61 41 6.21886679809e-06
61 42 0.0
61 43 5.59698011828e-05
61 44 0.0
61 45 0.0
61 46 0.0
61 47 6.21886679809e-06
61 48 0.0
61 49 0.0
61 50 0.0
61 51 0.0
61 52 0.0
61 53 0.0
61 54 0.0
61 55 6.21886679809e-06
61 56 0.0
61 57 0.0
61 58 6.21886679809e-06
61 59 0.000223879204731
61 60 6.21886679809e-06
61 61 0.000398007475078
61 62 0.0
61 63 0.000223879204731
61 64 2.48754671924e-05
61 65 0.000223879204731
61 66 0.0
61 67 0.000621886679809
61 68 9.95018687695e-05
61 69 6.21886679809e-06
61 70 0.000503728210645
61 71 0.000503728210645
61 72 0.000503728210645
61 73 0.000304724473107
61 74 0.000304724473107
61 75 0.000398007475078
61 76 0.000503728210645
61 77 0.000503728210645
61 78 0.000503728210645
61 79 0.000503728210645
61 80 0.000503728210645
61 81 0.000503728210645
61 82 0.000503728210645
61 83 0.000503728210645
61 84 0.000503728210645
61 85 0.000503728210645
61 86 0.000503728210645
61 87 0.000503728210645
61 88 0.000503728210645
61 89 0.000503728210645
61 90 0.000503728210645
61 91 0.000503728210645
61 92 0.000503728210645
61 93 0.000503728210645
61 94 0.000503728210645
61 95 0.000503728210645
61 96 0.000503728210645
61 97 0.000503728210645
61 98 0.000503728210645
61 99 0.000503728210645
61 100 0.000398007475078
61 101 0.000398007475078
61 102 0.000398007475078
61 103 0.000398007475078
61 104 0.000398007475078
61 105 0.000398007475078
61 106 0.000398007475078
61 107 0.000503728210645
61 108 0.000503728210645
61 109 0.000503728210645
61 110 0.000503728210645
61 111 0.000503728210645
61 112 0.000503728210645
61 113 0.000503728210645
61 114 0.000398007475078
61 115 0.000398007475078
61 116 0.000398007475078
61 117 0.000398007475078
61 118 0.000398007475078
61 119 0.000398007475078
61 120 0.000398007475078
61 121 0.000503728210645
61 122 0.000503728210645
61 123 0.000503728210645
61 124 0.000503728210645
61 125 0.000503728210645
61 126 0.000503728210645
61 127 0.000503728210645
61 128 0.000503728210645
61 129 0.000398007475078
61 130 0.000398007475078
61 131 0.000398007475078
61 132 0.000398007475078
61 133 0.000398007475078
61 134 0.000398007475078
61 135 0.000398007475078
61 136 0.000398007475078
61 137 0.000398007475078
61 138 0.000398007475078
61 139 0.000398007475078
61 140 0.000398007475078
61 141 0.000398007475078
61 142 0.000398007475078
61 143 0.000398007475078
61 144 0.000398007475078
61 145 0.000398007475078
61 146 0.000398007475078
61 147 0.000398007475078
61 148 0.000398007475078
61 149 0.000503728210645
61 150 0.000503728210645
61 151 0.000503728210645
61 152 0.000503728210645
61 153 0.000503728210645
61 154 0.000503728210645
61 155 0.000503728210645
61 156 0.000503728210645
61 157 0.000398007475078
61 158 0.000398007475078
61 159 0.000398007475078
61 160 0.000398007475078
61 161 0.000398007475078
61 162 0.000398007475078
61 163 0.000398007475078
61 164 0.000398007475078
61 165 0.000398007475078
61 166 0.000398007475078
61 167 0.000398007475078
61 168 0.000398007475078
61 169 0.000398007475078
61 170 0.000398007475078
61 171 0.000503728210645
61 172 0.000503728210645
61 173 0.000503728210645
61 174 0.000503728210645
61 175 0.000503728210645
61 176 0.000503728210645
61 177 0.000398007475078
61 178 0.000503728210645
61 179 0.000503728210645
61 180 0.000621886679809
61 181 0.000621886679809
61 182 0.000621886679809
61 183 0.000503728210645
61 184 0.000621886679809
61 185 0.000398007475078
61 186 0.000398007475078
61 187 0.000398007475078
61 188 0.000398007475078
61 189 0.000398007475078
61 190 0.000398007475078
61 191 0.000398007475078
61 192 0.000503728210645
61 193 0.000503728210645
61 194 0.000503728210645
61 195 0.000503728210645
61 196 0.000503728210645
61 197 0.000503728210645
61 198 0.000503728210645
61 199 0.000503728210645
61 200 0.000503728210645
61 201 0.000503728210645
61 202 0.000503728210645
61 203 0.000503728210645
61 204 0.000503728210645
61 205 0.000503728210645
61 206 0.000503728210645
61 207 0.000503728210645
61 208 0.000503728210645
61 209 0.000503728210645
61 210 0.000503728210645
61 211 0.000503728210645
61 212 0.000503728210645
61 213 0.000503728210645
61 214 0.000503728210645
61 215 0.000503728210645
61 216 0.000503728210645
61 217 0.000503728210645
61 218 0.000503728210645
61 219 0.000503728210645
61 220 0.000503728210645
61 221 0.000503728210645
61 222 0.000503728210645
61 223 0.000503728210645
61 224 0.000503728210645
61 225 0.000503728210645
61 226 0.000503728210645
61 227 0.000503728210645
61 228 0.000503728210645
61 229 0.000503728210645
61 230 0.000503728210645
61 231 0.000503728210645
61 232 0.000503728210645
61 233 0.000503728210645
61 234 0.000503728210645
61 235 0.000503728210645
61 236 0.000503728210645
61 237 0.000503728210645
61 238 0.000503728210645
61 239 0.000503728210645
61 240 0.000503728210645
61 241 0.000503728210645
61 242 0.000503728210645
61 243 0.000503728210645
61 244 0.000503728210645
61 245 0.000503728210645
61 246 0.000503728210645
61 247 0.000503728210645
61 248 0.000503728210645
61 249 0.000503728210645
61 250 0.000503728210645
61 251 0.000503728210645
61 252 0.000503728210645
61 253 0.000503728210645
61 254 0.000503728210645
61 255 0.000503728210645
61 256 0.000503728210645
61 257 0.000503728210645
61 258 0.000503728210645
61 259 0.000503728210645
61 260 0.000503728210645
61 261 0.000503728210645
61 262 0.000503728210645
61 263 0.000503728210645
61 264 0.000503728210645
61 265 0.000503728210645
61 266 0.000503728210645
61 267 0.000503728210645
61 268 0.000503728210645
61 269 0.000503728210645
61 270 0.000503728210645
61 271 0.000398007475078
61 272 0.000398007475078
61 273 0.000398007475078
61 274 0.000398007475078
61 275 0.000398007475078
61 276 0.000398007475078
61 277 0.000398007475078
61 278 0.000398007475078
61 279 0.000398007475078
61 280 0.000398007475078
61 281 0.000398007475078
61 282 0.000398007475078
61 283 0.000398007475078
61 284 0.000398007475078
61 285 0.000398007475078
61 286 0.000398007475078
61 287 0.000398007475078
61 288 0.000398007475078
61 289 0.000398007475078
61 290 0.000398007475078
61 291 0.000398007475078
61 292 0.000503728210645
61 293 0.000503728210645
61 294 0.000503728210645
61 295 0.000503728210645
61 296 0.000503728210645
61 297 0.000503728210645
61 298 0.000503728210645
61 299 0.000503728210645
61 300 0.000398007475078
61 301 0.000398007475078
61 302 0.000398007475078
61 303 0.000398007475078
61 304 0.000398007475078
61 305 0.000398007475078
61 306 0.000503728210645
61 307 0.000503728210645
61 308 0.000503728210645
61 309 0.000503728210645
61 310 0.000503728210645
61 311 0.000503728210645
61 312 0.000503728210645
61 313 0.000503728210645
61 314 0.000503728210645
61 315 0.000503728210645
61 316 0.000503728210645
61 317 0.000503728210645
61 318 0.000503728210645
61 319 0.000503728210645
61 320 0.000503728210645
61 321 0.000503728210645
61 322 0.000503728210645
61 323 0.000503728210645
61 324 0.000503728210645
61 325 0.000503728210645
61 326 0.000503728210645
61 327 0.000503728210645
61 328 0.000398007475078
61 329 0.000398007475078
61 330 0.000398007475078
61 331 0.000398007475078
61 332 0.000398007475078
61 333 0.000398007475078
61 334 0.000398007475078
61 335 0.000621886679809
61 336 0.000503728210645
61 337 0.000398007475078
61 338 0.000398007475078
61 339 0.000398007475078
61 340 0.000398007475078
61 341 9.95018687695e-05
61 342 0.000304724473107
61 343 6.21886679809e-06
61 344 5.59698011828e-05
61 345 5.59698011828e-05
61 346 2.48754671924e-05
61 347 5.59698011828e-05
61 348 6.21886679809e-06
61 349 0.000895516818925
61 350 6.21886679809e-06
61 351 0.00105098848888
61 352 0.0
61 353 0.000155471669952
61 354 6.21886679809e-06
61 355 2.48754671924e-05
61 356 6.21886679809e-06
61 357 6.21886679809e-06
61 358 0.0
61 359 0.0
61 360 0.0
61 361 0.0
61 362 0.0
61 363 2.48754671924e-05
61 364 0.0
61 365 6.21886679809e-06
61 366 0.0
61 367 0.000304724473107
61 368 0.0
61 369 0.000155471669952
61 370 0.0
61 371 0.000398007475078
61 372 0.0
61 373 0.000155471669952
61 374 0.0
61 375 0.000155471669952
61 376 6.21886679809e-06
61 377 6.21886679809e-06
61 378 0.0
61 379 0.0
61 380 0.0
61 381 5.59698011828e-05
61 382 0.0
61 383 2.48754671924e-05
61 384 0.0
61 385 5.59698011828e-05
61 386 0.0
61 387 2.48754671924e-05
61 388 0.0
61 389 0.0
61 390 0.0
61 391 5.59698011828e-05
61 392 0.0
61 393 5.59698011828e-05
61 394 0.0
61 395 6.21886679809e-06
61 396 0.0
61 397 6.21886679809e-06
61 398 0.0
61 399 6.21886679809e-06
61 400 0.0
62 0 0.0
62 1 2.48754671924e-05
62 2 0.0
62 3 2.48754671924e-05
62 4 0.0
62 5 0.000155471669952
62 6 0.0
62 7 0.000223879204731
62 8 0.0
62 9 2.48754671924e-05
62 10 0.0
62 11 0.000503728210645
62 12 0.0
62 13 9.95018687695e-05
62 14 0.0
62 15 5.59698011828e-05
62 16 0.0
62 17 9.95018687695e-05
62 18 0.0
62 19 6.21886679809e-06
62 20 0.0
62 21 6.21886679809e-06
62 22 0.0
62 23 0.0
62 24 0.0
62 25 6.21886679809e-06
62 26 0.0
62 27 6.21886679809e-06
62 28 0.0
62 29 0.000304724473107
62 30 0.0
62 31 9.95018687695e-05
62 32 0.0
62 33 2.48754671924e-05
62 34 0.0
62 35 6.21886679809e-06
62 36 0.0
62 37 0.000621886679809
62 38 0.0
62 39 0.000223879204731
62 40 0.0
62 41 6.21886679809e-06
62 42 0.0
62 43 5.59698011828e-05
62 44 0.0
62 45 0.0
62 46 0.0
62 47 6.21886679809e-06
62 48 0.0
62 49 0.0
62 50 0.0
62 51 0.0
62 52 0.0
62 53 0.0
62 54 0.0
62 55 6.21886679809e-06
62 56 0.0
62 57 0.0
62 58 0.0
62 59 0.000223879204731
62 60 0.0
62 61 0.000503728210645
62 62 0.0
62 63 0.000304724473107
62 64 0.0
62 65 0.000223879204731
62 66 0.0
62 67 0.000398007475078
62 68 0.0
62 69 9.95018687695e-05
62 70 0.0
62 71 6.21886679809e-06
62 72 0.0
62 73 0.0
62 74 0.0
62 75 0.0
62 76 0.0
62 77 0.0
62 78 0.0
62 79 0.0
62 80 0.0
62 81 0.0
62 82 0.0
62 83 0.0
62 84 0.0
62 85 0.0
62 86 0.0
62 87 0.0
62 88 0.0
62 89 0.0
62 90 0.0
62 91 0.0
62 92 0.0
62 93 0.0
62 94 0.0
62 95 0.0
62 96 0.0
62 97 6.21886679809e-06
62 98 0.0
62 99 0.0
62 100 0.0
62 101 0.0
62 102 0.0
62 103 6.21886679809e-06
62 104 0.0
62 105 0.0
62 106 0.0
62 107 0.0
62 108 0.0
62 109 0.0
62 110 0.0
62 111 6.21886679809e-06
62 112 0.0
62 113 0.0
62 114 0.0
62 115 0.0
62 116 0.0
62 117 0.0
62 118 0.0
62 119 0.0
62 120 0.0
62 121 0.0
62 122 0.0
62 123 6.21886679809e-06
62 124 0.0
62 125 0.0
62 126 0.0
62 127 0.0
62 128 0.0
62 129 0.0
62 130 0.0
62 131 6.21886679809e-06
62 132 0.0
62 133 0.0
62 134 0.0
62 135 0.0
62 136 0.0
62 137 0.0
62 138 0.0
62 139 0.0
62 140 0.0
62 141 0.0
62 142 0.0
62 143 0.0
62 144 0.0
62 145 6.21886679809e-06
62 146 0.0
62 147 0.0
62 148 0.0
62 149 6.21886679809e-06
62 150 0.0
62 151 0.0
62 152 0.0
62 153 0.0
62 154 0.0
62 155 0.0
62 156 0.0
62 157 6.21886679809e-06
62 158 0.0
62 159 0.0
62 160 0.0
62 161 6.21886679809e-06
62 162 0.0
62 163 0.0
62 164 0.0
62 165 0.0
62 166 0.0
62 167 0.0
62 168 0.0
62 169 0.0
62 170 0.0
62 171 0.0
62 172 0.0
62 173 6.21886679809e-06
62 174 0.0
62 175 0.0
62 176 0.0
62 177 6.21886679809e-06
62 178 0.0
62 179 6.21886679809e-06
62 180 0.0
62 181 0.0
62 182 0.0
62 183 6.21886679809e-06
62 184 0.0
62 185 6.21886679809e-06
62 186 0.0
62 187 0.0
62 188 0.0
62 189 0.0
62 190 0.0
62 191 0.0
62 192 0.0
62 193 0.0
62 194 0.0
62 195 6.21886679809e-06
62 196 0.0
62 197 0.0
62 198 0.0
62 199 0.0
62 200 0.0
62 201 0.0
62 202 0.0
62 203 0.0
62 204 0.0
62 205 0.0
62 206 0.0
62 207 0.0
62 208 0.0
62 209 0.0
62 210 0.0
62 211 0.0
62 212 0.0
62 213 0.0
62 214 0.0
62 215 0.0
62 216 0.0
62 217 0.0
62 218 0.0
62 219 0.0
62 220 0.0
62 221 0.0
62 222 0.0
62 223 0.0
62 224 0.0
62 225 0.0
62 226 0.0
62 227 0.0
62 228 0.0
62 229 0.0
62 230 0.0
62 231 0.0
62 232 0.0
62 233 0.0
62 234 0.0
62 235 0.0
62 236 0.0
62 237 0.0
62 238 0.0
62 239 0.0
62 240 0.0
62 241 0.0
62 242 0.0
62 243 0.0
62 244 0.0
62 245 0.0
62 246 0.0
62 247 0.0
62 248 0.0
62 249 0.0
62 250 0.0
62 251 0.0
62 252 0.0
62 253 0.0
62 254 0.0
62 255 0.0
62 256 0.0
62 257 0.0
62 258 0.0
62 259 0.0
62 260 0.0
62 261 0.0
62 262 0.0
62 263 0.0
62 264 0.0
62 265 0.0
62 266 0.0
62 267 0.0
62 268 0.0
62 269 0.0
62 270 0.0
62 271 6.21886679809e-06
62 272 0.0
62 273 0.0
62 274 0.0
62 275 6.21886679809e-06
62 276 0.0
62 277 0.0
62 278 0.0
62 279 0.0
62 280 0.0
62 281 0.0
62 282 0.0
62 283 0.0
62 284 0.0
62 285 0.0
62 286 0.0
62 287 0.0
62 288 0.0
62 289 0.0
62 290 0.0
62 291 6.21886679809e-06
62 292 0.0
62 293 6.21886679809e-06
62 294 0.0
62 295 0.0
62 296 0.0
62 297 6.21886679809e-06
62 298 0.0
62 299 6.21886679809e-06
62 300 0.0
62 301 0.0
62 302 0.0
62 303 0.0
62 304 0.0
62 305 0.0
62 306 0.0
62 307 0.0
62 308 0.0
62 309 6.21886679809e-06
62 310 0.0
62 311 0.0
62 312 0.0
62 313 0.0
62 314 0.0
62 315 0.0
62 316 0.0
62 317 0.0
62 318 0.0
62 319 0.0
62 320 0.0
62 321 0.0
62 322 0.0
62 323 0.0
62 324 0.0
62 325 6.21886679809e-06
62 326 0.0
62 327 0.0
62 328 0.0
62 329 0.0
62 330 0.0
62 331 6.21886679809e-06
62 332 0.0
62 333 0.0
62 334 0.0
62 335 6.21886679809e-06
62 336 0.0
62 337 0.0
62 338 0.0
62 339 0.0
62 340 0.0
62 341 0.000223879204731
62 342 0.0
62 343 0.000752482882569
62 344 0.0
62 345 0.000155471669952
62 346 0.0
62 347 5.59698011828e-05
62 348 0.0
62 349 0.00105098848888
62 350 0.0
62 351 0.000895516818925
62 352 0.0
62 353 0.000155471669952
62 354 0.0
62 355 0.0
62 356 0.0
62 357 0.0
62 358 0.0
62 359 0.0
62 360 0.0
62 361 0.0
62 362 0.0
62 363 2.48754671924e-05
62 364 0.0
62 365 6.21886679809e-06
62 366 0.0
62 367 0.000304724473107
62 368 0.0
62 369 0.000155471669952
62 370 0.0
62 371 0.000398007475078
62 372 0.0
62 373 0.000155471669952
62 374 0.0
62 375 9.95018687695e-05
62 376 0.0
62 377 2.48754671924e-05
62 378 0.0
62 379 0.0
62 380 0.0
62 381 5.59698011828e-05
62 382 0.0
62 383 2.48754671924e-05
62 384 0.0
62 385 5.59698011828e-05
62 386 0.0
62 387 2.48754671924e-05
62 388 0.0
62 389 0.0
62 390 0.0
62 391 5.59698011828e-05
62 392 0.0
62 393 5.59698011828e-05
62 394 0.0
62 395 6.21886679809e-06
62 396 0.0
62 397 6.21886679809e-06
62 398 0.0
62 399 6.21886679809e-06
62 400 0.0
63 0 0.0
63 1 2.48754671924e-05
63 2 0.0
63 3 2.48754671924e-05
63 4 0.0
63 5 0.000155471669952
63 6 0.0
63 7 0.000223879204731
63 8 0.0
63 9 2.48754671924e-05
63 10 0.0
63 11 0.000503728210645
63 12 0.0
63 13 9.95018687695e-05
63 14 0.0
63 15 5.59698011828e-05
63 16 0.0
63 17 9.95018687695e-05
63 18 0.0
63 19 6.21886679809e-06
63 20 0.0
63 21 6.21886679809e-06
63 22 0.0
63 23 0.0
63 24 0.0
63 25 6.21886679809e-06
63 26 0.0
63 27 6.21886679809e-06
63 28 0.0
63 29 0.000304724473107
63 30 0.0
63 31 9.95018687695e-05
63 32 0.0
63 33 2.48754671924e-05
63 34 0.0
63 35 6.21886679809e-06
63 36 0.0
63 37 0.000621886679809
63 38 0.0
63 39 0.000223879204731
63 40 0.0
63 41 6.21886679809e-06
63 42 0.0
63 43 5.59698011828e-05
63 44 0.0
63 45 0.0
63 46 0.0
63 47 6.21886679809e-06
63 48 0.0
63 49 0.0
63 50 0.0
63 51 0.0
63 52 0.0
63 53 0.0
63 54 0.0
63 55 6.21886679809e-06
63 56 0.0
63 57 2.48754671924e-05
63 58 6.21886679809e-06
63 59 0.000223879204731
63 60 6.21886679809e-06
63 61 0.000621886679809
63 62 6.21886679809e-06
63 63 0.000621886679809
63 64 5.59698011828e-05
63 65 0.000223879204731
63 66 0.0
63 67 0.000304724473107
63 68 2.48754671924e-05
63 69 6.21886679809e-06
63 70 6.21886679809e-06
63 71 0.000155471669952
63 72 5.59698011828e-05
63 73 6.21886679809e-06
63 74 0.0
63 75 2.48754671924e-05
63 76 5.59698011828e-05
63 77 5.59698011828e-05
63 78 2.48754671924e-05
63 79 5.59698011828e-05
63 80 5.59698011828e-05
63 81 9.95018687695e-05
63 82 5.59698011828e-05
63 83 5.59698011828e-05
63 84 5.59698011828e-05
63 85 5.59698011828e-05
63 86 5.59698011828e-05
63 87 5.59698011828e-05
63 88 5.59698011828e-05
63 89 5.59698011828e-05
63 90 5.59698011828e-05
63 91 5.59698011828e-05
63 92 5.59698011828e-05
63 93 5.59698011828e-05
63 94 5.59698011828e-05
63 95 5.59698011828e-05
63 96 5.59698011828e-05
63 97 9.95018687695e-05
63 98 5.59698011828e-05
63 99 5.59698011828e-05
63 100 5.59698011828e-05
63 101 5.59698011828e-05
63 102 5.59698011828e-05
63 103 9.95018687695e-05
63 104 5.59698011828e-05
63 105 5.59698011828e-05
63 106 5.59698011828e-05
63 107 5.59698011828e-05
63 108 5.59698011828e-05
63 109 5.59698011828e-05
63 110 5.59698011828e-05
63 111 9.95018687695e-05
63 112 5.59698011828e-05
63 113 5.59698011828e-05
63 114 5.59698011828e-05
63 115 5.59698011828e-05
63 116 5.59698011828e-05
63 117 5.59698011828e-05
63 118 5.59698011828e-05
63 119 5.59698011828e-05
63 120 5.59698011828e-05
63 121 5.59698011828e-05
63 122 5.59698011828e-05
63 123 9.95018687695e-05
63 124 5.59698011828e-05
63 125 5.59698011828e-05
63 126 5.59698011828e-05
63 127 5.59698011828e-05
63 128 5.59698011828e-05
63 129 5.59698011828e-05
63 130 5.59698011828e-05
63 131 9.95018687695e-05
63 132 5.59698011828e-05
63 133 5.59698011828e-05
63 134 5.59698011828e-05
63 135 5.59698011828e-05
63 136 5.59698011828e-05
63 137 5.59698011828e-05
63 138 5.59698011828e-05
63 139 5.59698011828e-05
63 140 5.59698011828e-05
63 141 5.59698011828e-05
63 142 5.59698011828e-05
63 143 5.59698011828e-05
63 144 5.59698011828e-05
63 145 9.95018687695e-05
63 146 5.59698011828e-05
63 147 5.59698011828e-05
63 148 5.59698011828e-05
63 149 9.95018687695e-05
63 150 5.59698011828e-05
63 151 5.59698011828e-05
63 152 5.59698011828e-05
63 153 5.59698011828e-05
63 154 5.59698011828e-05
63 155 5.59698011828e-05
63 156 5.59698011828e-05
63 157 9.95018687695e-05
63 158 5.59698011828e-05
63 159 5.59698011828e-05
63 160 5.59698011828e-05
63 161 9.95018687695e-05
63 162 5.59698011828e-05
63 163 5.59698011828e-05
63 164 5.59698011828e-05
63 165 5.59698011828e-05
63 166 5.59698011828e-05
63 167 5.59698011828e-05
63 168 5.59698011828e-05
63 169 5.59698011828e-05
63 170 5.59698011828e-05
63 171 5.59698011828e-05
63 172 5.59698011828e-05
63 173 9.95018687695e-05
63 174 5.59698011828e-05
63 175 5.59698011828e-05
63 176 5.59698011828e-05
63 177 5.59698011828e-05
63 178 9.95018687695e-05
63 179 0.000155471669952
63 180 0.000155471669952
63 181 0.000155471669952
63 182 0.000155471669952
63 183 0.000223879204731
63 184 0.000155471669952
63 185 9.95018687695e-05
63 186 5.59698011828e-05
63 187 5.59698011828e-05
63 188 5.59698011828e-05
63 189 5.59698011828e-05
63 190 5.59698011828e-05
63 191 5.59698011828e-05
63 192 2.48754671924e-05
63 193 5.59698011828e-05
63 194 5.59698011828e-05
63 195 9.95018687695e-05
63 196 5.59698011828e-05
63 197 5.59698011828e-05
63 198 5.59698011828e-05
63 199 5.59698011828e-05
63 200 5.59698011828e-05
63 201 5.59698011828e-05
63 202 5.59698011828e-05
63 203 5.59698011828e-05
63 204 5.59698011828e-05
63 205 5.59698011828e-05
63 206 5.59698011828e-05
63 207 5.59698011828e-05
63 208 5.59698011828e-05
63 209 5.59698011828e-05
63 210 5.59698011828e-05
63 211 5.59698011828e-05
63 212 5.59698011828e-05
63 213 5.59698011828e-05
63 214 5.59698011828e-05
63 215 5.59698011828e-05
63 216 5.59698011828e-05
63 217 5.59698011828e-05
63 218 5.59698011828e-05
63 219 5.59698011828e-05
63 220 5.59698011828e-05
63 221 5.59698011828e-05
63 222 5.59698011828e-05
63 223 5.59698011828e-05
63 224 5.59698011828e-05
63 225 5.59698011828e-05
63 226 5.59698011828e-05
63 227 5.59698011828e-05
63 228 5.59698011828e-05
63 229 5.59698011828e-05
63 230 5.59698011828e-05
63 231 5.59698011828e-05
63 232 5.59698011828e-05
63 233 5.59698011828e-05
63 234 5.59698011828e-05
63 235 5.59698011828e-05
63 236 5.59698011828e-05
63 237 5.59698011828e-05
63 238 5.59698011828e-05
63 239 5.59698011828e-05
63 240 5.59698011828e-05
63 241 5.59698011828e-05
63 242 5.59698011828e-05
63 243 5.59698011828e-05
63 244 5.59698011828e-05
63 245 5.59698011828e-05
63 246 5.59698011828e-05
63 247 5.59698011828e-05
63 248 5.59698011828e-05
63 249 5.59698011828e-05
63 250 5.59698011828e-05
63 251 5.59698011828e-05
63 252 5.59698011828e-05
63 253 5.59698011828e-05
63 254 5.59698011828e-05
63 255 5.59698011828e-05
63 256 5.59698011828e-05
63 257 5.59698011828e-05
63 258 5.59698011828e-05
63 259 5.59698011828e-05
63 260 5.59698011828e-05
63 261 5.59698011828e-05
63 262 5.59698011828e-05
63 263 5.59698011828e-05
63 264 5.59698011828e-05
63 265 5.59698011828e-05
63 266 5.59698011828e-05
63 267 5.59698011828e-05
63 268 5.59698011828e-05
63 269 5.59698011828e-05
63 270 5.59698011828e-05
63 271 9.95018687695e-05
63 272 5.59698011828e-05
63 273 5.59698011828e-05
63 274 5.59698011828e-05
63 275 9.95018687695e-05
63 276 5.59698011828e-05
63 277 5.59698011828e-05
63 278 5.59698011828e-05
63 279 5.59698011828e-05
63 280 5.59698011828e-05
63 281 5.59698011828e-05
63 282 5.59698011828e-05
63 283 5.59698011828e-05
63 284 5.59698011828e-05
63 285 5.59698011828e-05
63 286 5.59698011828e-05
63 287 5.59698011828e-05
63 288 5.59698011828e-05
63 289 9.95018687695e-05
63 290 5.59698011828e-05
63 291 5.59698011828e-05
63 292 2.48754671924e-05
63 293 5.59698011828e-05
63 294 5.59698011828e-05
63 295 5.59698011828e-05
63 296 5.59698011828e-05
63 297 9.95018687695e-05
63 298 5.59698011828e-05
63 299 5.59698011828e-05
63 300 5.59698011828e-05
63 301 5.59698011828e-05
63 302 5.59698011828e-05
63 303 5.59698011828e-05
63 304 5.59698011828e-05
63 305 5.59698011828e-05
63 306 2.48754671924e-05
63 307 5.59698011828e-05
63 308 5.59698011828e-05
63 309 9.95018687695e-05
63 310 5.59698011828e-05
63 311 5.59698011828e-05
63 312 5.59698011828e-05
63 313 5.59698011828e-05
63 314 5.59698011828e-05
63 315 5.59698011828e-05
63 316 5.59698011828e-05
63 317 5.59698011828e-05
63 318 5.59698011828e-05
63 319 5.59698011828e-05
63 320 5.59698011828e-05
63 321 5.59698011828e-05
63 322 5.59698011828e-05
63 323 5.59698011828e-05
63 324 5.59698011828e-05
63 325 9.95018687695e-05
63 326 5.59698011828e-05
63 327 5.59698011828e-05
63 328 5.59698011828e-05
63 329 5.59698011828e-05
63 330 5.59698011828e-05
63 331 5.59698011828e-05
63 332 5.59698011828e-05
63 333 5.59698011828e-05
63 334 5.59698011828e-05
63 335 6.21886679809e-06
63 336 2.48754671924e-05
63 337 5.59698011828e-05
63 338 9.95018687695e-05
63 339 5.59698011828e-05
63 340 2.48754671924e-05
63 341 0.000398007475078
63 342 9.95018687695e-05
63 343 0.00179725250465
63 344 5.59698011828e-05
63 345 9.95018687695e-05
63 346 0.0
63 347 5.59698011828e-05
63 348 2.48754671924e-05
63 349 0.000895516818925
63 350 2.48754671924e-05
63 351 0.00159202990031
63 352 2.48754671924e-05
63 353 9.95018687695e-05
63 354 6.21886679809e-06
63 355 6.21886679809e-06
63 356 6.21886679809e-06
63 357 6.21886679809e-06
63 358 0.0
63 359 0.0
63 360 0.0
63 361 0.0
63 362 0.0
63 363 2.48754671924e-05
63 364 0.0
63 365 6.21886679809e-06
63 366 0.0
63 367 0.000304724473107
63 368 0.0
63 369 9.95018687695e-05
63 370 0.0
63 371 0.000304724473107
63 372 6.21886679809e-06
63 373 0.000155471669952
63 374 0.0
63 375 9.95018687695e-05
63 376 0.0
63 377 2.48754671924e-05
63 378 0.0
63 379 0.0
63 380 0.0
63 381 5.59698011828e-05
63 382 0.0
63 383 2.48754671924e-05
63 384 0.0
63 385 5.59698011828e-05
63 386 0.0
63 387 2.48754671924e-05
63 388 0.0
63 389 0.0
63 390 0.0
63 391 9.95018687695e-05
63 392 6.21886679809e-06
63 393 0.000155471669952
63 394 2.48754671924e-05
63 395 2.48754671924e-05
63 396 0.0
63 397 6.21886679809e-06
63 398 0.0
63 399 6.21886679809e-06
63 400 0.0
64 0 0.0
64 1 2.48754671924e-05
64 2 0.0
64 3 2.48754671924e-05
64 4 0.0
64 5 0.000155471669952
64 6 0.0
64 7 0.000223879204731
64 8 0.0
64 9 2.48754671924e-05
64 10 0.0
64 11 0.000503728210645
64 12 0.0
64 13 9.95018687695e-05
64 14 0.0
64 15 5.59698011828e-05
64 16 0.0
64 17 9.95018687695e-05
64 18 0.0
64 19 6.21886679809e-06
64 20 0.0
64 21 6.21886679809e-06
64 22 0.0
64 23 0.0
64 24 0.0
64 25 6.21886679809e-06
64 26 0.0
64 27 6.21886679809e-06
64 28 0.0
64 29 0.000304724473107
64 30 0.0
64 31 9.95018687695e-05
64 32 0.0
64 33 2.48754671924e-05
64 34 0.0
64 35 6.21886679809e-06
64 36 0.0
64 37 0.000621886679809
64 38 0.0
64 39 0.000223879204731
64 40 0.0
64 41 6.21886679809e-06
64 42 0.0
64 43 5.59698011828e-05
64 44 0.0
64 45 0.0
64 46 0.0
64 47 6.21886679809e-06
64 48 0.0
64 49 0.0
64 50 0.0
64 51 0.0
64 52 0.0
64 53 0.0
64 54 0.0
64 55 6.21886679809e-06
64 56 0.0
64 57 6.21886679809e-06
64 58 0.0
64 59 0.000155471669952
64 60 0.0
64 61 0.00105098848888
64 62 0.0
64 63 0.000304724473107
64 64 0.0
64 65 0.000304724473107
64 66 0.0
64 67 0.000223879204731
64 68 0.0
64 69 9.95018687695e-05
64 70 0.0
64 71 6.21886679809e-06
64 72 0.0
64 73 0.0
64 74 0.0
64 75 0.0
64 76 0.0
64 77 6.21886679809e-06
64 78 0.0
64 79 0.0
64 80 0.0
64 81 0.0
64 82 0.0
64 83 0.0
64 84 0.0
64 85 0.0
64 86 0.0
64 87 0.0
64 88 0.0
64 89 0.0
64 90 0.0
64 91 0.0
64 92 0.0
64 93 0.0
64 94 0.0
64 95 0.0
64 96 0.0
64 97 0.0
64 98 0.0
64 99 0.0
64 100 0.0
64 101 0.0
64 102 0.0
64 103 0.0
64 104 0.0
64 105 0.0
64 106 0.0
64 107 0.0
64 108 0.0
64 109 0.0
64 110 0.0
64 111 0.0
64 112 0.0
64 113 0.0
64 114 0.0
64 115 0.0
64 116 0.0
64 117 0.0
64 118 0.0
64 119 0.0
64 120 0.0
64 121 0.0
64 122 0.0
64 123 0.0
64 124 0.0
64 125 0.0
64 126 0.0
64 127 0.0
64 128 0.0
64 129 0.0
64 130 0.0
64 131 0.0
64 132 0.0
64 133 0.0
64 134 0.0
64 135 0.0
64 136 0.0
64 137 0.0
64 138 0.0
64 139 0.0
64 140 0.0
64 141 0.0
64 142 0.0
64 143 0.0
64 144 0.0
64 145 0.0
64 146 0.0
64 147 0.0
64 148 0.0
64 149 0.0
64 150 0.0
64 151 0.0
64 152 0.0
64 153 0.0
64 154 0.0
64 155 0.0
64 156 0.0
64 157 0.0
64 158 0.0
64 159 0.0
64 160 0.0
64 161 0.0
64 162 0.0
64 163 0.0
64 164 0.0
64 165 0.0
64 166 0.0
64 167 0.0
64 168 0.0
64 169 0.0
64 170 0.0
64 171 0.0
64 172 0.0
64 173 0.0
64 174 0.0
64 175 0.0
64 176 0.0
64 177 0.0
64 178 0.0
64 179 0.0
64 180 0.0
64 181 0.0
64 182 0.0
64 183 0.0
64 184 0.0
64 185 0.0
64 186 0.0
64 187 0.0
64 188 0.0
64 189 0.0
64 190 0.0
64 191 0.0
64 192 0.0
64 193 0.0
64 194 0.0
64 195 0.0
64 196 0.0
64 197 0.0
64 198 0.0
64 199 0.0
64 200 0.0
64 201 0.0
64 202 0.0
64 203 0.0
64 204 0.0
64 205 0.0
64 206 0.0
64 207 0.0
64 208 0.0
64 209 0.0
64 210 0.0
64 211 0.0
64 212 0.0
64 213 0.0
64 214 0.0
64 215 0.0
64 216 0.0
64 217 0.0
64 218 0.0
64 219 0.0
64 220 0.0
64 221 0.0
64 222 0.0
64 223 0.0
64 224 0.0
64 225 0.0
64 226 0.0
64 227 0.0
64 228 0.0
64 229 0.0
64 230 0.0
64 231 0.0
64 232 0.0
64 233 0.0
64 234 0.0
64 235 0.0
64 236 0.0
64 237 0.0
64 238 0.0
64 239 0.0
64 240 0.0
64 241 0.0
64 242 0.0
64 243 0.0
64 244 0.0
64 245 0.0
64 246 0.0
64 247 0.0
64 248 0.0
64 249 0.0
64 250 0.0
64 251 0.0
64 252 0.0
64 253 0.0
64 254 0.0
64 255 0.0
64 256 0.0
64 257 0.0
64 258 0.0
64 259 0.0
64 260 0.0
64 261 0.0
64 262 0.0
64 263 0.0
64 264 0.0
64 265 0.0
64 266 0.0
64 267 0.0
64 268 0.0
64 269 0.0
64 270 0.0
64 271 0.0
64 272 0.0
64 273 0.0
64 274 0.0
64 275 0.0
64 276 0.0
64 277 0.0
64 278 0.0
64 279 0.0
64 280 0.0
64 281 0.0
64 282 0.0
64 283 0.0
64 284 0.0
64 285 0.0
64 286 0.0
64 287 0.0
64 288 0.0
64 289 0.0
64 290 0.0
64 291 0.0
64 292 0.0
64 293 0.0
64 294 0.0
64 295 0.0
64 296 0.0
64 297 0.0
64 298 0.0
64 299 0.0
64 300 0.0
64 301 0.0
64 302 0.0
64 303 0.0
64 304 0.0
64 305 0.0
64 306 0.0
64 307 0.0
64 308 0.0
64 309 0.0
64 310 0.0
64 311 0.0
64 312 0.0
64 313 0.0
64 314 0.0
64 315 0.0
64 316 0.0
64 317 0.0
64 318 0.0
64 319 0.0
64 320 0.0
64 321 0.0
64 322 0.0
64 323 0.0
64 324 0.0
64 325 0.0
64 326 0.0
64 327 0.0
64 328 0.0
64 329 0.0
64 330 0.0
64 331 0.0
64 332 0.0
64 333 6.21886679809e-06
64 334 0.0
64 335 5.59698011828e-05
64 336 0.0
64 337 6.21886679809e-06
64 338 0.0
64 339 6.21886679809e-06
64 340 0.0
64 341 0.000155471669952
64 342 0.0
64 343 0.00121889789243
64 344 0.0
64 345 0.000304724473107
64 346 0.0
64 347 0.000155471669952
64 348 0.0
64 349 0.000752482882569
64 350 0.0
64 351 0.000752482882569
64 352 0.0
64 353 0.000155471669952
64 354 0.0
64 355 0.0
64 356 0.0
64 357 6.21886679809e-06
64 358 0.0
64 359 0.0
64 360 0.0
64 361 0.0
64 362 0.0
64 363 2.48754671924e-05
64 364 0.0
64 365 6.21886679809e-06
64 366 0.0
64 367 0.000304724473107
64 368 0.0
64 369 9.95018687695e-05
64 370 0.0
64 371 0.000398007475078
64 372 0.0
64 373 0.000155471669952
64 374 0.0
64 375 9.95018687695e-05
64 376 0.0
64 377 2.48754671924e-05
64 378 0.0
64 379 0.0
64 380 0.0
64 381 5.59698011828e-05
64 382 0.0
64 383 2.48754671924e-05
64 384 0.0
64 385 5.59698011828e-05
64 386 0.0
64 387 2.48754671924e-05
64 388 0.0
64 389 0.0
64 390 0.0
64 391 9.95018687695e-05
64 392 0.0
64 393 2.48754671924e-05
64 394 0.0
64 395 5.59698011828e-05
64 396 0.0
64 397 5.59698011828e-05
64 398 0.0
64 399 6.21886679809e-06
64 400 0.0
65 0 0.0
65 1 2.48754671924e-05
65 2 0.0
65 3 2.48754671924e-05
65 4 0.0
65 5 0.000155471669952
65 6 0.0
65 7 0.000223879204731
65 8 0.0
65 9 2.48754671924e-05
65 10 0.0
65 11 0.000503728210645
65 12 0.0
65 13 9.95018687695e-05
65 14 0.0
65 15 5.59698011828e-05
65 16 0.0
65 17 9.95018687695e-05
65 18 0.0
65 19 6.21886679809e-06
65 20 0.0
65 21 6.21886679809e-06
65 22 0.0
65 23 0.0
65 24 0.0
65 25 6.21886679809e-06
65 26 0.0
65 27 6.21886679809e-06
65 28 0.0
65 29 0.000304724473107
65 30 0.0
65 31 9.95018687695e-05
65 32 0.0
65 33 2.48754671924e-05
65 34 0.0
65 35 6.21886679809e-06
65 36 0.0
65 37 0.000621886679809
65 38 0.0
65 39 0.000223879204731
65 40 0.0
65 41 6.21886679809e-06
65 42 0.0
65 43 5.59698011828e-05
65 44 0.0
65 45 0.0
65 46 0.0
65 47 6.21886679809e-06
65 48 0.0
65 49 0.0
65 50 0.0
65 51 0.0
65 52 0.0
65 53 0.0
65 54 0.0
65 55 6.21886679809e-06
65 56 0.0
65 57 6.21886679809e-06
65 58 6.21886679809e-06
65 59 0.000155471669952
65 60 0.0
65 61 0.00105098848888
65 62 6.21886679809e-06
65 63 0.000155471669952
65 64 6.21886679809e-06
65 65 0.000304724473107
65 66 0.0
65 67 0.000223879204731
65 68 6.21886679809e-06
65 69 9.95018687695e-05
65 70 6.21886679809e-06
65 71 2.48754671924e-05
65 72 5.59698011828e-05
65 73 2.48754671924e-05
65 74 2.48754671924e-05
65 75 2.48754671924e-05
65 76 5.59698011828e-05
65 77 6.21886679809e-06
65 78 2.48754671924e-05
65 79 5.59698011828e-05
65 80 5.59698011828e-05
65 81 5.59698011828e-05
65 82 5.59698011828e-05
65 83 5.59698011828e-05
65 84 5.59698011828e-05
65 85 5.59698011828e-05
65 86 5.59698011828e-05
65 87 5.59698011828e-05
65 88 5.59698011828e-05
65 89 5.59698011828e-05
65 90 5.59698011828e-05
65 91 5.59698011828e-05
65 92 5.59698011828e-05
65 93 5.59698011828e-05
65 94 5.59698011828e-05
65 95 5.59698011828e-05
65 96 5.59698011828e-05
65 97 5.59698011828e-05
65 98 5.59698011828e-05
65 99 5.59698011828e-05
65 100 5.59698011828e-05
65 101 5.59698011828e-05
65 102 5.59698011828e-05
65 103 5.59698011828e-05
65 104 5.59698011828e-05
65 105 5.59698011828e-05
65 106 5.59698011828e-05
65 107 5.59698011828e-05
65 108 5.59698011828e-05
65 109 5.59698011828e-05
65 110 5.59698011828e-05
65 111 5.59698011828e-05
65 112 5.59698011828e-05
65 113 5.59698011828e-05
65 114 5.59698011828e-05
65 115 5.59698011828e-05
65 116 5.59698011828e-05
65 117 5.59698011828e-05
65 118 5.59698011828e-05
65 119 5.59698011828e-05
65 120 5.59698011828e-05
65 121 5.59698011828e-05
65 122 5.59698011828e-05
65 123 5.59698011828e-05
65 124 5.59698011828e-05
65 125 5.59698011828e-05
65 126 5.59698011828e-05
65 127 5.59698011828e-05
65 128 5.59698011828e-05
65 129 5.59698011828e-05
65 130 5.59698011828e-05
65 131 5.59698011828e-05
65 132 5.59698011828e-05
65 133 5.59698011828e-05
65 134 5.59698011828e-05
65 135 5.59698011828e-05
65 136 5.59698011828e-05
65 137 5.59698011828e-05
65 138 5.59698011828e-05
65 139 5.59698011828e-05
65 140 5.59698011828e-05
65 141 5.59698011828e-05
65 142 5.59698011828e-05
65 143 5.59698011828e-05
65 144 5.59698011828e-05
65 145 5.59698011828e-05
65 146 5.59698011828e-05
65 147 5.59698011828e-05
65 148 5.59698011828e-05
65 149 5.59698011828e-05
65 150 5.59698011828e-05
65 151 5.59698011828e-05
65 152 5.59698011828e-05
65 153 5.59698011828e-05
65 154 5.59698011828e-05
65 155 5.59698011828e-05
65 156 5.59698011828e-05
65 157 5.59698011828e-05
65 158 5.59698011828e-05
65 159 5.59698011828e-05
65 160 5.59698011828e-05
65 161 5.59698011828e-05
65 162 5.59698011828e-05
65 163 5.59698011828e-05
65 164 5.59698011828e-05
65 165 5.59698011828e-05
65 166 5.59698011828e-05
65 167 5.59698011828e-05
65 168 5.59698011828e-05
65 169 5.59698011828e-05
65 170 5.59698011828e-05
65 171 5.59698011828e-05
65 172 5.59698011828e-05
65 173 5.59698011828e-05
65 174 5.59698011828e-05
65 175 5.59698011828e-05
65 176 5.59698011828e-05
65 177 5.59698011828e-05
65 178 5.59698011828e-05
65 179 5.59698011828e-05
65 180 5.59698011828e-05
65 181 5.59698011828e-05
65 182 5.59698011828e-05
65 183 5.59698011828e-05
65 184 5.59698011828e-05
65 185 5.59698011828e-05
65 186 5.59698011828e-05
65 187 5.59698011828e-05
65 188 5.59698011828e-05
65 189 5.59698011828e-05
65 190 5.59698011828e-05
65 191 5.59698011828e-05
65 192 5.59698011828e-05
65 193 5.59698011828e-05
65 194 5.59698011828e-05
65 195 5.59698011828e-05
65 196 5.59698011828e-05
65 197 5.59698011828e-05
65 198 5.59698011828e-05
65 199 5.59698011828e-05
65 200 5.59698011828e-05
65 201 5.59698011828e-05
65 202 5.59698011828e-05
65 203 5.59698011828e-05
65 204 5.59698011828e-05
65 205 5.59698011828e-05
65 206 5.59698011828e-05
65 207 5.59698011828e-05
65 208 5.59698011828e-05
65 209 5.59698011828e-05
65 210 5.59698011828e-05
65 211 5.59698011828e-05
65 212 5.59698011828e-05
65 213 5.59698011828e-05
65 214 5.59698011828e-05
65 215 5.59698011828e-05
65 216 5.59698011828e-05
65 217 5.59698011828e-05
65 218 5.59698011828e-05
65 219 5.59698011828e-05
65 220 5.59698011828e-05
65 221 5.59698011828e-05
65 222 5.59698011828e-05
65 223 5.59698011828e-05
65 224 5.59698011828e-05
65 225 5.59698011828e-05
65 226 5.59698011828e-05
65 227 5.59698011828e-05
65 228 5.59698011828e-05
65 229 5.59698011828e-05
65 230 5.59698011828e-05
65 231 5.59698011828e-05
65 232 5.59698011828e-05
65 233 5.59698011828e-05
65 234 5.59698011828e-05
65 235 5.59698011828e-05
65 236 5.59698011828e-05
65 237 5.59698011828e-05
65 238 5.59698011828e-05
65 239 5.59698011828e-05
65 240 5.59698011828e-05
65 241 5.59698011828e-05
65 242 5.59698011828e-05
65 243 5.59698011828e-05
65 244 5.59698011828e-05
65 245 5.59698011828e-05
65 246 5.59698011828e-05
65 247 5.59698011828e-05
65 248 5.59698011828e-05
65 249 5.59698011828e-05
65 250 5.59698011828e-05
65 251 5.59698011828e-05
65 252 5.59698011828e-05
65 253 5.59698011828e-05
65 254 5.59698011828e-05
65 255 5.59698011828e-05
65 256 5.59698011828e-05
65 257 5.59698011828e-05
65 258 5.59698011828e-05
65 259 5.59698011828e-05
65 260 5.59698011828e-05
65 261 5.59698011828e-05
65 262 5.59698011828e-05
65 263 5.59698011828e-05
65 264 5.59698011828e-05
65 265 5.59698011828e-05
65 266 5.59698011828e-05
65 267 5.59698011828e-05
65 268 5.59698011828e-05
65 269 5.59698011828e-05
65 270 5.59698011828e-05
65 271 5.59698011828e-05
65 272 5.59698011828e-05
65 273 5.59698011828e-05
65 274 5.59698011828e-05
65 275 5.59698011828e-05
65 276 5.59698011828e-05
65 277 5.59698011828e-05
65 278 5.59698011828e-05
65 279 5.59698011828e-05
65 280 5.59698011828e-05
65 281 5.59698011828e-05
65 282 5.59698011828e-05
65 283 5.59698011828e-05
65 284 5.59698011828e-05
65 285 5.59698011828e-05
65 286 5.59698011828e-05
65 287 5.59698011828e-05
65 288 5.59698011828e-05
65 289 5.59698011828e-05
65 290 5.59698011828e-05
65 291 5.59698011828e-05
65 292 5.59698011828e-05
65 293 5.59698011828e-05
65 294 5.59698011828e-05
65 295 5.59698011828e-05
65 296 5.59698011828e-05
65 297 5.59698011828e-05
65 298 5.59698011828e-05
65 299 5.59698011828e-05
65 300 5.59698011828e-05
65 301 5.59698011828e-05
65 302 5.59698011828e-05
65 303 5.59698011828e-05
65 304 5.59698011828e-05
65 305 5.59698011828e-05
65 306 5.59698011828e-05
65 307 5.59698011828e-05
65 308 5.59698011828e-05
65 309 5.59698011828e-05
65 310 5.59698011828e-05
65 311 5.59698011828e-05
65 312 5.59698011828e-05
65 313 5.59698011828e-05
65 314 5.59698011828e-05
65 315 5.59698011828e-05
65 316 5.59698011828e-05
65 317 5.59698011828e-05
65 318 5.59698011828e-05
65 319 5.59698011828e-05
65 320 5.59698011828e-05
65 321 5.59698011828e-05
65 322 5.59698011828e-05
65 323 5.59698011828e-05
65 324 5.59698011828e-05
65 325 5.59698011828e-05
65 326 5.59698011828e-05
65 327 5.59698011828e-05
65 328 5.59698011828e-05
65 329 5.59698011828e-05
65 330 5.59698011828e-05
65 331 5.59698011828e-05
65 332 5.59698011828e-05
65 333 2.48754671924e-05
65 334 5.59698011828e-05
65 335 0.0
65 336 2.48754671924e-05
65 337 5.59698011828e-05
65 338 2.48754671924e-05
65 339 2.48754671924e-05
65 340 2.48754671924e-05
65 341 5.59698011828e-05
65 342 5.59698011828e-05
65 343 0.00105098848888
65 344 6.21886679809e-06
65 345 0.000304724473107
65 346 6.21886679809e-06
65 347 0.000155471669952
65 348 6.21886679809e-06
65 349 0.000752482882569
65 350 0.0
65 351 0.000621886679809
65 352 0.0
65 353 9.95018687695e-05
65 354 6.21886679809e-06
65 355 2.48754671924e-05
65 356 6.21886679809e-06
65 357 6.21886679809e-06
65 358 0.0
65 359 0.0
65 360 0.0
65 361 0.0
65 362 0.0
65 363 2.48754671924e-05
65 364 0.0
65 365 6.21886679809e-06
65 366 0.0
65 367 0.000304724473107
65 368 0.0
65 369 9.95018687695e-05
65 370 0.0
65 371 0.000398007475078
65 372 6.21886679809e-06
65 373 0.000155471669952
65 374 0.0
65 375 9.95018687695e-05
65 376 0.0
65 377 2.48754671924e-05
65 378 0.0
65 379 0.0
65 380 0.0
65 381 5.59698011828e-05
65 382 0.0
65 383 2.48754671924e-05
65 384 0.0
65 385 5.59698011828e-05
65 386 0.0
65 387 2.48754671924e-05
65 388 0.0
65 389 0.0
65 390 0.0
65 391 9.95018687695e-05
65 392 0.0
65 393 6.21886679809e-06
65 394 0.0
65 395 9.95018687695e-05
65 396 0.0
65 397 9.95018687695e-05
65 398 0.0
65 399 6.21886679809e-06
65 400 0.0
66 0 0.0
66 1 2.48754671924e-05
66 2 0.0
66 3 2.48754671924e-05
66 4 0.0
66 5 0.000155471669952
66 6 0.0
66 7 0.000223879204731
66 8 0.0
66 9 2.48754671924e-05
66 10 0.0
66 11 0.000503728210645
66 12 0.0
66 13 9.95018687695e-05
66 14 0.0
66 15 5.59698011828e-05
66 16 0.0
66 17 9.95018687695e-05
66 18 0.0
66 19 6.21886679809e-06
66 20 0.0
66 21 6.21886679809e-06
66 22 0.0
66 23 0.0
66 24 0.0
66 25 6.21886679809e-06
66 26 0.0
66 27 6.21886679809e-06
66 28 0.0
66 29 0.000304724473107
66 30 0.0
66 31 9.95018687695e-05
66 32 0.0
66 33 2.48754671924e-05
66 34 0.0
66 35 6.21886679809e-06
66 36 0.0
66 37 0.000621886679809
66 38 0.0
66 39 0.000223879204731
66 40 0.0
66 41 6.21886679809e-06
66 42 0.0
66 43 5.59698011828e-05
66 44 0.0
66 45 0.0
66 46 0.0
66 47 6.21886679809e-06
66 48 0.0
66 49 0.0
66 50 0.0
66 51 0.0
66 52 0.0
66 53 0.0
66 54 0.0
66 55 6.21886679809e-06
66 56 0.0
66 57 6.21886679809e-06
66 58 0.0
66 59 0.000155471669952
66 60 0.0
66 61 0.00105098848888
66 62 0.0
66 63 0.000223879204731
66 64 0.0
66 65 0.000304724473107
66 66 0.0
66 67 0.000304724473107
66 68 0.0
66 69 9.95018687695e-05
66 70 0.0
66 71 6.21886679809e-06
66 72 0.0
66 73 2.48754671924e-05
66 74 0.0
66 75 0.0
66 76 0.0
66 77 6.21886679809e-06
66 78 0.0
66 79 0.0
66 80 0.0
66 81 0.0
66 82 0.0
66 83 0.0
66 84 0.0
66 85 0.0
66 86 0.0
66 87 0.0
66 88 0.0
66 89 0.0
66 90 0.0
66 91 0.0
66 92 0.0
66 93 0.0
66 94 0.0
66 95 0.0
66 96 0.0
66 97 0.0
66 98 0.0
66 99 0.0
66 100 0.0
66 101 0.0
66 102 0.0
66 103 0.0
66 104 0.0
66 105 0.0
66 106 0.0
66 107 0.0
66 108 0.0
66 109 0.0
66 110 0.0
66 111 0.0
66 112 0.0
66 113 0.0
66 114 0.0
66 115 0.0
66 116 0.0
66 117 0.0
66 118 0.0
66 119 0.0
66 120 0.0
66 121 0.0
66 122 0.0
66 123 0.0
66 124 0.0
66 125 0.0
66 126 0.0
66 127 0.0
66 128 0.0
66 129 0.0
66 130 0.0
66 131 0.0
66 132 0.0
66 133 0.0
66 134 0.0
66 135 0.0
66 136 0.0
66 137 0.0
66 138 0.0
66 139 0.0
66 140 0.0
66 141 0.0
66 142 0.0
66 143 0.0
66 144 0.0
66 145 0.0
66 146 0.0
66 147 0.0
66 148 0.0
66 149 0.0
66 150 0.0
66 151 0.0
66 152 0.0
66 153 0.0
66 154 0.0
66 155 0.0
66 156 0.0
66 157 0.0
66 158 0.0
66 159 0.0
66 160 0.0
66 161 0.0
66 162 0.0
66 163 0.0
66 164 0.0
66 165 0.0
66 166 0.0
66 167 0.0
66 168 0.0
66 169 0.0
66 170 0.0
66 171 0.0
66 172 0.0
66 173 0.0
66 174 0.0
66 175 0.0
66 176 0.0
66 177 0.0
66 178 0.0
66 179 0.0
66 180 0.0
66 181 0.0
66 182 0.0
66 183 0.0
66 184 0.0
66 185 0.0
66 186 0.0
66 187 0.0
66 188 0.0
66 189 0.0
66 190 0.0
66 191 0.0
66 192 0.0
66 193 0.0
66 194 0.0
66 195 0.0
66 196 0.0
66 197 0.0
66 198 0.0
66 199 0.0
66 200 0.0
66 201 0.0
66 202 0.0
66 203 0.0
66 204 0.0
66 205 0.0
66 206 0.0
66 207 0.0
66 208 0.0
66 209 0.0
66 210 0.0
66 211 0.0
66 212 0.0
66 213 0.0
66 214 0.0
66 215 0.0
66 216 0.0
66 217 0.0
66 218 0.0
66 219 0.0
66 220 0.0
66 221 0.0
66 222 0.0
66 223 0.0
66 224 0.0
66 225 0.0
66 226 0.0
66 227 0.0
66 228 0.0
66 229 0.0
66 230 0.0
66 231 0.0
66 232 0.0
66 233 0.0
66 234 0.0
66 235 0.0
66 236 0.0
66 237 0.0
66 238 0.0
66 239 0.0
66 240 0.0
66 241 0.0
66 242 0.0
66 243 0.0
66 244 0.0
66 245 0.0
66 246 0.0
66 247 0.0
66 248 0.0
66 249 0.0
66 250 0.0
66 251 0.0
66 252 0.0
66 253 0.0
66 254 0.0
66 255 0.0
66 256 0.0
66 257 0.0
66 258 0.0
66 259 0.0
66 260 0.0
66 261 0.0
66 262 0.0
66 263 0.0
66 264 0.0
66 265 0.0
66 266 0.0
66 267 0.0
66 268 0.0
66 269 0.0
66 270 0.0
66 271 0.0
66 272 0.0
66 273 0.0
66 274 0.0
66 275 0.0
66 276 0.0
66 277 0.0
66 278 0.0
66 279 0.0
66 280 0.0
66 281 0.0
66 282 0.0
66 283 0.0
66 284 0.0
66 285 0.0
66 286 0.0
66 287 0.0
66 288 0.0
66 289 0.0
66 290 0.0
66 291 0.0
66 292 0.0
66 293 0.0
66 294 0.0
66 295 0.0
66 296 0.0
66 297 0.0
66 298 0.0
66 299 0.0
66 300 0.0
66 301 0.0
66 302 0.0
66 303 0.0
66 304 0.0
66 305 0.0
66 306 0.0
66 307 0.0
66 308 0.0
66 309 0.0
66 310 0.0
66 311 0.0
66 312 0.0
66 313 0.0
66 314 0.0
66 315 0.0
66 316 0.0
66 317 0.0
66 318 0.0
66 319 0.0
66 320 0.0
66 321 0.0
66 322 0.0
66 323 0.0
66 324 0.0
66 325 0.0
66 326 0.0
66 327 0.0
66 328 0.0
66 329 0.0
66 330 0.0
66 331 0.0
66 332 0.0
66 333 6.21886679809e-06
66 334 0.0
66 335 6.21886679809e-06
66 336 0.0
66 337 0.0
66 338 0.0
66 339 6.21886679809e-06
66 340 0.0
66 341 0.000304724473107
66 342 0.0
66 343 0.00139924502957
66 344 0.0
66 345 0.000304724473107
66 346 0.0
66 347 9.95018687695e-05
66 348 0.0
66 349 0.000895516818925
66 350 0.0
66 351 0.000621886679809
66 352 0.0
66 353 0.000155471669952
66 354 0.0
66 355 6.21886679809e-06
66 356 0.0
66 357 0.0
66 358 0.0
66 359 0.0
66 360 0.0
66 361 0.0
66 362 0.0
66 363 2.48754671924e-05
66 364 0.0
66 365 6.21886679809e-06
66 366 0.0
66 367 0.000304724473107
66 368 0.0
66 369 9.95018687695e-05
66 370 0.0
66 371 0.000398007475078
66 372 0.0
66 373 0.000223879204731
66 374 0.0
66 375 9.95018687695e-05
66 376 0.0
66 377 2.48754671924e-05
66 378 0.0
66 379 0.0
66 380 0.0
66 381 5.59698011828e-05
66 382 0.0
66 383 2.48754671924e-05
66 384 0.0
66 385 5.59698011828e-05
66 386 0.0
66 387 2.48754671924e-05
66 388 0.0
66 389 0.0
66 390 0.0
66 391 9.95018687695e-05
66 392 0.0
66 393 6.21886679809e-06
66 394 0.0
66 395 5.59698011828e-05
66 396 0.0
66 397 9.95018687695e-05
66 398 0.0
66 399 6.21886679809e-06
66 400 0.0
67 0 0.0
67 1 2.48754671924e-05
67 2 0.0
67 3 2.48754671924e-05
67 4 0.0
67 5 0.000155471669952
67 6 0.0
67 7 0.000304724473107
67 8 0.0
67 9 5.59698011828e-05
67 10 6.21886679809e-06
67 11 0.000398007475078
67 12 0.0
67 13 5.59698011828e-05
67 14 6.21886679809e-06
67 15 9.95018687695e-05
67 16 0.0
67 17 9.95018687695e-05
67 18 0.0
67 19 6.21886679809e-06
67 20 6.21886679809e-06
67 21 6.21886679809e-06
67 22 0.0
67 23 6.21886679809e-06
67 24 0.0
67 25 6.21886679809e-06
67 26 0.0
67 27 6.21886679809e-06
67 28 0.0
67 29 0.000304724473107
67 30 0.0
67 31 9.95018687695e-05
67 32 0.0
67 33 2.48754671924e-05
67 34 0.0
67 35 6.21886679809e-06
67 36 0.0
67 37 0.000621886679809
67 38 0.0
67 39 0.000223879204731
67 40 0.0
67 41 6.21886679809e-06
67 42 0.0
67 43 5.59698011828e-05
67 44 0.0
67 45 0.0
67 46 0.0
67 47 6.21886679809e-06
67 48 0.0
67 49 0.0
67 50 0.0
67 51 0.0
67 52 0.0
67 53 0.0
67 54 0.0
67 55 6.21886679809e-06
67 56 0.0
67 57 6.21886679809e-06
67 58 0.0
67 59 0.000155471669952
67 60 6.21886679809e-06
67 61 0.00121889789243
67 62 6.21886679809e-06
67 63 0.000155471669952
67 64 6.21886679809e-06
67 65 0.000398007475078
67 66 6.21886679809e-06
67 67 0.000304724473107
67 68 0.0
67 69 9.95018687695e-05
67 70 0.0
67 71 2.48754671924e-05
67 72 6.21886679809e-06
67 73 2.48754671924e-05
67 74 0.0
67 75 6.21886679809e-06
67 76 0.0
67 77 2.48754671924e-05
67 78 6.21886679809e-06
67 79 6.21886679809e-06
67 80 6.21886679809e-06
67 81 6.21886679809e-06
67 82 6.21886679809e-06
67 83 6.21886679809e-06
67 84 6.21886679809e-06
67 85 6.21886679809e-06
67 86 6.21886679809e-06
67 87 6.21886679809e-06
67 88 6.21886679809e-06
67 89 6.21886679809e-06
67 90 6.21886679809e-06
67 91 6.21886679809e-06
67 92 6.21886679809e-06
67 93 6.21886679809e-06
67 94 6.21886679809e-06
67 95 6.21886679809e-06
67 96 6.21886679809e-06
67 97 6.21886679809e-06
67 98 6.21886679809e-06
67 99 6.21886679809e-06
67 100 6.21886679809e-06
67 101 6.21886679809e-06
67 102 6.21886679809e-06
67 103 6.21886679809e-06
67 104 6.21886679809e-06
67 105 6.21886679809e-06
67 106 6.21886679809e-06
67 107 6.21886679809e-06
67 108 6.21886679809e-06
67 109 6.21886679809e-06
67 110 6.21886679809e-06
67 111 6.21886679809e-06
67 112 6.21886679809e-06
67 113 6.21886679809e-06
67 114 6.21886679809e-06
67 115 6.21886679809e-06
67 116 6.21886679809e-06
67 117 6.21886679809e-06
67 118 6.21886679809e-06
67 119 6.21886679809e-06
67 120 6.21886679809e-06
67 121 6.21886679809e-06
67 122 6.21886679809e-06
67 123 6.21886679809e-06
67 124 6.21886679809e-06
67 125 6.21886679809e-06
67 126 6.21886679809e-06
67 127 6.21886679809e-06
67 128 6.21886679809e-06
67 129 6.21886679809e-06
67 130 6.21886679809e-06
67 131 6.21886679809e-06
67 132 6.21886679809e-06
67 133 6.21886679809e-06
67 134 6.21886679809e-06
67 135 6.21886679809e-06
67 136 6.21886679809e-06
67 137 6.21886679809e-06
67 138 6.21886679809e-06
67 139 6.21886679809e-06
67 140 6.21886679809e-06
67 141 6.21886679809e-06
67 142 6.21886679809e-06
67 143 6.21886679809e-06
67 144 6.21886679809e-06
67 145 6.21886679809e-06
67 146 6.21886679809e-06
67 147 6.21886679809e-06
67 148 6.21886679809e-06
67 149 6.21886679809e-06
67 150 6.21886679809e-06
67 151 6.21886679809e-06
67 152 6.21886679809e-06
67 153 6.21886679809e-06
67 154 6.21886679809e-06
67 155 6.21886679809e-06
67 156 6.21886679809e-06
67 157 6.21886679809e-06
67 158 6.21886679809e-06
67 159 6.21886679809e-06
67 160 6.21886679809e-06
67 161 6.21886679809e-06
67 162 6.21886679809e-06
67 163 6.21886679809e-06
67 164 6.21886679809e-06
67 165 6.21886679809e-06
67 166 6.21886679809e-06
67 167 6.21886679809e-06
67 168 6.21886679809e-06
67 169 6.21886679809e-06
67 170 6.21886679809e-06
67 171 6.21886679809e-06
67 172 6.21886679809e-06
67 173 6.21886679809e-06
67 174 6.21886679809e-06
67 175 6.21886679809e-06
67 176 6.21886679809e-06
67 177 6.21886679809e-06
67 178 6.21886679809e-06
67 179 6.21886679809e-06
67 180 6.21886679809e-06
67 181 6.21886679809e-06
67 182 6.21886679809e-06
67 183 6.21886679809e-06
67 184 6.21886679809e-06
67 185 6.21886679809e-06
67 186 6.21886679809e-06
67 187 6.21886679809e-06
67 188 6.21886679809e-06
67 189 6.21886679809e-06
67 190 6.21886679809e-06
67 191 6.21886679809e-06
67 192 6.21886679809e-06
67 193 6.21886679809e-06
67 194 6.21886679809e-06
67 195 6.21886679809e-06
67 196 6.21886679809e-06
67 197 6.21886679809e-06
67 198 6.21886679809e-06
67 199 6.21886679809e-06
67 200 6.21886679809e-06
67 201 6.21886679809e-06
67 202 6.21886679809e-06
67 203 6.21886679809e-06
67 204 6.21886679809e-06
67 205 6.21886679809e-06
67 206 6.21886679809e-06
67 207 6.21886679809e-06
67 208 6.21886679809e-06
67 209 6.21886679809e-06
67 210 6.21886679809e-06
67 211 6.21886679809e-06
67 212 6.21886679809e-06
67 213 6.21886679809e-06
67 214 6.21886679809e-06
67 215 6.21886679809e-06
67 216 6.21886679809e-06
67 217 6.21886679809e-06
67 218 6.21886679809e-06
67 219 6.21886679809e-06
67 220 6.21886679809e-06
67 221 6.21886679809e-06
67 222 6.21886679809e-06
67 223 6.21886679809e-06
67 224 6.21886679809e-06
67 225 6.21886679809e-06
67 226 6.21886679809e-06
67 227 6.21886679809e-06
67 228 6.21886679809e-06
67 229 6.21886679809e-06
67 230 6.21886679809e-06
67 231 6.21886679809e-06
67 232 6.21886679809e-06
67 233 6.21886679809e-06
67 234 6.21886679809e-06
67 235 6.21886679809e-06
67 236 6.21886679809e-06
67 237 6.21886679809e-06
67 238 6.21886679809e-06
67 239 6.21886679809e-06
67 240 6.21886679809e-06
67 241 6.21886679809e-06
67 242 6.21886679809e-06
67 243 6.21886679809e-06
67 244 6.21886679809e-06
67 245 6.21886679809e-06
67 246 6.21886679809e-06
67 247 6.21886679809e-06
67 248 6.21886679809e-06
67 249 6.21886679809e-06
67 250 6.21886679809e-06
67 251 6.21886679809e-06
67 252 6.21886679809e-06
67 253 6.21886679809e-06
67 254 6.21886679809e-06
67 255 6.21886679809e-06
67 256 6.21886679809e-06
67 257 6.21886679809e-06
67 258 6.21886679809e-06
67 259 6.21886679809e-06
67 260 6.21886679809e-06
67 261 6.21886679809e-06
67 262 6.21886679809e-06
67 263 6.21886679809e-06
67 264 6.21886679809e-06
67 265 6.21886679809e-06
67 266 6.21886679809e-06
67 267 6.21886679809e-06
67 268 6.21886679809e-06
67 269 6.21886679809e-06
67 270 6.21886679809e-06
67 271 6.21886679809e-06
67 272 6.21886679809e-06
67 273 6.21886679809e-06
67 274 6.21886679809e-06
67 275 6.21886679809e-06
67 276 6.21886679809e-06
67 277 6.21886679809e-06
67 278 6.21886679809e-06
67 279 6.21886679809e-06
67 280 6.21886679809e-06
67 281 6.21886679809e-06
67 282 6.21886679809e-06
67 283 6.21886679809e-06
67 284 6.21886679809e-06
67 285 6.21886679809e-06
67 286 6.21886679809e-06
67 287 6.21886679809e-06
67 288 6.21886679809e-06
67 289 6.21886679809e-06
67 290 6.21886679809e-06
67 291 6.21886679809e-06
67 292 6.21886679809e-06
67 293 6.21886679809e-06
67 294 6.21886679809e-06
67 295 6.21886679809e-06
67 296 6.21886679809e-06
67 297 6.21886679809e-06
67 298 6.21886679809e-06
67 299 6.21886679809e-06
67 300 6.21886679809e-06
67 301 6.21886679809e-06
67 302 6.21886679809e-06
67 303 6.21886679809e-06
67 304 6.21886679809e-06
67 305 6.21886679809e-06
67 306 6.21886679809e-06
67 307 6.21886679809e-06
67 308 6.21886679809e-06
67 309 6.21886679809e-06
67 310 6.21886679809e-06
67 311 6.21886679809e-06
67 312 6.21886679809e-06
67 313 6.21886679809e-06
67 314 6.21886679809e-06
67 315 6.21886679809e-06
67 316 6.21886679809e-06
67 317 6.21886679809e-06
67 318 6.21886679809e-06
67 319 6.21886679809e-06
67 320 6.21886679809e-06
67 321 6.21886679809e-06
67 322 6.21886679809e-06
67 323 6.21886679809e-06
67 324 6.21886679809e-06
67 325 6.21886679809e-06
67 326 6.21886679809e-06
67 327 6.21886679809e-06
67 328 6.21886679809e-06
67 329 6.21886679809e-06
67 330 6.21886679809e-06
67 331 6.21886679809e-06
67 332 6.21886679809e-06
67 333 2.48754671924e-05
67 334 6.21886679809e-06
67 335 6.21886679809e-06
67 336 0.0
67 337 6.21886679809e-06
67 338 6.21886679809e-06
67 339 6.21886679809e-06
67 340 6.21886679809e-06
67 341 0.000398007475078
67 342 0.0
67 343 0.00139924502957
67 344 0.0
67 345 0.000304724473107
67 346 0.0
67 347 9.95018687695e-05
67 348 0.0
67 349 0.000895516818925
67 350 0.0
67 351 0.000621886679809
67 352 0.0
67 353 0.000155471669952
67 354 0.0
67 355 6.21886679809e-06
67 356 0.0
67 357 0.0
67 358 0.0
67 359 0.0
67 360 0.0
67 361 0.0
67 362 0.0
67 363 2.48754671924e-05
67 364 0.0
67 365 6.21886679809e-06
67 366 0.0
67 367 0.000304724473107
67 368 0.0
67 369 9.95018687695e-05
67 370 0.0
67 371 0.000398007475078
67 372 0.0
67 373 0.000223879204731
67 374 0.0
67 375 9.95018687695e-05
67 376 0.0
67 377 2.48754671924e-05
67 378 0.0
67 379 0.0
67 380 0.0
67 381 5.59698011828e-05
67 382 0.0
67 383 2.48754671924e-05
67 384 0.0
67 385 5.59698011828e-05
67 386 0.0
67 387 2.48754671924e-05
67 388 0.0
67 389 0.0
67 390 0.0
67 391 9.95018687695e-05
67 392 0.0
67 393 6.21886679809e-06
67 394 0.0
67 395 5.59698011828e-05
67 396 0.0
67 397 9.95018687695e-05
67 398 0.0
67 399 6.21886679809e-06
67 400 0.0
68 0 0.0
68 1 2.48754671924e-05
68 2 0.0
68 3 2.48754671924e-05
68 4 0.0
68 5 0.000155471669952
68 6 0.0
68 7 0.000223879204731
68 8 0.0
68 9 2.48754671924e-05
68 10 0.0
68 11 0.000503728210645
68 12 0.0
68 13 9.95018687695e-05
68 14 0.0
68 15 5.59698011828e-05
68 16 0.0
68 17 9.95018687695e-05
68 18 0.0
68 19 6.21886679809e-06
68 20 0.0
68 21 6.21886679809e-06
68 22 0.0
68 23 0.0
68 24 0.0
68 25 6.21886679809e-06
68 26 0.0
68 27 6.21886679809e-06
68 28 0.0
68 29 0.000304724473107
68 30 0.0
68 31 9.95018687695e-05
68 32 0.0
68 33 2.48754671924e-05
68 34 0.0
68 35 6.21886679809e-06
68 36 0.0
68 37 0.000621886679809
68 38 0.0
68 39 0.000223879204731
68 40 0.0
68 41 6.21886679809e-06
68 42 0.0
68 43 5.59698011828e-05
68 44 0.0
68 45 0.0
68 46 0.0
68 47 6.21886679809e-06
68 48 0.0
68 49 0.0
68 50 0.0
68 51 0.0
68 52 0.0
68 53 0.0
68 54 0.0
68 55 6.21886679809e-06
68 56 0.0
68 57 6.21886679809e-06
68 58 0.0
68 59 0.000155471669952
68 60 0.0
68 61 0.00105098848888
68 62 0.0
68 63 0.000223879204731
68 64 0.0
68 65 0.000304724473107
68 66 0.0
68 67 0.000304724473107
68 68 0.0
68 69 0.000155471669952
68 70 0.0
68 71 5.59698011828e-05
68 72 0.0
68 73 2.48754671924e-05
68 74 0.0
68 75 0.0
68 76 0.0
68 77 6.21886679809e-06
68 78 0.0
68 79 0.0
68 80 0.0
68 81 0.0
68 82 0.0
68 83 0.0
68 84 0.0
68 85 0.0
68 86 0.0
68 87 0.0
68 88 0.0
68 89 0.0
68 90 0.0
68 91 0.0
68 92 0.0
68 93 0.0
68 94 0.0
68 95 0.0
68 96 0.0
68 97 0.0
68 98 0.0
68 99 0.0
68 100 0.0
68 101 0.0
68 102 0.0
68 103 0.0
68 104 0.0
68 105 0.0
68 106 0.0
68 107 0.0
68 108 0.0
68 109 0.0
68 110 0.0
68 111 0.0
68 112 0.0
68 113 0.0
68 114 0.0
68 115 0.0
68 116 0.0
68 117 0.0
68 118 0.0
68 119 0.0
68 120 0.0
68 121 0.0
68 122 0.0
68 123 0.0
68 124 0.0
68 125 0.0
68 126 0.0
68 127 0.0
68 128 0.0
68 129 0.0
68 130 0.0
68 131 0.0
68 132 0.0
68 133 0.0
68 134 0.0
68 135 0.0
68 136 0.0
68 137 0.0
68 138 0.0
68 139 0.0
68 140 0.0
68 141 0.0
68 142 0.0
68 143 0.0
68 144 0.0
68 145 0.0
68 146 0.0
68 147 0.0
68 148 0.0
68 149 0.0
68 150 0.0
68 151 0.0
68 152 0.0
68 153 0.0
68 154 0.0
68 155 0.0
68 156 0.0
68 157 0.0
68 158 0.0
68 159 0.0
68 160 0.0
68 161 0.0
68 162 0.0
68 163 0.0
68 164 0.0
68 165 0.0
68 166 0.0
68 167 0.0
68 168 0.0
68 169 0.0
68 170 0.0
68 171 0.0
68 172 0.0
68 173 0.0
68 174 0.0
68 175 0.0
68 176 0.0
68 177 0.0
68 178 0.0
68 179 0.0
68 180 0.0
68 181 0.0
68 182 0.0
68 183 0.0
68 184 0.0
68 185 0.0
68 186 0.0
68 187 0.0
68 188 0.0
68 189 0.0
68 190 0.0
68 191 0.0
68 192 0.0
68 193 0.0
68 194 0.0
68 195 0.0
68 196 0.0
68 197 0.0
68 198 0.0
68 199 0.0
68 200 0.0
68 201 0.0
68 202 0.0
68 203 0.0
68 204 0.0
68 205 0.0
68 206 0.0
68 207 0.0
68 208 0.0
68 209 0.0
68 210 0.0
68 211 0.0
68 212 0.0
68 213 0.0
68 214 0.0
68 215 0.0
68 216 0.0
68 217 0.0
68 218 0.0
68 219 0.0
68 220 0.0
68 221 0.0
68 222 0.0
68 223 0.0
68 224 0.0
68 225 0.0
68 226 0.0
68 227 0.0
68 228 0.0
68 229 0.0
68 230 0.0
68 231 0.0
68 232 0.0
68 233 0.0
68 234 0.0
68 235 0.0
68 236 0.0
68 237 0.0
68 238 0.0
68 239 0.0
68 240 0.0
68 241 0.0
68 242 0.0
68 243 0.0
68 244 0.0
68 245 0.0
68 246 0.0
68 247 0.0
68 248 0.0
68 249 0.0
68 250 0.0
68 251 0.0
68 252 0.0
68 253 0.0
68 254 0.0
68 255 0.0
68 256 0.0
68 257 0.0
68 258 0.0
68 259 0.0
68 260 0.0
68 261 0.0
68 262 0.0
68 263 0.0
68 264 0.0
68 265 0.0
68 266 0.0
68 267 0.0
68 268 0.0
68 269 0.0
68 270 0.0
68 271 0.0
68 272 0.0
68 273 0.0
68 274 0.0
68 275 0.0
68 276 0.0
68 277 0.0
68 278 0.0
68 279 0.0
68 280 0.0
68 281 0.0
68 282 0.0
68 283 0.0
68 284 0.0
68 285 0.0
68 286 0.0
68 287 0.0
68 288 0.0
68 289 0.0
68 290 0.0
68 291 0.0
68 292 0.0
68 293 0.0
68 294 0.0
68 295 0.0
68 296 0.0
68 297 0.0
68 298 0.0
68 299 0.0
68 300 0.0
68 301 0.0
68 302 0.0
68 303 0.0
68 304 0.0
68 305 0.0
68 306 0.0
68 307 0.0
68 308 0.0
68 309 0.0
68 310 0.0
68 311 0.0
68 312 0.0
68 313 0.0
68 314 0.0
68 315 0.0
68 316 0.0
68 317 0.0
68 318 0.0
68 319 0.0
68 320 0.0
68 321 0.0
68 322 0.0
68 323 0.0
68 324 0.0
68 325 0.0
68 326 0.0
68 327 0.0
68 328 0.0
68 329 0.0
68 330 0.0
68 331 0.0
68 332 0.0
68 333 0.0
68 334 0.0
68 335 0.0
68 336 0.0
68 337 6.21886679809e-06
68 338 0.0
68 339 6.21886679809e-06
68 340 0.0
68 341 0.000304724473107
68 342 0.0
68 343 0.00139924502957
68 344 0.0
68 345 0.000304724473107
68 346 0.0
68 347 9.95018687695e-05
68 348 0.0
68 349 0.000895516818925
68 350 0.0
68 351 0.000621886679809
68 352 0.0
68 353 0.000155471669952
68 354 0.0
68 355 6.21886679809e-06
68 356 0.0
68 357 0.0
68 358 0.0
68 359 0.0
68 360 0.0
68 361 0.0
68 362 0.0
68 363 2.48754671924e-05
68 364 0.0
68 365 6.21886679809e-06
68 366 0.0
68 367 0.000304724473107
68 368 0.0
68 369 9.95018687695e-05
68 370 0.0
68 371 0.000398007475078
68 372 0.0
68 373 0.000223879204731
68 374 0.0
68 375 9.95018687695e-05
68 376 0.0
68 377 2.48754671924e-05
68 378 0.0
68 379 0.0
68 380 0.0
68 381 5.59698011828e-05
68 382 0.0
68 383 2.48754671924e-05
68 384 0.0
68 385 5.59698011828e-05
68 386 0.0
68 387 2.48754671924e-05
68 388 0.0
68 389 0.0
68 390 0.0
68 391 9.95018687695e-05
68 392 0.0
68 393 6.21886679809e-06
68 394 0.0
68 395 5.59698011828e-05
68 396 0.0
68 397 9.95018687695e-05
68 398 0.0
68 399 6.21886679809e-06
68 400 0.0
69 0 6.21886679809e-06
69 1 5.59698011828e-05
69 2 6.21886679809e-06
69 3 5.59698011828e-05
69 4 6.21886679809e-06
69 5 9.95018687695e-05
69 6 0.0
69 7 0.000223879204731
69 8 6.21886679809e-06
69 9 5.59698011828e-05
69 10 0.0
69 11 0.000503728210645
69 12 6.21886679809e-06
69 13 9.95018687695e-05
69 14 0.0
69 15 9.95018687695e-05
69 16 6.21886679809e-06
69 17 5.59698011828e-05
69 18 6.21886679809e-06
69 19 6.21886679809e-06
69 20 0.0
69 21 6.21886679809e-06
69 22 0.0
69 23 0.0
69 24 0.0
69 25 6.21886679809e-06
69 26 0.0
69 27 6.21886679809e-06
69 28 0.0
69 29 0.000304724473107
69 30 0.0
69 31 9.95018687695e-05
69 32 0.0
69 33 2.48754671924e-05
69 34 0.0
69 35 6.21886679809e-06
69 36 0.0
69 37 0.000621886679809
69 38 0.0
69 39 0.000223879204731
69 40 0.0
69 41 6.21886679809e-06
69 42 0.0
69 43 5.59698011828e-05
69 44 0.0
69 45 0.0
69 46 0.0
69 47 6.21886679809e-06
69 48 0.0
69 49 0.0
69 50 0.0
69 51 0.0
69 52 0.0
69 53 0.0
69 54 0.0
69 55 6.21886679809e-06
69 56 0.0
69 57 6.21886679809e-06
69 58 0.0
69 59 0.000155471669952
69 60 0.0
69 61 0.00105098848888
69 62 0.0
69 63 0.000223879204731
69 64 0.0
69 65 0.000304724473107
69 66 0.0
69 67 0.000304724473107
69 68 0.0
69 69 0.000155471669952
69 70 6.21886679809e-06
69 71 5.59698011828e-05
69 72 6.21886679809e-06
69 73 2.48754671924e-05
69 74 0.0
69 75 6.21886679809e-06
69 76 0.0
69 77 6.21886679809e-06
69 78 0.0
69 79 6.21886679809e-06
69 80 6.21886679809e-06
69 81 2.48754671924e-05
69 82 6.21886679809e-06
69 83 6.21886679809e-06
69 84 6.21886679809e-06
69 85 6.21886679809e-06
69 86 6.21886679809e-06
69 87 6.21886679809e-06
69 88 6.21886679809e-06
69 89 6.21886679809e-06
69 90 6.21886679809e-06
69 91 6.21886679809e-06
69 92 6.21886679809e-06
69 93 6.21886679809e-06
69 94 6.21886679809e-06
69 95 6.21886679809e-06
69 96 6.21886679809e-06
69 97 6.21886679809e-06
69 98 6.21886679809e-06
69 99 6.21886679809e-06
69 100 6.21886679809e-06
69 101 6.21886679809e-06
69 102 6.21886679809e-06
69 103 6.21886679809e-06
69 104 6.21886679809e-06
69 105 6.21886679809e-06
69 106 6.21886679809e-06
69 107 6.21886679809e-06
69 108 6.21886679809e-06
69 109 6.21886679809e-06
69 110 6.21886679809e-06
69 111 6.21886679809e-06
69 112 6.21886679809e-06
69 113 6.21886679809e-06
69 114 6.21886679809e-06
69 115 6.21886679809e-06
69 116 6.21886679809e-06
69 117 6.21886679809e-06
69 118 6.21886679809e-06
69 119 6.21886679809e-06
69 120 6.21886679809e-06
69 121 6.21886679809e-06
69 122 6.21886679809e-06
69 123 6.21886679809e-06
69 124 6.21886679809e-06
69 125 6.21886679809e-06
69 126 6.21886679809e-06
69 127 6.21886679809e-06
69 128 6.21886679809e-06
69 129 6.21886679809e-06
69 130 6.21886679809e-06
69 131 6.21886679809e-06
69 132 6.21886679809e-06
69 133 6.21886679809e-06
69 134 6.21886679809e-06
69 135 6.21886679809e-06
69 136 6.21886679809e-06
69 137 6.21886679809e-06
69 138 6.21886679809e-06
69 139 6.21886679809e-06
69 140 6.21886679809e-06
69 141 6.21886679809e-06
69 142 6.21886679809e-06
69 143 6.21886679809e-06
69 144 6.21886679809e-06
69 145 6.21886679809e-06
69 146 6.21886679809e-06
69 147 6.21886679809e-06
69 148 6.21886679809e-06
69 149 6.21886679809e-06
69 150 6.21886679809e-06
69 151 6.21886679809e-06
69 152 6.21886679809e-06
69 153 6.21886679809e-06
69 154 6.21886679809e-06
69 155 6.21886679809e-06
69 156 6.21886679809e-06
69 157 6.21886679809e-06
69 158 6.21886679809e-06
69 159 6.21886679809e-06
69 160 6.21886679809e-06
69 161 6.21886679809e-06
69 162 6.21886679809e-06
69 163 6.21886679809e-06
69 164 6.21886679809e-06
69 165 6.21886679809e-06
69 166 6.21886679809e-06
69 167 6.21886679809e-06
69 168 6.21886679809e-06
69 169 6.21886679809e-06
69 170 6.21886679809e-06
69 171 6.21886679809e-06
69 172 6.21886679809e-06
69 173 6.21886679809e-06
69 174 6.21886679809e-06
69 175 6.21886679809e-06
69 176 6.21886679809e-06
69 177 6.21886679809e-06
69 178 6.21886679809e-06
69 179 6.21886679809e-06
69 180 6.21886679809e-06
69 181 6.21886679809e-06
69 182 6.21886679809e-06
69 183 6.21886679809e-06
69 184 6.21886679809e-06
69 185 6.21886679809e-06
69 186 6.21886679809e-06
69 187 6.21886679809e-06
69 188 6.21886679809e-06
69 189 6.21886679809e-06
69 190 6.21886679809e-06
69 191 6.21886679809e-06
69 192 6.21886679809e-06
69 193 6.21886679809e-06
69 194 6.21886679809e-06
69 195 6.21886679809e-06
69 196 6.21886679809e-06
69 197 6.21886679809e-06
69 198 6.21886679809e-06
69 199 6.21886679809e-06
69 200 6.21886679809e-06
69 201 6.21886679809e-06
69 202 6.21886679809e-06
69 203 6.21886679809e-06
69 204 6.21886679809e-06
69 205 6.21886679809e-06
69 206 6.21886679809e-06
69 207 6.21886679809e-06
69 208 6.21886679809e-06
69 209 6.21886679809e-06
69 210 6.21886679809e-06
69 211 6.21886679809e-06
69 212 6.21886679809e-06
69 213 6.21886679809e-06
69 214 6.21886679809e-06
69 215 6.21886679809e-06
69 216 6.21886679809e-06
69 217 6.21886679809e-06
69 218 6.21886679809e-06
69 219 6.21886679809e-06
69 220 6.21886679809e-06
69 221 6.21886679809e-06
69 222 6.21886679809e-06
69 223 6.21886679809e-06
69 224 6.21886679809e-06
69 225 6.21886679809e-06
69 226 6.21886679809e-06
69 227 6.21886679809e-06
69 228 6.21886679809e-06
69 229 6.21886679809e-06
69 230 6.21886679809e-06
69 231 6.21886679809e-06
69 232 6.21886679809e-06
69 233 6.21886679809e-06
69 234 6.21886679809e-06
69 235 6.21886679809e-06
69 236 6.21886679809e-06
69 237 6.21886679809e-06
69 238 6.21886679809e-06
69 239 6.21886679809e-06
69 240 6.21886679809e-06
69 241 6.21886679809e-06
69 242 6.21886679809e-06
69 243 6.21886679809e-06
69 244 6.21886679809e-06
69 245 6.21886679809e-06
69 246 6.21886679809e-06
69 247 6.21886679809e-06
69 248 6.21886679809e-06
69 249 6.21886679809e-06
69 250 6.21886679809e-06
69 251 6.21886679809e-06
69 252 6.21886679809e-06
69 253 6.21886679809e-06
69 254 6.21886679809e-06
69 255 6.21886679809e-06
69 256 6.21886679809e-06
69 257 6.21886679809e-06
69 258 6.21886679809e-06
69 259 6.21886679809e-06
69 260 6.21886679809e-06
69 261 6.21886679809e-06
69 262 6.21886679809e-06
69 263 6.21886679809e-06
69 264 6.21886679809e-06
69 265 6.21886679809e-06
69 266 6.21886679809e-06
69 267 6.21886679809e-06
69 268 6.21886679809e-06
69 269 6.21886679809e-06
69 270 6.21886679809e-06
69 271 6.21886679809e-06
69 272 6.21886679809e-06
69 273 6.21886679809e-06
69 274 6.21886679809e-06
69 275 6.21886679809e-06
69 276 6.21886679809e-06
69 277 6.21886679809e-06
69 278 6.21886679809e-06
69 279 6.21886679809e-06
69 280 6.21886679809e-06
69 281 6.21886679809e-06
69 282 6.21886679809e-06
69 283 6.21886679809e-06
69 284 6.21886679809e-06
69 285 6.21886679809e-06
69 286 6.21886679809e-06
69 287 6.21886679809e-06
69 288 6.21886679809e-06
69 289 6.21886679809e-06
69 290 6.21886679809e-06
69 291 6.21886679809e-06
69 292 6.21886679809e-06
69 293 6.21886679809e-06
69 294 6.21886679809e-06
69 295 6.21886679809e-06
69 296 6.21886679809e-06
69 297 6.21886679809e-06
69 298 6.21886679809e-06
69 299 6.21886679809e-06
69 300 6.21886679809e-06
69 301 6.21886679809e-06
69 302 6.21886679809e-06
69 303 6.21886679809e-06
69 304 6.21886679809e-06
69 305 6.21886679809e-06
69 306 6.21886679809e-06
69 307 6.21886679809e-06
69 308 6.21886679809e-06
69 309 6.21886679809e-06
69 310 6.21886679809e-06
69 311 6.21886679809e-06
69 312 6.21886679809e-06
69 313 6.21886679809e-06
69 314 6.21886679809e-06
69 315 6.21886679809e-06
69 316 6.21886679809e-06
69 317 6.21886679809e-06
69 318 6.21886679809e-06
69 319 6.21886679809e-06
69 320 6.21886679809e-06
69 321 2.48754671924e-05
69 322 6.21886679809e-06
69 323 6.21886679809e-06
69 324 0.0
69 325 6.21886679809e-06
69 326 6.21886679809e-06
69 327 2.48754671924e-05
69 328 6.21886679809e-06
69 329 6.21886679809e-06
69 330 6.21886679809e-06
69 331 6.21886679809e-06
69 332 6.21886679809e-06
69 333 2.48754671924e-05
69 334 6.21886679809e-06
69 335 6.21886679809e-06
69 336 0.0
69 337 6.21886679809e-06
69 338 0.0
69 339 0.0
69 340 6.21886679809e-06
69 341 0.000398007475078
69 342 0.0
69 343 0.00139924502957
69 344 0.0
69 345 0.000304724473107
69 346 0.0
69 347 9.95018687695e-05
69 348 0.0
69 349 0.000895516818925
69 350 0.0
69 351 0.000621886679809
69 352 0.0
69 353 0.000155471669952
69 354 0.0
69 355 6.21886679809e-06
69 356 0.0
69 357 0.0
69 358 0.0
69 359 0.0
69 360 0.0
69 361 0.0
69 362 0.0
69 363 2.48754671924e-05
69 364 0.0
69 365 6.21886679809e-06
69 366 0.0
69 367 0.000304724473107
69 368 0.0
69 369 0.000155471669952
69 370 6.21886679809e-06
69 371 0.000304724473107
69 372 6.21886679809e-06
69 373 0.000155471669952
69 374 6.21886679809e-06
69 375 0.000155471669952
69 376 0.0
69 377 2.48754671924e-05
69 378 0.0
69 379 0.0
69 380 0.0
69 381 5.59698011828e-05
69 382 0.0
69 383 2.48754671924e-05
69 384 0.0
69 385 5.59698011828e-05
69 386 0.0
69 387 2.48754671924e-05
69 388 0.0
69 389 0.0
69 390 0.0
69 391 9.95018687695e-05
69 392 0.0
69 393 6.21886679809e-06
69 394 6.21886679809e-06
69 395 9.95018687695e-05
69 396 6.21886679809e-06
69 397 5.59698011828e-05
69 398 0.0
69 399 6.21886679809e-06
69 400 0.0
70 0 0.0
70 1 2.48754671924e-05
70 2 0.0
70 3 2.48754671924e-05
70 4 0.0
70 5 0.000155471669952
70 6 0.0
70 7 0.000304724473107
70 8 0.0
70 9 2.48754671924e-05
70 10 0.0
70 11 0.000503728210645
70 12 0.0
70 13 9.95018687695e-05
70 14 0.0
70 15 5.59698011828e-05
70 16 0.0
70 17 9.95018687695e-05
70 18 0.0
70 19 6.21886679809e-06
70 20 0.0
70 21 6.21886679809e-06
70 22 0.0
70 23 0.0
70 24 0.0
70 25 6.21886679809e-06
70 26 0.0
70 27 6.21886679809e-06
70 28 0.0
70 29 0.000304724473107
70 30 0.0
70 31 9.95018687695e-05
70 32 0.0
70 33 2.48754671924e-05
70 34 0.0
70 35 6.21886679809e-06
70 36 0.0
70 37 0.000621886679809
70 38 0.0
70 39 0.000223879204731
70 40 0.0
70 41 6.21886679809e-06
70 42 0.0
70 43 5.59698011828e-05
70 44 0.0
70 45 0.0
70 46 0.0
70 47 6.21886679809e-06
70 48 0.0
70 49 0.0
70 50 0.0
70 51 0.0
70 52 0.0
70 53 0.0
70 54 0.0
70 55 6.21886679809e-06
70 56 0.0
70 57 6.21886679809e-06
70 58 0.0
70 59 0.000155471669952
70 60 0.0
70 61 0.00105098848888
70 62 0.0
70 63 0.000223879204731
70 64 0.0
70 65 0.000304724473107
70 66 0.0
70 67 0.000304724473107
70 68 0.0
70 69 0.000155471669952
70 70 0.0
70 71 6.21886679809e-06
70 72 0.0
70 73 6.21886679809e-06
70 74 0.0
70 75 6.21886679809e-06
70 76 0.0
70 77 6.21886679809e-06
70 78 0.0
70 79 0.0
70 80 0.0
70 81 6.21886679809e-06
70 82 0.0
70 83 0.0
70 84 0.0
70 85 0.0
70 86 0.0
70 87 0.0
70 88 0.0
70 89 0.0
70 90 0.0
70 91 0.0
70 92 0.0
70 93 0.0
70 94 0.0
70 95 0.0
70 96 0.0
70 97 0.0
70 98 0.0
70 99 0.0
70 100 0.0
70 101 0.0
70 102 0.0
70 103 0.0
70 104 0.0
70 105 0.0
70 106 0.0
70 107 0.0
70 108 0.0
70 109 0.0
70 110 0.0
70 111 0.0
70 112 0.0
70 113 0.0
70 114 0.0
70 115 0.0
70 116 0.0
70 117 0.0
70 118 0.0
70 119 0.0
70 120 0.0
70 121 0.0
70 122 0.0
70 123 0.0
70 124 0.0
70 125 0.0
70 126 0.0
70 127 0.0
70 128 0.0
70 129 0.0
70 130 0.0
70 131 0.0
70 132 0.0
70 133 0.0
70 134 0.0
70 135 0.0
70 136 0.0
70 137 0.0
70 138 0.0
70 139 0.0
70 140 0.0
70 141 0.0
70 142 0.0
70 143 0.0
70 144 0.0
70 145 0.0
70 146 0.0
70 147 0.0
70 148 0.0
70 149 0.0
70 150 0.0
70 151 0.0
70 152 0.0
70 153 0.0
70 154 0.0
70 155 0.0
70 156 0.0
70 157 0.0
70 158 0.0
70 159 0.0
70 160 0.0
70 161 0.0
70 162 0.0
70 163 0.0
70 164 0.0
70 165 0.0
70 166 0.0
70 167 0.0
70 168 0.0
70 169 0.0
70 170 0.0
70 171 0.0
70 172 0.0
70 173 0.0
70 174 0.0
70 175 0.0
70 176 0.0
70 177 0.0
70 178 0.0
70 179 0.0
70 180 0.0
70 181 0.0
70 182 0.0
70 183 0.0
70 184 0.0
70 185 0.0
70 186 0.0
70 187 0.0
70 188 0.0
70 189 0.0
70 190 0.0
70 191 0.0
70 192 0.0
70 193 0.0
70 194 0.0
70 195 0.0
70 196 0.0
70 197 0.0
70 198 0.0
70 199 0.0
70 200 0.0
70 201 0.0
70 202 0.0
70 203 0.0
70 204 0.0
70 205 0.0
70 206 0.0
70 207 0.0
70 208 0.0
70 209 0.0
70 210 0.0
70 211 0.0
70 212 0.0
70 213 0.0
70 214 0.0
70 215 0.0
70 216 0.0
70 217 0.0
70 218 0.0
70 219 0.0
70 220 0.0
70 221 0.0
70 222 0.0
70 223 0.0
70 224 0.0
70 225 0.0
70 226 0.0
70 227 0.0
70 228 0.0
70 229 0.0
70 230 0.0
70 231 0.0
70 232 0.0
70 233 0.0
70 234 0.0
70 235 0.0
70 236 0.0
70 237 0.0
70 238 0.0
70 239 0.0
70 240 0.0
70 241 0.0
70 242 0.0
70 243 0.0
70 244 0.0
70 245 0.0
70 246 0.0
70 247 0.0
70 248 0.0
70 249 0.0
70 250 0.0
70 251 0.0
70 252 0.0
70 253 0.0
70 254 0.0
70 255 0.0
70 256 0.0
70 257 0.0
70 258 0.0
70 259 0.0
70 260 0.0
70 261 0.0
70 262 0.0
70 263 0.0
70 264 0.0
70 265 0.0
70 266 0.0
70 267 0.0
70 268 0.0
70 269 0.0
70 270 0.0
70 271 0.0
70 272 0.0
70 273 0.0
70 274 0.0
70 275 0.0
70 276 0.0
70 277 0.0
70 278 0.0
70 279 0.0
70 280 0.0
70 281 0.0
70 282 0.0
70 283 0.0
70 284 0.0
70 285 0.0
70 286 0.0
70 287 0.0
70 288 0.0
70 289 0.0
70 290 0.0
70 291 0.0
70 292 0.0
70 293 0.0
70 294 0.0
70 295 0.0
70 296 0.0
70 297 0.0
70 298 0.0
70 299 0.0
70 300 0.0
70 301 0.0
70 302 0.0
70 303 0.0
70 304 0.0
70 305 0.0
70 306 0.0
70 307 0.0
70 308 0.0
70 309 0.0
70 310 0.0
70 311 0.0
70 312 0.0
70 313 0.0
70 314 0.0
70 315 0.0
70 316 0.0
70 317 0.0
70 318 0.0
70 319 0.0
70 320 0.0
70 321 0.0
70 322 0.0
70 323 0.0
70 324 0.0
70 325 0.0
70 326 0.0
70 327 6.21886679809e-06
70 328 0.0
70 329 0.0
70 330 0.0
70 331 0.0
70 332 0.0
70 333 6.21886679809e-06
70 334 0.0
70 335 6.21886679809e-06
70 336 0.0
70 337 6.21886679809e-06
70 338 0.0
70 339 0.0
70 340 0.0
70 341 0.000304724473107
70 342 0.0
70 343 0.00139924502957
70 344 0.0
70 345 0.000304724473107
70 346 0.0
70 347 9.95018687695e-05
70 348 0.0
70 349 0.000895516818925
70 350 0.0
70 351 0.000621886679809
70 352 0.0
70 353 0.000155471669952
70 354 0.0
70 355 6.21886679809e-06
70 356 0.0
70 357 0.0
70 358 0.0
70 359 0.0
70 360 0.0
70 361 0.0
70 362 0.0
70 363 2.48754671924e-05
70 364 0.0
70 365 6.21886679809e-06
70 366 0.0
70 367 0.000304724473107
70 368 0.0
70 369 9.95018687695e-05
70 370 0.0
70 371 0.000398007475078
70 372 0.0
70 373 0.000223879204731
70 374 0.0
70 375 9.95018687695e-05
70 376 0.0
70 377 2.48754671924e-05
70 378 0.0
70 379 0.0
70 380 0.0
70 381 5.59698011828e-05
70 382 0.0
70 383 2.48754671924e-05
70 384 0.0
70 385 5.59698011828e-05
70 386 0.0
70 387 2.48754671924e-05
70 388 0.0
70 389 0.0
70 390 0.0
70 391 9.95018687695e-05
70 392 0.0
70 393 6.21886679809e-06
70 394 0.0
70 395 9.95018687695e-05
70 396 0.0
70 397 9.95018687695e-05
70 398 0.0
70 399 6.21886679809e-06
70 400 0.0
71 0 6.21886679809e-06
71 1 5.59698011828e-05
71 2 6.21886679809e-06
71 3 2.48754671924e-05
71 4 6.21886679809e-06
71 5 0.000155471669952
71 6 0.0
71 7 0.000304724473107
71 8 0.0
71 9 5.59698011828e-05
71 10 0.0
71 11 0.000398007475078
71 12 6.21886679809e-06
71 13 2.48754671924e-05
71 14 6.21886679809e-06
71 15 5.59698011828e-05
71 16 0.0
71 17 5.59698011828e-05
71 18 0.0
71 19 6.21886679809e-06
71 20 6.21886679809e-06
71 21 6.21886679809e-06
71 22 0.0
71 23 6.21886679809e-06
71 24 0.0
71 25 6.21886679809e-06
71 26 0.0
71 27 6.21886679809e-06
71 28 0.0
71 29 0.000304724473107
71 30 0.0
71 31 9.95018687695e-05
71 32 0.0
71 33 2.48754671924e-05
71 34 0.0
71 35 6.21886679809e-06
71 36 0.0
71 37 0.000621886679809
71 38 0.0
71 39 0.000223879204731
71 40 0.0
71 41 6.21886679809e-06
71 42 0.0
71 43 5.59698011828e-05
71 44 0.0
71 45 0.0
71 46 0.0
71 47 6.21886679809e-06
71 48 0.0
71 49 0.0
71 50 0.0
71 51 0.0
71 52 0.0
71 53 0.0
71 54 0.0
71 55 6.21886679809e-06
71 56 0.0
71 57 2.48754671924e-05
71 58 0.0
71 59 9.95018687695e-05
71 60 6.21886679809e-06
71 61 0.00105098848888
71 62 0.0
71 63 0.000223879204731
71 64 0.0
71 65 0.000304724473107
71 66 0.0
71 67 0.000304724473107
71 68 0.0
71 69 9.95018687695e-05
71 70 6.21886679809e-06
71 71 2.48754671924e-05
71 72 6.21886679809e-06
71 73 2.48754671924e-05
71 74 0.0
71 75 6.21886679809e-06
71 76 6.21886679809e-06
71 77 2.48754671924e-05
71 78 6.21886679809e-06
71 79 6.21886679809e-06
71 80 6.21886679809e-06
71 81 6.21886679809e-06
71 82 6.21886679809e-06
71 83 6.21886679809e-06
71 84 6.21886679809e-06
71 85 0.0
71 86 0.0
71 87 2.48754671924e-05
71 88 2.48754671924e-05
71 89 2.48754671924e-05
71 90 6.21886679809e-06
71 91 2.48754671924e-05
71 92 6.21886679809e-06
71 93 6.21886679809e-06
71 94 6.21886679809e-06
71 95 6.21886679809e-06
71 96 6.21886679809e-06
71 97 5.59698011828e-05
71 98 2.48754671924e-05
71 99 2.48754671924e-05
71 100 2.48754671924e-05
71 101 5.59698011828e-05
71 102 2.48754671924e-05
71 103 2.48754671924e-05
71 104 2.48754671924e-05
71 105 2.48754671924e-05
71 106 2.48754671924e-05
71 107 2.48754671924e-05
71 108 2.48754671924e-05
71 109 2.48754671924e-05
71 110 2.48754671924e-05
71 111 2.48754671924e-05
71 112 2.48754671924e-05
71 113 2.48754671924e-05
71 114 2.48754671924e-05
71 115 2.48754671924e-05
71 116 2.48754671924e-05
71 117 2.48754671924e-05
71 118 2.48754671924e-05
71 119 2.48754671924e-05
71 120 2.48754671924e-05
71 121 2.48754671924e-05
71 122 2.48754671924e-05
71 123 2.48754671924e-05
71 124 2.48754671924e-05
71 125 2.48754671924e-05
71 126 2.48754671924e-05
71 127 2.48754671924e-05
71 128 2.48754671924e-05
71 129 2.48754671924e-05
71 130 2.48754671924e-05
71 131 2.48754671924e-05
71 132 2.48754671924e-05
71 133 2.48754671924e-05
71 134 2.48754671924e-05
71 135 2.48754671924e-05
71 136 2.48754671924e-05
71 137 2.48754671924e-05
71 138 2.48754671924e-05
71 139 2.48754671924e-05
71 140 2.48754671924e-05
71 141 2.48754671924e-05
71 142 2.48754671924e-05
71 143 2.48754671924e-05
71 144 2.48754671924e-05
71 145 2.48754671924e-05
71 146 2.48754671924e-05
71 147 2.48754671924e-05
71 148 2.48754671924e-05
71 149 2.48754671924e-05
71 150 2.48754671924e-05
71 151 2.48754671924e-05
71 152 2.48754671924e-05
71 153 2.48754671924e-05
71 154 2.48754671924e-05
71 155 2.48754671924e-05
71 156 2.48754671924e-05
71 157 2.48754671924e-05
71 158 2.48754671924e-05
71 159 2.48754671924e-05
71 160 2.48754671924e-05
71 161 2.48754671924e-05
71 162 2.48754671924e-05
71 163 2.48754671924e-05
71 164 2.48754671924e-05
71 165 2.48754671924e-05
71 166 2.48754671924e-05
71 167 2.48754671924e-05
71 168 2.48754671924e-05
71 169 2.48754671924e-05
71 170 2.48754671924e-05
71 171 2.48754671924e-05
71 172 2.48754671924e-05
71 173 2.48754671924e-05
71 174 2.48754671924e-05
71 175 2.48754671924e-05
71 176 2.48754671924e-05
71 177 2.48754671924e-05
71 178 2.48754671924e-05
71 179 2.48754671924e-05
71 180 2.48754671924e-05
71 181 2.48754671924e-05
71 182 2.48754671924e-05
71 183 2.48754671924e-05
71 184 2.48754671924e-05
71 185 2.48754671924e-05
71 186 2.48754671924e-05
71 187 2.48754671924e-05
71 188 2.48754671924e-05
71 189 2.48754671924e-05
71 190 2.48754671924e-05
71 191 2.48754671924e-05
71 192 2.48754671924e-05
71 193 2.48754671924e-05
71 194 2.48754671924e-05
71 195 2.48754671924e-05
71 196 2.48754671924e-05
71 197 2.48754671924e-05
71 198 2.48754671924e-05
71 199 2.48754671924e-05
71 200 2.48754671924e-05
71 201 2.48754671924e-05
71 202 2.48754671924e-05
71 203 2.48754671924e-05
71 204 2.48754671924e-05
71 205 2.48754671924e-05
71 206 2.48754671924e-05
71 207 2.48754671924e-05
71 208 2.48754671924e-05
71 209 2.48754671924e-05
71 210 2.48754671924e-05
71 211 2.48754671924e-05
71 212 2.48754671924e-05
71 213 2.48754671924e-05
71 214 2.48754671924e-05
71 215 2.48754671924e-05
71 216 2.48754671924e-05
71 217 2.48754671924e-05
71 218 2.48754671924e-05
71 219 2.48754671924e-05
71 220 2.48754671924e-05
71 221 2.48754671924e-05
71 222 2.48754671924e-05
71 223 2.48754671924e-05
71 224 2.48754671924e-05
71 225 2.48754671924e-05
71 226 2.48754671924e-05
71 227 2.48754671924e-05
71 228 2.48754671924e-05
71 229 2.48754671924e-05
71 230 2.48754671924e-05
71 231 2.48754671924e-05
71 232 2.48754671924e-05
71 233 2.48754671924e-05
71 234 2.48754671924e-05
71 235 2.48754671924e-05
71 236 2.48754671924e-05
71 237 2.48754671924e-05
71 238 2.48754671924e-05
71 239 2.48754671924e-05
71 240 2.48754671924e-05
71 241 2.48754671924e-05
71 242 2.48754671924e-05
71 243 2.48754671924e-05
71 244 2.48754671924e-05
71 245 2.48754671924e-05
71 246 2.48754671924e-05
71 247 2.48754671924e-05
71 248 2.48754671924e-05
71 249 2.48754671924e-05
71 250 2.48754671924e-05
71 251 2.48754671924e-05
71 252 2.48754671924e-05
71 253 2.48754671924e-05
71 254 2.48754671924e-05
71 255 2.48754671924e-05
71 256 2.48754671924e-05
71 257 2.48754671924e-05
71 258 2.48754671924e-05
71 259 2.48754671924e-05
71 260 2.48754671924e-05
71 261 2.48754671924e-05
71 262 2.48754671924e-05
71 263 2.48754671924e-05
71 264 2.48754671924e-05
71 265 2.48754671924e-05
71 266 2.48754671924e-05
71 267 2.48754671924e-05
71 268 2.48754671924e-05
71 269 2.48754671924e-05
71 270 2.48754671924e-05
71 271 2.48754671924e-05
71 272 2.48754671924e-05
71 273 2.48754671924e-05
71 274 2.48754671924e-05
71 275 2.48754671924e-05
71 276 2.48754671924e-05
71 277 2.48754671924e-05
71 278 2.48754671924e-05
71 279 2.48754671924e-05
71 280 2.48754671924e-05
71 281 2.48754671924e-05
71 282 2.48754671924e-05
71 283 2.48754671924e-05
71 284 2.48754671924e-05
71 285 2.48754671924e-05
71 286 2.48754671924e-05
71 287 2.48754671924e-05
71 288 2.48754671924e-05
71 289 2.48754671924e-05
71 290 2.48754671924e-05
71 291 2.48754671924e-05
71 292 2.48754671924e-05
71 293 2.48754671924e-05
71 294 2.48754671924e-05
71 295 2.48754671924e-05
71 296 2.48754671924e-05
71 297 2.48754671924e-05
71 298 2.48754671924e-05
71 299 2.48754671924e-05
71 300 2.48754671924e-05
71 301 2.48754671924e-05
71 302 2.48754671924e-05
71 303 2.48754671924e-05
71 304 2.48754671924e-05
71 305 2.48754671924e-05
71 306 2.48754671924e-05
71 307 2.48754671924e-05
71 308 2.48754671924e-05
71 309 2.48754671924e-05
71 310 2.48754671924e-05
71 311 2.48754671924e-05
71 312 2.48754671924e-05
71 313 2.48754671924e-05
71 314 2.48754671924e-05
71 315 2.48754671924e-05
71 316 2.48754671924e-05
71 317 2.48754671924e-05
71 318 2.48754671924e-05
71 319 5.59698011828e-05
71 320 6.21886679809e-06
71 321 0.0
71 322 6.21886679809e-06
71 323 6.21886679809e-06
71 324 5.59698011828e-05
71 325 5.59698011828e-05
71 326 6.21886679809e-06
71 327 5.59698011828e-05
71 328 6.21886679809e-06
71 329 2.48754671924e-05
71 330 6.21886679809e-06
71 331 0.0
71 332 0.0
71 333 2.48754671924e-05
71 334 6.21886679809e-06
71 335 6.21886679809e-06
71 336 0.0
71 337 0.0
71 338 6.21886679809e-06
71 339 6.21886679809e-06
71 340 6.21886679809e-06
71 341 0.000304724473107
71 342 0.0
71 343 0.00139924502957
71 344 0.0
71 345 0.000304724473107
71 346 0.0
71 347 9.95018687695e-05
71 348 0.0
71 349 0.000895516818925
71 350 0.0
71 351 0.000621886679809
71 352 0.0
71 353 0.000155471669952
71 354 0.0
71 355 6.21886679809e-06
71 356 0.0
71 357 0.0
71 358 0.0
71 359 0.0
71 360 0.0
71 361 0.0
71 362 0.0
71 363 2.48754671924e-05
71 364 0.0
71 365 6.21886679809e-06
71 366 0.0
71 367 0.000304724473107
71 368 0.0
71 369 0.000155471669952
71 370 6.21886679809e-06
71 371 0.000223879204731
71 372 6.21886679809e-06
71 373 9.95018687695e-05
71 374 6.21886679809e-06
71 375 9.95018687695e-05
71 376 0.0
71 377 2.48754671924e-05
71 378 0.0
71 379 0.0
71 380 0.0
71 381 5.59698011828e-05
71 382 0.0
71 383 2.48754671924e-05
71 384 0.0
71 385 5.59698011828e-05
71 386 0.0
71 387 2.48754671924e-05
71 388 0.0
71 389 0.0
71 390 0.0
71 391 9.95018687695e-05
71 392 0.0
71 393 2.48754671924e-05
71 394 6.21886679809e-06
71 395 0.000155471669952
71 396 6.21886679809e-06
71 397 2.48754671924e-05
71 398 0.0
71 399 6.21886679809e-06
71 400 0.0
72 0 0.0
72 1 2.48754671924e-05
72 2 0.0
72 3 0.0
72 4 0.0
72 5 0.000223879204731
72 6 0.0
72 7 0.000304724473107
72 8 0.0
72 9 2.48754671924e-05
72 10 0.0
72 11 0.000398007475078
72 12 0.0
72 13 5.59698011828e-05
72 14 0.0
72 15 2.48754671924e-05
72 16 0.0
72 17 0.000155471669952
72 18 0.0
72 19 6.21886679809e-06
72 20 0.0
72 21 2.48754671924e-05
72 22 0.0
72 23 6.21886679809e-06
72 24 0.0
72 25 6.21886679809e-06
72 26 0.0
72 27 6.21886679809e-06
72 28 0.0
72 29 0.000304724473107
72 30 0.0
72 31 9.95018687695e-05
72 32 0.0
72 33 2.48754671924e-05
72 34 0.0
72 35 6.21886679809e-06
72 36 0.0
72 37 0.000621886679809
72 38 0.0
72 39 0.000223879204731
72 40 0.0
72 41 6.21886679809e-06
72 42 0.0
72 43 5.59698011828e-05
72 44 0.0
72 45 0.0
72 46 0.0
72 47 6.21886679809e-06
72 48 0.0
72 49 0.0
72 50 0.0
72 51 0.0
72 52 0.0
72 53 0.0
72 54 0.0
72 55 6.21886679809e-06
72 56 0.0
72 57 9.95018687695e-05
72 58 0.0
72 59 0.000155471669952
72 60 0.0
72 61 0.00121889789243
72 62 0.0
72 63 0.000155471669952
72 64 0.0
72 65 0.000223879204731
72 66 0.0
72 67 0.000398007475078
72 68 0.0
72 69 9.95018687695e-05
72 70 0.0
72 71 6.21886679809e-06
72 72 0.0
72 73 2.48754671924e-05
72 74 0.0
72 75 0.0
72 76 0.0
72 77 6.21886679809e-06
72 78 0.0
72 79 0.0
72 80 0.0
72 81 0.0
72 82 0.0
72 83 0.0
72 84 0.0
72 85 0.0
72 86 0.0
72 87 6.21886679809e-06
72 88 0.0
72 89 2.48754671924e-05
72 90 0.0
72 91 6.21886679809e-06
72 92 0.0
72 93 0.0
72 94 0.0
72 95 0.0
72 96 0.0
72 97 6.21886679809e-06
72 98 0.0
72 99 0.0
72 100 0.0
72 101 0.0
72 102 0.0
72 103 0.0
72 104 0.0
72 105 0.0
72 106 0.0
72 107 0.0
72 108 0.0
72 109 0.0
72 110 0.0
72 111 0.0
72 112 0.0
72 113 0.0
72 114 0.0
72 115 0.0
72 116 0.0
72 117 0.0
72 118 0.0
72 119 0.0
72 120 0.0
72 121 0.0
72 122 0.0
72 123 0.0
72 124 0.0
72 125 0.0
72 126 0.0
72 127 0.0
72 128 0.0
72 129 0.0
72 130 0.0
72 131 0.0
72 132 0.0
72 133 0.0
72 134 0.0
72 135 0.0
72 136 0.0
72 137 0.0
72 138 0.0
72 139 0.0
72 140 0.0
72 141 0.0
72 142 0.0
72 143 0.0
72 144 0.0
72 145 0.0
72 146 0.0
72 147 0.0
72 148 0.0
72 149 0.0
72 150 0.0
72 151 0.0
72 152 0.0
72 153 0.0
72 154 0.0
72 155 0.0
72 156 0.0
72 157 0.0
72 158 0.0
72 159 0.0
72 160 0.0
72 161 0.0
72 162 0.0
72 163 0.0
72 164 0.0
72 165 0.0
72 166 0.0
72 167 0.0
72 168 0.0
72 169 0.0
72 170 0.0
72 171 0.0
72 172 0.0
72 173 0.0
72 174 0.0
72 175 0.0
72 176 0.0
72 177 0.0
72 178 0.0
72 179 0.0
72 180 0.0
72 181 0.0
72 182 0.0
72 183 0.0
72 184 0.0
72 185 0.0
72 186 0.0
72 187 0.0
72 188 0.0
72 189 0.0
72 190 0.0
72 191 0.0
72 192 0.0
72 193 0.0
72 194 0.0
72 195 0.0
72 196 0.0
72 197 0.0
72 198 0.0
72 199 0.0
72 200 0.0
72 201 0.0
72 202 0.0
72 203 0.0
72 204 0.0
72 205 0.0
72 206 0.0
72 207 0.0
72 208 0.0
72 209 0.0
72 210 0.0
72 211 0.0
72 212 0.0
72 213 0.0
72 214 0.0
72 215 0.0
72 216 0.0
72 217 0.0
72 218 0.0
72 219 0.0
72 220 0.0
72 221 0.0
72 222 0.0
72 223 0.0
72 224 0.0
72 225 0.0
72 226 0.0
72 227 0.0
72 228 0.0
72 229 0.0
72 230 0.0
72 231 0.0
72 232 0.0
72 233 0.0
72 234 0.0
72 235 0.0
72 236 0.0
72 237 0.0
72 238 0.0
72 239 0.0
72 240 0.0
72 241 0.0
72 242 0.0
72 243 0.0
72 244 0.0
72 245 0.0
72 246 0.0
72 247 0.0
72 248 0.0
72 249 0.0
72 250 0.0
72 251 0.0
72 252 0.0
72 253 0.0
72 254 0.0
72 255 0.0
72 256 0.0
72 257 0.0
72 258 0.0
72 259 0.0
72 260 0.0
72 261 0.0
72 262 0.0
72 263 0.0
72 264 0.0
72 265 0.0
72 266 0.0
72 267 0.0
72 268 0.0
72 269 0.0
72 270 0.0
72 271 0.0
72 272 0.0
72 273 0.0
72 274 0.0
72 275 0.0
72 276 0.0
72 277 0.0
72 278 0.0
72 279 0.0
72 280 0.0
72 281 0.0
72 282 0.0
72 283 0.0
72 284 0.0
72 285 0.0
72 286 0.0
72 287 0.0
72 288 0.0
72 289 0.0
72 290 0.0
72 291 0.0
72 292 0.0
72 293 0.0
72 294 0.0
72 295 0.0
72 296 0.0
72 297 0.0
72 298 0.0
72 299 0.0
72 300 0.0
72 301 0.0
72 302 0.0
72 303 0.0
72 304 0.0
72 305 0.0
72 306 0.0
72 307 0.0
72 308 0.0
72 309 0.0
72 310 0.0
72 311 0.0
72 312 0.0
72 313 0.0
72 314 0.0
72 315 0.0
72 316 0.0
72 317 0.0
72 318 0.0
72 319 2.48754671924e-05
72 320 0.0
72 321 2.48754671924e-05
72 322 0.0
72 323 6.21886679809e-06
72 324 0.0
72 325 0.0
72 326 0.0
72 327 2.48754671924e-05
72 328 0.0
72 329 6.21886679809e-06
72 330 0.0
72 331 0.0
72 332 0.0
72 333 0.0
72 334 0.0
72 335 0.0
72 336 0.0
72 337 0.0
72 338 0.0
72 339 0.0
72 340 0.0
72 341 0.000304724473107
72 342 0.0
72 343 0.00139924502957
72 344 0.0
72 345 0.000304724473107
72 346 0.0
72 347 9.95018687695e-05
72 348 0.0
72 349 0.000895516818925
72 350 0.0
72 351 0.000621886679809
72 352 0.0
72 353 0.000155471669952
72 354 0.0
72 355 6.21886679809e-06
72 356 0.0
72 357 0.0
72 358 0.0
72 359 0.0
72 360 0.0
72 361 0.0
72 362 0.0
72 363 2.48754671924e-05
72 364 0.0
72 365 6.21886679809e-06
72 366 0.0
72 367 0.000223879204731
72 368 0.0
72 369 9.95018687695e-05
72 370 0.0
72 371 0.000223879204731
72 372 0.0
72 373 0.000155471669952
72 374 0.0
72 375 9.95018687695e-05
72 376 0.0
72 377 2.48754671924e-05
72 378 0.0
72 379 0.0
72 380 0.0
72 381 5.59698011828e-05
72 382 0.0
72 383 2.48754671924e-05
72 384 0.0
72 385 5.59698011828e-05
72 386 0.0
72 387 2.48754671924e-05
72 388 0.0
72 389 0.0
72 390 0.0
72 391 9.95018687695e-05
72 392 0.0
72 393 6.21886679809e-06
72 394 0.0
72 395 5.59698011828e-05
72 396 0.0
72 397 5.59698011828e-05
72 398 0.0
72 399 2.48754671924e-05
72 400 0.0
73 0 0.0
73 1 5.59698011828e-05
73 2 6.21886679809e-06
73 3 6.21886679809e-06
73 4 6.21886679809e-06
73 5 0.000155471669952
73 6 6.21886679809e-06
73 7 0.000223879204731
73 8 6.21886679809e-06
73 9 5.59698011828e-05
73 10 0.0
73 11 0.000398007475078
73 12 0.0
73 13 5.59698011828e-05
73 14 0.0
73 15 2.48754671924e-05
73 16 0.0
73 17 0.000155471669952
73 18 0.0
73 19 6.21886679809e-06
73 20 0.0
73 21 2.48754671924e-05
73 22 0.0
73 23 6.21886679809e-06
73 24 0.0
73 25 6.21886679809e-06
73 26 0.0
73 27 6.21886679809e-06
73 28 0.0
73 29 0.000304724473107
73 30 0.0
73 31 9.95018687695e-05
73 32 0.0
73 33 2.48754671924e-05
73 34 0.0
73 35 6.21886679809e-06
73 36 0.0
73 37 0.000621886679809
73 38 0.0
73 39 0.000223879204731
73 40 0.0
73 41 6.21886679809e-06
73 42 0.0
73 43 5.59698011828e-05
73 44 0.0
73 45 0.0
73 46 0.0
73 47 6.21886679809e-06
73 48 0.0
73 49 0.0
73 50 0.0
73 51 0.0
73 52 0.0
73 53 0.0
73 54 0.0
73 55 6.21886679809e-06
73 56 0.0
73 57 9.95018687695e-05
73 58 0.0
73 59 0.000155471669952
73 60 0.0
73 61 0.00121889789243
73 62 0.0
73 63 0.000155471669952
73 64 0.0
73 65 0.000223879204731
73 66 0.0
73 67 0.000398007475078
73 68 0.0
73 69 0.000155471669952
73 70 6.21886679809e-06
73 71 2.48754671924e-05
73 72 0.0
73 73 2.48754671924e-05
73 74 0.0
73 75 0.0
73 76 0.0
73 77 6.21886679809e-06
73 78 0.0
73 79 0.0
73 80 0.0
73 81 0.0
73 82 0.0
73 83 0.0
73 84 0.0
73 85 6.21886679809e-06
73 86 6.21886679809e-06
73 87 2.48754671924e-05
73 88 9.95018687695e-05
73 89 5.59698011828e-05
73 90 9.95018687695e-05
73 91 9.95018687695e-05
73 92 5.59698011828e-05
73 93 5.59698011828e-05
73 94 5.59698011828e-05
73 95 5.59698011828e-05
73 96 5.59698011828e-05
73 97 5.59698011828e-05
73 98 0.000155471669952
73 99 0.000155471669952
73 100 2.48754671924e-05
73 101 6.21886679809e-06
73 102 6.21886679809e-06
73 103 6.21886679809e-06
73 104 6.21886679809e-06
73 105 6.21886679809e-06
73 106 6.21886679809e-06
73 107 6.21886679809e-06
73 108 6.21886679809e-06
73 109 6.21886679809e-06
73 110 6.21886679809e-06
73 111 6.21886679809e-06
73 112 6.21886679809e-06
73 113 6.21886679809e-06
73 114 6.21886679809e-06
73 115 6.21886679809e-06
73 116 6.21886679809e-06
73 117 6.21886679809e-06
73 118 6.21886679809e-06
73 119 6.21886679809e-06
73 120 6.21886679809e-06
73 121 6.21886679809e-06
73 122 6.21886679809e-06
73 123 6.21886679809e-06
73 124 6.21886679809e-06
73 125 6.21886679809e-06
73 126 6.21886679809e-06
73 127 6.21886679809e-06
73 128 6.21886679809e-06
73 129 6.21886679809e-06
73 130 6.21886679809e-06
73 131 6.21886679809e-06
73 132 6.21886679809e-06
73 133 6.21886679809e-06
73 134 6.21886679809e-06
73 135 6.21886679809e-06
73 136 6.21886679809e-06
73 137 6.21886679809e-06
73 138 6.21886679809e-06
73 139 6.21886679809e-06
73 140 6.21886679809e-06
73 141 6.21886679809e-06
73 142 6.21886679809e-06
73 143 6.21886679809e-06
73 144 6.21886679809e-06
73 145 6.21886679809e-06
73 146 6.21886679809e-06
73 147 6.21886679809e-06
73 148 6.21886679809e-06
73 149 6.21886679809e-06
73 150 6.21886679809e-06
73 151 6.21886679809e-06
73 152 6.21886679809e-06
73 153 6.21886679809e-06
73 154 6.21886679809e-06
73 155 6.21886679809e-06
73 156 6.21886679809e-06
73 157 6.21886679809e-06
73 158 6.21886679809e-06
73 159 6.21886679809e-06
73 160 6.21886679809e-06
73 161 6.21886679809e-06
73 162 6.21886679809e-06
73 163 6.21886679809e-06
73 164 6.21886679809e-06
73 165 6.21886679809e-06
73 166 6.21886679809e-06
73 167 6.21886679809e-06
73 168 6.21886679809e-06
73 169 6.21886679809e-06
73 170 6.21886679809e-06
73 171 6.21886679809e-06
73 172 6.21886679809e-06
73 173 6.21886679809e-06
73 174 6.21886679809e-06
73 175 6.21886679809e-06
73 176 6.21886679809e-06
73 177 6.21886679809e-06
73 178 6.21886679809e-06
73 179 6.21886679809e-06
73 180 6.21886679809e-06
73 181 6.21886679809e-06
73 182 6.21886679809e-06
73 183 6.21886679809e-06
73 184 6.21886679809e-06
73 185 6.21886679809e-06
73 186 6.21886679809e-06
73 187 6.21886679809e-06
73 188 6.21886679809e-06
73 189 6.21886679809e-06
73 190 6.21886679809e-06
73 191 6.21886679809e-06
73 192 6.21886679809e-06
73 193 6.21886679809e-06
73 194 6.21886679809e-06
73 195 6.21886679809e-06
73 196 6.21886679809e-06
73 197 6.21886679809e-06
73 198 6.21886679809e-06
73 199 6.21886679809e-06
73 200 6.21886679809e-06
73 201 6.21886679809e-06
73 202 6.21886679809e-06
73 203 6.21886679809e-06
73 204 6.21886679809e-06
73 205 6.21886679809e-06
73 206 6.21886679809e-06
73 207 6.21886679809e-06
73 208 6.21886679809e-06
73 209 6.21886679809e-06
73 210 6.21886679809e-06
73 211 6.21886679809e-06
73 212 6.21886679809e-06
73 213 6.21886679809e-06
73 214 6.21886679809e-06
73 215 6.21886679809e-06
73 216 6.21886679809e-06
73 217 6.21886679809e-06
73 218 6.21886679809e-06
73 219 6.21886679809e-06
73 220 6.21886679809e-06
73 221 6.21886679809e-06
73 222 6.21886679809e-06
73 223 6.21886679809e-06
73 224 6.21886679809e-06
73 225 6.21886679809e-06
73 226 6.21886679809e-06
73 227 6.21886679809e-06
73 228 6.21886679809e-06
73 229 6.21886679809e-06
73 230 6.21886679809e-06
73 231 6.21886679809e-06
73 232 6.21886679809e-06
73 233 6.21886679809e-06
73 234 6.21886679809e-06
73 235 6.21886679809e-06
73 236 6.21886679809e-06
73 237 6.21886679809e-06
73 238 6.21886679809e-06
73 239 6.21886679809e-06
73 240 6.21886679809e-06
73 241 6.21886679809e-06
73 242 6.21886679809e-06
73 243 6.21886679809e-06
73 244 6.21886679809e-06
73 245 6.21886679809e-06
73 246 6.21886679809e-06
73 247 6.21886679809e-06
73 248 6.21886679809e-06
73 249 6.21886679809e-06
73 250 6.21886679809e-06
73 251 6.21886679809e-06
73 252 6.21886679809e-06
73 253 6.21886679809e-06
73 254 6.21886679809e-06
73 255 6.21886679809e-06
73 256 6.21886679809e-06
73 257 6.21886679809e-06
73 258 6.21886679809e-06
73 259 6.21886679809e-06
73 260 6.21886679809e-06
73 261 6.21886679809e-06
73 262 6.21886679809e-06
73 263 6.21886679809e-06
73 264 6.21886679809e-06
73 265 6.21886679809e-06
73 266 6.21886679809e-06
73 267 6.21886679809e-06
73 268 6.21886679809e-06
73 269 6.21886679809e-06
73 270 6.21886679809e-06
73 271 6.21886679809e-06
73 272 6.21886679809e-06
73 273 6.21886679809e-06
73 274 6.21886679809e-06
73 275 6.21886679809e-06
73 276 6.21886679809e-06
73 277 6.21886679809e-06
73 278 6.21886679809e-06
73 279 6.21886679809e-06
73 280 6.21886679809e-06
73 281 6.21886679809e-06
73 282 6.21886679809e-06
73 283 6.21886679809e-06
73 284 6.21886679809e-06
73 285 6.21886679809e-06
73 286 6.21886679809e-06
73 287 6.21886679809e-06
73 288 6.21886679809e-06
73 289 6.21886679809e-06
73 290 6.21886679809e-06
73 291 6.21886679809e-06
73 292 6.21886679809e-06
73 293 6.21886679809e-06
73 294 6.21886679809e-06
73 295 6.21886679809e-06
73 296 6.21886679809e-06
73 297 6.21886679809e-06
73 298 6.21886679809e-06
73 299 6.21886679809e-06
73 300 6.21886679809e-06
73 301 6.21886679809e-06
73 302 6.21886679809e-06
73 303 6.21886679809e-06
73 304 6.21886679809e-06
73 305 6.21886679809e-06
73 306 6.21886679809e-06
73 307 6.21886679809e-06
73 308 6.21886679809e-06
73 309 6.21886679809e-06
73 310 6.21886679809e-06
73 311 6.21886679809e-06
73 312 6.21886679809e-06
73 313 6.21886679809e-06
73 314 6.21886679809e-06
73 315 6.21886679809e-06
73 316 6.21886679809e-06
73 317 6.21886679809e-06
73 318 6.21886679809e-06
73 319 0.0
73 320 6.21886679809e-06
73 321 5.59698011828e-05
73 322 0.0
73 323 9.95018687695e-05
73 324 0.000503728210645
73 325 0.000398007475078
73 326 9.95018687695e-05
73 327 0.0
73 328 6.21886679809e-06
73 329 5.59698011828e-05
73 330 6.21886679809e-06
73 331 6.21886679809e-06
73 332 0.0
73 333 6.21886679809e-06
73 334 6.21886679809e-06
73 335 6.21886679809e-06
73 336 0.0
73 337 0.0
73 338 0.0
73 339 0.0
73 340 0.0
73 341 0.000304724473107
73 342 0.0
73 343 0.00139924502957
73 344 0.0
73 345 0.000304724473107
73 346 0.0
73 347 9.95018687695e-05
73 348 0.0
73 349 0.000895516818925
73 350 0.0
73 351 0.000621886679809
73 352 0.0
73 353 0.000155471669952
73 354 0.0
73 355 6.21886679809e-06
73 356 0.0
73 357 0.0
73 358 0.0
73 359 0.0
73 360 0.0
73 361 0.0
73 362 0.0
73 363 2.48754671924e-05
73 364 0.0
73 365 6.21886679809e-06
73 366 0.0
73 367 0.000223879204731
73 368 0.0
73 369 9.95018687695e-05
73 370 0.0
73 371 0.000304724473107
73 372 6.21886679809e-06
73 373 9.95018687695e-05
73 374 0.0
73 375 0.000155471669952
73 376 6.21886679809e-06
73 377 6.21886679809e-06
73 378 0.0
73 379 0.0
73 380 0.0
73 381 5.59698011828e-05
73 382 0.0
73 383 2.48754671924e-05
73 384 0.0
73 385 5.59698011828e-05
73 386 0.0
73 387 2.48754671924e-05
73 388 0.0
73 389 0.0
73 390 0.0
73 391 9.95018687695e-05
73 392 0.0
73 393 6.21886679809e-06
73 394 0.0
73 395 9.95018687695e-05
73 396 6.21886679809e-06
73 397 5.59698011828e-05
73 398 0.0
73 399 2.48754671924e-05
73 400 0.0
74 0 0.0
74 1 2.48754671924e-05
74 2 0.0
74 3 0.0
74 4 0.0
74 5 0.000223879204731
74 6 0.0
74 7 0.000304724473107
74 8 0.0
74 9 2.48754671924e-05
74 10 0.0
74 11 0.000398007475078
74 12 0.0
74 13 5.59698011828e-05
74 14 0.0
74 15 2.48754671924e-05
74 16 0.0
74 17 0.000155471669952
74 18 0.0
74 19 6.21886679809e-06
74 20 0.0
74 21 2.48754671924e-05
74 22 0.0
74 23 6.21886679809e-06
74 24 0.0
74 25 6.21886679809e-06
74 26 0.0
74 27 6.21886679809e-06
74 28 0.0
74 29 0.000304724473107
74 30 0.0
74 31 9.95018687695e-05
74 32 0.0
74 33 2.48754671924e-05
74 34 0.0
74 35 6.21886679809e-06
74 36 0.0
74 37 0.000621886679809
74 38 0.0
74 39 0.000223879204731
74 40 0.0
74 41 6.21886679809e-06
74 42 0.0
74 43 5.59698011828e-05
74 44 0.0
74 45 0.0
74 46 0.0
74 47 6.21886679809e-06
74 48 0.0
74 49 0.0
74 50 0.0
74 51 0.0
74 52 0.0
74 53 0.0
74 54 0.0
74 55 6.21886679809e-06
74 56 0.0
74 57 9.95018687695e-05
74 58 0.0
74 59 0.000155471669952
74 60 0.0
74 61 0.00121889789243
74 62 0.0
74 63 0.000155471669952
74 64 0.0
74 65 0.000223879204731
74 66 0.0
74 67 0.000398007475078
74 68 0.0
74 69 9.95018687695e-05
74 70 0.0
74 71 6.21886679809e-06
74 72 0.0
74 73 2.48754671924e-05
74 74 0.0
74 75 0.0
74 76 0.0
74 77 6.21886679809e-06
74 78 0.0
74 79 0.0
74 80 0.0
74 81 0.0
74 82 0.0
74 83 0.0
74 84 0.0
74 85 2.48754671924e-05
74 86 0.0
74 87 2.48754671924e-05
74 88 0.0
74 89 2.48754671924e-05
74 90 0.0
74 91 2.48754671924e-05
74 92 0.0
74 93 2.48754671924e-05
74 94 0.0
74 95 6.21886679809e-06
74 96 0.0
74 97 6.21886679809e-06
74 98 0.0
74 99 0.0
74 100 0.0
74 101 6.21886679809e-06
74 102 0.0
74 103 0.0
74 104 0.0
74 105 0.0
74 106 0.0
74 107 0.0
74 108 0.0
74 109 0.0
74 110 0.0
74 111 0.0
74 112 0.0
74 113 0.0
74 114 0.0
74 115 0.0
74 116 0.0
74 117 0.0
74 118 0.0
74 119 0.0
74 120 0.0
74 121 0.0
74 122 0.0
74 123 0.0
74 124 0.0
74 125 0.0
74 126 0.0
74 127 0.0
74 128 0.0
74 129 0.0
74 130 0.0
74 131 0.0
74 132 0.0
74 133 0.0
74 134 0.0
74 135 0.0
74 136 0.0
74 137 0.0
74 138 0.0
74 139 0.0
74 140 0.0
74 141 0.0
74 142 0.0
74 143 0.0
74 144 0.0
74 145 0.0
74 146 0.0
74 147 0.0
74 148 0.0
74 149 0.0
74 150 0.0
74 151 0.0
74 152 0.0
74 153 0.0
74 154 0.0
74 155 0.0
74 156 0.0
74 157 0.0
74 158 0.0
74 159 0.0
74 160 0.0
74 161 0.0
74 162 0.0
74 163 0.0
74 164 0.0
74 165 0.0
74 166 0.0
74 167 0.0
74 168 0.0
74 169 0.0
74 170 0.0
74 171 0.0
74 172 0.0
74 173 0.0
74 174 0.0
74 175 0.0
74 176 0.0
74 177 0.0
74 178 0.0
74 179 0.0
74 180 0.0
74 181 0.0
74 182 0.0
74 183 0.0
74 184 0.0
74 185 0.0
74 186 0.0
74 187 0.0
74 188 0.0
74 189 0.0
74 190 0.0
74 191 0.0
74 192 0.0
74 193 0.0
74 194 0.0
74 195 0.0
74 196 0.0
74 197 0.0
74 198 0.0
74 199 0.0
74 200 0.0
74 201 0.0
74 202 0.0
74 203 0.0
74 204 0.0
74 205 0.0
74 206 0.0
74 207 0.0
74 208 0.0
74 209 0.0
74 210 0.0
74 211 0.0
74 212 0.0
74 213 0.0
74 214 0.0
74 215 0.0
74 216 0.0
74 217 0.0
74 218 0.0
74 219 0.0
74 220 0.0
74 221 0.0
74 222 0.0
74 223 0.0
74 224 0.0
74 225 0.0
74 226 0.0
74 227 0.0
74 228 0.0
74 229 0.0
74 230 0.0
74 231 0.0
74 232 0.0
74 233 0.0
74 234 0.0
74 235 0.0
74 236 0.0
74 237 0.0
74 238 0.0
74 239 0.0
74 240 0.0
74 241 0.0
74 242 0.0
74 243 0.0
74 244 0.0
74 245 0.0
74 246 0.0
74 247 0.0
74 248 0.0
74 249 0.0
74 250 0.0
74 251 0.0
74 252 0.0
74 253 0.0
74 254 0.0
74 255 0.0
74 256 0.0
74 257 0.0
74 258 0.0
74 259 0.0
74 260 0.0
74 261 0.0
74 262 0.0
74 263 0.0
74 264 0.0
74 265 0.0
74 266 0.0
74 267 0.0
74 268 0.0
74 269 0.0
74 270 0.0
74 271 0.0
74 272 0.0
74 273 0.0
74 274 0.0
74 275 0.0
74 276 0.0
74 277 0.0
74 278 0.0
74 279 0.0
74 280 0.0
74 281 0.0
74 282 0.0
74 283 0.0
74 284 0.0
74 285 0.0
74 286 0.0
74 287 0.0
74 288 0.0
74 289 0.0
74 290 0.0
74 291 0.0
74 292 0.0
74 293 0.0
74 294 0.0
74 295 0.0
74 296 0.0
74 297 0.0
74 298 0.0
74 299 0.0
74 300 0.0
74 301 0.0
74 302 0.0
74 303 0.0
74 304 0.0
74 305 0.0
74 306 0.0
74 307 0.0
74 308 0.0
74 309 0.0
74 310 0.0
74 311 0.0
74 312 0.0
74 313 0.0
74 314 0.0
74 315 0.0
74 316 0.0
74 317 0.0
74 318 0.0
74 319 6.21886679809e-06
74 320 0.0
74 321 0.0
74 322 0.0
74 323 6.21886679809e-06
74 324 0.0
74 325 6.21886679809e-06
74 326 0.0
74 327 5.59698011828e-05
74 328 0.0
74 329 6.21886679809e-06
74 330 0.0
74 331 6.21886679809e-06
74 332 0.0
74 333 6.21886679809e-06
74 334 0.0
74 335 6.21886679809e-06
74 336 0.0
74 337 0.0
74 338 0.0
74 339 0.0
74 340 0.0
74 341 0.000304724473107
74 342 0.0
74 343 0.00139924502957
74 344 0.0
74 345 0.000304724473107
74 346 0.0
74 347 9.95018687695e-05
74 348 0.0
74 349 0.000895516818925
74 350 0.0
74 351 0.000621886679809
74 352 0.0
74 353 0.000155471669952
74 354 0.0
74 355 6.21886679809e-06
74 356 0.0
74 357 0.0
74 358 0.0
74 359 0.0
74 360 0.0
74 361 0.0
74 362 0.0
74 363 2.48754671924e-05
74 364 0.0
74 365 6.21886679809e-06
74 366 0.0
74 367 0.000223879204731
74 368 0.0
74 369 9.95018687695e-05
74 370 0.0
74 371 0.000304724473107
74 372 0.0
74 373 0.000155471669952
74 374 0.0
74 375 9.95018687695e-05
74 376 0.0
74 377 2.48754671924e-05
74 378 0.0
74 379 0.0
74 380 0.0
74 381 5.59698011828e-05
74 382 0.0
74 383 2.48754671924e-05
74 384 0.0
74 385 5.59698011828e-05
74 386 0.0
74 387 2.48754671924e-05
74 388 0.0
74 389 0.0
74 390 0.0
74 391 9.95018687695e-05
74 392 0.0
74 393 6.21886679809e-06
74 394 0.0
74 395 5.59698011828e-05
74 396 0.0
74 397 5.59698011828e-05
74 398 0.0
74 399 2.48754671924e-05
74 400 0.0
75 0 0.0
75 1 2.48754671924e-05
75 2 0.0
75 3 0.0
75 4 0.0
75 5 0.000223879204731
75 6 0.0
75 7 0.000398007475078
75 8 0.0
75 9 5.59698011828e-05
75 10 6.21886679809e-06
75 11 0.000398007475078
75 12 0.0
75 13 5.59698011828e-05
75 14 0.0
75 15 2.48754671924e-05
75 16 0.0
75 17 0.000155471669952
75 18 0.0
75 19 6.21886679809e-06
75 20 0.0
75 21 2.48754671924e-05
75 22 0.0
75 23 6.21886679809e-06
75 24 0.0
75 25 6.21886679809e-06
75 26 0.0
75 27 6.21886679809e-06
75 28 0.0
75 29 0.000304724473107
75 30 0.0
75 31 9.95018687695e-05
75 32 0.0
75 33 2.48754671924e-05
75 34 0.0
75 35 6.21886679809e-06
75 36 0.0
75 37 0.000621886679809
75 38 0.0
75 39 0.000223879204731
75 40 0.0
75 41 6.21886679809e-06
75 42 0.0
75 43 5.59698011828e-05
75 44 0.0
75 45 0.0
75 46 0.0
75 47 6.21886679809e-06
75 48 0.0
75 49 0.0
75 50 0.0
75 51 0.0
75 52 0.0
75 53 0.0
75 54 0.0
75 55 6.21886679809e-06
75 56 0.0
75 57 9.95018687695e-05
75 58 0.0
75 59 0.000155471669952
75 60 6.21886679809e-06
75 61 0.00159202990031
75 62 6.21886679809e-06
75 63 0.000155471669952
75 64 0.0
75 65 0.000304724473107
75 66 6.21886679809e-06
75 67 0.000304724473107
75 68 0.0
75 69 9.95018687695e-05
75 70 0.0
75 71 2.48754671924e-05
75 72 0.0
75 73 2.48754671924e-05
75 74 0.0
75 75 0.0
75 76 0.0
75 77 6.21886679809e-06
75 78 0.0
75 79 0.0
75 80 0.0
75 81 0.0
75 82 0.0
75 83 0.0
75 84 0.0
75 85 2.48754671924e-05
75 86 6.21886679809e-06
75 87 6.21886679809e-06
75 88 0.000155471669952
75 89 0.000503728210645
75 90 0.000503728210645
75 91 9.95018687695e-05
75 92 0.000503728210645
75 93 0.000752482882569
75 94 0.000223879204731
75 95 2.48754671924e-05
75 96 9.95018687695e-05
75 97 0.000155471669952
75 98 0.000155471669952
75 99 0.000223879204731
75 100 5.59698011828e-05
75 101 9.95018687695e-05
75 102 9.95018687695e-05
75 103 9.95018687695e-05
75 104 9.95018687695e-05
75 105 9.95018687695e-05
75 106 9.95018687695e-05
75 107 9.95018687695e-05
75 108 9.95018687695e-05
75 109 9.95018687695e-05
75 110 9.95018687695e-05
75 111 9.95018687695e-05
75 112 9.95018687695e-05
75 113 9.95018687695e-05
75 114 9.95018687695e-05
75 115 9.95018687695e-05
75 116 9.95018687695e-05
75 117 9.95018687695e-05
75 118 9.95018687695e-05
75 119 9.95018687695e-05
75 120 9.95018687695e-05
75 121 9.95018687695e-05
75 122 9.95018687695e-05
75 123 9.95018687695e-05
75 124 9.95018687695e-05
75 125 9.95018687695e-05
75 126 9.95018687695e-05
75 127 9.95018687695e-05
75 128 9.95018687695e-05
75 129 9.95018687695e-05
75 130 9.95018687695e-05
75 131 9.95018687695e-05
75 132 9.95018687695e-05
75 133 9.95018687695e-05
75 134 9.95018687695e-05
75 135 9.95018687695e-05
75 136 9.95018687695e-05
75 137 9.95018687695e-05
75 138 9.95018687695e-05
75 139 9.95018687695e-05
75 140 9.95018687695e-05
75 141 9.95018687695e-05
75 142 9.95018687695e-05
75 143 9.95018687695e-05
75 144 9.95018687695e-05
75 145 9.95018687695e-05
75 146 9.95018687695e-05
75 147 9.95018687695e-05
75 148 9.95018687695e-05
75 149 9.95018687695e-05
75 150 9.95018687695e-05
75 151 9.95018687695e-05
75 152 9.95018687695e-05
75 153 9.95018687695e-05
75 154 9.95018687695e-05
75 155 9.95018687695e-05
75 156 9.95018687695e-05
75 157 9.95018687695e-05
75 158 9.95018687695e-05
75 159 9.95018687695e-05
75 160 9.95018687695e-05
75 161 9.95018687695e-05
75 162 9.95018687695e-05
75 163 9.95018687695e-05
75 164 9.95018687695e-05
75 165 9.95018687695e-05
75 166 9.95018687695e-05
75 167 9.95018687695e-05
75 168 9.95018687695e-05
75 169 9.95018687695e-05
75 170 9.95018687695e-05
75 171 9.95018687695e-05
75 172 9.95018687695e-05
75 173 9.95018687695e-05
75 174 9.95018687695e-05
75 175 9.95018687695e-05
75 176 9.95018687695e-05
75 177 9.95018687695e-05
75 178 9.95018687695e-05
75 179 9.95018687695e-05
75 180 9.95018687695e-05
75 181 9.95018687695e-05
75 182 9.95018687695e-05
75 183 9.95018687695e-05
75 184 9.95018687695e-05
75 185 9.95018687695e-05
75 186 9.95018687695e-05
75 187 9.95018687695e-05
75 188 9.95018687695e-05
75 189 9.95018687695e-05
75 190 9.95018687695e-05
75 191 9.95018687695e-05
75 192 9.95018687695e-05
75 193 9.95018687695e-05
75 194 9.95018687695e-05
75 195 9.95018687695e-05
75 196 9.95018687695e-05
75 197 9.95018687695e-05
75 198 9.95018687695e-05
75 199 9.95018687695e-05
75 200 9.95018687695e-05
75 201 9.95018687695e-05
75 202 9.95018687695e-05
75 203 9.95018687695e-05
75 204 9.95018687695e-05
75 205 9.95018687695e-05
75 206 9.95018687695e-05
75 207 9.95018687695e-05
75 208 9.95018687695e-05
75 209 9.95018687695e-05
75 210 9.95018687695e-05
75 211 9.95018687695e-05
75 212 9.95018687695e-05
75 213 9.95018687695e-05
75 214 9.95018687695e-05
75 215 9.95018687695e-05
75 216 9.95018687695e-05
75 217 9.95018687695e-05
75 218 9.95018687695e-05
75 219 9.95018687695e-05
75 220 9.95018687695e-05
75 221 9.95018687695e-05
75 222 9.95018687695e-05
75 223 9.95018687695e-05
75 224 9.95018687695e-05
75 225 9.95018687695e-05
75 226 9.95018687695e-05
75 227 9.95018687695e-05
75 228 9.95018687695e-05
75 229 9.95018687695e-05
75 230 9.95018687695e-05
75 231 9.95018687695e-05
75 232 9.95018687695e-05
75 233 9.95018687695e-05
75 234 9.95018687695e-05
75 235 9.95018687695e-05
75 236 9.95018687695e-05
75 237 9.95018687695e-05
75 238 9.95018687695e-05
75 239 9.95018687695e-05
75 240 9.95018687695e-05
75 241 9.95018687695e-05
75 242 9.95018687695e-05
75 243 9.95018687695e-05
75 244 9.95018687695e-05
75 245 9.95018687695e-05
75 246 9.95018687695e-05
75 247 9.95018687695e-05
75 248 9.95018687695e-05
75 249 9.95018687695e-05
75 250 9.95018687695e-05
75 251 9.95018687695e-05
75 252 9.95018687695e-05
75 253 9.95018687695e-05
75 254 9.95018687695e-05
75 255 9.95018687695e-05
75 256 9.95018687695e-05
75 257 9.95018687695e-05
75 258 9.95018687695e-05
75 259 9.95018687695e-05
75 260 9.95018687695e-05
75 261 9.95018687695e-05
75 262 9.95018687695e-05
75 263 9.95018687695e-05
75 264 9.95018687695e-05
75 265 9.95018687695e-05
75 266 9.95018687695e-05
75 267 9.95018687695e-05
75 268 9.95018687695e-05
75 269 9.95018687695e-05
75 270 9.95018687695e-05
75 271 9.95018687695e-05
75 272 9.95018687695e-05
75 273 9.95018687695e-05
75 274 9.95018687695e-05
75 275 9.95018687695e-05
75 276 9.95018687695e-05
75 277 9.95018687695e-05
75 278 9.95018687695e-05
75 279 9.95018687695e-05
75 280 9.95018687695e-05
75 281 9.95018687695e-05
75 282 9.95018687695e-05
75 283 9.95018687695e-05
75 284 9.95018687695e-05
75 285 9.95018687695e-05
75 286 9.95018687695e-05
75 287 9.95018687695e-05
75 288 9.95018687695e-05
75 289 9.95018687695e-05
75 290 9.95018687695e-05
75 291 9.95018687695e-05
75 292 9.95018687695e-05
75 293 9.95018687695e-05
75 294 9.95018687695e-05
75 295 9.95018687695e-05
75 296 9.95018687695e-05
75 297 9.95018687695e-05
75 298 9.95018687695e-05
75 299 9.95018687695e-05
75 300 9.95018687695e-05
75 301 9.95018687695e-05
75 302 9.95018687695e-05
75 303 9.95018687695e-05
75 304 9.95018687695e-05
75 305 9.95018687695e-05
75 306 9.95018687695e-05
75 307 9.95018687695e-05
75 308 9.95018687695e-05
75 309 9.95018687695e-05
75 310 9.95018687695e-05
75 311 9.95018687695e-05
75 312 9.95018687695e-05
75 313 9.95018687695e-05
75 314 9.95018687695e-05
75 315 9.95018687695e-05
75 316 9.95018687695e-05
75 317 9.95018687695e-05
75 318 9.95018687695e-05
75 319 5.59698011828e-05
75 320 9.95018687695e-05
75 321 0.000304724473107
75 322 6.21886679809e-06
75 323 2.48754671924e-05
75 324 0.000398007475078
75 325 5.59698011828e-05
75 326 0.000223879204731
75 327 0.000398007475078
75 328 0.0
75 329 2.48754671924e-05
75 330 6.21886679809e-06
75 331 6.21886679809e-06
75 332 0.0
75 333 6.21886679809e-06
75 334 6.21886679809e-06
75 335 2.48754671924e-05
75 336 0.0
75 337 0.0
75 338 0.0
75 339 0.0
75 340 0.0
75 341 0.000304724473107
75 342 0.0
75 343 0.00139924502957
75 344 0.0
75 345 0.000304724473107
75 346 0.0
75 347 9.95018687695e-05
75 348 0.0
75 349 0.000895516818925
75 350 0.0
75 351 0.000621886679809
75 352 0.0
75 353 0.000155471669952
75 354 0.0
75 355 6.21886679809e-06
75 356 0.0
75 357 0.0
75 358 0.0
75 359 0.0
75 360 0.0
75 361 0.0
75 362 0.0
75 363 2.48754671924e-05
75 364 0.0
75 365 6.21886679809e-06
75 366 0.0
75 367 0.000223879204731
75 368 0.0
75 369 9.95018687695e-05
75 370 0.0
75 371 0.000304724473107
75 372 0.0
75 373 9.95018687695e-05
75 374 6.21886679809e-06
75 375 0.000155471669952
75 376 0.0
75 377 2.48754671924e-05
75 378 0.0
75 379 0.0
75 380 0.0
75 381 5.59698011828e-05
75 382 0.0
75 383 2.48754671924e-05
75 384 0.0
75 385 5.59698011828e-05
75 386 0.0
75 387 2.48754671924e-05
75 388 0.0
75 389 0.0
75 390 0.0
75 391 5.59698011828e-05
75 392 6.21886679809e-06
75 393 6.21886679809e-06
75 394 0.0
75 395 5.59698011828e-05
75 396 0.0
75 397 5.59698011828e-05
75 398 0.0
75 399 2.48754671924e-05
75 400 0.0
76 0 0.0
76 1 2.48754671924e-05
76 2 0.0
76 3 0.0
76 4 0.0
76 5 0.000223879204731
76 6 0.0
76 7 0.000304724473107
76 8 0.0
76 9 2.48754671924e-05
76 10 0.0
76 11 0.000398007475078
76 12 0.0
76 13 5.59698011828e-05
76 14 0.0
76 15 2.48754671924e-05
76 16 0.0
76 17 0.000155471669952
76 18 0.0
76 19 6.21886679809e-06
76 20 0.0
76 21 2.48754671924e-05
76 22 0.0
76 23 6.21886679809e-06
76 24 0.0
76 25 6.21886679809e-06
76 26 0.0
76 27 6.21886679809e-06
76 28 0.0
76 29 0.000304724473107
76 30 0.0
76 31 9.95018687695e-05
76 32 0.0
76 33 2.48754671924e-05
76 34 0.0
76 35 6.21886679809e-06
76 36 0.0
76 37 0.000621886679809
76 38 0.0
76 39 0.000223879204731
76 40 0.0
76 41 6.21886679809e-06
76 42 0.0
76 43 5.59698011828e-05
76 44 0.0
76 45 0.0
76 46 0.0
76 47 6.21886679809e-06
76 48 0.0
76 49 0.0
76 50 0.0
76 51 0.0
76 52 0.0
76 53 0.0
76 54 0.0
76 55 6.21886679809e-06
76 56 0.0
76 57 9.95018687695e-05
76 58 0.0
76 59 0.000155471669952
76 60 0.0
76 61 0.00121889789243
76 62 0.0
76 63 0.000155471669952
76 64 0.0
76 65 0.000223879204731
76 66 0.0
76 67 0.000398007475078
76 68 0.0
76 69 9.95018687695e-05
76 70 0.0
76 71 6.21886679809e-06
76 72 0.0
76 73 2.48754671924e-05
76 74 0.0
76 75 0.0
76 76 0.0
76 77 6.21886679809e-06
76 78 0.0
76 79 0.0
76 80 0.0
76 81 0.0
76 82 0.0
76 83 0.0
76 84 0.0
76 85 6.21886679809e-06
76 86 0.0
76 87 0.0
76 88 0.0
76 89 6.21886679809e-06
76 90 0.0
76 91 0.000621886679809
76 92 0.0
76 93 0.000155471669952
76 94 0.0
76 95 0.000155471669952
76 96 0.0
76 97 0.0
76 98 0.0
76 99 6.21886679809e-06
76 100 0.0
76 101 0.0
76 102 0.0
76 103 0.0
76 104 0.0
76 105 0.0
76 106 0.0
76 107 0.0
76 108 0.0
76 109 0.0
76 110 0.0
76 111 0.0
76 112 0.0
76 113 0.0
76 114 0.0
76 115 0.0
76 116 0.0
76 117 0.0
76 118 0.0
76 119 0.0
76 120 0.0
76 121 0.0
76 122 0.0
76 123 0.0
76 124 0.0
76 125 0.0
76 126 0.0
76 127 0.0
76 128 0.0
76 129 0.0
76 130 0.0
76 131 0.0
76 132 0.0
76 133 0.0
76 134 0.0
76 135 0.0
76 136 0.0
76 137 0.0
76 138 0.0
76 139 0.0
76 140 0.0
76 141 0.0
76 142 0.0
76 143 0.0
76 144 0.0
76 145 0.0
76 146 0.0
76 147 0.0
76 148 0.0
76 149 0.0
76 150 0.0
76 151 0.0
76 152 0.0
76 153 0.0
76 154 0.0
76 155 0.0
76 156 0.0
76 157 0.0
76 158 0.0
76 159 0.0
76 160 0.0
76 161 0.0
76 162 0.0
76 163 0.0
76 164 0.0
76 165 0.0
76 166 0.0
76 167 0.0
76 168 0.0
76 169 0.0
76 170 0.0
76 171 0.0
76 172 0.0
76 173 0.0
76 174 0.0
76 175 0.0
76 176 0.0
76 177 0.0
76 178 0.0
76 179 0.0
76 180 0.0
76 181 0.0
76 182 0.0
76 183 0.0
76 184 0.0
76 185 0.0
76 186 0.0
76 187 0.0
76 188 0.0
76 189 0.0
76 190 0.0
76 191 0.0
76 192 0.0
76 193 0.0
76 194 0.0
76 195 0.0
76 196 0.0
76 197 0.0
76 198 0.0
76 199 0.0
76 200 0.0
76 201 0.0
76 202 0.0
76 203 0.0
76 204 0.0
76 205 0.0
76 206 0.0
76 207 0.0
76 208 0.0
76 209 0.0
76 210 0.0
76 211 0.0
76 212 0.0
76 213 0.0
76 214 0.0
76 215 0.0
76 216 0.0
76 217 0.0
76 218 0.0
76 219 0.0
76 220 0.0
76 221 0.0
76 222 0.0
76 223 0.0
76 224 0.0
76 225 0.0
76 226 0.0
76 227 0.0
76 228 0.0
76 229 0.0
76 230 0.0
76 231 0.0
76 232 0.0
76 233 0.0
76 234 0.0
76 235 0.0
76 236 0.0
76 237 0.0
76 238 0.0
76 239 0.0
76 240 0.0
76 241 0.0
76 242 0.0
76 243 0.0
76 244 0.0
76 245 0.0
76 246 0.0
76 247 0.0
76 248 0.0
76 249 0.0
76 250 0.0
76 251 0.0
76 252 0.0
76 253 0.0
76 254 0.0
76 255 0.0
76 256 0.0
76 257 0.0
76 258 0.0
76 259 0.0
76 260 0.0
76 261 0.0
76 262 0.0
76 263 0.0
76 264 0.0
76 265 0.0
76 266 0.0
76 267 0.0
76 268 0.0
76 269 0.0
76 270 0.0
76 271 0.0
76 272 0.0
76 273 0.0
76 274 0.0
76 275 0.0
76 276 0.0
76 277 0.0
76 278 0.0
76 279 0.0
76 280 0.0
76 281 0.0
76 282 0.0
76 283 0.0
76 284 0.0
76 285 0.0
76 286 0.0
76 287 0.0
76 288 0.0
76 289 0.0
76 290 0.0
76 291 0.0
76 292 0.0
76 293 0.0
76 294 0.0
76 295 0.0
76 296 0.0
76 297 0.0
76 298 0.0
76 299 0.0
76 300 0.0
76 301 0.0
76 302 0.0
76 303 0.0
76 304 0.0
76 305 0.0
76 306 0.0
76 307 0.0
76 308 0.0
76 309 0.0
76 310 0.0
76 311 0.0
76 312 0.0
76 313 0.0
76 314 0.0
76 315 0.0
76 316 0.0
76 317 0.0
76 318 0.0
76 319 2.48754671924e-05
76 320 0.0
76 321 0.000304724473107
76 322 0.0
76 323 0.000398007475078
76 324 0.0
76 325 0.000895516818925
76 326 0.0
76 327 0.000503728210645
76 328 0.0
76 329 0.000155471669952
76 330 0.0
76 331 6.21886679809e-06
76 332 0.0
76 333 6.21886679809e-06
76 334 0.0
76 335 2.48754671924e-05
76 336 0.0
76 337 0.0
76 338 0.0
76 339 0.0
76 340 0.0
76 341 0.000304724473107
76 342 0.0
76 343 0.00139924502957
76 344 0.0
76 345 0.000304724473107
76 346 0.0
76 347 9.95018687695e-05
76 348 0.0
76 349 0.000895516818925
76 350 0.0
76 351 0.000621886679809
76 352 0.0
76 353 0.000155471669952
76 354 0.0
76 355 6.21886679809e-06
76 356 0.0
76 357 0.0
76 358 0.0
76 359 0.0
76 360 0.0
76 361 0.0
76 362 0.0
76 363 2.48754671924e-05
76 364 0.0
76 365 6.21886679809e-06
76 366 0.0
76 367 0.000223879204731
76 368 0.0
76 369 9.95018687695e-05
76 370 0.0
76 371 0.000304724473107
76 372 0.0
76 373 0.000155471669952
76 374 0.0
76 375 9.95018687695e-05
76 376 0.0
76 377 2.48754671924e-05
76 378 0.0
76 379 0.0
76 380 0.0
76 381 5.59698011828e-05
76 382 0.0
76 383 2.48754671924e-05
76 384 0.0
76 385 5.59698011828e-05
76 386 0.0
76 387 2.48754671924e-05
76 388 0.0
76 389 0.0
76 390 0.0
76 391 9.95018687695e-05
76 392 0.0
76 393 6.21886679809e-06
76 394 0.0
76 395 5.59698011828e-05
76 396 0.0
76 397 5.59698011828e-05
76 398 0.0
76 399 2.48754671924e-05
76 400 0.0
77 0 0.0
77 1 5.59698011828e-05
77 2 6.21886679809e-06
77 3 6.21886679809e-06
77 4 6.21886679809e-06
77 5 0.000155471669952
77 6 6.21886679809e-06
77 7 0.000155471669952
77 8 6.21886679809e-06
77 9 5.59698011828e-05
77 10 0.0
77 11 0.000398007475078
77 12 0.0
77 13 2.48754671924e-05
77 14 0.0
77 15 2.48754671924e-05
77 16 0.0
77 17 0.000155471669952
77 18 0.0
77 19 6.21886679809e-06
77 20 0.0
77 21 2.48754671924e-05
77 22 0.0
77 23 6.21886679809e-06
77 24 0.0
77 25 6.21886679809e-06
77 26 0.0
77 27 6.21886679809e-06
77 28 0.0
77 29 0.000304724473107
77 30 0.0
77 31 9.95018687695e-05
77 32 0.0
77 33 2.48754671924e-05
77 34 0.0
77 35 6.21886679809e-06
77 36 0.0
77 37 0.000621886679809
77 38 0.0
77 39 0.000223879204731
77 40 0.0
77 41 6.21886679809e-06
77 42 0.0
77 43 5.59698011828e-05
77 44 0.0
77 45 0.0
77 46 0.0
77 47 6.21886679809e-06
77 48 0.0
77 49 0.0
77 50 0.0
77 51 0.0
77 52 0.0
77 53 0.0
77 54 0.0
77 55 6.21886679809e-06
77 56 0.0
77 57 9.95018687695e-05
77 58 0.0
77 59 0.000155471669952
77 60 0.0
77 61 0.00121889789243
77 62 0.0
77 63 0.000155471669952
77 64 0.0
77 65 0.000223879204731
77 66 0.0
77 67 0.000398007475078
77 68 0.0
77 69 0.000155471669952
77 70 6.21886679809e-06
77 71 2.48754671924e-05
77 72 0.0
77 73 2.48754671924e-05
77 74 0.0
77 75 0.0
77 76 0.0
77 77 6.21886679809e-06
77 78 0.0
77 79 0.0
77 80 0.0
77 81 0.0
77 82 0.0
77 83 0.0
77 84 0.0
77 85 0.0
77 86 6.21886679809e-06
77 87 6.21886679809e-06
77 88 2.48754671924e-05
77 89 0.000752482882569
77 90 0.00121889789243
77 91 0.00677234594312
77 92 0.00201491284258
77 93 0.000155471669952
77 94 0.00105098848888
77 95 0.00121889789243
77 96 0.000398007475078
77 97 9.95018687695e-05
77 98 0.000155471669952
77 99 0.000304724473107
77 100 0.000304724473107
77 101 0.000304724473107
77 102 0.000304724473107
77 103 0.000304724473107
77 104 0.000304724473107
77 105 0.000304724473107
77 106 0.000304724473107
77 107 0.000304724473107
77 108 0.000304724473107
77 109 0.000304724473107
77 110 0.000304724473107
77 111 0.000304724473107
77 112 0.000304724473107
77 113 0.000304724473107
77 114 0.000304724473107
77 115 0.000304724473107
77 116 0.000304724473107
77 117 0.000304724473107
77 118 0.000304724473107
77 119 0.000304724473107
77 120 0.000304724473107
77 121 0.000304724473107
77 122 0.000304724473107
77 123 0.000304724473107
77 124 0.000304724473107
77 125 0.000304724473107
77 126 0.000304724473107
77 127 0.000304724473107
77 128 0.000304724473107
77 129 0.000304724473107
77 130 0.000304724473107
77 131 0.000304724473107
77 132 0.000304724473107
77 133 0.000304724473107
77 134 0.000304724473107
77 135 0.000304724473107
77 136 0.000304724473107
77 137 0.000304724473107
77 138 0.000304724473107
77 139 0.000304724473107
77 140 0.000304724473107
77 141 0.000304724473107
77 142 0.000304724473107
77 143 0.000304724473107
77 144 0.000304724473107
77 145 0.000304724473107
77 146 0.000304724473107
77 147 0.000304724473107
77 148 0.000304724473107
77 149 0.000304724473107
77 150 0.000304724473107
77 151 0.000304724473107
77 152 0.000304724473107
77 153 0.000304724473107
77 154 0.000304724473107
77 155 0.000304724473107
77 156 0.000304724473107
77 157 0.000304724473107
77 158 0.000304724473107
77 159 0.000304724473107
77 160 0.000304724473107
77 161 0.000304724473107
77 162 0.000304724473107
77 163 0.000304724473107
77 164 0.000304724473107
77 165 0.000304724473107
77 166 0.000304724473107
77 167 0.000304724473107
77 168 0.000304724473107
77 169 0.000304724473107
77 170 0.000304724473107
77 171 0.000304724473107
77 172 0.000304724473107
77 173 0.000304724473107
77 174 0.000304724473107
77 175 0.000304724473107
77 176 0.000304724473107
77 177 0.000304724473107
77 178 0.000304724473107
77 179 0.000304724473107
77 180 0.000304724473107
77 181 0.000304724473107
77 182 0.000304724473107
77 183 0.000304724473107
77 184 0.000304724473107
77 185 0.000304724473107
77 186 0.000304724473107
77 187 0.000304724473107
77 188 0.000304724473107
77 189 0.000304724473107
77 190 0.000304724473107
77 191 0.000304724473107
77 192 0.000304724473107
77 193 0.000304724473107
77 194 0.000304724473107
77 195 0.000304724473107
77 196 0.000304724473107
77 197 0.000304724473107
77 198 0.000304724473107
77 199 0.000304724473107
77 200 0.000304724473107
77 201 0.000304724473107
77 202 0.000304724473107
77 203 0.000304724473107
77 204 0.000304724473107
77 205 0.000304724473107
77 206 0.000304724473107
77 207 0.000304724473107
77 208 0.000304724473107
77 209 0.000304724473107
77 210 0.000304724473107
77 211 0.000304724473107
77 212 0.000304724473107
77 213 0.000304724473107
77 214 0.000304724473107
77 215 0.000304724473107
77 216 0.000304724473107
77 217 0.000304724473107
77 218 0.000304724473107
77 219 0.000304724473107
77 220 0.000304724473107
77 221 0.000304724473107
77 222 0.000304724473107
77 223 0.000304724473107
77 224 0.000304724473107
77 225 0.000304724473107
77 226 0.000304724473107
77 227 0.000304724473107
77 228 0.000304724473107
77 229 0.000304724473107
77 230 0.000304724473107
77 231 0.000304724473107
77 232 0.000304724473107
77 233 0.000304724473107
77 234 0.000304724473107
77 235 0.000304724473107
77 236 0.000304724473107
77 237 0.000304724473107
77 238 0.000304724473107
77 239 0.000304724473107
77 240 0.000304724473107
77 241 0.000304724473107
77 242 0.000304724473107
77 243 0.000304724473107
77 244 0.000304724473107
77 245 0.000304724473107
77 246 0.000304724473107
77 247 0.000304724473107
77 248 0.000304724473107
77 249 0.000304724473107
77 250 0.000304724473107
77 251 0.000304724473107
77 252 0.000304724473107
77 253 0.000304724473107
77 254 0.000304724473107
77 255 0.000304724473107
77 256 0.000304724473107
77 257 0.000304724473107
77 258 0.000304724473107
77 259 0.000304724473107
77 260 0.000304724473107
77 261 0.000304724473107
77 262 0.000304724473107
77 263 0.000304724473107
77 264 0.000304724473107
77 265 0.000304724473107
77 266 0.000304724473107
77 267 0.000304724473107
77 268 0.000304724473107
77 269 0.000304724473107
77 270 0.000304724473107
77 271 0.000304724473107
77 272 0.000304724473107
77 273 0.000304724473107
77 274 0.000304724473107
77 275 0.000304724473107
77 276 0.000304724473107
77 277 0.000304724473107
77 278 0.000304724473107
77 279 0.000304724473107
77 280 0.000304724473107
77 281 0.000304724473107
77 282 0.000304724473107
77 283 0.000304724473107
77 284 0.000304724473107
77 285 0.000304724473107
77 286 0.000304724473107
77 287 0.000304724473107
77 288 0.000304724473107
77 289 0.000304724473107
77 290 0.000304724473107
77 291 0.000304724473107
77 292 0.000304724473107
77 293 0.000304724473107
77 294 0.000304724473107
77 295 0.000304724473107
77 296 0.000304724473107
77 297 0.000304724473107
77 298 0.000304724473107
77 299 0.000304724473107
77 300 0.000304724473107
77 301 0.000304724473107
77 302 0.000304724473107
77 303 0.000304724473107
77 304 0.000304724473107
77 305 0.000304724473107
77 306 0.000304724473107
77 307 0.000304724473107
77 308 0.000304724473107
77 309 0.000304724473107
77 310 0.000304724473107
77 311 0.000304724473107
77 312 0.000304724473107
77 313 0.000304724473107
77 314 0.000304724473107
77 315 0.000304724473107
77 316 0.000304724473107
77 317 0.000304724473107
77 318 0.000304724473107
77 319 0.000503728210645
77 320 0.000398007475078
77 321 5.59698011828e-05
77 322 6.21886679809e-06
77 323 0.000304724473107
77 324 0.000398007475078
77 325 0.0035820672757
77 326 2.48754671924e-05
77 327 0.000398007475078
77 328 9.95018687695e-05
77 329 0.000503728210645
77 330 6.21886679809e-06
77 331 6.21886679809e-06
77 332 0.0
77 333 6.21886679809e-06
77 334 0.0
77 335 2.48754671924e-05
77 336 0.0
77 337 0.0
77 338 0.0
77 339 0.0
77 340 0.0
77 341 0.000304724473107
77 342 0.0
77 343 0.00139924502957
77 344 0.0
77 345 0.000304724473107
77 346 0.0
77 347 9.95018687695e-05
77 348 0.0
77 349 0.000895516818925
77 350 0.0
77 351 0.000621886679809
77 352 0.0
77 353 0.000155471669952
77 354 0.0
77 355 6.21886679809e-06
77 356 0.0
77 357 0.0
77 358 0.0
77 359 0.0
77 360 0.0
77 361 0.0
77 362 0.0
77 363 2.48754671924e-05
77 364 0.0
77 365 6.21886679809e-06
77 366 0.0
77 367 0.000223879204731
77 368 0.0
77 369 9.95018687695e-05
77 370 0.0
77 371 0.000223879204731
77 372 2.48754671924e-05
77 373 9.95018687695e-05
77 374 0.0
77 375 0.000155471669952
77 376 6.21886679809e-06
77 377 6.21886679809e-06
77 378 0.0
77 379 0.0
77 380 0.0
77 381 5.59698011828e-05
77 382 0.0
77 383 2.48754671924e-05
77 384 0.0
77 385 5.59698011828e-05
77 386 0.0
77 387 2.48754671924e-05
77 388 0.0
77 389 0.0
77 390 0.0
77 391 9.95018687695e-05
77 392 0.0
77 393 6.21886679809e-06
77 394 0.0
77 395 9.95018687695e-05
77 396 6.21886679809e-06
77 397 5.59698011828e-05
77 398 0.0
77 399 2.48754671924e-05
77 400 0.0
78 0 0.0
78 1 2.48754671924e-05
78 2 0.0
78 3 0.0
78 4 0.0
78 5 0.000223879204731
78 6 0.0
78 7 0.000223879204731
78 8 0.0
78 9 2.48754671924e-05
78 10 0.0
78 11 0.000503728210645
78 12 0.0
78 13 5.59698011828e-05
78 14 0.0
78 15 2.48754671924e-05
78 16 0.0
78 17 0.000155471669952
78 18 0.0
78 19 6.21886679809e-06
78 20 0.0
78 21 2.48754671924e-05
78 22 0.0
78 23 6.21886679809e-06
78 24 0.0
78 25 6.21886679809e-06
78 26 0.0
78 27 6.21886679809e-06
78 28 0.0
78 29 0.000304724473107
78 30 0.0
78 31 9.95018687695e-05
78 32 0.0
78 33 2.48754671924e-05
78 34 0.0
78 35 6.21886679809e-06
78 36 0.0
78 37 0.000621886679809
78 38 0.0
78 39 0.000223879204731
78 40 0.0
78 41 6.21886679809e-06
78 42 0.0
78 43 5.59698011828e-05
78 44 0.0
78 45 0.0
78 46 0.0
78 47 6.21886679809e-06
78 48 0.0
78 49 0.0
78 50 0.0
78 51 0.0
78 52 0.0
78 53 0.0
78 54 0.0
78 55 6.21886679809e-06
78 56 0.0
78 57 2.48754671924e-05
78 58 0.0
78 59 0.000155471669952
78 60 0.0
78 61 0.00121889789243
78 62 0.0
78 63 0.000223879204731
78 64 0.0
78 65 0.000304724473107
78 66 0.0
78 67 0.000304724473107
78 68 0.0
78 69 9.95018687695e-05
78 70 0.0
78 71 2.48754671924e-05
78 72 0.0
78 73 2.48754671924e-05
78 74 0.0
78 75 0.0
78 76 0.0
78 77 6.21886679809e-06
78 78 0.0
78 79 0.0
78 80 0.0
78 81 0.0
78 82 0.0
78 83 0.0
78 84 0.0
78 85 9.95018687695e-05
78 86 0.0
78 87 0.000398007475078
78 88 0.0
78 89 0.000895516818925
78 90 0.0
78 91 0.00121889789243
78 92 0.0
78 93 0.000895516818925
78 94 0.0
78 95 2.48754671924e-05
78 96 0.0
78 97 0.0
78 98 0.0
78 99 0.0
78 100 0.0
78 101 0.0
78 102 0.0
78 103 0.0
78 104 0.0
78 105 0.0
78 106 0.0
78 107 0.0
78 108 0.0
78 109 0.0
78 110 0.0
78 111 0.0
78 112 0.0
78 113 0.0
78 114 0.0
78 115 0.0
78 116 0.0
78 117 0.0
78 118 0.0
78 119 0.0
78 120 0.0
78 121 0.0
78 122 0.0
78 123 0.0
78 124 0.0
78 125 0.0
78 126 0.0
78 127 0.0
78 128 0.0
78 129 0.0
78 130 0.0
78 131 0.0
78 132 0.0
78 133 0.0
78 134 0.0
78 135 0.0
78 136 0.0
78 137 0.0
78 138 0.0
78 139 0.0
78 140 0.0
78 141 0.0
78 142 0.0
78 143 0.0
78 144 0.0
78 145 0.0
78 146 0.0
78 147 0.0
78 148 0.0
78 149 0.0
78 150 0.0
78 151 0.0
78 152 0.0
78 153 0.0
78 154 0.0
78 155 0.0
78 156 0.0
78 157 0.0
78 158 0.0
78 159 0.0
78 160 0.0
78 161 0.0
78 162 0.0
78 163 0.0
78 164 0.0
78 165 0.0
78 166 0.0
78 167 0.0
78 168 0.0
78 169 0.0
78 170 0.0
78 171 0.0
78 172 0.0
78 173 0.0
78 174 0.0
78 175 0.0
78 176 0.0
78 177 0.0
78 178 0.0
78 179 0.0
78 180 0.0
78 181 0.0
78 182 0.0
78 183 0.0
78 184 0.0
78 185 0.0
78 186 0.0
78 187 0.0
78 188 0.0
78 189 0.0
78 190 0.0
78 191 0.0
78 192 0.0
78 193 0.0
78 194 0.0
78 195 0.0
78 196 0.0
78 197 0.0
78 198 0.0
78 199 0.0
78 200 0.0
78 201 0.0
78 202 0.0
78 203 0.0
78 204 0.0
78 205 0.0
78 206 0.0
78 207 0.0
78 208 0.0
78 209 0.0
78 210 0.0
78 211 0.0
78 212 0.0
78 213 0.0
78 214 0.0
78 215 0.0
78 216 0.0
78 217 0.0
78 218 0.0
78 219 0.0
78 220 0.0
78 221 0.0
78 222 0.0
78 223 0.0
78 224 0.0
78 225 0.0
78 226 0.0
78 227 0.0
78 228 0.0
78 229 0.0
78 230 0.0
78 231 0.0
78 232 0.0
78 233 0.0
78 234 0.0
78 235 0.0
78 236 0.0
78 237 0.0
78 238 0.0
78 239 0.0
78 240 0.0
78 241 0.0
78 242 0.0
78 243 0.0
78 244 0.0
78 245 0.0
78 246 0.0
78 247 0.0
78 248 0.0
78 249 0.0
78 250 0.0
78 251 0.0
78 252 0.0
78 253 0.0
78 254 0.0
78 255 0.0
78 256 0.0
78 257 0.0
78 258 0.0
78 259 0.0
78 260 0.0
78 261 0.0
78 262 0.0
78 263 0.0
78 264 0.0
78 265 0.0
78 266 0.0
78 267 0.0
78 268 0.0
78 269 0.0
78 270 0.0
78 271 0.0
78 272 0.0
78 273 0.0
78 274 0.0
78 275 0.0
78 276 0.0
78 277 0.0
78 278 0.0
78 279 0.0
78 280 0.0
78 281 0.0
78 282 0.0
78 283 0.0
78 284 0.0
78 285 0.0
78 286 0.0
78 287 0.0
78 288 0.0
78 289 0.0
78 290 0.0
78 291 0.0
78 292 0.0
78 293 0.0
78 294 0.0
78 295 0.0
78 296 0.0
78 297 0.0
78 298 0.0
78 299 0.0
78 300 0.0
78 301 0.0
78 302 0.0
78 303 0.0
78 304 0.0
78 305 0.0
78 306 0.0
78 307 0.0
78 308 0.0
78 309 0.0
78 310 0.0
78 311 0.0
78 312 0.0
78 313 0.0
78 314 0.0
78 315 0.0
78 316 0.0
78 317 0.0
78 318 0.0
78 319 6.21886679809e-06
78 320 0.0
78 321 0.0
78 322 0.0
78 323 0.0
78 324 0.0
78 325 0.00139924502957
78 326 0.0
78 327 0.00159202990031
78 328 0.0
78 329 0.000503728210645
78 330 0.0
78 331 6.21886679809e-06
78 332 0.0
78 333 0.0
78 334 0.0
78 335 6.21886679809e-06
78 336 0.0
78 337 0.0
78 338 0.0
78 339 0.0
78 340 0.0
78 341 0.000304724473107
78 342 0.0
78 343 0.00139924502957
78 344 0.0
78 345 0.000304724473107
78 346 0.0
78 347 9.95018687695e-05
78 348 0.0
78 349 0.000895516818925
78 350 0.0
78 351 0.000621886679809
78 352 0.0
78 353 0.000155471669952
78 354 0.0
78 355 6.21886679809e-06
78 356 0.0
78 357 0.0
78 358 0.0
78 359 0.0
78 360 0.0
78 361 0.0
78 362 0.0
78 363 2.48754671924e-05
78 364 0.0
78 365 6.21886679809e-06
78 366 0.0
78 367 0.000223879204731
78 368 0.0
78 369 9.95018687695e-05
78 370 0.0
78 371 0.000304724473107
78 372 0.0
78 373 0.000223879204731
78 374 0.0
78 375 5.59698011828e-05
78 376 0.0
78 377 0.0
78 378 0.0
78 379 0.0
78 380 0.0
78 381 5.59698011828e-05
78 382 0.0
78 383 2.48754671924e-05
78 384 0.0
78 385 5.59698011828e-05
78 386 0.0
78 387 2.48754671924e-05
78 388 0.0
78 389 0.0
78 390 0.0
78 391 0.000155471669952
78 392 0.0
78 393 6.21886679809e-06
78 394 0.0
78 395 9.95018687695e-05
78 396 0.0
78 397 5.59698011828e-05
78 398 0.0
78 399 6.21886679809e-06
78 400 0.0
79 0 0.0
79 1 2.48754671924e-05
79 2 0.0
79 3 6.21886679809e-06
79 4 0.0
79 5 0.000223879204731
79 6 0.0
79 7 0.000304724473107
79 8 0.0
79 9 2.48754671924e-05
79 10 0.0
79 11 0.000503728210645
79 12 0.0
79 13 5.59698011828e-05
79 14 0.0
79 15 2.48754671924e-05
79 16 0.0
79 17 0.000155471669952
79 18 0.0
79 19 6.21886679809e-06
79 20 0.0
79 21 2.48754671924e-05
79 22 0.0
79 23 6.21886679809e-06
79 24 0.0
79 25 6.21886679809e-06
79 26 0.0
79 27 6.21886679809e-06
79 28 0.0
79 29 0.000304724473107
79 30 0.0
79 31 9.95018687695e-05
79 32 0.0
79 33 2.48754671924e-05
79 34 0.0
79 35 6.21886679809e-06
79 36 0.0
79 37 0.000621886679809
79 38 0.0
79 39 0.000223879204731
79 40 0.0
79 41 6.21886679809e-06
79 42 0.0
79 43 5.59698011828e-05
79 44 0.0
79 45 0.0
79 46 0.0
79 47 6.21886679809e-06
79 48 0.0
79 49 0.0
79 50 0.0
79 51 0.0
79 52 0.0
79 53 0.0
79 54 0.0
79 55 6.21886679809e-06
79 56 0.0
79 57 6.21886679809e-06
79 58 0.0
79 59 0.000155471669952
79 60 6.21886679809e-06
79 61 0.00121889789243
79 62 6.21886679809e-06
79 63 0.000155471669952
79 64 6.21886679809e-06
79 65 0.000304724473107
79 66 0.0
79 67 0.000304724473107
79 68 0.0
79 69 0.000155471669952
79 70 0.0
79 71 2.48754671924e-05
79 72 0.0
79 73 2.48754671924e-05
79 74 0.0
79 75 0.0
79 76 0.0
79 77 6.21886679809e-06
79 78 0.0
79 79 0.0
79 80 0.0
79 81 0.0
79 82 0.0
79 83 0.0
79 84 0.0
79 85 0.000223879204731
79 86 6.21886679809e-06
79 87 0.000752482882569
79 88 0.0
79 89 0.00201491284258
79 90 5.59698011828e-05
79 91 0.000621886679809
79 92 2.48754671924e-05
79 93 2.48754671924e-05
79 94 0.000223879204731
79 95 0.000752482882569
79 96 0.000895516818925
79 97 0.000621886679809
79 98 0.000503728210645
79 99 0.000621886679809
79 100 0.000752482882569
79 101 0.000621886679809
79 102 0.000752482882569
79 103 0.000752482882569
79 104 0.000752482882569
79 105 0.000752482882569
79 106 0.000752482882569
79 107 0.000752482882569
79 108 0.000752482882569
79 109 0.000752482882569
79 110 0.000752482882569
79 111 0.000752482882569
79 112 0.000752482882569
79 113 0.000752482882569
79 114 0.000752482882569
79 115 0.000752482882569
79 116 0.000752482882569
79 117 0.000752482882569
79 118 0.000752482882569
79 119 0.000752482882569
79 120 0.000752482882569
79 121 0.000503728210645
79 122 0.000503728210645
79 123 0.000503728210645
79 124 0.000503728210645
79 125 0.000503728210645
79 126 0.000503728210645
79 127 0.000503728210645
79 128 0.000752482882569
79 129 0.000752482882569
79 130 0.000752482882569
79 131 0.000752482882569
79 132 0.000752482882569
79 133 0.000752482882569
79 134 0.000752482882569
79 135 0.000752482882569
79 136 0.000752482882569
79 137 0.000752482882569
79 138 0.000752482882569
79 139 0.000752482882569
79 140 0.000752482882569
79 141 0.000752482882569
79 142 0.000752482882569
79 143 0.000752482882569
79 144 0.000752482882569
79 145 0.000752482882569
79 146 0.000752482882569
79 147 0.000752482882569
79 148 0.000752482882569
79 149 0.000752482882569
79 150 0.000752482882569
79 151 0.000752482882569
79 152 0.000752482882569
79 153 0.000752482882569
79 154 0.000752482882569
79 155 0.000752482882569
79 156 0.000752482882569
79 157 0.000752482882569
79 158 0.000752482882569
79 159 0.000752482882569
79 160 0.000752482882569
79 161 0.000752482882569
79 162 0.000752482882569
79 163 0.000752482882569
79 164 0.000752482882569
79 165 0.000752482882569
79 166 0.000752482882569
79 167 0.000752482882569
79 168 0.000752482882569
79 169 0.000752482882569
79 170 0.000752482882569
79 171 0.000752482882569
79 172 0.000752482882569
79 173 0.000752482882569
79 174 0.000752482882569
79 175 0.000752482882569
79 176 0.000752482882569
79 177 0.000752482882569
79 178 0.000752482882569
79 179 0.000752482882569
79 180 0.000752482882569
79 181 0.000752482882569
79 182 0.000752482882569
79 183 0.000752482882569
79 184 0.000752482882569
79 185 0.000752482882569
79 186 0.000752482882569
79 187 0.000752482882569
79 188 0.000752482882569
79 189 0.000752482882569
79 190 0.000752482882569
79 191 0.000752482882569
79 192 0.000752482882569
79 193 0.000752482882569
79 194 0.000752482882569
79 195 0.000752482882569
79 196 0.000752482882569
79 197 0.000752482882569
79 198 0.000752482882569
79 199 0.000752482882569
79 200 0.000752482882569
79 201 0.000752482882569
79 202 0.000752482882569
79 203 0.000752482882569
79 204 0.000752482882569
79 205 0.000752482882569
79 206 0.000752482882569
79 207 0.000752482882569
79 208 0.000752482882569
79 209 0.000752482882569
79 210 0.000752482882569
79 211 0.000752482882569
79 212 0.000752482882569
79 213 0.000752482882569
79 214 0.000752482882569
79 215 0.000752482882569
79 216 0.000752482882569
79 217 0.000752482882569
79 218 0.000752482882569
79 219 0.000752482882569
79 220 0.000752482882569
79 221 0.000752482882569
79 222 0.000752482882569
79 223 0.000752482882569
79 224 0.000752482882569
79 225 0.000752482882569
79 226 0.000752482882569
79 227 0.000752482882569
79 228 0.000752482882569
79 229 0.000752482882569
79 230 0.000752482882569
79 231 0.000752482882569
79 232 0.000752482882569
79 233 0.000752482882569
79 234 0.000752482882569
79 235 0.000752482882569
79 236 0.000752482882569
79 237 0.000752482882569
79 238 0.000752482882569
79 239 0.000752482882569
79 240 0.000752482882569
79 241 0.000752482882569
79 242 0.000752482882569
79 243 0.000752482882569
79 244 0.000752482882569
79 245 0.000752482882569
79 246 0.000752482882569
79 247 0.000752482882569
79 248 0.000752482882569
79 249 0.000752482882569
79 250 0.000752482882569
79 251 0.000752482882569
79 252 0.000752482882569
79 253 0.000752482882569
79 254 0.000752482882569
79 255 0.000752482882569
79 256 0.000621886679809
79 257 0.000503728210645
79 258 0.000503728210645
79 259 0.000503728210645
79 260 0.000503728210645
79 261 0.000503728210645
79 262 0.000503728210645
79 263 0.000503728210645
79 264 0.000752482882569
79 265 0.000752482882569
79 266 0.000752482882569
79 267 0.000752482882569
79 268 0.000752482882569
79 269 0.000752482882569
79 270 0.000752482882569
79 271 0.000752482882569
79 272 0.000752482882569
79 273 0.000752482882569
79 274 0.000752482882569
79 275 0.000752482882569
79 276 0.000752482882569
79 277 0.000752482882569
79 278 0.000752482882569
79 279 0.000752482882569
79 280 0.000752482882569
79 281 0.000752482882569
79 282 0.000752482882569
79 283 0.000752482882569
79 284 0.000752482882569
79 285 0.000752482882569
79 286 0.000752482882569
79 287 0.000752482882569
79 288 0.000752482882569
79 289 0.000752482882569
79 290 0.000752482882569
79 291 0.000752482882569
79 292 0.000752482882569
79 293 0.000752482882569
79 294 0.000752482882569
79 295 0.000752482882569
79 296 0.000752482882569
79 297 0.000752482882569
79 298 0.000752482882569
79 299 0.000752482882569
79 300 0.000752482882569
79 301 0.000752482882569
79 302 0.000752482882569
79 303 0.000752482882569
79 304 0.000752482882569
79 305 0.000752482882569
79 306 0.000752482882569
79 307 0.000752482882569
79 308 0.000752482882569
79 309 0.000752482882569
79 310 0.000752482882569
79 311 0.000752482882569
79 312 0.000752482882569
79 313 0.000398007475078
79 314 0.000621886679809
79 315 0.000752482882569
79 316 0.000304724473107
79 317 0.000621886679809
79 318 0.000503728210645
79 319 0.000155471669952
79 320 0.000304724473107
79 321 2.48754671924e-05
79 322 5.59698011828e-05
79 323 0.0
79 324 0.0
79 325 0.00159202990031
79 326 0.000304724473107
79 327 0.00179725250465
79 328 6.21886679809e-06
79 329 0.000223879204731
79 330 6.21886679809e-06
79 331 0.0
79 332 0.0
79 333 6.21886679809e-06
79 334 6.21886679809e-06
79 335 6.21886679809e-06
79 336 0.0
79 337 0.0
79 338 0.0
79 339 0.0
79 340 0.0
79 341 0.000304724473107
79 342 0.0
79 343 0.00139924502957
79 344 0.0
79 345 0.000304724473107
79 346 0.0
79 347 9.95018687695e-05
79 348 0.0
79 349 0.000895516818925
79 350 0.0
79 351 0.000621886679809
79 352 0.0
79 353 0.000155471669952
79 354 0.0
79 355 6.21886679809e-06
79 356 0.0
79 357 0.0
79 358 0.0
79 359 0.0
79 360 0.0
79 361 0.0
79 362 0.0
79 363 2.48754671924e-05
79 364 0.0
79 365 6.21886679809e-06
79 366 0.0
79 367 0.000223879204731
79 368 0.0
79 369 9.95018687695e-05
79 370 0.0
79 371 0.000304724473107
79 372 6.21886679809e-06
79 373 0.000155471669952
79 374 6.21886679809e-06
79 375 5.59698011828e-05
79 376 0.0
79 377 2.48754671924e-05
79 378 0.0
79 379 0.0
79 380 0.0
79 381 5.59698011828e-05
79 382 0.0
79 383 2.48754671924e-05
79 384 0.0
79 385 5.59698011828e-05
79 386 0.0
79 387 2.48754671924e-05
79 388 0.0
79 389 0.0
79 390 0.0
79 391 0.000155471669952
79 392 6.21886679809e-06
79 393 6.21886679809e-06
79 394 0.0
79 395 5.59698011828e-05
79 396 6.21886679809e-06
79 397 9.95018687695e-05
79 398 0.0
79 399 6.21886679809e-06
79 400 0.0
80 0 0.0
80 1 2.48754671924e-05
80 2 0.0
80 3 6.21886679809e-06
80 4 0.0
80 5 0.000223879204731
80 6 0.0
80 7 0.000304724473107
80 8 0.0
80 9 2.48754671924e-05
80 10 0.0
80 11 0.000503728210645
80 12 0.0
80 13 5.59698011828e-05
80 14 0.0
80 15 2.48754671924e-05
80 16 0.0
80 17 0.000155471669952
80 18 0.0
80 19 6.21886679809e-06
80 20 0.0
80 21 2.48754671924e-05
80 22 0.0
80 23 6.21886679809e-06
80 24 0.0
80 25 6.21886679809e-06
80 26 0.0
80 27 6.21886679809e-06
80 28 0.0
80 29 0.000304724473107
80 30 0.0
80 31 9.95018687695e-05
80 32 0.0
80 33 2.48754671924e-05
80 34 0.0
80 35 6.21886679809e-06
80 36 0.0
80 37 0.000621886679809
80 38 0.0
80 39 0.000223879204731
80 40 0.0
80 41 6.21886679809e-06
80 42 0.0
80 43 5.59698011828e-05
80 44 0.0
80 45 0.0
80 46 0.0
80 47 6.21886679809e-06
80 48 0.0
80 49 0.0
80 50 0.0
80 51 0.0
80 52 0.0
80 53 0.0
80 54 0.0
80 55 6.21886679809e-06
80 56 0.0
80 57 6.21886679809e-06
80 58 0.0
80 59 0.000155471669952
80 60 0.0
80 61 0.00105098848888
80 62 0.0
80 63 0.000223879204731
80 64 0.0
80 65 0.000304724473107
80 66 0.0
80 67 0.000304724473107
80 68 0.0
80 69 0.000155471669952
80 70 0.0
80 71 2.48754671924e-05
80 72 0.0
80 73 2.48754671924e-05
80 74 0.0
80 75 0.0
80 76 0.0
80 77 6.21886679809e-06
80 78 0.0
80 79 0.0
80 80 0.0
80 81 0.0
80 82 0.0
80 83 0.0
80 84 0.0
80 85 0.000304724473107
80 86 0.0
80 87 0.000752482882569
80 88 0.0
80 89 0.00159202990031
80 90 0.0
80 91 0.000155471669952
80 92 0.0
80 93 2.48754671924e-05
80 94 0.0
80 95 0.000155471669952
80 96 0.0
80 97 0.0
80 98 0.0
80 99 0.0
80 100 0.0
80 101 6.21886679809e-06
80 102 0.0
80 103 0.0
80 104 0.0
80 105 0.0
80 106 0.0
80 107 0.0
80 108 0.0
80 109 0.0
80 110 0.0
80 111 0.0
80 112 0.0
80 113 0.0
80 114 0.0
80 115 0.0
80 116 0.0
80 117 0.0
80 118 0.0
80 119 0.0
80 120 0.0
80 121 0.0
80 122 0.0
80 123 0.0
80 124 0.0
80 125 0.0
80 126 0.0
80 127 0.0
80 128 0.0
80 129 0.0
80 130 0.0
80 131 0.0
80 132 0.0
80 133 0.0
80 134 0.0
80 135 0.0
80 136 0.0
80 137 0.0
80 138 0.0
80 139 0.0
80 140 0.0
80 141 0.0
80 142 0.0
80 143 0.0
80 144 0.0
80 145 0.0
80 146 0.0
80 147 0.0
80 148 0.0
80 149 0.0
80 150 0.0
80 151 0.0
80 152 0.0
80 153 0.0
80 154 0.0
80 155 0.0
80 156 0.0
80 157 0.0
80 158 0.0
80 159 0.0
80 160 0.0
80 161 0.0
80 162 0.0
80 163 0.0
80 164 0.0
80 165 0.0
80 166 0.0
80 167 0.0
80 168 0.0
80 169 0.0
80 170 0.0
80 171 0.0
80 172 0.0
80 173 0.0
80 174 0.0
80 175 0.0
80 176 0.0
80 177 0.0
80 178 0.0
80 179 0.0
80 180 0.0
80 181 0.0
80 182 0.0
80 183 0.0
80 184 0.0
80 185 0.0
80 186 0.0
80 187 0.0
80 188 0.0
80 189 0.0
80 190 0.0
80 191 0.0
80 192 0.0
80 193 0.0
80 194 0.0
80 195 0.0
80 196 0.0
80 197 0.0
80 198 0.0
80 199 0.0
80 200 0.0
80 201 0.0
80 202 0.0
80 203 0.0
80 204 0.0
80 205 0.0
80 206 0.0
80 207 0.0
80 208 0.0
80 209 0.0
80 210 0.0
80 211 0.0
80 212 0.0
80 213 0.0
80 214 0.0
80 215 0.0
80 216 0.0
80 217 0.0
80 218 0.0
80 219 0.0
80 220 0.0
80 221 0.0
80 222 0.0
80 223 0.0
80 224 0.0
80 225 0.0
80 226 0.0
80 227 0.0
80 228 0.0
80 229 0.0
80 230 0.0
80 231 0.0
80 232 0.0
80 233 0.0
80 234 0.0
80 235 0.0
80 236 0.0
80 237 0.0
80 238 0.0
80 239 0.0
80 240 0.0
80 241 0.0
80 242 0.0
80 243 0.0
80 244 0.0
80 245 0.0
80 246 0.0
80 247 0.0
80 248 0.0
80 249 0.0
80 250 0.0
80 251 0.0
80 252 0.0
80 253 0.0
80 254 0.0
80 255 0.0
80 256 0.0
80 257 0.0
80 258 0.0
80 259 0.0
80 260 0.0
80 261 0.0
80 262 0.0
80 263 0.0
80 264 0.0
80 265 0.0
80 266 0.0
80 267 0.0
80 268 0.0
80 269 0.0
80 270 0.0
80 271 0.0
80 272 0.0
80 273 0.0
80 274 0.0
80 275 0.0
80 276 0.0
80 277 0.0
80 278 0.0
80 279 0.0
80 280 0.0
80 281 0.0
80 282 0.0
80 283 0.0
80 284 0.0
80 285 0.0
80 286 0.0
80 287 0.0
80 288 0.0
80 289 0.0
80 290 0.0
80 291 0.0
80 292 0.0
80 293 0.0
80 294 0.0
80 295 0.0
80 296 0.0
80 297 0.0
80 298 0.0
80 299 0.0
80 300 0.0
80 301 0.0
80 302 0.0
80 303 0.0
80 304 0.0
80 305 0.0
80 306 0.0
80 307 0.0
80 308 0.0
80 309 0.0
80 310 0.0
80 311 0.0
80 312 0.0
80 313 5.59698011828e-05
80 314 0.0
80 315 2.48754671924e-05
80 316 0.0
80 317 2.48754671924e-05
80 318 0.0
80 319 0.0
80 320 0.0
80 321 0.000304724473107
80 322 0.0
80 323 6.21886679809e-06
80 324 0.0
80 325 0.000895516818925
80 326 0.0
80 327 0.00248754671924
80 328 0.0
80 329 0.000223879204731
80 330 0.0
80 331 6.21886679809e-06
80 332 0.0
80 333 2.48754671924e-05
80 334 0.0
80 335 0.0
80 336 0.0
80 337 0.0
80 338 0.0
80 339 0.0
80 340 0.0
80 341 0.000304724473107
80 342 0.0
80 343 0.00139924502957
80 344 0.0
80 345 0.000304724473107
80 346 0.0
80 347 9.95018687695e-05
80 348 0.0
80 349 0.000895516818925
80 350 0.0
80 351 0.000621886679809
80 352 0.0
80 353 0.000155471669952
80 354 0.0
80 355 6.21886679809e-06
80 356 0.0
80 357 0.0
80 358 0.0
80 359 0.0
80 360 0.0
80 361 0.0
80 362 0.0
80 363 2.48754671924e-05
80 364 0.0
80 365 6.21886679809e-06
80 366 0.0
80 367 0.000223879204731
80 368 0.0
80 369 9.95018687695e-05
80 370 0.0
80 371 0.000304724473107
80 372 0.0
80 373 0.000223879204731
80 374 0.0
80 375 2.48754671924e-05
80 376 0.0
80 377 2.48754671924e-05
80 378 0.0
80 379 0.0
80 380 0.0
80 381 5.59698011828e-05
80 382 0.0
80 383 2.48754671924e-05
80 384 0.0
80 385 5.59698011828e-05
80 386 0.0
80 387 2.48754671924e-05
80 388 0.0
80 389 0.0
80 390 0.0
80 391 0.000223879204731
80 392 0.0
80 393 6.21886679809e-06
80 394 0.0
80 395 5.59698011828e-05
80 396 0.0
80 397 9.95018687695e-05
80 398 0.0
80 399 6.21886679809e-06
80 400 0.0
81 0 6.21886679809e-06
81 1 5.59698011828e-05
81 2 6.21886679809e-06
81 3 2.48754671924e-05
81 4 6.21886679809e-06
81 5 0.000155471669952
81 6 6.21886679809e-06
81 7 0.000223879204731
81 8 0.0
81 9 2.48754671924e-05
81 10 0.0
81 11 0.000398007475078
81 12 6.21886679809e-06
81 13 5.59698011828e-05
81 14 0.0
81 15 2.48754671924e-05
81 16 0.0
81 17 0.000155471669952
81 18 0.0
81 19 6.21886679809e-06
81 20 0.0
81 21 2.48754671924e-05
81 22 0.0
81 23 6.21886679809e-06
81 24 0.0
81 25 6.21886679809e-06
81 26 0.0
81 27 6.21886679809e-06
81 28 0.0
81 29 0.000304724473107
81 30 0.0
81 31 9.95018687695e-05
81 32 0.0
81 33 2.48754671924e-05
81 34 0.0
81 35 6.21886679809e-06
81 36 0.0
81 37 0.000621886679809
81 38 0.0
81 39 0.000223879204731
81 40 0.0
81 41 6.21886679809e-06
81 42 0.0
81 43 5.59698011828e-05
81 44 0.0
81 45 0.0
81 46 0.0
81 47 6.21886679809e-06
81 48 0.0
81 49 0.0
81 50 0.0
81 51 0.0
81 52 0.0
81 53 0.0
81 54 0.0
81 55 6.21886679809e-06
81 56 0.0
81 57 6.21886679809e-06
81 58 0.0
81 59 0.000155471669952
81 60 0.0
81 61 0.00105098848888
81 62 0.0
81 63 0.000223879204731
81 64 0.0
81 65 0.000304724473107
81 66 0.0
81 67 0.000304724473107
81 68 0.0
81 69 0.000155471669952
81 70 6.21886679809e-06
81 71 5.59698011828e-05
81 72 0.0
81 73 2.48754671924e-05
81 74 0.0
81 75 0.0
81 76 0.0
81 77 6.21886679809e-06
81 78 0.0
81 79 0.0
81 80 0.0
81 81 0.0
81 82 0.0
81 83 0.0
81 84 0.0
81 85 0.000223879204731
81 86 6.21886679809e-06
81 87 0.000895516818925
81 88 0.0
81 89 0.00179725250465
81 90 0.0
81 91 6.21886679809e-06
81 92 2.48754671924e-05
81 93 0.000304724473107
81 94 9.95018687695e-05
81 95 0.00201491284258
81 96 0.000398007475078
81 97 0.000304724473107
81 98 0.000304724473107
81 99 0.000621886679809
81 100 0.000895516818925
81 101 0.00105098848888
81 102 0.000895516818925
81 103 0.000895516818925
81 104 0.000895516818925
81 105 0.000895516818925
81 106 0.000895516818925
81 107 0.000895516818925
81 108 0.000895516818925
81 109 0.000895516818925
81 110 0.000895516818925
81 111 0.000895516818925
81 112 0.000895516818925
81 113 0.000895516818925
81 114 0.000895516818925
81 115 0.000895516818925
81 116 0.000895516818925
81 117 0.000895516818925
81 118 0.000895516818925
81 119 0.000895516818925
81 120 0.000895516818925
81 121 0.000503728210645
81 122 0.000304724473107
81 123 0.000398007475078
81 124 0.000398007475078
81 125 0.000503728210645
81 126 0.000398007475078
81 127 0.000398007475078
81 128 0.000621886679809
81 129 0.000895516818925
81 130 0.000895516818925
81 131 0.00105098848888
81 132 0.000895516818925
81 133 0.000895516818925
81 134 0.000895516818925
81 135 0.000895516818925
81 136 0.000895516818925
81 137 0.000895516818925
81 138 0.000895516818925
81 139 0.000895516818925
81 140 0.000895516818925
81 141 0.000895516818925
81 142 0.000895516818925
81 143 0.000895516818925
81 144 0.000895516818925
81 145 0.000895516818925
81 146 0.000895516818925
81 147 0.000895516818925
81 148 0.000895516818925
81 149 0.000895516818925
81 150 0.000895516818925
81 151 0.000895516818925
81 152 0.000895516818925
81 153 0.000895516818925
81 154 0.000895516818925
81 155 0.000895516818925
81 156 0.000895516818925
81 157 0.000895516818925
81 158 0.000895516818925
81 159 0.000895516818925
81 160 0.000895516818925
81 161 0.000895516818925
81 162 0.000895516818925
81 163 0.000895516818925
81 164 0.000895516818925
81 165 0.000895516818925
81 166 0.000895516818925
81 167 0.000895516818925
81 168 0.000895516818925
81 169 0.000895516818925
81 170 0.000895516818925
81 171 0.000895516818925
81 172 0.000895516818925
81 173 0.000895516818925
81 174 0.000895516818925
81 175 0.000895516818925
81 176 0.000895516818925
81 177 0.000895516818925
81 178 0.000895516818925
81 179 0.000895516818925
81 180 0.000895516818925
81 181 0.000895516818925
81 182 0.000895516818925
81 183 0.000895516818925
81 184 0.000895516818925
81 185 0.000895516818925
81 186 0.000895516818925
81 187 0.000895516818925
81 188 0.000895516818925
81 189 0.000895516818925
81 190 0.000895516818925
81 191 0.000895516818925
81 192 0.000895516818925
81 193 0.000895516818925
81 194 0.000895516818925
81 195 0.000895516818925
81 196 0.000895516818925
81 197 0.000895516818925
81 198 0.000895516818925
81 199 0.000895516818925
81 200 0.000895516818925
81 201 0.000895516818925
81 202 0.000895516818925
81 203 0.000895516818925
81 204 0.000895516818925
81 205 0.000895516818925
81 206 0.000895516818925
81 207 0.000895516818925
81 208 0.000895516818925
81 209 0.000895516818925
81 210 0.000895516818925
81 211 0.000895516818925
81 212 0.000895516818925
81 213 0.000895516818925
81 214 0.000895516818925
81 215 0.000895516818925
81 216 0.000895516818925
81 217 0.000895516818925
81 218 0.000895516818925
81 219 0.000895516818925
81 220 0.000895516818925
81 221 0.000895516818925
81 222 0.000895516818925
81 223 0.000895516818925
81 224 0.000895516818925
81 225 0.000895516818925
81 226 0.000895516818925
81 227 0.000895516818925
81 228 0.000895516818925
81 229 0.000895516818925
81 230 0.000895516818925
81 231 0.000895516818925
81 232 0.000895516818925
81 233 0.000895516818925
81 234 0.000895516818925
81 235 0.000895516818925
81 236 0.000895516818925
81 237 0.000895516818925
81 238 0.000895516818925
81 239 0.000895516818925
81 240 0.000895516818925
81 241 0.000895516818925
81 242 0.000895516818925
81 243 0.000895516818925
81 244 0.000895516818925
81 245 0.000895516818925
81 246 0.000895516818925
81 247 0.000895516818925
81 248 0.000895516818925
81 249 0.000895516818925
81 250 0.000895516818925
81 251 0.000895516818925
81 252 0.000895516818925
81 253 0.00105098848888
81 254 0.000895516818925
81 255 0.000895516818925
81 256 0.000621886679809
81 257 0.000398007475078
81 258 0.000398007475078
81 259 0.000503728210645
81 260 0.000398007475078
81 261 0.000398007475078
81 262 0.000304724473107
81 263 0.000503728210645
81 264 0.000895516818925
81 265 0.000895516818925
81 266 0.000895516818925
81 267 0.000895516818925
81 268 0.000895516818925
81 269 0.000895516818925
81 270 0.000895516818925
81 271 0.000895516818925
81 272 0.000895516818925
81 273 0.000895516818925
81 274 0.000895516818925
81 275 0.000895516818925
81 276 0.000895516818925
81 277 0.000895516818925
81 278 0.000895516818925
81 279 0.000895516818925
81 280 0.000895516818925
81 281 0.000895516818925
81 282 0.000895516818925
81 283 0.000895516818925
81 284 0.000895516818925
81 285 0.000895516818925
81 286 0.000895516818925
81 287 0.000895516818925
81 288 0.000895516818925
81 289 0.000895516818925
81 290 0.000895516818925
81 291 0.000895516818925
81 292 0.000895516818925
81 293 0.000895516818925
81 294 0.000895516818925
81 295 0.000895516818925
81 296 0.000895516818925
81 297 0.000895516818925
81 298 0.000895516818925
81 299 0.000895516818925
81 300 0.000895516818925
81 301 0.000895516818925
81 302 0.000895516818925
81 303 0.000895516818925
81 304 0.000895516818925
81 305 0.000895516818925
81 306 0.000895516818925
81 307 0.000895516818925
81 308 0.000895516818925
81 309 0.000895516818925
81 310 0.000895516818925
81 311 0.000895516818925
81 312 0.000895516818925
81 313 0.00105098848888
81 314 0.000304724473107
81 315 0.000304724473107
81 316 0.000398007475078
81 317 0.000155471669952
81 318 0.000304724473107
81 319 0.000155471669952
81 320 0.000155471669952
81 321 0.000155471669952
81 322 5.59698011828e-05
81 323 6.21886679809e-06
81 324 0.0
81 325 0.000895516818925
81 326 2.48754671924e-05
81 327 0.00201491284258
81 328 6.21886679809e-06
81 329 0.000155471669952
81 330 0.0
81 331 6.21886679809e-06
81 332 0.0
81 333 2.48754671924e-05
81 334 0.0
81 335 0.0
81 336 0.0
81 337 0.0
81 338 0.0
81 339 0.0
81 340 0.0
81 341 0.000304724473107
81 342 0.0
81 343 0.00139924502957
81 344 0.0
81 345 0.000304724473107
81 346 0.0
81 347 9.95018687695e-05
81 348 0.0
81 349 0.000895516818925
81 350 0.0
81 351 0.000621886679809
81 352 0.0
81 353 0.000155471669952
81 354 0.0
81 355 6.21886679809e-06
81 356 0.0
81 357 0.0
81 358 0.0
81 359 0.0
81 360 0.0
81 361 0.0
81 362 0.0
81 363 2.48754671924e-05
81 364 0.0
81 365 6.21886679809e-06
81 366 0.0
81 367 0.000223879204731
81 368 0.0
81 369 9.95018687695e-05
81 370 0.0
81 371 0.000223879204731
81 372 6.21886679809e-06
81 373 0.000223879204731
81 374 0.0
81 375 5.59698011828e-05
81 376 6.21886679809e-06
81 377 5.59698011828e-05
81 378 0.0
81 379 0.0
81 380 0.0
81 381 5.59698011828e-05
81 382 0.0
81 383 2.48754671924e-05
81 384 0.0
81 385 5.59698011828e-05
81 386 0.0
81 387 2.48754671924e-05
81 388 0.0
81 389 0.0
81 390 0.0
81 391 0.000223879204731
81 392 0.0
81 393 6.21886679809e-06
81 394 0.0
81 395 5.59698011828e-05
81 396 0.0
81 397 9.95018687695e-05
81 398 0.0
81 399 6.21886679809e-06
81 400 0.0
82 0 0.0
82 1 2.48754671924e-05
82 2 0.0
82 3 6.21886679809e-06
82 4 0.0
82 5 0.000223879204731
82 6 0.0
82 7 0.000304724473107
82 8 0.0
82 9 2.48754671924e-05
82 10 0.0
82 11 0.000503728210645
82 12 0.0
82 13 5.59698011828e-05
82 14 0.0
82 15 2.48754671924e-05
82 16 0.0
82 17 0.000155471669952
82 18 0.0
82 19 6.21886679809e-06
82 20 0.0
82 21 2.48754671924e-05
82 22 0.0
82 23 6.21886679809e-06
82 24 0.0
82 25 6.21886679809e-06
82 26 0.0
82 27 6.21886679809e-06
82 28 0.0
82 29 0.000304724473107
82 30 0.0
82 31 9.95018687695e-05
82 32 0.0
82 33 2.48754671924e-05
82 34 0.0
82 35 6.21886679809e-06
82 36 0.0
82 37 0.000621886679809
82 38 0.0
82 39 0.000223879204731
82 40 0.0
82 41 6.21886679809e-06
82 42 0.0
82 43 5.59698011828e-05
82 44 0.0
82 45 0.0
82 46 0.0
82 47 6.21886679809e-06
82 48 0.0
82 49 0.0
82 50 0.0
82 51 0.0
82 52 0.0
82 53 0.0
82 54 0.0
82 55 6.21886679809e-06
82 56 0.0
82 57 6.21886679809e-06
82 58 0.0
82 59 0.000155471669952
82 60 0.0
82 61 0.00105098848888
82 62 0.0
82 63 0.000223879204731
82 64 0.0
82 65 0.000304724473107
82 66 0.0
82 67 0.000304724473107
82 68 0.0
82 69 0.000155471669952
82 70 0.0
82 71 2.48754671924e-05
82 72 0.0
82 73 2.48754671924e-05
82 74 0.0
82 75 0.0
82 76 0.0
82 77 6.21886679809e-06
82 78 0.0
82 79 0.0
82 80 0.0
82 81 0.0
82 82 0.0
82 83 0.0
82 84 0.0
82 85 0.000223879204731
82 86 0.0
82 87 0.000752482882569
82 88 0.0
82 89 0.00159202990031
82 90 0.0
82 91 0.000155471669952
82 92 0.0
82 93 0.000895516818925
82 94 0.0
82 95 0.00179725250465
82 96 0.0
82 97 6.21886679809e-06
82 98 0.0
82 99 5.59698011828e-05
82 100 0.0
82 101 6.21886679809e-06
82 102 0.0
82 103 0.0
82 104 0.0
82 105 0.0
82 106 0.0
82 107 0.0
82 108 0.0
82 109 0.0
82 110 0.0
82 111 0.0
82 112 0.0
82 113 0.0
82 114 0.0
82 115 0.0
82 116 0.0
82 117 0.0
82 118 0.0
82 119 0.0
82 120 0.0
82 121 6.21886679809e-06
82 122 0.0
82 123 0.0
82 124 0.0
82 125 6.21886679809e-06
82 126 0.0
82 127 2.48754671924e-05
82 128 0.0
82 129 0.0
82 130 0.0
82 131 6.21886679809e-06
82 132 0.0
82 133 0.0
82 134 0.0
82 135 0.0
82 136 0.0
82 137 0.0
82 138 0.0
82 139 0.0
82 140 0.0
82 141 0.0
82 142 0.0
82 143 0.0
82 144 0.0
82 145 0.0
82 146 0.0
82 147 0.0
82 148 0.0
82 149 0.0
82 150 0.0
82 151 0.0
82 152 0.0
82 153 0.0
82 154 0.0
82 155 0.0
82 156 0.0
82 157 0.0
82 158 0.0
82 159 0.0
82 160 0.0
82 161 0.0
82 162 0.0
82 163 0.0
82 164 0.0
82 165 0.0
82 166 0.0
82 167 0.0
82 168 0.0
82 169 0.0
82 170 0.0
82 171 0.0
82 172 0.0
82 173 0.0
82 174 0.0
82 175 0.0
82 176 0.0
82 177 0.0
82 178 0.0
82 179 0.0
82 180 0.0
82 181 0.0
82 182 0.0
82 183 0.0
82 184 0.0
82 185 0.0
82 186 0.0
82 187 0.0
82 188 0.0
82 189 0.0
82 190 0.0
82 191 0.0
82 192 0.0
82 193 0.0
82 194 0.0
82 195 0.0
82 196 0.0
82 197 0.0
82 198 0.0
82 199 0.0
82 200 0.0
82 201 0.0
82 202 0.0
82 203 0.0
82 204 0.0
82 205 0.0
82 206 0.0
82 207 0.0
82 208 0.0
82 209 0.0
82 210 0.0
82 211 0.0
82 212 0.0
82 213 0.0
82 214 0.0
82 215 0.0
82 216 0.0
82 217 0.0
82 218 0.0
82 219 0.0
82 220 0.0
82 221 0.0
82 222 0.0
82 223 0.0
82 224 0.0
82 225 0.0
82 226 0.0
82 227 0.0
82 228 0.0
82 229 0.0
82 230 0.0
82 231 0.0
82 232 0.0
82 233 0.0
82 234 0.0
82 235 0.0
82 236 0.0
82 237 0.0
82 238 0.0
82 239 0.0
82 240 0.0
82 241 0.0
82 242 0.0
82 243 0.0
82 244 0.0
82 245 0.0
82 246 0.0
82 247 0.0
82 248 0.0
82 249 0.0
82 250 0.0
82 251 0.0
82 252 0.0
82 253 6.21886679809e-06
82 254 0.0
82 255 0.0
82 256 0.0
82 257 2.48754671924e-05
82 258 0.0
82 259 6.21886679809e-06
82 260 0.0
82 261 0.0
82 262 0.0
82 263 6.21886679809e-06
82 264 0.0
82 265 0.0
82 266 0.0
82 267 0.0
82 268 0.0
82 269 0.0
82 270 0.0
82 271 0.0
82 272 0.0
82 273 0.0
82 274 0.0
82 275 0.0
82 276 0.0
82 277 0.0
82 278 0.0
82 279 0.0
82 280 0.0
82 281 0.0
82 282 0.0
82 283 0.0
82 284 0.0
82 285 0.0
82 286 0.0
82 287 0.0
82 288 0.0
82 289 0.0
82 290 0.0
82 291 0.0
82 292 0.0
82 293 0.0
82 294 0.0
82 295 0.0
82 296 0.0
82 297 0.0
82 298 0.0
82 299 0.0
82 300 0.0
82 301 0.0
82 302 0.0
82 303 0.0
82 304 0.0
82 305 0.0
82 306 0.0
82 307 0.0
82 308 0.0
82 309 0.0
82 310 0.0
82 311 0.0
82 312 0.0
82 313 2.48754671924e-05
82 314 0.0
82 315 6.21886679809e-06
82 316 0.0
82 317 5.59698011828e-05
82 318 0.0
82 319 2.48754671924e-05
82 320 0.0
82 321 0.000155471669952
82 322 0.0
82 323 0.0
82 324 0.0
82 325 0.00121889789243
82 326 0.0
82 327 0.00121889789243
82 328 0.0
82 329 9.95018687695e-05
82 330 0.0
82 331 6.21886679809e-06
82 332 0.0
82 333 2.48754671924e-05
82 334 0.0
82 335 0.0
82 336 0.0
82 337 0.0
82 338 0.0
82 339 0.0
82 340 0.0
82 341 0.000304724473107
82 342 0.0
82 343 0.00139924502957
82 344 0.0
82 345 0.000304724473107
82 346 0.0
82 347 9.95018687695e-05
82 348 0.0
82 349 0.000895516818925
82 350 0.0
82 351 0.000621886679809
82 352 0.0
82 353 0.000155471669952
82 354 0.0
82 355 6.21886679809e-06
82 356 0.0
82 357 0.0
82 358 0.0
82 359 0.0
82 360 0.0
82 361 0.0
82 362 0.0
82 363 2.48754671924e-05
82 364 0.0
82 365 6.21886679809e-06
82 366 0.0
82 367 0.000223879204731
82 368 0.0
82 369 9.95018687695e-05
82 370 0.0
82 371 0.000304724473107
82 372 0.0
82 373 0.000223879204731
82 374 0.0
82 375 2.48754671924e-05
82 376 0.0
82 377 2.48754671924e-05
82 378 0.0
82 379 0.0
82 380 0.0
82 381 5.59698011828e-05
82 382 0.0
82 383 2.48754671924e-05
82 384 0.0
82 385 5.59698011828e-05
82 386 0.0
82 387 2.48754671924e-05
82 388 0.0
82 389 0.0
82 390 0.0
82 391 0.000223879204731
82 392 0.0
82 393 6.21886679809e-06
82 394 0.0
82 395 5.59698011828e-05
82 396 0.0
82 397 9.95018687695e-05
82 398 0.0
82 399 6.21886679809e-06
82 400 0.0
83 0 0.0
83 1 2.48754671924e-05
83 2 0.0
83 3 6.21886679809e-06
83 4 0.0
83 5 0.000223879204731
83 6 0.0
83 7 0.000304724473107
83 8 0.0
83 9 2.48754671924e-05
83 10 0.0
83 11 0.000503728210645
83 12 0.0
83 13 5.59698011828e-05
83 14 0.0
83 15 2.48754671924e-05
83 16 0.0
83 17 0.000155471669952
83 18 0.0
83 19 6.21886679809e-06
83 20 0.0
83 21 2.48754671924e-05
83 22 0.0
83 23 6.21886679809e-06
83 24 0.0
83 25 6.21886679809e-06
83 26 0.0
83 27 6.21886679809e-06
83 28 0.0
83 29 0.000304724473107
83 30 0.0
83 31 9.95018687695e-05
83 32 0.0
83 33 2.48754671924e-05
83 34 0.0
83 35 6.21886679809e-06
83 36 0.0
83 37 0.000621886679809
83 38 0.0
83 39 0.000223879204731
83 40 0.0
83 41 6.21886679809e-06
83 42 0.0
83 43 5.59698011828e-05
83 44 0.0
83 45 0.0
83 46 0.0
83 47 6.21886679809e-06
83 48 0.0
83 49 0.0
83 50 0.0
83 51 0.0
83 52 0.0
83 53 0.0
83 54 0.0
83 55 6.21886679809e-06
83 56 0.0
83 57 6.21886679809e-06
83 58 0.0
83 59 0.000155471669952
83 60 6.21886679809e-06
83 61 0.00121889789243
83 62 6.21886679809e-06
83 63 0.000155471669952
83 64 6.21886679809e-06
83 65 0.000304724473107
83 66 0.0
83 67 0.000304724473107
83 68 0.0
83 69 0.000155471669952
83 70 0.0
83 71 2.48754671924e-05
83 72 0.0
83 73 2.48754671924e-05
83 74 0.0
83 75 0.0
83 76 0.0
83 77 6.21886679809e-06
83 78 0.0
83 79 0.0
83 80 0.0
83 81 0.0
83 82 0.0
83 83 0.0
83 84 0.0
83 85 0.000155471669952
83 86 6.21886679809e-06
83 87 0.000895516818925
83 88 6.21886679809e-06
83 89 0.00139924502957
83 90 6.21886679809e-06
83 91 0.000223879204731
83 92 0.0
83 93 0.000752482882569
83 94 6.21886679809e-06
83 95 0.00179725250465
83 96 6.21886679809e-06
83 97 6.21886679809e-06
83 98 5.59698011828e-05
83 99 2.48754671924e-05
83 100 6.21886679809e-06
83 101 0.0
83 102 6.21886679809e-06
83 103 6.21886679809e-06
83 104 6.21886679809e-06
83 105 6.21886679809e-06
83 106 6.21886679809e-06
83 107 6.21886679809e-06
83 108 6.21886679809e-06
83 109 6.21886679809e-06
83 110 6.21886679809e-06
83 111 6.21886679809e-06
83 112 6.21886679809e-06
83 113 6.21886679809e-06
83 114 6.21886679809e-06
83 115 6.21886679809e-06
83 116 6.21886679809e-06
83 117 6.21886679809e-06
83 118 6.21886679809e-06
83 119 6.21886679809e-06
83 120 6.21886679809e-06
83 121 2.48754671924e-05
83 122 5.59698011828e-05
83 123 5.59698011828e-05
83 124 5.59698011828e-05
83 125 2.48754671924e-05
83 126 5.59698011828e-05
83 127 5.59698011828e-05
83 128 2.48754671924e-05
83 129 6.21886679809e-06
83 130 6.21886679809e-06
83 131 0.0
83 132 6.21886679809e-06
83 133 6.21886679809e-06
83 134 6.21886679809e-06
83 135 6.21886679809e-06
83 136 6.21886679809e-06
83 137 6.21886679809e-06
83 138 6.21886679809e-06
83 139 6.21886679809e-06
83 140 6.21886679809e-06
83 141 6.21886679809e-06
83 142 6.21886679809e-06
83 143 6.21886679809e-06
83 144 6.21886679809e-06
83 145 6.21886679809e-06
83 146 6.21886679809e-06
83 147 6.21886679809e-06
83 148 6.21886679809e-06
83 149 6.21886679809e-06
83 150 6.21886679809e-06
83 151 6.21886679809e-06
83 152 6.21886679809e-06
83 153 6.21886679809e-06
83 154 6.21886679809e-06
83 155 6.21886679809e-06
83 156 6.21886679809e-06
83 157 6.21886679809e-06
83 158 6.21886679809e-06
83 159 6.21886679809e-06
83 160 6.21886679809e-06
83 161 6.21886679809e-06
83 162 6.21886679809e-06
83 163 6.21886679809e-06
83 164 6.21886679809e-06
83 165 6.21886679809e-06
83 166 6.21886679809e-06
83 167 6.21886679809e-06
83 168 6.21886679809e-06
83 169 6.21886679809e-06
83 170 6.21886679809e-06
83 171 6.21886679809e-06
83 172 6.21886679809e-06
83 173 6.21886679809e-06
83 174 6.21886679809e-06
83 175 6.21886679809e-06
83 176 6.21886679809e-06
83 177 6.21886679809e-06
83 178 6.21886679809e-06
83 179 6.21886679809e-06
83 180 6.21886679809e-06
83 181 6.21886679809e-06
83 182 6.21886679809e-06
83 183 6.21886679809e-06
83 184 6.21886679809e-06
83 185 6.21886679809e-06
83 186 6.21886679809e-06
83 187 6.21886679809e-06
83 188 6.21886679809e-06
83 189 6.21886679809e-06
83 190 6.21886679809e-06
83 191 6.21886679809e-06
83 192 6.21886679809e-06
83 193 6.21886679809e-06
83 194 6.21886679809e-06
83 195 6.21886679809e-06
83 196 6.21886679809e-06
83 197 6.21886679809e-06
83 198 6.21886679809e-06
83 199 6.21886679809e-06
83 200 6.21886679809e-06
83 201 6.21886679809e-06
83 202 6.21886679809e-06
83 203 6.21886679809e-06
83 204 6.21886679809e-06
83 205 6.21886679809e-06
83 206 6.21886679809e-06
83 207 6.21886679809e-06
83 208 6.21886679809e-06
83 209 6.21886679809e-06
83 210 6.21886679809e-06
83 211 6.21886679809e-06
83 212 6.21886679809e-06
83 213 6.21886679809e-06
83 214 6.21886679809e-06
83 215 6.21886679809e-06
83 216 6.21886679809e-06
83 217 6.21886679809e-06
83 218 6.21886679809e-06
83 219 6.21886679809e-06
83 220 6.21886679809e-06
83 221 6.21886679809e-06
83 222 6.21886679809e-06
83 223 6.21886679809e-06
83 224 6.21886679809e-06
83 225 6.21886679809e-06
83 226 6.21886679809e-06
83 227 6.21886679809e-06
83 228 6.21886679809e-06
83 229 6.21886679809e-06
83 230 6.21886679809e-06
83 231 6.21886679809e-06
83 232 6.21886679809e-06
83 233 6.21886679809e-06
83 234 6.21886679809e-06
83 235 6.21886679809e-06
83 236 6.21886679809e-06
83 237 6.21886679809e-06
83 238 6.21886679809e-06
83 239 6.21886679809e-06
83 240 6.21886679809e-06
83 241 6.21886679809e-06
83 242 6.21886679809e-06
83 243 6.21886679809e-06
83 244 6.21886679809e-06
83 245 6.21886679809e-06
83 246 6.21886679809e-06
83 247 6.21886679809e-06
83 248 6.21886679809e-06
83 249 6.21886679809e-06
83 250 6.21886679809e-06
83 251 6.21886679809e-06
83 252 6.21886679809e-06
83 253 0.0
83 254 6.21886679809e-06
83 255 6.21886679809e-06
83 256 2.48754671924e-05
83 257 5.59698011828e-05
83 258 5.59698011828e-05
83 259 2.48754671924e-05
83 260 5.59698011828e-05
83 261 5.59698011828e-05
83 262 5.59698011828e-05
83 263 2.48754671924e-05
83 264 6.21886679809e-06
83 265 6.21886679809e-06
83 266 6.21886679809e-06
83 267 6.21886679809e-06
83 268 6.21886679809e-06
83 269 6.21886679809e-06
83 270 6.21886679809e-06
83 271 6.21886679809e-06
83 272 6.21886679809e-06
83 273 6.21886679809e-06
83 274 6.21886679809e-06
83 275 6.21886679809e-06
83 276 6.21886679809e-06
83 277 6.21886679809e-06
83 278 6.21886679809e-06
83 279 6.21886679809e-06
83 280 6.21886679809e-06
83 281 6.21886679809e-06
83 282 6.21886679809e-06
83 283 6.21886679809e-06
83 284 6.21886679809e-06
83 285 6.21886679809e-06
83 286 6.21886679809e-06
83 287 6.21886679809e-06
83 288 6.21886679809e-06
83 289 6.21886679809e-06
83 290 6.21886679809e-06
83 291 6.21886679809e-06
83 292 6.21886679809e-06
83 293 6.21886679809e-06
83 294 6.21886679809e-06
83 295 6.21886679809e-06
83 296 6.21886679809e-06
83 297 6.21886679809e-06
83 298 6.21886679809e-06
83 299 6.21886679809e-06
83 300 6.21886679809e-06
83 301 6.21886679809e-06
83 302 6.21886679809e-06
83 303 6.21886679809e-06
83 304 6.21886679809e-06
83 305 6.21886679809e-06
83 306 6.21886679809e-06
83 307 6.21886679809e-06
83 308 6.21886679809e-06
83 309 6.21886679809e-06
83 310 6.21886679809e-06
83 311 6.21886679809e-06
83 312 6.21886679809e-06
83 313 0.0
83 314 2.48754671924e-05
83 315 2.48754671924e-05
83 316 5.59698011828e-05
83 317 9.95018687695e-05
83 318 2.48754671924e-05
83 319 9.95018687695e-05
83 320 2.48754671924e-05
83 321 5.59698011828e-05
83 322 0.0
83 323 0.0
83 324 0.0
83 325 0.00139924502957
83 326 0.0
83 327 0.00121889789243
83 328 0.0
83 329 9.95018687695e-05
83 330 6.21886679809e-06
83 331 0.0
83 332 0.0
83 333 6.21886679809e-06
83 334 6.21886679809e-06
83 335 6.21886679809e-06
83 336 0.0
83 337 0.0
83 338 0.0
83 339 0.0
83 340 0.0
83 341 0.000304724473107
83 342 0.0
83 343 0.00139924502957
83 344 0.0
83 345 0.000304724473107
83 346 0.0
83 347 9.95018687695e-05
83 348 0.0
83 349 0.000895516818925
83 350 0.0
83 351 0.000621886679809
83 352 0.0
83 353 0.000155471669952
83 354 0.0
83 355 6.21886679809e-06
83 356 0.0
83 357 0.0
83 358 0.0
83 359 0.0
83 360 0.0
83 361 0.0
83 362 0.0
83 363 2.48754671924e-05
83 364 0.0
83 365 6.21886679809e-06
83 366 0.0
83 367 0.000223879204731
83 368 0.0
83 369 9.95018687695e-05
83 370 0.0
83 371 0.000223879204731
83 372 6.21886679809e-06
83 373 0.000155471669952
83 374 6.21886679809e-06
83 375 5.59698011828e-05
83 376 0.0
83 377 2.48754671924e-05
83 378 0.0
83 379 0.0
83 380 0.0
83 381 5.59698011828e-05
83 382 0.0
83 383 2.48754671924e-05
83 384 0.0
83 385 5.59698011828e-05
83 386 0.0
83 387 2.48754671924e-05
83 388 0.0
83 389 0.0
83 390 0.0
83 391 0.000155471669952
83 392 6.21886679809e-06
83 393 6.21886679809e-06
83 394 0.0
83 395 5.59698011828e-05
83 396 0.0
83 397 9.95018687695e-05
83 398 0.0
83 399 6.21886679809e-06
83 400 0.0
84 0 0.0
84 1 2.48754671924e-05
84 2 0.0
84 3 6.21886679809e-06
84 4 0.0
84 5 0.000223879204731
84 6 0.0
84 7 0.000304724473107
84 8 0.0
84 9 2.48754671924e-05
84 10 0.0
84 11 0.000503728210645
84 12 0.0
84 13 5.59698011828e-05
84 14 0.0
84 15 2.48754671924e-05
84 16 0.0
84 17 0.000155471669952
84 18 0.0
84 19 6.21886679809e-06
84 20 0.0
84 21 2.48754671924e-05
84 22 0.0
84 23 6.21886679809e-06
84 24 0.0
84 25 6.21886679809e-06
84 26 0.0
84 27 6.21886679809e-06
84 28 0.0
84 29 0.000304724473107
84 30 0.0
84 31 9.95018687695e-05
84 32 0.0
84 33 2.48754671924e-05
84 34 0.0
84 35 0.0
84 36 0.0
84 37 0.000621886679809
84 38 0.0
84 39 0.000223879204731
84 40 0.0
84 41 6.21886679809e-06
84 42 0.0
84 43 5.59698011828e-05
84 44 0.0
84 45 0.0
84 46 0.0
84 47 6.21886679809e-06
84 48 0.0
84 49 0.0
84 50 0.0
84 51 0.0
84 52 0.0
84 53 0.0
84 54 0.0
84 55 6.21886679809e-06
84 56 0.0
84 57 6.21886679809e-06
84 58 0.0
84 59 0.000155471669952
84 60 0.0
84 61 0.00105098848888
84 62 0.0
84 63 0.000223879204731
84 64 0.0
84 65 0.000304724473107
84 66 0.0
84 67 0.000304724473107
84 68 0.0
84 69 0.000155471669952
84 70 0.0
84 71 2.48754671924e-05
84 72 0.0
84 73 2.48754671924e-05
84 74 0.0
84 75 0.0
84 76 0.0
84 77 6.21886679809e-06
84 78 0.0
84 79 0.0
84 80 0.0
84 81 0.0
84 82 0.0
84 83 0.0
84 84 0.0
84 85 0.000155471669952
84 86 0.0
84 87 0.000752482882569
84 88 0.0
84 89 0.00179725250465
84 90 0.0
84 91 9.95018687695e-05
84 92 0.0
84 93 0.000752482882569
84 94 0.0
84 95 0.00159202990031
84 96 0.0
84 97 9.95018687695e-05
84 98 0.0
84 99 5.59698011828e-05
84 100 0.0
84 101 0.0
84 102 0.0
84 103 0.0
84 104 0.0
84 105 0.0
84 106 0.0
84 107 0.0
84 108 0.0
84 109 0.0
84 110 0.0
84 111 0.0
84 112 0.0
84 113 0.0
84 114 0.0
84 115 0.0
84 116 0.0
84 117 0.0
84 118 0.0
84 119 0.0
84 120 0.0
84 121 0.0
84 122 0.0
84 123 0.0
84 124 0.0
84 125 0.0
84 126 0.0
84 127 0.0
84 128 0.0
84 129 0.0
84 130 0.0
84 131 0.0
84 132 0.0
84 133 0.0
84 134 0.0
84 135 0.0
84 136 0.0
84 137 0.0
84 138 0.0
84 139 0.0
84 140 0.0
84 141 0.0
84 142 0.0
84 143 0.0
84 144 0.0
84 145 0.0
84 146 0.0
84 147 0.0
84 148 0.0
84 149 0.0
84 150 0.0
84 151 0.0
84 152 0.0
84 153 0.0
84 154 0.0
84 155 0.0
84 156 0.0
84 157 0.0
84 158 0.0
84 159 0.0
84 160 0.0
84 161 0.0
84 162 0.0
84 163 0.0
84 164 0.0
84 165 0.0
84 166 0.0
84 167 0.0
84 168 0.0
84 169 0.0
84 170 0.0
84 171 0.0
84 172 0.0
84 173 0.0
84 174 0.0
84 175 0.0
84 176 0.0
84 177 0.0
84 178 0.0
84 179 0.0
84 180 0.0
84 181 0.0
84 182 0.0
84 183 0.0
84 184 0.0
84 185 0.0
84 186 0.0
84 187 0.0
84 188 0.0
84 189 0.0
84 190 0.0
84 191 0.0
84 192 0.0
84 193 0.0
84 194 0.0
84 195 0.0
84 196 0.0
84 197 0.0
84 198 0.0
84 199 0.0
84 200 0.0
84 201 0.0
84 202 0.0
84 203 0.0
84 204 0.0
84 205 0.0
84 206 0.0
84 207 0.0
84 208 0.0
84 209 0.0
84 210 0.0
84 211 0.0
84 212 0.0
84 213 0.0
84 214 0.0
84 215 0.0
84 216 0.0
84 217 0.0
84 218 0.0
84 219 0.0
84 220 0.0
84 221 0.0
84 222 0.0
84 223 0.0
84 224 0.0
84 225 0.0
84 226 0.0
84 227 0.0
84 228 0.0
84 229 0.0
84 230 0.0
84 231 0.0
84 232 0.0
84 233 0.0
84 234 0.0
84 235 0.0
84 236 0.0
84 237 0.0
84 238 0.0
84 239 0.0
84 240 0.0
84 241 0.0
84 242 0.0
84 243 0.0
84 244 0.0
84 245 0.0
84 246 0.0
84 247 0.0
84 248 0.0
84 249 0.0
84 250 0.0
84 251 0.0
84 252 0.0
84 253 0.0
84 254 0.0
84 255 0.0
84 256 0.0
84 257 0.0
84 258 0.0
84 259 0.0
84 260 0.0
84 261 0.0
84 262 0.0
84 263 0.0
84 264 0.0
84 265 0.0
84 266 0.0
84 267 0.0
84 268 0.0
84 269 0.0
84 270 0.0
84 271 0.0
84 272 0.0
84 273 0.0
84 274 0.0
84 275 0.0
84 276 0.0
84 277 0.0
84 278 0.0
84 279 0.0
84 280 0.0
84 281 0.0
84 282 0.0
84 283 0.0
84 284 0.0
84 285 0.0
84 286 0.0
84 287 0.0
84 288 0.0
84 289 0.0
84 290 0.0
84 291 0.0
84 292 0.0
84 293 0.0
84 294 0.0
84 295 0.0
84 296 0.0
84 297 0.0
84 298 0.0
84 299 0.0
84 300 0.0
84 301 0.0
84 302 0.0
84 303 0.0
84 304 0.0
84 305 0.0
84 306 0.0
84 307 0.0
84 308 0.0
84 309 0.0
84 310 0.0
84 311 0.0
84 312 0.0
84 313 6.21886679809e-06
84 314 0.0
84 315 6.21886679809e-06
84 316 0.0
84 317 2.48754671924e-05
84 318 0.0
84 319 6.21886679809e-06
84 320 0.0
84 321 2.48754671924e-05
84 322 0.0
84 323 6.21886679809e-06
84 324 0.0
84 325 0.00159202990031
84 326 0.0
84 327 0.00121889789243
84 328 0.0
84 329 9.95018687695e-05
84 330 0.0
84 331 6.21886679809e-06
84 332 0.0
84 333 2.48754671924e-05
84 334 0.0
84 335 0.0
84 336 0.0
84 337 0.0
84 338 0.0
84 339 0.0
84 340 0.0
84 341 0.000304724473107
84 342 0.0
84 343 0.00139924502957
84 344 0.0
84 345 0.000304724473107
84 346 0.0
84 347 9.95018687695e-05
84 348 0.0
84 349 0.000895516818925
84 350 0.0
84 351 0.000621886679809
84 352 0.0
84 353 0.000155471669952
84 354 0.0
84 355 6.21886679809e-06
84 356 0.0
84 357 0.0
84 358 0.0
84 359 0.0
84 360 0.0
84 361 0.0
84 362 0.0
84 363 2.48754671924e-05
84 364 0.0
84 365 6.21886679809e-06
84 366 0.0
84 367 0.000223879204731
84 368 0.0
84 369 9.95018687695e-05
84 370 0.0
84 371 0.000223879204731
84 372 0.0
84 373 0.000223879204731
84 374 0.0
84 375 2.48754671924e-05
84 376 0.0
84 377 2.48754671924e-05
84 378 0.0
84 379 0.0
84 380 0.0
84 381 5.59698011828e-05
84 382 0.0
84 383 2.48754671924e-05
84 384 0.0
84 385 5.59698011828e-05
84 386 0.0
84 387 2.48754671924e-05
84 388 0.0
84 389 0.0
84 390 0.0
84 391 0.000223879204731
84 392 0.0
84 393 2.48754671924e-05
84 394 0.0
84 395 5.59698011828e-05
84 396 0.0
84 397 9.95018687695e-05
84 398 0.0
84 399 6.21886679809e-06
84 400 0.0
85 0 6.21886679809e-06
85 1 2.48754671924e-05
85 2 6.21886679809e-06
85 3 2.48754671924e-05
85 4 0.0
85 5 0.000155471669952
85 6 0.0
85 7 0.000304724473107
85 8 0.0
85 9 2.48754671924e-05
85 10 0.0
85 11 0.000503728210645
85 12 0.0
85 13 5.59698011828e-05
85 14 0.0
85 15 2.48754671924e-05
85 16 0.0
85 17 0.000155471669952
85 18 0.0
85 19 6.21886679809e-06
85 20 0.0
85 21 2.48754671924e-05
85 22 0.0
85 23 6.21886679809e-06
85 24 0.0
85 25 6.21886679809e-06
85 26 0.0
85 27 6.21886679809e-06
85 28 0.0
85 29 0.000304724473107
85 30 0.0
85 31 9.95018687695e-05
85 32 0.0
85 33 2.48754671924e-05
85 34 0.0
85 35 0.0
85 36 0.0
85 37 0.000503728210645
85 38 6.21886679809e-06
85 39 0.000304724473107
85 40 0.0
85 41 6.21886679809e-06
85 42 0.0
85 43 2.48754671924e-05
85 44 0.0
85 45 0.0
85 46 0.0
85 47 6.21886679809e-06
85 48 0.0
85 49 0.0
85 50 0.0
85 51 0.0
85 52 0.0
85 53 0.0
85 54 0.0
85 55 6.21886679809e-06
85 56 0.0
85 57 6.21886679809e-06
85 58 0.0
85 59 0.000155471669952
85 60 0.0
85 61 0.000895516818925
85 62 0.0
85 63 0.000223879204731
85 64 0.0
85 65 0.000398007475078
85 66 6.21886679809e-06
85 67 0.000304724473107
85 68 0.0
85 69 9.95018687695e-05
85 70 0.0
85 71 2.48754671924e-05
85 72 0.0
85 73 2.48754671924e-05
85 74 0.0
85 75 0.0
85 76 0.0
85 77 6.21886679809e-06
85 78 0.0
85 79 0.0
85 80 0.0
85 81 0.0
85 82 0.0
85 83 0.0
85 84 0.0
85 85 0.000155471669952
85 86 6.21886679809e-06
85 87 0.000895516818925
85 88 0.0
85 89 0.00179725250465
85 90 0.0
85 91 9.95018687695e-05
85 92 2.48754671924e-05
85 93 0.000752482882569
85 94 6.21886679809e-06
85 95 0.00139924502957
85 96 0.0
85 97 5.59698011828e-05
85 98 0.0
85 99 6.21886679809e-06
85 100 6.21886679809e-06
85 101 6.21886679809e-06
85 102 6.21886679809e-06
85 103 6.21886679809e-06
85 104 6.21886679809e-06
85 105 6.21886679809e-06
85 106 6.21886679809e-06
85 107 6.21886679809e-06
85 108 6.21886679809e-06
85 109 0.0
85 110 0.0
85 111 6.21886679809e-06
85 112 6.21886679809e-06
85 113 2.48754671924e-05
85 114 6.21886679809e-06
85 115 2.48754671924e-05
85 116 6.21886679809e-06
85 117 6.21886679809e-06
85 118 6.21886679809e-06
85 119 2.48754671924e-05
85 120 6.21886679809e-06
85 121 2.48754671924e-05
85 122 2.48754671924e-05
85 123 2.48754671924e-05
85 124 2.48754671924e-05
85 125 2.48754671924e-05
85 126 2.48754671924e-05
85 127 2.48754671924e-05
85 128 2.48754671924e-05
85 129 6.21886679809e-06
85 130 6.21886679809e-06
85 131 6.21886679809e-06
85 132 6.21886679809e-06
85 133 6.21886679809e-06
85 134 6.21886679809e-06
85 135 6.21886679809e-06
85 136 6.21886679809e-06
85 137 6.21886679809e-06
85 138 6.21886679809e-06
85 139 6.21886679809e-06
85 140 6.21886679809e-06
85 141 6.21886679809e-06
85 142 6.21886679809e-06
85 143 6.21886679809e-06
85 144 6.21886679809e-06
85 145 6.21886679809e-06
85 146 6.21886679809e-06
85 147 6.21886679809e-06
85 148 6.21886679809e-06
85 149 6.21886679809e-06
85 150 6.21886679809e-06
85 151 6.21886679809e-06
85 152 6.21886679809e-06
85 153 6.21886679809e-06
85 154 6.21886679809e-06
85 155 6.21886679809e-06
85 156 6.21886679809e-06
85 157 6.21886679809e-06
85 158 6.21886679809e-06
85 159 6.21886679809e-06
85 160 6.21886679809e-06
85 161 6.21886679809e-06
85 162 6.21886679809e-06
85 163 6.21886679809e-06
85 164 6.21886679809e-06
85 165 6.21886679809e-06
85 166 6.21886679809e-06
85 167 6.21886679809e-06
85 168 6.21886679809e-06
85 169 6.21886679809e-06
85 170 6.21886679809e-06
85 171 6.21886679809e-06
85 172 6.21886679809e-06
85 173 6.21886679809e-06
85 174 6.21886679809e-06
85 175 6.21886679809e-06
85 176 6.21886679809e-06
85 177 6.21886679809e-06
85 178 6.21886679809e-06
85 179 6.21886679809e-06
85 180 6.21886679809e-06
85 181 6.21886679809e-06
85 182 6.21886679809e-06
85 183 6.21886679809e-06
85 184 6.21886679809e-06
85 185 6.21886679809e-06
85 186 6.21886679809e-06
85 187 6.21886679809e-06
85 188 6.21886679809e-06
85 189 6.21886679809e-06
85 190 6.21886679809e-06
85 191 6.21886679809e-06
85 192 6.21886679809e-06
85 193 6.21886679809e-06
85 194 6.21886679809e-06
85 195 6.21886679809e-06
85 196 6.21886679809e-06
85 197 6.21886679809e-06
85 198 6.21886679809e-06
85 199 6.21886679809e-06
85 200 6.21886679809e-06
85 201 6.21886679809e-06
85 202 6.21886679809e-06
85 203 6.21886679809e-06
85 204 6.21886679809e-06
85 205 6.21886679809e-06
85 206 6.21886679809e-06
85 207 6.21886679809e-06
85 208 6.21886679809e-06
85 209 6.21886679809e-06
85 210 6.21886679809e-06
85 211 6.21886679809e-06
85 212 6.21886679809e-06
85 213 6.21886679809e-06
85 214 6.21886679809e-06
85 215 6.21886679809e-06
85 216 6.21886679809e-06
85 217 6.21886679809e-06
85 218 6.21886679809e-06
85 219 6.21886679809e-06
85 220 6.21886679809e-06
85 221 6.21886679809e-06
85 222 6.21886679809e-06
85 223 6.21886679809e-06
85 224 6.21886679809e-06
85 225 6.21886679809e-06
85 226 6.21886679809e-06
85 227 6.21886679809e-06
85 228 6.21886679809e-06
85 229 6.21886679809e-06
85 230 6.21886679809e-06
85 231 6.21886679809e-06
85 232 6.21886679809e-06
85 233 6.21886679809e-06
85 234 6.21886679809e-06
85 235 6.21886679809e-06
85 236 6.21886679809e-06
85 237 6.21886679809e-06
85 238 6.21886679809e-06
85 239 6.21886679809e-06
85 240 6.21886679809e-06
85 241 6.21886679809e-06
85 242 6.21886679809e-06
85 243 6.21886679809e-06
85 244 6.21886679809e-06
85 245 6.21886679809e-06
85 246 6.21886679809e-06
85 247 6.21886679809e-06
85 248 6.21886679809e-06
85 249 6.21886679809e-06
85 250 6.21886679809e-06
85 251 6.21886679809e-06
85 252 6.21886679809e-06
85 253 6.21886679809e-06
85 254 6.21886679809e-06
85 255 6.21886679809e-06
85 256 2.48754671924e-05
85 257 2.48754671924e-05
85 258 2.48754671924e-05
85 259 2.48754671924e-05
85 260 2.48754671924e-05
85 261 2.48754671924e-05
85 262 2.48754671924e-05
85 263 2.48754671924e-05
85 264 6.21886679809e-06
85 265 6.21886679809e-06
85 266 6.21886679809e-06
85 267 6.21886679809e-06
85 268 6.21886679809e-06
85 269 6.21886679809e-06
85 270 6.21886679809e-06
85 271 6.21886679809e-06
85 272 6.21886679809e-06
85 273 6.21886679809e-06
85 274 6.21886679809e-06
85 275 6.21886679809e-06
85 276 6.21886679809e-06
85 277 6.21886679809e-06
85 278 6.21886679809e-06
85 279 6.21886679809e-06
85 280 6.21886679809e-06
85 281 6.21886679809e-06
85 282 6.21886679809e-06
85 283 6.21886679809e-06
85 284 6.21886679809e-06
85 285 6.21886679809e-06
85 286 6.21886679809e-06
85 287 6.21886679809e-06
85 288 6.21886679809e-06
85 289 6.21886679809e-06
85 290 6.21886679809e-06
85 291 6.21886679809e-06
85 292 6.21886679809e-06
85 293 6.21886679809e-06
85 294 6.21886679809e-06
85 295 2.48754671924e-05
85 296 6.21886679809e-06
85 297 6.21886679809e-06
85 298 6.21886679809e-06
85 299 2.48754671924e-05
85 300 2.48754671924e-05
85 301 5.59698011828e-05
85 302 2.48754671924e-05
85 303 5.59698011828e-05
85 304 6.21886679809e-06
85 305 2.48754671924e-05
85 306 2.48754671924e-05
85 307 6.21886679809e-06
85 308 0.0
85 309 0.0
85 310 0.0
85 311 6.21886679809e-06
85 312 0.0
85 313 2.48754671924e-05
85 314 6.21886679809e-06
85 315 0.0
85 316 6.21886679809e-06
85 317 2.48754671924e-05
85 318 0.0
85 319 0.0
85 320 6.21886679809e-06
85 321 2.48754671924e-05
85 322 0.0
85 323 6.21886679809e-06
85 324 0.0
85 325 0.00139924502957
85 326 0.0
85 327 0.00105098848888
85 328 0.0
85 329 9.95018687695e-05
85 330 0.0
85 331 6.21886679809e-06
85 332 0.0
85 333 2.48754671924e-05
85 334 0.0
85 335 0.0
85 336 0.0
85 337 0.0
85 338 0.0
85 339 0.0
85 340 0.0
85 341 0.000304724473107
85 342 0.0
85 343 0.00139924502957
85 344 0.0
85 345 0.000304724473107
85 346 0.0
85 347 9.95018687695e-05
85 348 0.0
85 349 0.000895516818925
85 350 0.0
85 351 0.000621886679809
85 352 0.0
85 353 0.000155471669952
85 354 0.0
85 355 6.21886679809e-06
85 356 0.0
85 357 0.0
85 358 0.0
85 359 0.0
85 360 0.0
85 361 0.0
85 362 0.0
85 363 2.48754671924e-05
85 364 0.0
85 365 6.21886679809e-06
85 366 0.0
85 367 0.000304724473107
85 368 0.0
85 369 9.95018687695e-05
85 370 6.21886679809e-06
85 371 0.000223879204731
85 372 6.21886679809e-06
85 373 9.95018687695e-05
85 374 6.21886679809e-06
85 375 9.95018687695e-05
85 376 0.0
85 377 0.0
85 378 0.0
85 379 6.21886679809e-06
85 380 0.0
85 381 5.59698011828e-05
85 382 6.21886679809e-06
85 383 5.59698011828e-05
85 384 6.21886679809e-06
85 385 2.48754671924e-05
85 386 0.0
85 387 2.48754671924e-05
85 388 0.0
85 389 0.0
85 390 0.0
85 391 0.000155471669952
85 392 6.21886679809e-06
85 393 0.0
85 394 6.21886679809e-06
85 395 0.000155471669952
85 396 6.21886679809e-06
85 397 2.48754671924e-05
85 398 0.0
85 399 6.21886679809e-06
85 400 0.0
86 0 0.0
86 1 2.48754671924e-05
86 2 0.0
86 3 2.48754671924e-05
86 4 0.0
86 5 0.000155471669952
86 6 0.0
86 7 0.000223879204731
86 8 0.0
86 9 2.48754671924e-05
86 10 0.0
86 11 0.000503728210645
86 12 0.0
86 13 5.59698011828e-05
86 14 0.0
86 15 2.48754671924e-05
86 16 0.0
86 17 0.000155471669952
86 18 0.0
86 19 6.21886679809e-06
86 20 0.0
86 21 2.48754671924e-05
86 22 0.0
86 23 6.21886679809e-06
86 24 0.0
86 25 6.21886679809e-06
86 26 0.0
86 27 6.21886679809e-06
86 28 0.0
86 29 0.000304724473107
86 30 0.0
86 31 9.95018687695e-05
86 32 0.0
86 33 2.48754671924e-05
86 34 0.0
86 35 0.0
86 36 0.0
86 37 0.000503728210645
86 38 0.0
86 39 0.000304724473107
86 40 0.0
86 41 0.0
86 42 0.0
86 43 2.48754671924e-05
86 44 0.0
86 45 0.0
86 46 0.0
86 47 6.21886679809e-06
86 48 0.0
86 49 0.0
86 50 0.0
86 51 0.0
86 52 0.0
86 53 0.0
86 54 0.0
86 55 6.21886679809e-06
86 56 0.0
86 57 6.21886679809e-06
86 58 0.0
86 59 0.000155471669952
86 60 0.0
86 61 0.000895516818925
86 62 0.0
86 63 0.000223879204731
86 64 0.0
86 65 0.000304724473107
86 66 0.0
86 67 0.000398007475078
86 68 0.0
86 69 9.95018687695e-05
86 70 0.0
86 71 6.21886679809e-06
86 72 0.0
86 73 2.48754671924e-05
86 74 0.0
86 75 0.0
86 76 0.0
86 77 6.21886679809e-06
86 78 0.0
86 79 0.0
86 80 0.0
86 81 0.0
86 82 0.0
86 83 0.0
86 84 0.0
86 85 0.000304724473107
86 86 0.0
86 87 0.000621886679809
86 88 0.0
86 89 0.00179725250465
86 90 0.0
86 91 9.95018687695e-05
86 92 0.0
86 93 0.000895516818925
86 94 0.0
86 95 0.00179725250465
86 96 0.0
86 97 5.59698011828e-05
86 98 0.0
86 99 0.0
86 100 0.0
86 101 6.21886679809e-06
86 102 0.0
86 103 0.0
86 104 0.0
86 105 0.0
86 106 0.0
86 107 0.0
86 108 0.0
86 109 0.0
86 110 0.0
86 111 0.0
86 112 0.0
86 113 6.21886679809e-06
86 114 0.0
86 115 6.21886679809e-06
86 116 0.0
86 117 0.0
86 118 0.0
86 119 6.21886679809e-06
86 120 0.0
86 121 0.0
86 122 0.0
86 123 0.0
86 124 0.0
86 125 0.0
86 126 0.0
86 127 0.0
86 128 0.0
86 129 0.0
86 130 0.0
86 131 0.0
86 132 0.0
86 133 0.0
86 134 0.0
86 135 0.0
86 136 0.0
86 137 0.0
86 138 0.0
86 139 0.0
86 140 0.0
86 141 0.0
86 142 0.0
86 143 0.0
86 144 0.0
86 145 0.0
86 146 0.0
86 147 0.0
86 148 0.0
86 149 0.0
86 150 0.0
86 151 0.0
86 152 0.0
86 153 0.0
86 154 0.0
86 155 0.0
86 156 0.0
86 157 0.0
86 158 0.0
86 159 0.0
86 160 0.0
86 161 0.0
86 162 0.0
86 163 0.0
86 164 0.0
86 165 0.0
86 166 0.0
86 167 0.0
86 168 0.0
86 169 0.0
86 170 0.0
86 171 0.0
86 172 0.0
86 173 0.0
86 174 0.0
86 175 0.0
86 176 0.0
86 177 0.0
86 178 0.0
86 179 0.0
86 180 0.0
86 181 0.0
86 182 0.0
86 183 0.0
86 184 0.0
86 185 0.0
86 186 0.0
86 187 0.0
86 188 0.0
86 189 0.0
86 190 0.0
86 191 0.0
86 192 0.0
86 193 0.0
86 194 0.0
86 195 0.0
86 196 0.0
86 197 0.0
86 198 0.0
86 199 0.0
86 200 0.0
86 201 0.0
86 202 0.0
86 203 0.0
86 204 0.0
86 205 0.0
86 206 0.0
86 207 0.0
86 208 0.0
86 209 0.0
86 210 0.0
86 211 0.0
86 212 0.0
86 213 0.0
86 214 0.0
86 215 0.0
86 216 0.0
86 217 0.0
86 218 0.0
86 219 0.0
86 220 0.0
86 221 0.0
86 222 0.0
86 223 0.0
86 224 0.0
86 225 0.0
86 226 0.0
86 227 0.0
86 228 0.0
86 229 0.0
86 230 0.0
86 231 0.0
86 232 0.0
86 233 0.0
86 234 0.0
86 235 0.0
86 236 0.0
86 237 0.0
86 238 0.0
86 239 0.0
86 240 0.0
86 241 0.0
86 242 0.0
86 243 0.0
86 244 0.0
86 245 0.0
86 246 0.0
86 247 0.0
86 248 0.0
86 249 0.0
86 250 0.0
86 251 0.0
86 252 0.0
86 253 0.0
86 254 0.0
86 255 0.0
86 256 0.0
86 257 0.0
86 258 0.0
86 259 0.0
86 260 0.0
86 261 0.0
86 262 0.0
86 263 0.0
86 264 0.0
86 265 0.0
86 266 0.0
86 267 0.0
86 268 0.0
86 269 0.0
86 270 0.0
86 271 0.0
86 272 0.0
86 273 0.0
86 274 0.0
86 275 0.0
86 276 0.0
86 277 0.0
86 278 0.0
86 279 0.0
86 280 0.0
86 281 0.0
86 282 0.0
86 283 0.0
86 284 0.0
86 285 0.0
86 286 0.0
86 287 0.0
86 288 0.0
86 289 0.0
86 290 0.0
86 291 0.0
86 292 0.0
86 293 0.0
86 294 0.0
86 295 0.0
86 296 0.0
86 297 0.0
86 298 0.0
86 299 0.0
86 300 0.0
86 301 0.0
86 302 0.0
86 303 6.21886679809e-06
86 304 0.0
86 305 0.0
86 306 0.0
86 307 0.0
86 308 0.0
86 309 0.0
86 310 0.0
86 311 9.95018687695e-05
86 312 0.0
86 313 6.21886679809e-06
86 314 0.0
86 315 0.0
86 316 0.0
86 317 2.48754671924e-05
86 318 0.0
86 319 2.48754671924e-05
86 320 0.0
86 321 6.21886679809e-06
86 322 0.0
86 323 0.0
86 324 0.0
86 325 0.00139924502957
86 326 0.0
86 327 0.00105098848888
86 328 0.0
86 329 9.95018687695e-05
86 330 0.0
86 331 6.21886679809e-06
86 332 0.0
86 333 2.48754671924e-05
86 334 0.0
86 335 0.0
86 336 0.0
86 337 0.0
86 338 0.0
86 339 0.0
86 340 0.0
86 341 0.000304724473107
86 342 0.0
86 343 0.00139924502957
86 344 0.0
86 345 0.000304724473107
86 346 0.0
86 347 9.95018687695e-05
86 348 0.0
86 349 0.000895516818925
86 350 0.0
86 351 0.000621886679809
86 352 0.0
86 353 0.000155471669952
86 354 0.0
86 355 6.21886679809e-06
86 356 0.0
86 357 0.0
86 358 0.0
86 359 0.0
86 360 0.0
86 361 0.0
86 362 0.0
86 363 2.48754671924e-05
86 364 0.0
86 365 6.21886679809e-06
86 366 0.0
86 367 0.000304724473107
86 368 0.0
86 369 0.000155471669952
86 370 0.0
86 371 0.000398007475078
86 372 0.0
86 373 0.000155471669952
86 374 0.0
86 375 9.95018687695e-05
86 376 0.0
86 377 2.48754671924e-05
86 378 0.0
86 379 6.21886679809e-06
86 380 0.0
86 381 5.59698011828e-05
86 382 0.0
86 383 5.59698011828e-05
86 384 0.0
86 385 2.48754671924e-05
86 386 0.0
86 387 2.48754671924e-05
86 388 0.0
86 389 0.0
86 390 0.0
86 391 0.000155471669952
86 392 0.0
86 393 9.95018687695e-05
86 394 0.0
86 395 0.000223879204731
86 396 0.0
86 397 0.0
86 398 0.0
86 399 0.0
86 400 0.0
87 0 6.21886679809e-06
87 1 9.95018687695e-05
87 2 6.21886679809e-06
87 3 2.48754671924e-05
87 4 0.0
87 5 0.000155471669952
87 6 0.0
87 7 0.000223879204731
87 8 0.0
87 9 2.48754671924e-05
87 10 0.0
87 11 0.000503728210645
87 12 0.0
87 13 5.59698011828e-05
87 14 0.0
87 15 2.48754671924e-05
87 16 0.0
87 17 0.000155471669952
87 18 0.0
87 19 6.21886679809e-06
87 20 0.0
87 21 2.48754671924e-05
87 22 0.0
87 23 6.21886679809e-06
87 24 0.0
87 25 6.21886679809e-06
87 26 0.0
87 27 6.21886679809e-06
87 28 0.0
87 29 0.000304724473107
87 30 0.0
87 31 9.95018687695e-05
87 32 0.0
87 33 2.48754671924e-05
87 34 0.0
87 35 0.0
87 36 0.0
87 37 0.000621886679809
87 38 0.0
87 39 0.000304724473107
87 40 0.0
87 41 0.0
87 42 0.0
87 43 2.48754671924e-05
87 44 0.0
87 45 0.0
87 46 0.0
87 47 6.21886679809e-06
87 48 0.0
87 49 0.0
87 50 0.0
87 51 0.0
87 52 0.0
87 53 0.0
87 54 0.0
87 55 6.21886679809e-06
87 56 0.0
87 57 6.21886679809e-06
87 58 0.0
87 59 0.000155471669952
87 60 0.0
87 61 0.000895516818925
87 62 0.0
87 63 0.000155471669952
87 64 6.21886679809e-06
87 65 0.000398007475078
87 66 6.21886679809e-06
87 67 0.000304724473107
87 68 0.0
87 69 9.95018687695e-05
87 70 0.0
87 71 2.48754671924e-05
87 72 0.0
87 73 2.48754671924e-05
87 74 0.0
87 75 0.0
87 76 0.0
87 77 6.21886679809e-06
87 78 0.0
87 79 0.0
87 80 0.0
87 81 0.0
87 82 0.0
87 83 0.0
87 84 0.0
87 85 0.000304724473107
87 86 0.0
87 87 0.000752482882569
87 88 6.21886679809e-06
87 89 0.00159202990031
87 90 6.21886679809e-06
87 91 9.95018687695e-05
87 92 0.0
87 93 0.000752482882569
87 94 0.0
87 95 0.00179725250465
87 96 0.0
87 97 5.59698011828e-05
87 98 0.0
87 99 0.0
87 100 0.0
87 101 6.21886679809e-06
87 102 0.0
87 103 0.0
87 104 0.0
87 105 0.0
87 106 0.0
87 107 6.21886679809e-06
87 108 0.0
87 109 6.21886679809e-06
87 110 6.21886679809e-06
87 111 5.59698011828e-05
87 112 9.95018687695e-05
87 113 2.48754671924e-05
87 114 9.95018687695e-05
87 115 2.48754671924e-05
87 116 2.48754671924e-05
87 117 2.48754671924e-05
87 118 5.59698011828e-05
87 119 5.59698011828e-05
87 120 9.95018687695e-05
87 121 9.95018687695e-05
87 122 9.95018687695e-05
87 123 5.59698011828e-05
87 124 9.95018687695e-05
87 125 9.95018687695e-05
87 126 9.95018687695e-05
87 127 9.95018687695e-05
87 128 9.95018687695e-05
87 129 9.95018687695e-05
87 130 9.95018687695e-05
87 131 9.95018687695e-05
87 132 9.95018687695e-05
87 133 9.95018687695e-05
87 134 9.95018687695e-05
87 135 9.95018687695e-05
87 136 9.95018687695e-05
87 137 9.95018687695e-05
87 138 9.95018687695e-05
87 139 9.95018687695e-05
87 140 9.95018687695e-05
87 141 9.95018687695e-05
87 142 9.95018687695e-05
87 143 9.95018687695e-05
87 144 9.95018687695e-05
87 145 9.95018687695e-05
87 146 9.95018687695e-05
87 147 9.95018687695e-05
87 148 9.95018687695e-05
87 149 9.95018687695e-05
87 150 9.95018687695e-05
87 151 9.95018687695e-05
87 152 9.95018687695e-05
87 153 9.95018687695e-05
87 154 9.95018687695e-05
87 155 9.95018687695e-05
87 156 9.95018687695e-05
87 157 9.95018687695e-05
87 158 9.95018687695e-05
87 159 9.95018687695e-05
87 160 9.95018687695e-05
87 161 9.95018687695e-05
87 162 9.95018687695e-05
87 163 9.95018687695e-05
87 164 9.95018687695e-05
87 165 9.95018687695e-05
87 166 9.95018687695e-05
87 167 9.95018687695e-05
87 168 9.95018687695e-05
87 169 9.95018687695e-05
87 170 9.95018687695e-05
87 171 9.95018687695e-05
87 172 9.95018687695e-05
87 173 9.95018687695e-05
87 174 9.95018687695e-05
87 175 9.95018687695e-05
87 176 9.95018687695e-05
87 177 9.95018687695e-05
87 178 9.95018687695e-05
87 179 9.95018687695e-05
87 180 9.95018687695e-05
87 181 9.95018687695e-05
87 182 9.95018687695e-05
87 183 9.95018687695e-05
87 184 9.95018687695e-05
87 185 9.95018687695e-05
87 186 9.95018687695e-05
87 187 9.95018687695e-05
87 188 9.95018687695e-05
87 189 9.95018687695e-05
87 190 9.95018687695e-05
87 191 9.95018687695e-05
87 192 9.95018687695e-05
87 193 9.95018687695e-05
87 194 9.95018687695e-05
87 195 9.95018687695e-05
87 196 9.95018687695e-05
87 197 9.95018687695e-05
87 198 9.95018687695e-05
87 199 9.95018687695e-05
87 200 9.95018687695e-05
87 201 9.95018687695e-05
87 202 9.95018687695e-05
87 203 9.95018687695e-05
87 204 9.95018687695e-05
87 205 9.95018687695e-05
87 206 9.95018687695e-05
87 207 9.95018687695e-05
87 208 9.95018687695e-05
87 209 9.95018687695e-05
87 210 9.95018687695e-05
87 211 9.95018687695e-05
87 212 9.95018687695e-05
87 213 9.95018687695e-05
87 214 9.95018687695e-05
87 215 9.95018687695e-05
87 216 9.95018687695e-05
87 217 9.95018687695e-05
87 218 9.95018687695e-05
87 219 9.95018687695e-05
87 220 9.95018687695e-05
87 221 9.95018687695e-05
87 222 9.95018687695e-05
87 223 9.95018687695e-05
87 224 9.95018687695e-05
87 225 9.95018687695e-05
87 226 9.95018687695e-05
87 227 9.95018687695e-05
87 228 9.95018687695e-05
87 229 9.95018687695e-05
87 230 9.95018687695e-05
87 231 9.95018687695e-05
87 232 9.95018687695e-05
87 233 9.95018687695e-05
87 234 9.95018687695e-05
87 235 9.95018687695e-05
87 236 9.95018687695e-05
87 237 9.95018687695e-05
87 238 9.95018687695e-05
87 239 9.95018687695e-05
87 240 9.95018687695e-05
87 241 9.95018687695e-05
87 242 9.95018687695e-05
87 243 9.95018687695e-05
87 244 9.95018687695e-05
87 245 9.95018687695e-05
87 246 9.95018687695e-05
87 247 9.95018687695e-05
87 248 9.95018687695e-05
87 249 9.95018687695e-05
87 250 9.95018687695e-05
87 251 9.95018687695e-05
87 252 9.95018687695e-05
87 253 9.95018687695e-05
87 254 9.95018687695e-05
87 255 9.95018687695e-05
87 256 9.95018687695e-05
87 257 9.95018687695e-05
87 258 9.95018687695e-05
87 259 9.95018687695e-05
87 260 9.95018687695e-05
87 261 9.95018687695e-05
87 262 9.95018687695e-05
87 263 9.95018687695e-05
87 264 9.95018687695e-05
87 265 9.95018687695e-05
87 266 9.95018687695e-05
87 267 9.95018687695e-05
87 268 9.95018687695e-05
87 269 9.95018687695e-05
87 270 9.95018687695e-05
87 271 9.95018687695e-05
87 272 9.95018687695e-05
87 273 9.95018687695e-05
87 274 9.95018687695e-05
87 275 9.95018687695e-05
87 276 9.95018687695e-05
87 277 9.95018687695e-05
87 278 9.95018687695e-05
87 279 9.95018687695e-05
87 280 9.95018687695e-05
87 281 9.95018687695e-05
87 282 9.95018687695e-05
87 283 9.95018687695e-05
87 284 9.95018687695e-05
87 285 9.95018687695e-05
87 286 9.95018687695e-05
87 287 9.95018687695e-05
87 288 9.95018687695e-05
87 289 9.95018687695e-05
87 290 9.95018687695e-05
87 291 9.95018687695e-05
87 292 9.95018687695e-05
87 293 9.95018687695e-05
87 294 9.95018687695e-05
87 295 9.95018687695e-05
87 296 9.95018687695e-05
87 297 5.59698011828e-05
87 298 9.95018687695e-05
87 299 9.95018687695e-05
87 300 0.000155471669952
87 301 0.000155471669952
87 302 0.000223879204731
87 303 0.000155471669952
87 304 0.000155471669952
87 305 5.59698011828e-05
87 306 0.000155471669952
87 307 2.48754671924e-05
87 308 6.21886679809e-06
87 309 0.0
87 310 0.0
87 311 0.0
87 312 2.48754671924e-05
87 313 6.21886679809e-06
87 314 0.0
87 315 6.21886679809e-06
87 316 0.0
87 317 2.48754671924e-05
87 318 0.0
87 319 6.21886679809e-06
87 320 0.0
87 321 6.21886679809e-06
87 322 6.21886679809e-06
87 323 0.0
87 324 0.0
87 325 0.00139924502957
87 326 0.0
87 327 0.00105098848888
87 328 0.0
87 329 9.95018687695e-05
87 330 0.0
87 331 6.21886679809e-06
87 332 0.0
87 333 2.48754671924e-05
87 334 0.0
87 335 0.0
87 336 0.0
87 337 0.0
87 338 0.0
87 339 0.0
87 340 0.0
87 341 0.000304724473107
87 342 0.0
87 343 0.00139924502957
87 344 0.0
87 345 0.000304724473107
87 346 0.0
87 347 9.95018687695e-05
87 348 0.0
87 349 0.000895516818925
87 350 0.0
87 351 0.000621886679809
87 352 0.0
87 353 0.000155471669952
87 354 0.0
87 355 6.21886679809e-06
87 356 0.0
87 357 0.0
87 358 0.0
87 359 0.0
87 360 0.0
87 361 0.0
87 362 0.0
87 363 2.48754671924e-05
87 364 0.0
87 365 6.21886679809e-06
87 366 0.0
87 367 0.000304724473107
87 368 0.0
87 369 0.000155471669952
87 370 6.21886679809e-06
87 371 0.000304724473107
87 372 0.0
87 373 0.000155471669952
87 374 6.21886679809e-06
87 375 9.95018687695e-05
87 376 0.0
87 377 6.21886679809e-06
87 378 6.21886679809e-06
87 379 0.0
87 380 6.21886679809e-06
87 381 5.59698011828e-05
87 382 6.21886679809e-06
87 383 5.59698011828e-05
87 384 6.21886679809e-06
87 385 2.48754671924e-05
87 386 0.0
87 387 2.48754671924e-05
87 388 0.0
87 389 0.0
87 390 0.0
87 391 9.95018687695e-05
87 392 6.21886679809e-06
87 393 2.48754671924e-05
87 394 6.21886679809e-06
87 395 0.000304724473107
87 396 6.21886679809e-06
87 397 6.21886679809e-06
87 398 0.0
87 399 0.0
87 400 0.0
88 0 0.0
88 1 2.48754671924e-05
88 2 0.0
88 3 2.48754671924e-05
88 4 0.0
88 5 0.000155471669952
88 6 0.0
88 7 0.000223879204731
88 8 0.0
88 9 2.48754671924e-05
88 10 0.0
88 11 0.000503728210645
88 12 0.0
88 13 5.59698011828e-05
88 14 0.0
88 15 2.48754671924e-05
88 16 0.0
88 17 0.000155471669952
88 18 0.0
88 19 6.21886679809e-06
88 20 0.0
88 21 2.48754671924e-05
88 22 0.0
88 23 6.21886679809e-06
88 24 0.0
88 25 6.21886679809e-06
88 26 0.0
88 27 6.21886679809e-06
88 28 0.0
88 29 0.000304724473107
88 30 0.0
88 31 9.95018687695e-05
88 32 0.0
88 33 2.48754671924e-05
88 34 0.0
88 35 0.0
88 36 0.0
88 37 0.000621886679809
88 38 0.0
88 39 0.000304724473107
88 40 0.0
88 41 0.0
88 42 0.0
88 43 2.48754671924e-05
88 44 0.0
88 45 0.0
88 46 0.0
88 47 6.21886679809e-06
88 48 0.0
88 49 0.0
88 50 0.0
88 51 0.0
88 52 0.0
88 53 0.0
88 54 0.0
88 55 6.21886679809e-06
88 56 0.0
88 57 6.21886679809e-06
88 58 0.0
88 59 0.000155471669952
88 60 0.0
88 61 0.000895516818925
88 62 0.0
88 63 0.000223879204731
88 64 0.0
88 65 0.000304724473107
88 66 0.0
88 67 0.000398007475078
88 68 0.0
88 69 9.95018687695e-05
88 70 0.0
88 71 6.21886679809e-06
88 72 0.0
88 73 2.48754671924e-05
88 74 0.0
88 75 0.0
88 76 0.0
88 77 6.21886679809e-06
88 78 0.0
88 79 0.0
88 80 0.0
88 81 0.0
88 82 0.0
88 83 0.0
88 84 0.0
88 85 0.000304724473107
88 86 0.0
88 87 0.000621886679809
88 88 0.0
88 89 0.00179725250465
88 90 0.0
88 91 9.95018687695e-05
88 92 0.0
88 93 0.000752482882569
88 94 0.0
88 95 0.00179725250465
88 96 0.0
88 97 5.59698011828e-05
88 98 0.0
88 99 0.0
88 100 0.0
88 101 6.21886679809e-06
88 102 0.0
88 103 0.0
88 104 0.0
88 105 0.0
88 106 0.0
88 107 6.21886679809e-06
88 108 0.0
88 109 0.0
88 110 0.0
88 111 0.0
88 112 0.0
88 113 2.48754671924e-05
88 114 0.0
88 115 6.21886679809e-06
88 116 0.0
88 117 0.0
88 118 0.0
88 119 6.21886679809e-06
88 120 0.0
88 121 0.0
88 122 0.0
88 123 6.21886679809e-06
88 124 0.0
88 125 0.0
88 126 0.0
88 127 0.0
88 128 0.0
88 129 0.0
88 130 0.0
88 131 0.0
88 132 0.0
88 133 0.0
88 134 0.0
88 135 0.0
88 136 0.0
88 137 0.0
88 138 0.0
88 139 0.0
88 140 0.0
88 141 0.0
88 142 0.0
88 143 0.0
88 144 0.0
88 145 0.0
88 146 0.0
88 147 0.0
88 148 0.0
88 149 0.0
88 150 0.0
88 151 0.0
88 152 0.0
88 153 0.0
88 154 0.0
88 155 0.0
88 156 0.0
88 157 0.0
88 158 0.0
88 159 0.0
88 160 0.0
88 161 0.0
88 162 0.0
88 163 0.0
88 164 0.0
88 165 0.0
88 166 0.0
88 167 0.0
88 168 0.0
88 169 0.0
88 170 0.0
88 171 0.0
88 172 0.0
88 173 0.0
88 174 0.0
88 175 0.0
88 176 0.0
88 177 0.0
88 178 0.0
88 179 0.0
88 180 0.0
88 181 0.0
88 182 0.0
88 183 0.0
88 184 0.0
88 185 0.0
88 186 0.0
88 187 0.0
88 188 0.0
88 189 0.0
88 190 0.0
88 191 0.0
88 192 0.0
88 193 0.0
88 194 0.0
88 195 0.0
88 196 0.0
88 197 0.0
88 198 0.0
88 199 0.0
88 200 0.0
88 201 0.0
88 202 0.0
88 203 0.0
88 204 0.0
88 205 0.0
88 206 0.0
88 207 0.0
88 208 0.0
88 209 0.0
88 210 0.0
88 211 0.0
88 212 0.0
88 213 0.0
88 214 0.0
88 215 0.0
88 216 0.0
88 217 0.0
88 218 0.0
88 219 0.0
88 220 0.0
88 221 0.0
88 222 0.0
88 223 0.0
88 224 0.0
88 225 0.0
88 226 0.0
88 227 0.0
88 228 0.0
88 229 0.0
88 230 0.0
88 231 0.0
88 232 0.0
88 233 0.0
88 234 0.0
88 235 0.0
88 236 0.0
88 237 0.0
88 238 0.0
88 239 0.0
88 240 0.0
88 241 0.0
88 242 0.0
88 243 0.0
88 244 0.0
88 245 0.0
88 246 0.0
88 247 0.0
88 248 0.0
88 249 0.0
88 250 0.0
88 251 0.0
88 252 0.0
88 253 0.0
88 254 0.0
88 255 0.0
88 256 0.0
88 257 0.0
88 258 0.0
88 259 0.0
88 260 0.0
88 261 0.0
88 262 0.0
88 263 0.0
88 264 0.0
88 265 0.0
88 266 0.0
88 267 0.0
88 268 0.0
88 269 0.0
88 270 0.0
88 271 0.0
88 272 0.0
88 273 0.0
88 274 0.0
88 275 0.0
88 276 0.0
88 277 0.0
88 278 0.0
88 279 0.0
88 280 0.0
88 281 0.0
88 282 0.0
88 283 0.0
88 284 0.0
88 285 0.0
88 286 0.0
88 287 0.0
88 288 0.0
88 289 0.0
88 290 0.0
88 291 0.0
88 292 0.0
88 293 0.0
88 294 0.0
88 295 0.0
88 296 0.0
88 297 6.21886679809e-06
88 298 0.0
88 299 0.0
88 300 0.0
88 301 2.48754671924e-05
88 302 0.0
88 303 2.48754671924e-05
88 304 0.0
88 305 5.59698011828e-05
88 306 0.0
88 307 0.0
88 308 0.0
88 309 0.0
88 310 0.0
88 311 6.21886679809e-06
88 312 0.0
88 313 0.0
88 314 0.0
88 315 6.21886679809e-06
88 316 0.0
88 317 2.48754671924e-05
88 318 0.0
88 319 6.21886679809e-06
88 320 0.0
88 321 6.21886679809e-06
88 322 0.0
88 323 0.0
88 324 0.0
88 325 0.00139924502957
88 326 0.0
88 327 0.00105098848888
88 328 0.0
88 329 9.95018687695e-05
88 330 0.0
88 331 6.21886679809e-06
88 332 0.0
88 333 2.48754671924e-05
88 334 0.0
88 335 0.0
88 336 0.0
88 337 0.0
88 338 0.0
88 339 0.0
88 340 0.0
88 341 0.000304724473107
88 342 0.0
88 343 0.00139924502957
88 344 0.0
88 345 0.000304724473107
88 346 0.0
88 347 9.95018687695e-05
88 348 0.0
88 349 0.000895516818925
88 350 0.0
88 351 0.000621886679809
88 352 0.0
88 353 0.000155471669952
88 354 0.0
88 355 6.21886679809e-06
88 356 0.0
88 357 0.0
88 358 0.0
88 359 0.0
88 360 0.0
88 361 0.0
88 362 0.0
88 363 2.48754671924e-05
88 364 0.0
88 365 6.21886679809e-06
88 366 0.0
88 367 0.000304724473107
88 368 0.0
88 369 0.000155471669952
88 370 0.0
88 371 0.000398007475078
88 372 0.0
88 373 0.000155471669952
88 374 0.0
88 375 9.95018687695e-05
88 376 0.0
88 377 2.48754671924e-05
88 378 0.0
88 379 6.21886679809e-06
88 380 0.0
88 381 9.95018687695e-05
88 382 0.0
88 383 2.48754671924e-05
88 384 0.0
88 385 2.48754671924e-05
88 386 0.0
88 387 2.48754671924e-05
88 388 0.0
88 389 0.0
88 390 0.0
88 391 0.000155471669952
88 392 0.0
88 393 5.59698011828e-05
88 394 0.0
88 395 0.000223879204731
88 396 0.0
88 397 0.0
88 398 0.0
88 399 0.0
88 400 0.0
89 0 0.0
89 1 2.48754671924e-05
89 2 0.0
89 3 2.48754671924e-05
89 4 0.0
89 5 9.95018687695e-05
89 6 6.21886679809e-06
89 7 0.000223879204731
89 8 0.0
89 9 2.48754671924e-05
89 10 0.0
89 11 0.000503728210645
89 12 0.0
89 13 5.59698011828e-05
89 14 0.0
89 15 2.48754671924e-05
89 16 0.0
89 17 0.000155471669952
89 18 0.0
89 19 6.21886679809e-06
89 20 0.0
89 21 2.48754671924e-05
89 22 0.0
89 23 6.21886679809e-06
89 24 0.0
89 25 6.21886679809e-06
89 26 0.0
89 27 6.21886679809e-06
89 28 0.0
89 29 0.000304724473107
89 30 0.0
89 31 9.95018687695e-05
89 32 0.0
89 33 2.48754671924e-05
89 34 0.0
89 35 0.0
89 36 6.21886679809e-06
89 37 0.000503728210645
89 38 6.21886679809e-06
89 39 0.000398007475078
89 40 6.21886679809e-06
89 41 6.21886679809e-06
89 42 6.21886679809e-06
89 43 2.48754671924e-05
89 44 0.0
89 45 0.0
89 46 0.0
89 47 6.21886679809e-06
89 48 0.0
89 49 0.0
89 50 0.0
89 51 0.0
89 52 0.0
89 53 0.0
89 54 0.0
89 55 6.21886679809e-06
89 56 0.0
89 57 6.21886679809e-06
89 58 0.0
89 59 0.000155471669952
89 60 0.0
89 61 0.000895516818925
89 62 0.0
89 63 0.000223879204731
89 64 0.0
89 65 0.000304724473107
89 66 0.0
89 67 0.000398007475078
89 68 0.0
89 69 0.000155471669952
89 70 6.21886679809e-06
89 71 2.48754671924e-05
89 72 0.0
89 73 2.48754671924e-05
89 74 0.0
89 75 0.0
89 76 0.0
89 77 6.21886679809e-06
89 78 0.0
89 79 0.0
89 80 0.0
89 81 0.0
89 82 0.0
89 83 0.0
89 84 0.0
89 85 0.000223879204731
89 86 6.21886679809e-06
89 87 0.000752482882569
89 88 0.0
89 89 0.00179725250465
89 90 0.0
89 91 9.95018687695e-05
89 92 6.21886679809e-06
89 93 0.000621886679809
89 94 6.21886679809e-06
89 95 0.00179725250465
89 96 0.0
89 97 5.59698011828e-05
89 98 6.21886679809e-06
89 99 6.21886679809e-06
89 100 0.0
89 101 0.0
89 102 0.0
89 103 0.0
89 104 0.0
89 105 0.0
89 106 0.0
89 107 0.0
89 108 0.0
89 109 6.21886679809e-06
89 110 2.48754671924e-05
89 111 0.000503728210645
89 112 0.000752482882569
89 113 0.00105098848888
89 114 0.00179725250465
89 115 0.00179725250465
89 116 0.00105098848888
89 117 0.000621886679809
89 118 0.000503728210645
89 119 0.000621886679809
89 120 0.000752482882569
89 121 0.000895516818925
89 122 0.000752482882569
89 123 0.000895516818925
89 124 0.000752482882569
89 125 0.000752482882569
89 126 0.000752482882569
89 127 0.000752482882569
89 128 0.000752482882569
89 129 0.000752482882569
89 130 0.000752482882569
89 131 0.000752482882569
89 132 0.000752482882569
89 133 0.000752482882569
89 134 0.000752482882569
89 135 0.000752482882569
89 136 0.000752482882569
89 137 0.000752482882569
89 138 0.000752482882569
89 139 0.000752482882569
89 140 0.000752482882569
89 141 0.000752482882569
89 142 0.000752482882569
89 143 0.000752482882569
89 144 0.000752482882569
89 145 0.000752482882569
89 146 0.000752482882569
89 147 0.000752482882569
89 148 0.000752482882569
89 149 0.000752482882569
89 150 0.000752482882569
89 151 0.000752482882569
89 152 0.000752482882569
89 153 0.000752482882569
89 154 0.000752482882569
89 155 0.000752482882569
89 156 0.000752482882569
89 157 0.000752482882569
89 158 0.000752482882569
89 159 0.000752482882569
89 160 0.000752482882569
89 161 0.000752482882569
89 162 0.000752482882569
89 163 0.000752482882569
89 164 0.000752482882569
89 165 0.000752482882569
89 166 0.000752482882569
89 167 0.000752482882569
89 168 0.000752482882569
89 169 0.000752482882569
89 170 0.000752482882569
89 171 0.000752482882569
89 172 0.000752482882569
89 173 0.000752482882569
89 174 0.000752482882569
89 175 0.000752482882569
89 176 0.000752482882569
89 177 0.000752482882569
89 178 0.000752482882569
89 179 0.000752482882569
89 180 0.000752482882569
89 181 0.000752482882569
89 182 0.000752482882569
89 183 0.000752482882569
89 184 0.000752482882569
89 185 0.000752482882569
89 186 0.000752482882569
89 187 0.000752482882569
89 188 0.000752482882569
89 189 0.000752482882569
89 190 0.000752482882569
89 191 0.000752482882569
89 192 0.000752482882569
89 193 0.000752482882569
89 194 0.000752482882569
89 195 0.000752482882569
89 196 0.000752482882569
89 197 0.000752482882569
89 198 0.000752482882569
89 199 0.000752482882569
89 200 0.000752482882569
89 201 0.000752482882569
89 202 0.000752482882569
89 203 0.000752482882569
89 204 0.000752482882569
89 205 0.000752482882569
89 206 0.000752482882569
89 207 0.000752482882569
89 208 0.000752482882569
89 209 0.000752482882569
89 210 0.000752482882569
89 211 0.000752482882569
89 212 0.000752482882569
89 213 0.000752482882569
89 214 0.000752482882569
89 215 0.000752482882569
89 216 0.000752482882569
89 217 0.000752482882569
89 218 0.000752482882569
89 219 0.000752482882569
89 220 0.000752482882569
89 221 0.000752482882569
89 222 0.000752482882569
89 223 0.000752482882569
89 224 0.000752482882569
89 225 0.000752482882569
89 226 0.000752482882569
89 227 0.000752482882569
89 228 0.000752482882569
89 229 0.000752482882569
89 230 0.000752482882569
89 231 0.000752482882569
89 232 0.000752482882569
89 233 0.000752482882569
89 234 0.000752482882569
89 235 0.000752482882569
89 236 0.000752482882569
89 237 0.000752482882569
89 238 0.000752482882569
89 239 0.000752482882569
89 240 0.000752482882569
89 241 0.000752482882569
89 242 0.000752482882569
89 243 0.000752482882569
89 244 0.000752482882569
89 245 0.000752482882569
89 246 0.000752482882569
89 247 0.000752482882569
89 248 0.000752482882569
89 249 0.000752482882569
89 250 0.000752482882569
89 251 0.000752482882569
89 252 0.000752482882569
89 253 0.000752482882569
89 254 0.000752482882569
89 255 0.000752482882569
89 256 0.000752482882569
89 257 0.000752482882569
89 258 0.000752482882569
89 259 0.000752482882569
89 260 0.000752482882569
89 261 0.000752482882569
89 262 0.000752482882569
89 263 0.000752482882569
89 264 0.000752482882569
89 265 0.000752482882569
89 266 0.000752482882569
89 267 0.000752482882569
89 268 0.000752482882569
89 269 0.000752482882569
89 270 0.000752482882569
89 271 0.000752482882569
89 272 0.000752482882569
89 273 0.000752482882569
89 274 0.000752482882569
89 275 0.000752482882569
89 276 0.000752482882569
89 277 0.000752482882569
89 278 0.000752482882569
89 279 0.000752482882569
89 280 0.000752482882569
89 281 0.000752482882569
89 282 0.000752482882569
89 283 0.000752482882569
89 284 0.000752482882569
89 285 0.000752482882569
89 286 0.000752482882569
89 287 0.000752482882569
89 288 0.000752482882569
89 289 0.000752482882569
89 290 0.000752482882569
89 291 0.000752482882569
89 292 0.000752482882569
89 293 0.000752482882569
89 294 0.000752482882569
89 295 0.000752482882569
89 296 0.000752482882569
89 297 0.000895516818925
89 298 0.000895516818925
89 299 0.000621886679809
89 300 0.000752482882569
89 301 0.00121889789243
89 302 0.000895516818925
89 303 0.000621886679809
89 304 0.000752482882569
89 305 0.000752482882569
89 306 0.000895516818925
89 307 0.000398007475078
89 308 0.000223879204731
89 309 2.48754671924e-05
89 310 6.21886679809e-06
89 311 6.21886679809e-06
89 312 0.0
89 313 0.0
89 314 6.21886679809e-06
89 315 2.48754671924e-05
89 316 6.21886679809e-06
89 317 6.21886679809e-06
89 318 0.0
89 319 6.21886679809e-06
89 320 0.0
89 321 6.21886679809e-06
89 322 0.0
89 323 0.0
89 324 0.0
89 325 0.00139924502957
89 326 0.0
89 327 0.00105098848888
89 328 0.0
89 329 9.95018687695e-05
89 330 0.0
89 331 6.21886679809e-06
89 332 0.0
89 333 2.48754671924e-05
89 334 0.0
89 335 0.0
89 336 0.0
89 337 0.0
89 338 0.0
89 339 0.0
89 340 0.0
89 341 0.000304724473107
89 342 0.0
89 343 0.00139924502957
89 344 0.0
89 345 0.000304724473107
89 346 0.0
89 347 9.95018687695e-05
89 348 0.0
89 349 0.000895516818925
89 350 0.0
89 351 0.000621886679809
89 352 0.0
89 353 0.000155471669952
89 354 0.0
89 355 6.21886679809e-06
89 356 0.0
89 357 0.0
89 358 0.0
89 359 0.0
89 360 0.0
89 361 0.0
89 362 0.0
89 363 2.48754671924e-05
89 364 0.0
89 365 6.21886679809e-06
89 366 0.0
89 367 0.000304724473107
89 368 0.0
89 369 9.95018687695e-05
89 370 0.0
89 371 0.000304724473107
89 372 6.21886679809e-06
89 373 0.000155471669952
89 374 0.0
89 375 9.95018687695e-05
89 376 6.21886679809e-06
89 377 6.21886679809e-06
89 378 0.0
89 379 6.21886679809e-06
89 380 0.0
89 381 9.95018687695e-05
89 382 0.0
89 383 2.48754671924e-05
89 384 0.0
89 385 2.48754671924e-05
89 386 0.0
89 387 2.48754671924e-05
89 388 0.0
89 389 0.0
89 390 0.0
89 391 0.000155471669952
89 392 0.0
89 393 5.59698011828e-05
89 394 0.0
89 395 0.000223879204731
89 396 0.0
89 397 6.21886679809e-06
89 398 6.21886679809e-06
89 399 6.21886679809e-06
89 400 0.0
90 0 0.0
90 1 2.48754671924e-05
90 2 0.0
90 3 2.48754671924e-05
90 4 0.0
90 5 0.000155471669952
90 6 0.0
90 7 0.000223879204731
90 8 0.0
90 9 2.48754671924e-05
90 10 0.0
90 11 0.000503728210645
90 12 0.0
90 13 5.59698011828e-05
90 14 0.0
90 15 2.48754671924e-05
90 16 0.0
90 17 0.000155471669952
90 18 0.0
90 19 6.21886679809e-06
90 20 0.0
90 21 2.48754671924e-05
90 22 0.0
90 23 6.21886679809e-06
90 24 0.0
90 25 6.21886679809e-06
90 26 0.0
90 27 6.21886679809e-06
90 28 0.0
90 29 0.000304724473107
90 30 0.0
90 31 9.95018687695e-05
90 32 0.0
90 33 2.48754671924e-05
90 34 0.0
90 35 0.0
90 36 0.0
90 37 0.000621886679809
90 38 0.0
90 39 0.000304724473107
90 40 0.0
90 41 0.0
90 42 0.0
90 43 2.48754671924e-05
90 44 0.0
90 45 0.0
90 46 0.0
90 47 6.21886679809e-06
90 48 0.0
90 49 0.0
90 50 0.0
90 51 0.0
90 52 0.0
90 53 0.0
90 54 0.0
90 55 6.21886679809e-06
90 56 0.0
90 57 6.21886679809e-06
90 58 0.0
90 59 0.000155471669952
90 60 0.0
90 61 0.000895516818925
90 62 0.0
90 63 0.000223879204731
90 64 0.0
90 65 0.000304724473107
90 66 0.0
90 67 0.000398007475078
90 68 0.0
90 69 9.95018687695e-05
90 70 0.0
90 71 6.21886679809e-06
90 72 0.0
90 73 2.48754671924e-05
90 74 0.0
90 75 0.0
90 76 0.0
90 77 6.21886679809e-06
90 78 0.0
90 79 0.0
90 80 0.0
90 81 0.0
90 82 0.0
90 83 0.0
90 84 0.0
90 85 0.000304724473107
90 86 0.0
90 87 0.000621886679809
90 88 0.0
90 89 0.00179725250465
90 90 0.0
90 91 9.95018687695e-05
90 92 0.0
90 93 0.000752482882569
90 94 0.0
90 95 0.00179725250465
90 96 0.0
90 97 5.59698011828e-05
90 98 0.0
90 99 0.0
90 100 0.0
90 101 6.21886679809e-06
90 102 0.0
90 103 0.0
90 104 0.0
90 105 0.0
90 106 0.0
90 107 0.0
90 108 0.0
90 109 0.000155471669952
90 110 0.0
90 111 0.000304724473107
90 112 0.0
90 113 0.000503728210645
90 114 0.0
90 115 5.59698011828e-05
90 116 0.0
90 117 6.21886679809e-06
90 118 0.0
90 119 6.21886679809e-06
90 120 0.0
90 121 6.21886679809e-06
90 122 0.0
90 123 0.0
90 124 0.0
90 125 6.21886679809e-06
90 126 0.0
90 127 0.0
90 128 0.0
90 129 0.0
90 130 0.0
90 131 0.0
90 132 0.0
90 133 0.0
90 134 0.0
90 135 0.0
90 136 0.0
90 137 0.0
90 138 0.0
90 139 0.0
90 140 0.0
90 141 0.0
90 142 0.0
90 143 0.0
90 144 0.0
90 145 0.0
90 146 0.0
90 147 0.0
90 148 0.0
90 149 0.0
90 150 0.0
90 151 0.0
90 152 0.0
90 153 0.0
90 154 0.0
90 155 0.0
90 156 0.0
90 157 0.0
90 158 0.0
90 159 0.0
90 160 0.0
90 161 0.0
90 162 0.0
90 163 0.0
90 164 0.0
90 165 0.0
90 166 0.0
90 167 0.0
90 168 0.0
90 169 0.0
90 170 0.0
90 171 0.0
90 172 0.0
90 173 0.0
90 174 0.0
90 175 0.0
90 176 0.0
90 177 0.0
90 178 0.0
90 179 0.0
90 180 0.0
90 181 0.0
90 182 0.0
90 183 0.0
90 184 0.0
90 185 0.0
90 186 0.0
90 187 0.0
90 188 0.0
90 189 0.0
90 190 0.0
90 191 0.0
90 192 0.0
90 193 0.0
90 194 0.0
90 195 0.0
90 196 0.0
90 197 0.0
90 198 0.0
90 199 0.0
90 200 0.0
90 201 0.0
90 202 0.0
90 203 0.0
90 204 0.0
90 205 0.0
90 206 0.0
90 207 0.0
90 208 0.0
90 209 0.0
90 210 0.0
90 211 0.0
90 212 0.0
90 213 0.0
90 214 0.0
90 215 0.0
90 216 0.0
90 217 0.0
90 218 0.0
90 219 0.0
90 220 0.0
90 221 0.0
90 222 0.0
90 223 0.0
90 224 0.0
90 225 0.0
90 226 0.0
90 227 0.0
90 228 0.0
90 229 0.0
90 230 0.0
90 231 0.0
90 232 0.0
90 233 0.0
90 234 0.0
90 235 0.0
90 236 0.0
90 237 0.0
90 238 0.0
90 239 0.0
90 240 0.0
90 241 0.0
90 242 0.0
90 243 0.0
90 244 0.0
90 245 0.0
90 246 0.0
90 247 0.0
90 248 0.0
90 249 0.0
90 250 0.0
90 251 0.0
90 252 0.0
90 253 0.0
90 254 0.0
90 255 0.0
90 256 0.0
90 257 0.0
90 258 0.0
90 259 0.0
90 260 0.0
90 261 0.0
90 262 0.0
90 263 0.0
90 264 0.0
90 265 0.0
90 266 0.0
90 267 0.0
90 268 0.0
90 269 0.0
90 270 0.0
90 271 0.0
90 272 0.0
90 273 0.0
90 274 0.0
90 275 0.0
90 276 0.0
90 277 0.0
90 278 0.0
90 279 0.0
90 280 0.0
90 281 0.0
90 282 0.0
90 283 0.0
90 284 0.0
90 285 0.0
90 286 0.0
90 287 0.0
90 288 0.0
90 289 0.0
90 290 0.0
90 291 0.0
90 292 0.0
90 293 0.0
90 294 0.0
90 295 6.21886679809e-06
90 296 0.0
90 297 0.0
90 298 0.0
90 299 5.59698011828e-05
90 300 0.0
90 301 2.48754671924e-05
90 302 0.0
90 303 6.21886679809e-06
90 304 0.0
90 305 0.000621886679809
90 306 0.0
90 307 5.59698011828e-05
90 308 0.0
90 309 0.000155471669952
90 310 0.0
90 311 6.21886679809e-06
90 312 0.0
90 313 6.21886679809e-06
90 314 0.0
90 315 6.21886679809e-06
90 316 0.0
90 317 2.48754671924e-05
90 318 0.0
90 319 6.21886679809e-06
90 320 0.0
90 321 6.21886679809e-06
90 322 0.0
90 323 0.0
90 324 0.0
90 325 0.00139924502957
90 326 0.0
90 327 0.00105098848888
90 328 0.0
90 329 9.95018687695e-05
90 330 0.0
90 331 6.21886679809e-06
90 332 0.0
90 333 2.48754671924e-05
90 334 0.0
90 335 0.0
90 336 0.0
90 337 0.0
90 338 0.0
90 339 0.0
90 340 0.0
90 341 0.000304724473107
90 342 0.0
90 343 0.00139924502957
90 344 0.0
90 345 0.000304724473107
90 346 0.0
90 347 9.95018687695e-05
90 348 0.0
90 349 0.000895516818925
90 350 0.0
90 351 0.000621886679809
90 352 0.0
90 353 0.000155471669952
90 354 0.0
90 355 6.21886679809e-06
90 356 0.0
90 357 0.0
90 358 0.0
90 359 0.0
90 360 0.0
90 361 0.0
90 362 0.0
90 363 2.48754671924e-05
90 364 0.0
90 365 6.21886679809e-06
90 366 0.0
90 367 0.000304724473107
90 368 0.0
90 369 0.000155471669952
90 370 0.0
90 371 0.000398007475078
90 372 0.0
90 373 0.000155471669952
90 374 0.0
90 375 9.95018687695e-05
90 376 0.0
90 377 2.48754671924e-05
90 378 0.0
90 379 6.21886679809e-06
90 380 0.0
90 381 9.95018687695e-05
90 382 0.0
90 383 2.48754671924e-05
90 384 0.0
90 385 2.48754671924e-05
90 386 0.0
90 387 2.48754671924e-05
90 388 0.0
90 389 0.0
90 390 0.0
90 391 0.000155471669952
90 392 0.0
90 393 5.59698011828e-05
90 394 0.0
90 395 0.000223879204731
90 396 0.0
90 397 0.0
90 398 0.0
90 399 0.0
90 400 0.0
91 0 0.0
91 1 2.48754671924e-05
91 2 0.0
91 3 2.48754671924e-05
91 4 0.0
91 5 0.000155471669952
91 6 0.0
91 7 0.000223879204731
91 8 0.0
91 9 2.48754671924e-05
91 10 0.0
91 11 0.000503728210645
91 12 0.0
91 13 5.59698011828e-05
91 14 0.0
91 15 2.48754671924e-05
91 16 0.0
91 17 0.000155471669952
91 18 0.0
91 19 6.21886679809e-06
91 20 0.0
91 21 2.48754671924e-05
91 22 0.0
91 23 6.21886679809e-06
91 24 0.0
91 25 6.21886679809e-06
91 26 0.0
91 27 6.21886679809e-06
91 28 0.0
91 29 0.000304724473107
91 30 0.0
91 31 9.95018687695e-05
91 32 0.0
91 33 2.48754671924e-05
91 34 0.0
91 35 0.0
91 36 6.21886679809e-06
91 37 0.000621886679809
91 38 0.0
91 39 0.000304724473107
91 40 0.0
91 41 0.0
91 42 0.0
91 43 2.48754671924e-05
91 44 0.0
91 45 0.0
91 46 0.0
91 47 6.21886679809e-06
91 48 0.0
91 49 0.0
91 50 0.0
91 51 0.0
91 52 0.0
91 53 0.0
91 54 0.0
91 55 6.21886679809e-06
91 56 0.0
91 57 6.21886679809e-06
91 58 0.0
91 59 0.000155471669952
91 60 0.0
91 61 0.000895516818925
91 62 0.0
91 63 0.000223879204731
91 64 0.0
91 65 0.000304724473107
91 66 0.0
91 67 0.000398007475078
91 68 0.0
91 69 9.95018687695e-05
91 70 0.0
91 71 6.21886679809e-06
91 72 0.0
91 73 2.48754671924e-05
91 74 0.0
91 75 0.0
91 76 0.0
91 77 6.21886679809e-06
91 78 0.0
91 79 0.0
91 80 0.0
91 81 0.0
91 82 0.0
91 83 0.0
91 84 0.0
91 85 0.000304724473107
91 86 0.0
91 87 0.000621886679809
91 88 0.0
91 89 0.00179725250465
91 90 0.0
91 91 9.95018687695e-05
91 92 0.0
91 93 0.000752482882569
91 94 0.0
91 95 0.00179725250465
91 96 0.0
91 97 5.59698011828e-05
91 98 0.0
91 99 0.0
91 100 0.0
91 101 6.21886679809e-06
91 102 0.0
91 103 6.21886679809e-06
91 104 0.0
91 105 0.0
91 106 0.0
91 107 6.21886679809e-06
91 108 6.21886679809e-06
91 109 0.000223879204731
91 110 6.21886679809e-06
91 111 0.00139924502957
91 112 2.48754671924e-05
91 113 0.00453355389581
91 114 0.000752482882569
91 115 0.000223879204731
91 116 0.000503728210645
91 117 0.000895516818925
91 118 0.00105098848888
91 119 0.00105098848888
91 120 0.00121889789243
91 121 0.00121889789243
91 122 0.00121889789243
91 123 0.00121889789243
91 124 0.00121889789243
91 125 0.00121889789243
91 126 0.00121889789243
91 127 0.00121889789243
91 128 0.00121889789243
91 129 0.00121889789243
91 130 0.00121889789243
91 131 0.00121889789243
91 132 0.00121889789243
91 133 0.00121889789243
91 134 0.00121889789243
91 135 0.00121889789243
91 136 0.00121889789243
91 137 0.00121889789243
91 138 0.00121889789243
91 139 0.00121889789243
91 140 0.00121889789243
91 141 0.00121889789243
91 142 0.00121889789243
91 143 0.00121889789243
91 144 0.00121889789243
91 145 0.00121889789243
91 146 0.00121889789243
91 147 0.00121889789243
91 148 0.00121889789243
91 149 0.00121889789243
91 150 0.00121889789243
91 151 0.00121889789243
91 152 0.00121889789243
91 153 0.00121889789243
91 154 0.00121889789243
91 155 0.00121889789243
91 156 0.00121889789243
91 157 0.00121889789243
91 158 0.00121889789243
91 159 0.00121889789243
91 160 0.00121889789243
91 161 0.00121889789243
91 162 0.00121889789243
91 163 0.00121889789243
91 164 0.00121889789243
91 165 0.00121889789243
91 166 0.00121889789243
91 167 0.00121889789243
91 168 0.00121889789243
91 169 0.00121889789243
91 170 0.00121889789243
91 171 0.00121889789243
91 172 0.00121889789243
91 173 0.00121889789243
91 174 0.00121889789243
91 175 0.00121889789243
91 176 0.00121889789243
91 177 0.00121889789243
91 178 0.00121889789243
91 179 0.00121889789243
91 180 0.00121889789243
91 181 0.00121889789243
91 182 0.00121889789243
91 183 0.00121889789243
91 184 0.00121889789243
91 185 0.00121889789243
91 186 0.00121889789243
91 187 0.00121889789243
91 188 0.00121889789243
91 189 0.00121889789243
91 190 0.00121889789243
91 191 0.00121889789243
91 192 0.00121889789243
91 193 0.00121889789243
91 194 0.00121889789243
91 195 0.00121889789243
91 196 0.00121889789243
91 197 0.00121889789243
91 198 0.00121889789243
91 199 0.00121889789243
91 200 0.00121889789243
91 201 0.00121889789243
91 202 0.00121889789243
91 203 0.00121889789243
91 204 0.00121889789243
91 205 0.00121889789243
91 206 0.00121889789243
91 207 0.00121889789243
91 208 0.00121889789243
91 209 0.00121889789243
91 210 0.00121889789243
91 211 0.00121889789243
91 212 0.00121889789243
91 213 0.00121889789243
91 214 0.00121889789243
91 215 0.00121889789243
91 216 0.00121889789243
91 217 0.00121889789243
91 218 0.00121889789243
91 219 0.00121889789243
91 220 0.00121889789243
91 221 0.00121889789243
91 222 0.00121889789243
91 223 0.00121889789243
91 224 0.00121889789243
91 225 0.00121889789243
91 226 0.00121889789243
91 227 0.00121889789243
91 228 0.00121889789243
91 229 0.00121889789243
91 230 0.00121889789243
91 231 0.00121889789243
91 232 0.00121889789243
91 233 0.00121889789243
91 234 0.00121889789243
91 235 0.00121889789243
91 236 0.00121889789243
91 237 0.00121889789243
91 238 0.00121889789243
91 239 0.00121889789243
91 240 0.00121889789243
91 241 0.00121889789243
91 242 0.00121889789243
91 243 0.00121889789243
91 244 0.00121889789243
91 245 0.00121889789243
91 246 0.00121889789243
91 247 0.00121889789243
91 248 0.00121889789243
91 249 0.00121889789243
91 250 0.00121889789243
91 251 0.00121889789243
91 252 0.00121889789243
91 253 0.00121889789243
91 254 0.00121889789243
91 255 0.00121889789243
91 256 0.00121889789243
91 257 0.00121889789243
91 258 0.00121889789243
91 259 0.00121889789243
91 260 0.00121889789243
91 261 0.00121889789243
91 262 0.00121889789243
91 263 0.00121889789243
91 264 0.00121889789243
91 265 0.00121889789243
91 266 0.00121889789243
91 267 0.00121889789243
91 268 0.00121889789243
91 269 0.00121889789243
91 270 0.00121889789243
91 271 0.00121889789243
91 272 0.00121889789243
91 273 0.00121889789243
91 274 0.00121889789243
91 275 0.00121889789243
91 276 0.00121889789243
91 277 0.00121889789243
91 278 0.00121889789243
91 279 0.00121889789243
91 280 0.00121889789243
91 281 0.00121889789243
91 282 0.00121889789243
91 283 0.00121889789243
91 284 0.00121889789243
91 285 0.00121889789243
91 286 0.00121889789243
91 287 0.00121889789243
91 288 0.00121889789243
91 289 0.00121889789243
91 290 0.00121889789243
91 291 0.00121889789243
91 292 0.00121889789243
91 293 0.00121889789243
91 294 0.00121889789243
91 295 0.00105098848888
91 296 0.00121889789243
91 297 0.00121889789243
91 298 0.00121889789243
91 299 0.00139924502957
91 300 0.00121889789243
91 301 0.00105098848888
91 302 0.00159202990031
91 303 0.00201491284258
91 304 0.00274252025796
91 305 0.00420395395551
91 306 0.00121889789243
91 307 0.00328978053619
91 308 2.48754671924e-05
91 309 0.000895516818925
91 310 0.0
91 311 6.21886679809e-06
91 312 0.0
91 313 0.0
91 314 0.0
91 315 6.21886679809e-06
91 316 0.0
91 317 2.48754671924e-05
91 318 0.0
91 319 6.21886679809e-06
91 320 0.0
91 321 6.21886679809e-06
91 322 6.21886679809e-06
91 323 0.0
91 324 0.0
91 325 0.00139924502957
91 326 0.0
91 327 0.000895516818925
91 328 0.0
91 329 9.95018687695e-05
91 330 0.0
91 331 6.21886679809e-06
91 332 0.0
91 333 2.48754671924e-05
91 334 0.0
91 335 0.0
91 336 0.0
91 337 0.0
91 338 0.0
91 339 0.0
91 340 0.0
91 341 0.000304724473107
91 342 0.0
91 343 0.00139924502957
91 344 0.0
91 345 0.000304724473107
91 346 0.0
91 347 9.95018687695e-05
91 348 0.0
91 349 0.000895516818925
91 350 0.0
91 351 0.000621886679809
91 352 0.0
91 353 0.000155471669952
91 354 0.0
91 355 6.21886679809e-06
91 356 0.0
91 357 0.0
91 358 0.0
91 359 0.0
91 360 0.0
91 361 0.0
91 362 0.0
91 363 2.48754671924e-05
91 364 0.0
91 365 6.21886679809e-06
91 366 0.0
91 367 0.000304724473107
91 368 0.0
91 369 0.000155471669952
91 370 0.0
91 371 0.000398007475078
91 372 0.0
91 373 0.000155471669952
91 374 0.0
91 375 9.95018687695e-05
91 376 0.0
91 377 6.21886679809e-06
91 378 6.21886679809e-06
91 379 0.0
91 380 6.21886679809e-06
91 381 5.59698011828e-05
91 382 0.0
91 383 5.59698011828e-05
91 384 0.0
91 385 2.48754671924e-05
91 386 0.0
91 387 2.48754671924e-05
91 388 0.0
91 389 0.0
91 390 0.0
91 391 0.000155471669952
91 392 0.0
91 393 9.95018687695e-05
91 394 0.0
91 395 0.000223879204731
91 396 0.0
91 397 0.0
91 398 0.0
91 399 0.0
91 400 0.0
92 0 0.0
92 1 2.48754671924e-05
92 2 0.0
92 3 2.48754671924e-05
92 4 0.0
92 5 0.000155471669952
92 6 0.0
92 7 0.000223879204731
92 8 0.0
92 9 2.48754671924e-05
92 10 0.0
92 11 0.000503728210645
92 12 0.0
92 13 5.59698011828e-05
92 14 0.0
92 15 2.48754671924e-05
92 16 0.0
92 17 0.000155471669952
92 18 0.0
92 19 6.21886679809e-06
92 20 0.0
92 21 2.48754671924e-05
92 22 0.0
92 23 6.21886679809e-06
92 24 0.0
92 25 6.21886679809e-06
92 26 0.0
92 27 6.21886679809e-06
92 28 0.0
92 29 0.000304724473107
92 30 0.0
92 31 9.95018687695e-05
92 32 0.0
92 33 2.48754671924e-05
92 34 0.0
92 35 0.0
92 36 0.0
92 37 0.000621886679809
92 38 0.0
92 39 0.000304724473107
92 40 0.0
92 41 0.0
92 42 0.0
92 43 2.48754671924e-05
92 44 0.0
92 45 0.0
92 46 0.0
92 47 6.21886679809e-06
92 48 0.0
92 49 0.0
92 50 0.0
92 51 0.0
92 52 0.0
92 53 0.0
92 54 0.0
92 55 6.21886679809e-06
92 56 0.0
92 57 6.21886679809e-06
92 58 0.0
92 59 0.000155471669952
92 60 0.0
92 61 0.000895516818925
92 62 0.0
92 63 0.000223879204731
92 64 0.0
92 65 0.000304724473107
92 66 0.0
92 67 0.000398007475078
92 68 0.0
92 69 9.95018687695e-05
92 70 0.0
92 71 6.21886679809e-06
92 72 0.0
92 73 2.48754671924e-05
92 74 0.0
92 75 0.0
92 76 0.0
92 77 6.21886679809e-06
92 78 0.0
92 79 0.0
92 80 0.0
92 81 0.0
92 82 0.0
92 83 0.0
92 84 0.0
92 85 0.000304724473107
92 86 0.0
92 87 0.000621886679809
92 88 0.0
92 89 0.00179725250465
92 90 0.0
92 91 9.95018687695e-05
92 92 0.0
92 93 0.000752482882569
92 94 0.0
92 95 0.00179725250465
92 96 0.0
92 97 5.59698011828e-05
92 98 0.0
92 99 0.0
92 100 0.0
92 101 6.21886679809e-06
92 102 0.0
92 103 6.21886679809e-06
92 104 0.0
92 105 0.0
92 106 0.0
92 107 6.21886679809e-06
92 108 0.0
92 109 0.000398007475078
92 110 0.0
92 111 0.00105098848888
92 112 0.0
92 113 0.00453355389581
92 114 0.0
92 115 9.95018687695e-05
92 116 0.0
92 117 6.21886679809e-06
92 118 0.0
92 119 0.0
92 120 0.0
92 121 0.0
92 122 0.0
92 123 0.0
92 124 0.0
92 125 0.0
92 126 0.0
92 127 0.0
92 128 0.0
92 129 0.0
92 130 0.0
92 131 0.0
92 132 0.0
92 133 0.0
92 134 0.0
92 135 0.0
92 136 0.0
92 137 0.0
92 138 0.0
92 139 0.0
92 140 0.0
92 141 0.0
92 142 0.0
92 143 0.0
92 144 0.0
92 145 0.0
92 146 0.0
92 147 0.0
92 148 0.0
92 149 0.0
92 150 0.0
92 151 0.0
92 152 0.0
92 153 0.0
92 154 0.0
92 155 0.0
92 156 0.0
92 157 0.0
92 158 0.0
92 159 0.0
92 160 0.0
92 161 0.0
92 162 0.0
92 163 0.0
92 164 0.0
92 165 0.0
92 166 0.0
92 167 0.0
92 168 0.0
92 169 0.0
92 170 0.0
92 171 0.0
92 172 0.0
92 173 0.0
92 174 0.0
92 175 0.0
92 176 0.0
92 177 0.0
92 178 0.0
92 179 0.0
92 180 0.0
92 181 0.0
92 182 0.0
92 183 0.0
92 184 0.0
92 185 0.0
92 186 0.0
92 187 0.0
92 188 0.0
92 189 0.0
92 190 0.0
92 191 0.0
92 192 0.0
92 193 0.0
92 194 0.0
92 195 0.0
92 196 0.0
92 197 0.0
92 198 0.0
92 199 0.0
92 200 0.0
92 201 0.0
92 202 0.0
92 203 0.0
92 204 0.0
92 205 0.0
92 206 0.0
92 207 0.0
92 208 0.0
92 209 0.0
92 210 0.0
92 211 0.0
92 212 0.0
92 213 0.0
92 214 0.0
92 215 0.0
92 216 0.0
92 217 0.0
92 218 0.0
92 219 0.0
92 220 0.0
92 221 0.0
92 222 0.0
92 223 0.0
92 224 0.0
92 225 0.0
92 226 0.0
92 227 0.0
92 228 0.0
92 229 0.0
92 230 0.0
92 231 0.0
92 232 0.0
92 233 0.0
92 234 0.0
92 235 0.0
92 236 0.0
92 237 0.0
92 238 0.0
92 239 0.0
92 240 0.0
92 241 0.0
92 242 0.0
92 243 0.0
92 244 0.0
92 245 0.0
92 246 0.0
92 247 0.0
92 248 0.0
92 249 0.0
92 250 0.0
92 251 0.0
92 252 0.0
92 253 0.0
92 254 0.0
92 255 0.0
92 256 0.0
92 257 0.0
92 258 0.0
92 259 0.0
92 260 0.0
92 261 0.0
92 262 0.0
92 263 0.0
92 264 0.0
92 265 0.0
92 266 0.0
92 267 0.0
92 268 0.0
92 269 0.0
92 270 0.0
92 271 0.0
92 272 0.0
92 273 0.0
92 274 0.0
92 275 0.0
92 276 0.0
92 277 0.0
92 278 0.0
92 279 0.0
92 280 0.0
92 281 0.0
92 282 0.0
92 283 0.0
92 284 0.0
92 285 0.0
92 286 0.0
92 287 0.0
92 288 0.0
92 289 0.0
92 290 0.0
92 291 0.0
92 292 0.0
92 293 0.0
92 294 0.0
92 295 0.0
92 296 0.0
92 297 0.0
92 298 0.0
92 299 0.0
92 300 0.0
92 301 6.21886679809e-06
92 302 0.0
92 303 6.21886679809e-06
92 304 0.0
92 305 6.21886679809e-06
92 306 0.0
92 307 0.00677234594312
92 308 0.0
92 309 0.00159202990031
92 310 0.0
92 311 9.95018687695e-05
92 312 0.0
92 313 6.21886679809e-06
92 314 0.0
92 315 6.21886679809e-06
92 316 0.0
92 317 2.48754671924e-05
92 318 0.0
92 319 6.21886679809e-06
92 320 0.0
92 321 0.0
92 322 0.0
92 323 6.21886679809e-06
92 324 0.0
92 325 0.00139924502957
92 326 0.0
92 327 0.00105098848888
92 328 0.0
92 329 9.95018687695e-05
92 330 0.0
92 331 6.21886679809e-06
92 332 0.0
92 333 2.48754671924e-05
92 334 0.0
92 335 0.0
92 336 0.0
92 337 0.0
92 338 0.0
92 339 0.0
92 340 0.0
92 341 0.000304724473107
92 342 0.0
92 343 0.00139924502957
92 344 0.0
92 345 0.000304724473107
92 346 0.0
92 347 9.95018687695e-05
92 348 0.0
92 349 0.000895516818925
92 350 0.0
92 351 0.000621886679809
92 352 0.0
92 353 0.000155471669952
92 354 0.0
92 355 6.21886679809e-06
92 356 0.0
92 357 0.0
92 358 0.0
92 359 0.0
92 360 0.0
92 361 0.0
92 362 0.0
92 363 2.48754671924e-05
92 364 0.0
92 365 6.21886679809e-06
92 366 0.0
92 367 0.000223879204731
92 368 0.0
92 369 9.95018687695e-05
92 370 0.0
92 371 0.000398007475078
92 372 0.0
92 373 0.000155471669952
92 374 0.0
92 375 5.59698011828e-05
92 376 0.0
92 377 6.21886679809e-06
92 378 0.0
92 379 6.21886679809e-06
92 380 0.0
92 381 5.59698011828e-05
92 382 0.0
92 383 2.48754671924e-05
92 384 0.0
92 385 2.48754671924e-05
92 386 0.0
92 387 2.48754671924e-05
92 388 0.0
92 389 0.0
92 390 0.0
92 391 0.000155471669952
92 392 0.0
92 393 5.59698011828e-05
92 394 0.0
92 395 9.95018687695e-05
92 396 0.0
92 397 2.48754671924e-05
92 398 0.0
92 399 0.0
92 400 0.0
93 0 0.0
93 1 2.48754671924e-05
93 2 0.0
93 3 2.48754671924e-05
93 4 0.0
93 5 0.000155471669952
93 6 0.0
93 7 0.000223879204731
93 8 0.0
93 9 2.48754671924e-05
93 10 0.0
93 11 0.000503728210645
93 12 0.0
93 13 5.59698011828e-05
93 14 0.0
93 15 2.48754671924e-05
93 16 0.0
93 17 0.000155471669952
93 18 0.0
93 19 6.21886679809e-06
93 20 0.0
93 21 2.48754671924e-05
93 22 0.0
93 23 6.21886679809e-06
93 24 0.0
93 25 6.21886679809e-06
93 26 0.0
93 27 6.21886679809e-06
93 28 0.0
93 29 0.000304724473107
93 30 0.0
93 31 9.95018687695e-05
93 32 0.0
93 33 2.48754671924e-05
93 34 0.0
93 35 0.0
93 36 0.0
93 37 0.000621886679809
93 38 0.0
93 39 0.000223879204731
93 40 6.21886679809e-06
93 41 0.0
93 42 6.21886679809e-06
93 43 2.48754671924e-05
93 44 0.0
93 45 0.0
93 46 0.0
93 47 6.21886679809e-06
93 48 0.0
93 49 0.0
93 50 0.0
93 51 0.0
93 52 0.0
93 53 0.0
93 54 0.0
93 55 6.21886679809e-06
93 56 0.0
93 57 6.21886679809e-06
93 58 0.0
93 59 0.000155471669952
93 60 0.0
93 61 0.000895516818925
93 62 0.0
93 63 0.000223879204731
93 64 0.0
93 65 0.000304724473107
93 66 0.0
93 67 0.000398007475078
93 68 0.0
93 69 9.95018687695e-05
93 70 0.0
93 71 6.21886679809e-06
93 72 0.0
93 73 2.48754671924e-05
93 74 0.0
93 75 0.0
93 76 0.0
93 77 6.21886679809e-06
93 78 0.0
93 79 0.0
93 80 0.0
93 81 0.0
93 82 0.0
93 83 0.0
93 84 0.0
93 85 0.000304724473107
93 86 0.0
93 87 0.000621886679809
93 88 0.0
93 89 0.00179725250465
93 90 0.0
93 91 9.95018687695e-05
93 92 0.0
93 93 0.000752482882569
93 94 0.0
93 95 0.00179725250465
93 96 0.0
93 97 5.59698011828e-05
93 98 0.0
93 99 0.0
93 100 0.0
93 101 6.21886679809e-06
93 102 0.0
93 103 6.21886679809e-06
93 104 0.0
93 105 0.0
93 106 0.0
93 107 6.21886679809e-06
93 108 6.21886679809e-06
93 109 0.000223879204731
93 110 6.21886679809e-06
93 111 0.000223879204731
93 112 9.95018687695e-05
93 113 0.000398007475078
93 114 0.000223879204731
93 115 9.95018687695e-05
93 116 0.0
93 117 0.000304724473107
93 118 0.000895516818925
93 119 0.000895516818925
93 120 0.000223879204731
93 121 0.000398007475078
93 122 0.000503728210645
93 123 0.000503728210645
93 124 0.000503728210645
93 125 0.000503728210645
93 126 0.000503728210645
93 127 0.000503728210645
93 128 0.000503728210645
93 129 0.000503728210645
93 130 0.000503728210645
93 131 0.000503728210645
93 132 0.000503728210645
93 133 0.000503728210645
93 134 0.000503728210645
93 135 0.000503728210645
93 136 0.000503728210645
93 137 0.000503728210645
93 138 0.000503728210645
93 139 0.000503728210645
93 140 0.000503728210645
93 141 0.000503728210645
93 142 0.000503728210645
93 143 0.000503728210645
93 144 0.000503728210645
93 145 0.000503728210645
93 146 0.000503728210645
93 147 0.000503728210645
93 148 0.000503728210645
93 149 0.000503728210645
93 150 0.000503728210645
93 151 0.000503728210645
93 152 0.000503728210645
93 153 0.000503728210645
93 154 0.000503728210645
93 155 0.000503728210645
93 156 0.000503728210645
93 157 0.000503728210645
93 158 0.000503728210645
93 159 0.000503728210645
93 160 0.000503728210645
93 161 0.000503728210645
93 162 0.000503728210645
93 163 0.000503728210645
93 164 0.000503728210645
93 165 0.000503728210645
93 166 0.000503728210645
93 167 0.000503728210645
93 168 0.000503728210645
93 169 0.000503728210645
93 170 0.000503728210645
93 171 0.000503728210645
93 172 0.000503728210645
93 173 0.000503728210645
93 174 0.000503728210645
93 175 0.000503728210645
93 176 0.000503728210645
93 177 0.000503728210645
93 178 0.000503728210645
93 179 0.000503728210645
93 180 0.000503728210645
93 181 0.000503728210645
93 182 0.000503728210645
93 183 0.000503728210645
93 184 0.000503728210645
93 185 0.000503728210645
93 186 0.000503728210645
93 187 0.000503728210645
93 188 0.000503728210645
93 189 0.000503728210645
93 190 0.000503728210645
93 191 0.000503728210645
93 192 0.000503728210645
93 193 0.000503728210645
93 194 0.000503728210645
93 195 0.000503728210645
93 196 0.000503728210645
93 197 0.000503728210645
93 198 0.000503728210645
93 199 0.000503728210645
93 200 0.000503728210645
93 201 0.000503728210645
93 202 0.000503728210645
93 203 0.000503728210645
93 204 0.000503728210645
93 205 0.000398007475078
93 206 0.000503728210645
93 207 0.000398007475078
93 208 0.000503728210645
93 209 0.000503728210645
93 210 0.000503728210645
93 211 0.000503728210645
93 212 0.000503728210645
93 213 0.000503728210645
93 214 0.000503728210645
93 215 0.000503728210645
93 216 0.000503728210645
93 217 0.000398007475078
93 218 0.000503728210645
93 219 0.000503728210645
93 220 0.000503728210645
93 221 0.000503728210645
93 222 0.000503728210645
93 223 0.000503728210645
93 224 0.000503728210645
93 225 0.000503728210645
93 226 0.000503728210645
93 227 0.000503728210645
93 228 0.000503728210645
93 229 0.000503728210645
93 230 0.000503728210645
93 231 0.000503728210645
93 232 0.000503728210645
93 233 0.000503728210645
93 234 0.000503728210645
93 235 0.000503728210645
93 236 0.000503728210645
93 237 0.000503728210645
93 238 0.000503728210645
93 239 0.000503728210645
93 240 0.000503728210645
93 241 0.000503728210645
93 242 0.000503728210645
93 243 0.000503728210645
93 244 0.000503728210645
93 245 0.000398007475078
93 246 0.000503728210645
93 247 0.000503728210645
93 248 0.000503728210645
93 249 0.000503728210645
93 250 0.000503728210645
93 251 0.000398007475078
93 252 0.000503728210645
93 253 0.000503728210645
93 254 0.000503728210645
93 255 0.000503728210645
93 256 0.000503728210645
93 257 0.000503728210645
93 258 0.000503728210645
93 259 0.000503728210645
93 260 0.000503728210645
93 261 0.000503728210645
93 262 0.000503728210645
93 263 0.000503728210645
93 264 0.000503728210645
93 265 0.000503728210645
93 266 0.000503728210645
93 267 0.000503728210645
93 268 0.000503728210645
93 269 0.000503728210645
93 270 0.000503728210645
93 271 0.000503728210645
93 272 0.000503728210645
93 273 0.000503728210645
93 274 0.000503728210645
93 275 0.000503728210645
93 276 0.000503728210645
93 277 0.000503728210645
93 278 0.000503728210645
93 279 0.000503728210645
93 280 0.000503728210645
93 281 0.000398007475078
93 282 0.000503728210645
93 283 0.000503728210645
93 284 0.000503728210645
93 285 0.000503728210645
93 286 0.000503728210645
93 287 0.000398007475078
93 288 0.000503728210645
93 289 0.000503728210645
93 290 0.000503728210645
93 291 0.000503728210645
93 292 0.000503728210645
93 293 0.000503728210645
93 294 0.000503728210645
93 295 0.000503728210645
93 296 0.000503728210645
93 297 0.000398007475078
93 298 0.000398007475078
93 299 0.000223879204731
93 300 0.000621886679809
93 301 0.00121889789243
93 302 5.59698011828e-05
93 303 9.95018687695e-05
93 304 2.48754671924e-05
93 305 9.95018687695e-05
93 306 0.000223879204731
93 307 0.00597633099297
93 308 5.59698011828e-05
93 309 0.00139924502957
93 310 0.0
93 311 0.000155471669952
93 312 6.21886679809e-06
93 313 6.21886679809e-06
93 314 0.0
93 315 6.21886679809e-06
93 316 0.0
93 317 2.48754671924e-05
93 318 0.0
93 319 6.21886679809e-06
93 320 6.21886679809e-06
93 321 6.21886679809e-06
93 322 6.21886679809e-06
93 323 2.48754671924e-05
93 324 0.0
93 325 0.00159202990031
93 326 0.0
93 327 0.00139924502957
93 328 0.0
93 329 9.95018687695e-05
93 330 0.0
93 331 6.21886679809e-06
93 332 0.0
93 333 2.48754671924e-05
93 334 0.0
93 335 0.0
93 336 0.0
93 337 0.0
93 338 0.0
93 339 0.0
93 340 0.0
93 341 0.000304724473107
93 342 0.0
93 343 0.00139924502957
93 344 0.0
93 345 0.000304724473107
93 346 0.0
93 347 9.95018687695e-05
93 348 0.0
93 349 0.000895516818925
93 350 0.0
93 351 0.000621886679809
93 352 0.0
93 353 0.000155471669952
93 354 0.0
93 355 6.21886679809e-06
93 356 0.0
93 357 0.0
93 358 0.0
93 359 0.0
93 360 0.0
93 361 0.0
93 362 0.0
93 363 2.48754671924e-05
93 364 0.0
93 365 6.21886679809e-06
93 366 0.0
93 367 0.000223879204731
93 368 0.0
93 369 5.59698011828e-05
93 370 6.21886679809e-06
93 371 0.000155471669952
93 372 0.0
93 373 0.000155471669952
93 374 2.48754671924e-05
93 375 5.59698011828e-05
93 376 0.0
93 377 2.48754671924e-05
93 378 6.21886679809e-06
93 379 0.0
93 380 6.21886679809e-06
93 381 2.48754671924e-05
93 382 2.48754671924e-05
93 383 9.95018687695e-05
93 384 6.21886679809e-06
93 385 2.48754671924e-05
93 386 0.0
93 387 2.48754671924e-05
93 388 0.0
93 389 0.0
93 390 0.0
93 391 9.95018687695e-05
93 392 0.0
93 393 5.59698011828e-05
93 394 6.21886679809e-06
93 395 0.000223879204731
93 396 5.59698011828e-05
93 397 5.59698011828e-05
93 398 6.21886679809e-06
93 399 6.21886679809e-06
93 400 0.0
94 0 0.0
94 1 2.48754671924e-05
94 2 0.0
94 3 2.48754671924e-05
94 4 0.0
94 5 0.000155471669952
94 6 0.0
94 7 0.000223879204731
94 8 0.0
94 9 2.48754671924e-05
94 10 0.0
94 11 0.000503728210645
94 12 0.0
94 13 5.59698011828e-05
94 14 0.0
94 15 2.48754671924e-05
94 16 0.0
94 17 0.000155471669952
94 18 0.0
94 19 6.21886679809e-06
94 20 0.0
94 21 2.48754671924e-05
94 22 0.0
94 23 6.21886679809e-06
94 24 0.0
94 25 6.21886679809e-06
94 26 0.0
94 27 6.21886679809e-06
94 28 0.0
94 29 0.000304724473107
94 30 0.0
94 31 9.95018687695e-05
94 32 0.0
94 33 2.48754671924e-05
94 34 0.0
94 35 6.21886679809e-06
94 36 0.0
94 37 0.000621886679809
94 38 0.0
94 39 0.000223879204731
94 40 0.0
94 41 6.21886679809e-06
94 42 0.0
94 43 5.59698011828e-05
94 44 0.0
94 45 0.0
94 46 0.0
94 47 6.21886679809e-06
94 48 0.0
94 49 0.0
94 50 0.0
94 51 0.0
94 52 0.0
94 53 0.0
94 54 0.0
94 55 6.21886679809e-06
94 56 0.0
94 57 6.21886679809e-06
94 58 0.0
94 59 0.000155471669952
94 60 0.0
94 61 0.000895516818925
94 62 0.0
94 63 0.000223879204731
94 64 0.0
94 65 0.000304724473107
94 66 0.0
94 67 0.000398007475078
94 68 0.0
94 69 9.95018687695e-05
94 70 0.0
94 71 6.21886679809e-06
94 72 0.0
94 73 2.48754671924e-05
94 74 0.0
94 75 0.0
94 76 0.0
94 77 6.21886679809e-06
94 78 0.0
94 79 0.0
94 80 0.0
94 81 0.0
94 82 0.0
94 83 0.0
94 84 0.0
94 85 0.000304724473107
94 86 0.0
94 87 0.000621886679809
94 88 0.0
94 89 0.00179725250465
94 90 0.0
94 91 9.95018687695e-05
94 92 0.0
94 93 0.000752482882569
94 94 0.0
94 95 0.00179725250465
94 96 0.0
94 97 5.59698011828e-05
94 98 0.0
94 99 0.0
94 100 0.0
94 101 6.21886679809e-06
94 102 0.0
94 103 0.0
94 104 0.0
94 105 0.0
94 106 0.0
94 107 0.0
94 108 0.0
94 109 0.000398007475078
94 110 0.0
94 111 0.000398007475078
94 112 0.0
94 113 0.000398007475078
94 114 0.0
94 115 0.000398007475078
94 116 0.0
94 117 0.000155471669952
94 118 0.0
94 119 5.59698011828e-05
94 120 0.0
94 121 0.0
94 122 0.0
94 123 0.0
94 124 0.0
94 125 0.0
94 126 0.0
94 127 0.0
94 128 0.0
94 129 0.0
94 130 0.0
94 131 0.0
94 132 0.0
94 133 0.0
94 134 0.0
94 135 0.0
94 136 0.0
94 137 0.0
94 138 0.0
94 139 0.0
94 140 0.0
94 141 0.0
94 142 0.0
94 143 0.0
94 144 0.0
94 145 0.0
94 146 0.0
94 147 0.0
94 148 0.0
94 149 0.0
94 150 0.0
94 151 0.0
94 152 0.0
94 153 0.0
94 154 0.0
94 155 0.0
94 156 0.0
94 157 0.0
94 158 0.0
94 159 0.0
94 160 0.0
94 161 0.0
94 162 0.0
94 163 0.0
94 164 0.0
94 165 0.0
94 166 0.0
94 167 0.0
94 168 0.0
94 169 0.0
94 170 0.0
94 171 0.0
94 172 0.0
94 173 0.0
94 174 0.0
94 175 0.0
94 176 0.0
94 177 0.0
94 178 0.0
94 179 0.0
94 180 0.0
94 181 0.0
94 182 0.0
94 183 0.0
94 184 0.0
94 185 0.0
94 186 0.0
94 187 0.0
94 188 0.0
94 189 0.0
94 190 0.0
94 191 0.0
94 192 0.0
94 193 0.0
94 194 0.0
94 195 0.0
94 196 0.0
94 197 0.0
94 198 0.0
94 199 0.0
94 200 0.0
94 201 0.0
94 202 0.0
94 203 0.0
94 204 0.0
94 205 6.21886679809e-06
94 206 0.0
94 207 6.21886679809e-06
94 208 0.0
94 209 0.0
94 210 0.0
94 211 0.0
94 212 0.0
94 213 0.0
94 214 0.0
94 215 0.0
94 216 0.0
94 217 6.21886679809e-06
94 218 0.0
94 219 0.0
94 220 0.0
94 221 0.0
94 222 0.0
94 223 0.0
94 224 0.0
94 225 0.0
94 226 0.0
94 227 0.0
94 228 0.0
94 229 0.0
94 230 0.0
94 231 0.0
94 232 0.0
94 233 0.0
94 234 0.0
94 235 0.0
94 236 0.0
94 237 0.0
94 238 0.0
94 239 0.0
94 240 0.0
94 241 0.0
94 242 0.0
94 243 0.0
94 244 0.0
94 245 6.21886679809e-06
94 246 0.0
94 247 0.0
94 248 0.0
94 249 0.0
94 250 0.0
94 251 6.21886679809e-06
94 252 0.0
94 253 0.0
94 254 0.0
94 255 0.0
94 256 0.0
94 257 0.0
94 258 0.0
94 259 0.0
94 260 0.0
94 261 0.0
94 262 0.0
94 263 0.0
94 264 0.0
94 265 0.0
94 266 0.0
94 267 0.0
94 268 0.0
94 269 0.0
94 270 0.0
94 271 0.0
94 272 0.0
94 273 0.0
94 274 0.0
94 275 0.0
94 276 0.0
94 277 0.0
94 278 0.0
94 279 0.0
94 280 0.0
94 281 6.21886679809e-06
94 282 0.0
94 283 0.0
94 284 0.0
94 285 0.0
94 286 0.0
94 287 6.21886679809e-06
94 288 0.0
94 289 0.0
94 290 0.0
94 291 0.0
94 292 0.0
94 293 0.0
94 294 0.0
94 295 0.0
94 296 0.0
94 297 6.21886679809e-06
94 298 0.0
94 299 5.59698011828e-05
94 300 0.0
94 301 9.95018687695e-05
94 302 0.0
94 303 0.000155471669952
94 304 0.0
94 305 0.0
94 306 0.0
94 307 0.00559698011828
94 308 0.0
94 309 0.00159202990031
94 310 0.0
94 311 0.000155471669952
94 312 0.0
94 313 6.21886679809e-06
94 314 0.0
94 315 6.21886679809e-06
94 316 0.0
94 317 2.48754671924e-05
94 318 0.0
94 319 6.21886679809e-06
94 320 0.0
94 321 2.48754671924e-05
94 322 0.0
94 323 6.21886679809e-06
94 324 0.0
94 325 0.00139924502957
94 326 0.0
94 327 0.00139924502957
94 328 0.0
94 329 9.95018687695e-05
94 330 0.0
94 331 6.21886679809e-06
94 332 0.0
94 333 2.48754671924e-05
94 334 0.0
94 335 0.0
94 336 0.0
94 337 0.0
94 338 0.0
94 339 0.0
94 340 0.0
94 341 0.000304724473107
94 342 0.0
94 343 0.00139924502957
94 344 0.0
94 345 0.000304724473107
94 346 0.0
94 347 9.95018687695e-05
94 348 0.0
94 349 0.000895516818925
94 350 0.0
94 351 0.000621886679809
94 352 0.0
94 353 0.000155471669952
94 354 0.0
94 355 6.21886679809e-06
94 356 0.0
94 357 0.0
94 358 0.0
94 359 0.0
94 360 0.0
94 361 0.0
94 362 0.0
94 363 2.48754671924e-05
94 364 0.0
94 365 6.21886679809e-06
94 366 0.0
94 367 0.000223879204731
94 368 0.0
94 369 2.48754671924e-05
94 370 0.0
94 371 0.000223879204731
94 372 0.0
94 373 0.000223879204731
94 374 0.0
94 375 2.48754671924e-05
94 376 0.0
94 377 6.21886679809e-06
94 378 0.0
94 379 0.0
94 380 0.0
94 381 5.59698011828e-05
94 382 0.0
94 383 2.48754671924e-05
94 384 0.0
94 385 5.59698011828e-05
94 386 0.0
94 387 2.48754671924e-05
94 388 0.0
94 389 0.0
94 390 0.0
94 391 9.95018687695e-05
94 392 0.0
94 393 6.21886679809e-06
94 394 0.0
94 395 9.95018687695e-05
94 396 0.0
94 397 9.95018687695e-05
94 398 0.0
94 399 2.48754671924e-05
94 400 0.0
95 0 0.0
95 1 2.48754671924e-05
95 2 0.0
95 3 2.48754671924e-05
95 4 0.0
95 5 0.000155471669952
95 6 0.0
95 7 0.000223879204731
95 8 0.0
95 9 2.48754671924e-05
95 10 0.0
95 11 0.000503728210645
95 12 0.0
95 13 5.59698011828e-05
95 14 0.0
95 15 2.48754671924e-05
95 16 0.0
95 17 0.000155471669952
95 18 0.0
95 19 6.21886679809e-06
95 20 0.0
95 21 2.48754671924e-05
95 22 0.0
95 23 6.21886679809e-06
95 24 0.0
95 25 6.21886679809e-06
95 26 0.0
95 27 6.21886679809e-06
95 28 0.0
95 29 0.000304724473107
95 30 0.0
95 31 9.95018687695e-05
95 32 0.0
95 33 2.48754671924e-05
95 34 0.0
95 35 6.21886679809e-06
95 36 6.21886679809e-06
95 37 0.000503728210645
95 38 6.21886679809e-06
95 39 0.000304724473107
95 40 6.21886679809e-06
95 41 2.48754671924e-05
95 42 6.21886679809e-06
95 43 5.59698011828e-05
95 44 0.0
95 45 0.0
95 46 0.0
95 47 6.21886679809e-06
95 48 0.0
95 49 0.0
95 50 0.0
95 51 0.0
95 52 0.0
95 53 0.0
95 54 0.0
95 55 6.21886679809e-06
95 56 0.0
95 57 6.21886679809e-06
95 58 0.0
95 59 0.000155471669952
95 60 0.0
95 61 0.000895516818925
95 62 0.0
95 63 0.000223879204731
95 64 0.0
95 65 0.000304724473107
95 66 0.0
95 67 0.000398007475078
95 68 0.0
95 69 9.95018687695e-05
95 70 0.0
95 71 6.21886679809e-06
95 72 0.0
95 73 2.48754671924e-05
95 74 0.0
95 75 0.0
95 76 0.0
95 77 6.21886679809e-06
95 78 0.0
95 79 0.0
95 80 0.0
95 81 0.0
95 82 0.0
95 83 0.0
95 84 0.0
95 85 0.000304724473107
95 86 0.0
95 87 0.000621886679809
95 88 0.0
95 89 0.00179725250465
95 90 0.0
95 91 9.95018687695e-05
95 92 0.0
95 93 0.000752482882569
95 94 0.0
95 95 0.00179725250465
95 96 0.0
95 97 5.59698011828e-05
95 98 0.0
95 99 0.0
95 100 0.0
95 101 6.21886679809e-06
95 102 0.0
95 103 0.0
95 104 0.0
95 105 0.0
95 106 0.0
95 107 2.48754671924e-05
95 108 0.0
95 109 0.000304724473107
95 110 6.21886679809e-06
95 111 0.000304724473107
95 112 6.21886679809e-06
95 113 0.000304724473107
95 114 2.48754671924e-05
95 115 0.000503728210645
95 116 0.00139924502957
95 117 0.00597633099297
95 118 0.0035820672757
95 119 0.00300993153028
95 120 0.0035820672757
95 121 0.00388679174881
95 122 0.0035820672757
95 123 0.00388679174881
95 124 0.0035820672757
95 125 0.0035820672757
95 126 0.0035820672757
95 127 0.0035820672757
95 128 0.0035820672757
95 129 0.0035820672757
95 130 0.0035820672757
95 131 0.0035820672757
95 132 0.0035820672757
95 133 0.0035820672757
95 134 0.0035820672757
95 135 0.0035820672757
95 136 0.0035820672757
95 137 0.0035820672757
95 138 0.0035820672757
95 139 0.0035820672757
95 140 0.0035820672757
95 141 0.0035820672757
95 142 0.0035820672757
95 143 0.0035820672757
95 144 0.0035820672757
95 145 0.0035820672757
95 146 0.0035820672757
95 147 0.0035820672757
95 148 0.0035820672757
95 149 0.0035820672757
95 150 0.0035820672757
95 151 0.0035820672757
95 152 0.0035820672757
95 153 0.0035820672757
95 154 0.0035820672757
95 155 0.0035820672757
95 156 0.0035820672757
95 157 0.0035820672757
95 158 0.0035820672757
95 159 0.0035820672757
95 160 0.0035820672757
95 161 0.0035820672757
95 162 0.0035820672757
95 163 0.0035820672757
95 164 0.0035820672757
95 165 0.0035820672757
95 166 0.0035820672757
95 167 0.0035820672757
95 168 0.0035820672757
95 169 0.0035820672757
95 170 0.0035820672757
95 171 0.0035820672757
95 172 0.0035820672757
95 173 0.0035820672757
95 174 0.0035820672757
95 175 0.0035820672757
95 176 0.0035820672757
95 177 0.0035820672757
95 178 0.0035820672757
95 179 0.0035820672757
95 180 0.0035820672757
95 181 0.0035820672757
95 182 0.0035820672757
95 183 0.0035820672757
95 184 0.0035820672757
95 185 0.0035820672757
95 186 0.0035820672757
95 187 0.0035820672757
95 188 0.0035820672757
95 189 0.0035820672757
95 190 0.0035820672757
95 191 0.0035820672757
95 192 0.0035820672757
95 193 0.0035820672757
95 194 0.0035820672757
95 195 0.0035820672757
95 196 0.0035820672757
95 197 0.0035820672757
95 198 0.0035820672757
95 199 0.0035820672757
95 200 0.0035820672757
95 201 0.0035820672757
95 202 0.0035820672757
95 203 0.0035820672757
95 204 0.0035820672757
95 205 0.0035820672757
95 206 0.0035820672757
95 207 0.00388679174881
95 208 0.0035820672757
95 209 0.0035820672757
95 210 0.0035820672757
95 211 0.0035820672757
95 212 0.0035820672757
95 213 0.0035820672757
95 214 0.0035820672757
95 215 0.0035820672757
95 216 0.0035820672757
95 217 0.00388679174881
95 218 0.0035820672757
95 219 0.0035820672757
95 220 0.0035820672757
95 221 0.00328978053619
95 222 0.0035820672757
95 223 0.0035820672757
95 224 0.0035820672757
95 225 0.0035820672757
95 226 0.0035820672757
95 227 0.0035820672757
95 228 0.0035820672757
95 229 0.0035820672757
95 230 0.0035820672757
95 231 0.0035820672757
95 232 0.0035820672757
95 233 0.0035820672757
95 234 0.0035820672757
95 235 0.0035820672757
95 236 0.0035820672757
95 237 0.0035820672757
95 238 0.0035820672757
95 239 0.0035820672757
95 240 0.0035820672757
95 241 0.00328978053619
95 242 0.00328978053619
95 243 0.0035820672757
95 244 0.0035820672757
95 245 0.00388679174881
95 246 0.0035820672757
95 247 0.0035820672757
95 248 0.0035820672757
95 249 0.0035820672757
95 250 0.0035820672757
95 251 0.00388679174881
95 252 0.0035820672757
95 253 0.0035820672757
95 254 0.0035820672757
95 255 0.0035820672757
95 256 0.0035820672757
95 257 0.0035820672757
95 258 0.0035820672757
95 259 0.0035820672757
95 260 0.0035820672757
95 261 0.0035820672757
95 262 0.0035820672757
95 263 0.0035820672757
95 264 0.0035820672757
95 265 0.0035820672757
95 266 0.0035820672757
95 267 0.0035820672757
95 268 0.0035820672757
95 269 0.0035820672757
95 270 0.0035820672757
95 271 0.0035820672757
95 272 0.0035820672757
95 273 0.0035820672757
95 274 0.0035820672757
95 275 0.0035820672757
95 276 0.0035820672757
95 277 0.00328978053619
95 278 0.0035820672757
95 279 0.0035820672757
95 280 0.0035820672757
95 281 0.00388679174881
95 282 0.0035820672757
95 283 0.0035820672757
95 284 0.0035820672757
95 285 0.0035820672757
95 286 0.0035820672757
95 287 0.00388679174881
95 288 0.0035820672757
95 289 0.0035820672757
95 290 0.0035820672757
95 291 0.0035820672757
95 292 0.0035820672757
95 293 0.0035820672757
95 294 0.0035820672757
95 295 0.0035820672757
95 296 0.0035820672757
95 297 0.00388679174881
95 298 0.0035820672757
95 299 0.0048755915697
95 300 0.00420395395551
95 301 0.00248754671924
95 302 0.00224501091411
95 303 0.00179725250465
95 304 0.000223879204731
95 305 5.59698011828e-05
95 306 2.48754671924e-05
95 307 0.0052300669772
95 308 6.21886679809e-06
95 309 0.00159202990031
95 310 6.21886679809e-06
95 311 9.95018687695e-05
95 312 0.0
95 313 0.0
95 314 0.0
95 315 6.21886679809e-06
95 316 0.0
95 317 2.48754671924e-05
95 318 0.0
95 319 6.21886679809e-06
95 320 0.0
95 321 2.48754671924e-05
95 322 0.0
95 323 6.21886679809e-06
95 324 0.0
95 325 0.00121889789243
95 326 6.21886679809e-06
95 327 0.00139924502957
95 328 0.0
95 329 9.95018687695e-05
95 330 0.0
95 331 6.21886679809e-06
95 332 0.0
95 333 2.48754671924e-05
95 334 0.0
95 335 0.0
95 336 0.0
95 337 0.0
95 338 0.0
95 339 0.0
95 340 0.0
95 341 0.000304724473107
95 342 0.0
95 343 0.00139924502957
95 344 0.0
95 345 0.000304724473107
95 346 0.0
95 347 9.95018687695e-05
95 348 0.0
95 349 0.000895516818925
95 350 0.0
95 351 0.000621886679809
95 352 0.0
95 353 0.000155471669952
95 354 0.0
95 355 6.21886679809e-06
95 356 0.0
95 357 0.0
95 358 0.0
95 359 0.0
95 360 0.0
95 361 0.0
95 362 0.0
95 363 2.48754671924e-05
95 364 0.0
95 365 6.21886679809e-06
95 366 0.0
95 367 0.000223879204731
95 368 0.0
95 369 2.48754671924e-05
95 370 0.0
95 371 0.000155471669952
95 372 6.21886679809e-06
95 373 0.000223879204731
95 374 0.0
95 375 5.59698011828e-05
95 376 6.21886679809e-06
95 377 2.48754671924e-05
95 378 0.0
95 379 0.0
95 380 0.0
95 381 5.59698011828e-05
95 382 0.0
95 383 2.48754671924e-05
95 384 0.0
95 385 5.59698011828e-05
95 386 0.0
95 387 2.48754671924e-05
95 388 0.0
95 389 0.0
95 390 0.0
95 391 5.59698011828e-05
95 392 6.21886679809e-06
95 393 2.48754671924e-05
95 394 0.0
95 395 9.95018687695e-05
95 396 0.0
95 397 5.59698011828e-05
95 398 6.21886679809e-06
95 399 2.48754671924e-05
95 400 0.0
96 0 0.0
96 1 2.48754671924e-05
96 2 0.0
96 3 2.48754671924e-05
96 4 0.0
96 5 0.000155471669952
96 6 0.0
96 7 0.000223879204731
96 8 0.0
96 9 2.48754671924e-05
96 10 0.0
96 11 0.000503728210645
96 12 0.0
96 13 5.59698011828e-05
96 14 0.0
96 15 2.48754671924e-05
96 16 0.0
96 17 0.000155471669952
96 18 0.0
96 19 6.21886679809e-06
96 20 0.0
96 21 2.48754671924e-05
96 22 0.0
96 23 6.21886679809e-06
96 24 0.0
96 25 6.21886679809e-06
96 26 0.0
96 27 6.21886679809e-06
96 28 0.0
96 29 0.000304724473107
96 30 0.0
96 31 9.95018687695e-05
96 32 0.0
96 33 2.48754671924e-05
96 34 0.0
96 35 6.21886679809e-06
96 36 0.0
96 37 0.000621886679809
96 38 0.0
96 39 0.000223879204731
96 40 0.0
96 41 6.21886679809e-06
96 42 0.0
96 43 5.59698011828e-05
96 44 0.0
96 45 0.0
96 46 0.0
96 47 6.21886679809e-06
96 48 0.0
96 49 0.0
96 50 0.0
96 51 0.0
96 52 0.0
96 53 0.0
96 54 0.0
96 55 6.21886679809e-06
96 56 0.0
96 57 6.21886679809e-06
96 58 0.0
96 59 0.000155471669952
96 60 0.0
96 61 0.000895516818925
96 62 0.0
96 63 0.000223879204731
96 64 0.0
96 65 0.000304724473107
96 66 0.0
96 67 0.000398007475078
96 68 0.0
96 69 9.95018687695e-05
96 70 0.0
96 71 6.21886679809e-06
96 72 0.0
96 73 2.48754671924e-05
96 74 0.0
96 75 0.0
96 76 0.0
96 77 6.21886679809e-06
96 78 0.0
96 79 0.0
96 80 0.0
96 81 0.0
96 82 0.0
96 83 0.0
96 84 0.0
96 85 0.000304724473107
96 86 0.0
96 87 0.000621886679809
96 88 0.0
96 89 0.00179725250465
96 90 0.0
96 91 9.95018687695e-05
96 92 0.0
96 93 0.000752482882569
96 94 0.0
96 95 0.00179725250465
96 96 0.0
96 97 5.59698011828e-05
96 98 0.0
96 99 0.0
96 100 0.0
96 101 6.21886679809e-06
96 102 0.0
96 103 0.0
96 104 0.0
96 105 0.0
96 106 0.0
96 107 6.21886679809e-06
96 108 0.0
96 109 0.000223879204731
96 110 0.0
96 111 0.000304724473107
96 112 0.0
96 113 9.95018687695e-05
96 114 0.0
96 115 0.00453355389581
96 116 0.0
96 117 0.00159202990031
96 118 0.0
96 119 9.95018687695e-05
96 120 0.0
96 121 6.21886679809e-06
96 122 0.0
96 123 6.21886679809e-06
96 124 0.0
96 125 0.0
96 126 0.0
96 127 0.0
96 128 0.0
96 129 0.0
96 130 0.0
96 131 0.0
96 132 0.0
96 133 0.0
96 134 0.0
96 135 0.0
96 136 0.0
96 137 0.0
96 138 0.0
96 139 0.0
96 140 0.0
96 141 0.0
96 142 0.0
96 143 0.0
96 144 0.0
96 145 0.0
96 146 0.0
96 147 0.0
96 148 0.0
96 149 0.0
96 150 0.0
96 151 0.0
96 152 0.0
96 153 0.0
96 154 0.0
96 155 0.0
96 156 0.0
96 157 0.0
96 158 0.0
96 159 0.0
96 160 0.0
96 161 0.0
96 162 0.0
96 163 0.0
96 164 0.0
96 165 0.0
96 166 0.0
96 167 0.0
96 168 0.0
96 169 0.0
96 170 0.0
96 171 0.0
96 172 0.0
96 173 0.0
96 174 0.0
96 175 0.0
96 176 0.0
96 177 0.0
96 178 0.0
96 179 0.0
96 180 0.0
96 181 0.0
96 182 0.0
96 183 0.0
96 184 0.0
96 185 0.0
96 186 0.0
96 187 0.0
96 188 0.0
96 189 0.0
96 190 0.0
96 191 0.0
96 192 0.0
96 193 0.0
96 194 0.0
96 195 0.0
96 196 0.0
96 197 0.0
96 198 0.0
96 199 0.0
96 200 0.0
96 201 0.0
96 202 0.0
96 203 0.0
96 204 0.0
96 205 0.0
96 206 0.0
96 207 6.21886679809e-06
96 208 0.0
96 209 0.0
96 210 0.0
96 211 0.0
96 212 0.0
96 213 0.0
96 214 0.0
96 215 0.0
96 216 0.0
96 217 6.21886679809e-06
96 218 0.0
96 219 0.0
96 220 0.0
96 221 0.0
96 222 0.0
96 223 0.0
96 224 0.0
96 225 0.0
96 226 0.0
96 227 0.0
96 228 0.0
96 229 0.0
96 230 0.0
96 231 0.0
96 232 0.0
96 233 0.0
96 234 0.0
96 235 0.0
96 236 0.0
96 237 0.0
96 238 0.0
96 239 0.0
96 240 0.0
96 241 6.21886679809e-06
96 242 0.0
96 243 0.0
96 244 0.0
96 245 6.21886679809e-06
96 246 0.0
96 247 0.0
96 248 0.0
96 249 0.0
96 250 0.0
96 251 6.21886679809e-06
96 252 0.0
96 253 0.0
96 254 0.0
96 255 0.0
96 256 0.0
96 257 0.0
96 258 0.0
96 259 0.0
96 260 0.0
96 261 0.0
96 262 0.0
96 263 0.0
96 264 0.0
96 265 0.0
96 266 0.0
96 267 0.0
96 268 0.0
96 269 0.0
96 270 0.0
96 271 0.0
96 272 0.0
96 273 0.0
96 274 0.0
96 275 0.0
96 276 0.0
96 277 6.21886679809e-06
96 278 0.0
96 279 0.0
96 280 0.0
96 281 6.21886679809e-06
96 282 0.0
96 283 0.0
96 284 0.0
96 285 0.0
96 286 0.0
96 287 6.21886679809e-06
96 288 0.0
96 289 0.0
96 290 0.0
96 291 0.0
96 292 0.0
96 293 0.0
96 294 0.0
96 295 0.0
96 296 0.0
96 297 6.21886679809e-06
96 298 0.0
96 299 2.48754671924e-05
96 300 0.0
96 301 9.95018687695e-05
96 302 0.0
96 303 9.95018687695e-05
96 304 0.0
96 305 5.59698011828e-05
96 306 0.0
96 307 0.0048755915697
96 308 0.0
96 309 0.00159202990031
96 310 0.0
96 311 0.000223879204731
96 312 0.0
96 313 6.21886679809e-06
96 314 0.0
96 315 6.21886679809e-06
96 316 0.0
96 317 2.48754671924e-05
96 318 0.0
96 319 6.21886679809e-06
96 320 0.0
96 321 2.48754671924e-05
96 322 0.0
96 323 6.21886679809e-06
96 324 0.0
96 325 0.00139924502957
96 326 0.0
96 327 0.00139924502957
96 328 0.0
96 329 9.95018687695e-05
96 330 0.0
96 331 6.21886679809e-06
96 332 0.0
96 333 2.48754671924e-05
96 334 0.0
96 335 0.0
96 336 0.0
96 337 0.0
96 338 0.0
96 339 0.0
96 340 0.0
96 341 0.000304724473107
96 342 0.0
96 343 0.00139924502957
96 344 0.0
96 345 0.000304724473107
96 346 0.0
96 347 9.95018687695e-05
96 348 0.0
96 349 0.000895516818925
96 350 0.0
96 351 0.000621886679809
96 352 0.0
96 353 0.000155471669952
96 354 0.0
96 355 6.21886679809e-06
96 356 0.0
96 357 0.0
96 358 0.0
96 359 0.0
96 360 0.0
96 361 0.0
96 362 0.0
96 363 2.48754671924e-05
96 364 0.0
96 365 6.21886679809e-06
96 366 0.0
96 367 0.000223879204731
96 368 0.0
96 369 2.48754671924e-05
96 370 0.0
96 371 0.000223879204731
96 372 0.0
96 373 0.000223879204731
96 374 0.0
96 375 2.48754671924e-05
96 376 0.0
96 377 6.21886679809e-06
96 378 0.0
96 379 0.0
96 380 0.0
96 381 5.59698011828e-05
96 382 0.0
96 383 2.48754671924e-05
96 384 0.0
96 385 5.59698011828e-05
96 386 0.0
96 387 2.48754671924e-05
96 388 0.0
96 389 0.0
96 390 0.0
96 391 9.95018687695e-05
96 392 0.0
96 393 6.21886679809e-06
96 394 0.0
96 395 9.95018687695e-05
96 396 0.0
96 397 9.95018687695e-05
96 398 0.0
96 399 2.48754671924e-05
96 400 0.0
97 0 0.0
97 1 2.48754671924e-05
97 2 0.0
97 3 2.48754671924e-05
97 4 0.0
97 5 0.000155471669952
97 6 0.0
97 7 0.000223879204731
97 8 6.21886679809e-06
97 9 5.59698011828e-05
97 10 0.0
97 11 0.000503728210645
97 12 6.21886679809e-06
97 13 2.48754671924e-05
97 14 6.21886679809e-06
97 15 5.59698011828e-05
97 16 0.0
97 17 0.000155471669952
97 18 0.0
97 19 2.48754671924e-05
97 20 6.21886679809e-06
97 21 2.48754671924e-05
97 22 0.0
97 23 6.21886679809e-06
97 24 0.0
97 25 6.21886679809e-06
97 26 0.0
97 27 6.21886679809e-06
97 28 0.0
97 29 0.000304724473107
97 30 0.0
97 31 9.95018687695e-05
97 32 0.0
97 33 2.48754671924e-05
97 34 0.0
97 35 6.21886679809e-06
97 36 0.0
97 37 0.000621886679809
97 38 0.0
97 39 0.000223879204731
97 40 0.0
97 41 6.21886679809e-06
97 42 0.0
97 43 5.59698011828e-05
97 44 0.0
97 45 0.0
97 46 0.0
97 47 6.21886679809e-06
97 48 0.0
97 49 0.0
97 50 0.0
97 51 0.0
97 52 0.0
97 53 0.0
97 54 0.0
97 55 6.21886679809e-06
97 56 0.0
97 57 6.21886679809e-06
97 58 0.0
97 59 0.000155471669952
97 60 0.0
97 61 0.000895516818925
97 62 0.0
97 63 0.000223879204731
97 64 0.0
97 65 0.000304724473107
97 66 0.0
97 67 0.000398007475078
97 68 0.0
97 69 9.95018687695e-05
97 70 0.0
97 71 6.21886679809e-06
97 72 0.0
97 73 2.48754671924e-05
97 74 0.0
97 75 0.0
97 76 0.0
97 77 6.21886679809e-06
97 78 0.0
97 79 0.0
97 80 0.0
97 81 0.0
97 82 0.0
97 83 0.0
97 84 0.0
97 85 0.000304724473107
97 86 0.0
97 87 0.000621886679809
97 88 0.0
97 89 0.00179725250465
97 90 0.0
97 91 9.95018687695e-05
97 92 0.0
97 93 0.000752482882569
97 94 0.0
97 95 0.00179725250465
97 96 0.0
97 97 5.59698011828e-05
97 98 0.0
97 99 0.0
97 100 0.0
97 101 6.21886679809e-06
97 102 0.0
97 103 0.0
97 104 0.0
97 105 0.0
97 106 0.0
97 107 0.0
97 108 0.0
97 109 9.95018687695e-05
97 110 6.21886679809e-06
97 111 0.000304724473107
97 112 0.0
97 113 0.000155471669952
97 114 5.59698011828e-05
97 115 0.00597633099297
97 116 6.21886679809e-06
97 117 0.00300993153028
97 118 0.000155471669952
97 119 6.21886679809e-06
97 120 0.000223879204731
97 121 0.000155471669952
97 122 0.000155471669952
97 123 0.000155471669952
97 124 0.000155471669952
97 125 0.000155471669952
97 126 0.000155471669952
97 127 0.000155471669952
97 128 0.000155471669952
97 129 0.000155471669952
97 130 0.000155471669952
97 131 0.000155471669952
97 132 0.000155471669952
97 133 0.000155471669952
97 134 0.000155471669952
97 135 0.000155471669952
97 136 0.000155471669952
97 137 0.000155471669952
97 138 0.000155471669952
97 139 0.000155471669952
97 140 0.000155471669952
97 141 0.000155471669952
97 142 0.000155471669952
97 143 0.000155471669952
97 144 0.000155471669952
97 145 0.000155471669952
97 146 0.000155471669952
97 147 0.000155471669952
97 148 0.000155471669952
97 149 0.000155471669952
97 150 0.000155471669952
97 151 0.000155471669952
97 152 0.000155471669952
97 153 0.000155471669952
97 154 0.000155471669952
97 155 0.000155471669952
97 156 0.000155471669952
97 157 0.000155471669952
97 158 0.000155471669952
97 159 0.000155471669952
97 160 0.000155471669952
97 161 0.000155471669952
97 162 0.000155471669952
97 163 0.000155471669952
97 164 0.000155471669952
97 165 0.000155471669952
97 166 0.000155471669952
97 167 0.000155471669952
97 168 0.000155471669952
97 169 0.000155471669952
97 170 0.000155471669952
97 171 0.000155471669952
97 172 0.000155471669952
97 173 0.000155471669952
97 174 0.000155471669952
97 175 0.000155471669952
97 176 0.000155471669952
97 177 0.000155471669952
97 178 0.000155471669952
97 179 0.000155471669952
97 180 0.000155471669952
97 181 0.000155471669952
97 182 0.000155471669952
97 183 0.000155471669952
97 184 0.000155471669952
97 185 0.000155471669952
97 186 0.000155471669952
97 187 0.000155471669952
97 188 0.000155471669952
97 189 0.000155471669952
97 190 0.000155471669952
97 191 0.000155471669952
97 192 0.000155471669952
97 193 0.000155471669952
97 194 0.000155471669952
97 195 0.000155471669952
97 196 0.000155471669952
97 197 0.000155471669952
97 198 0.000155471669952
97 199 0.000155471669952
97 200 0.000155471669952
97 201 0.000155471669952
97 202 0.000155471669952
97 203 0.000155471669952
97 204 0.000155471669952
97 205 0.000223879204731
97 206 0.000155471669952
97 207 0.000223879204731
97 208 0.000155471669952
97 209 0.000155471669952
97 210 0.000155471669952
97 211 0.000155471669952
97 212 0.000155471669952
97 213 0.000155471669952
97 214 0.000155471669952
97 215 0.000155471669952
97 216 0.000155471669952
97 217 0.000223879204731
97 218 0.000155471669952
97 219 0.000155471669952
97 220 0.000155471669952
97 221 0.000155471669952
97 222 0.000155471669952
97 223 0.000155471669952
97 224 0.000155471669952
97 225 0.000155471669952
97 226 0.000155471669952
97 227 0.000155471669952
97 228 0.000155471669952
97 229 0.000155471669952
97 230 0.000155471669952
97 231 0.000155471669952
97 232 0.000155471669952
97 233 0.000155471669952
97 234 0.000155471669952
97 235 0.000155471669952
97 236 0.000155471669952
97 237 0.000155471669952
97 238 0.000155471669952
97 239 0.000155471669952
97 240 0.000155471669952
97 241 0.000155471669952
97 242 0.000155471669952
97 243 0.000155471669952
97 244 0.000155471669952
97 245 0.000223879204731
97 246 0.000155471669952
97 247 0.000155471669952
97 248 0.000155471669952
97 249 0.000223879204731
97 250 0.000155471669952
97 251 0.000223879204731
97 252 0.000155471669952
97 253 0.000155471669952
97 254 0.000155471669952
97 255 0.000155471669952
97 256 0.000155471669952
97 257 0.000155471669952
97 258 0.000155471669952
97 259 0.000155471669952
97 260 0.000155471669952
97 261 0.000155471669952
97 262 0.000155471669952
97 263 0.000155471669952
97 264 0.000155471669952
97 265 0.000155471669952
97 266 0.000155471669952
97 267 0.000155471669952
97 268 0.000155471669952
97 269 0.000155471669952
97 270 0.000155471669952
97 271 0.000155471669952
97 272 0.000155471669952
97 273 0.000155471669952
97 274 0.000155471669952
97 275 0.000155471669952
97 276 0.000155471669952
97 277 0.000155471669952
97 278 0.000155471669952
97 279 0.000155471669952
97 280 0.000155471669952
97 281 0.000223879204731
97 282 0.000155471669952
97 283 0.000155471669952
97 284 0.000155471669952
97 285 0.000155471669952
97 286 0.000155471669952
97 287 0.000223879204731
97 288 0.000155471669952
97 289 0.000155471669952
97 290 0.000155471669952
97 291 0.000155471669952
97 292 0.000155471669952
97 293 0.000155471669952
97 294 0.000155471669952
97 295 0.000155471669952
97 296 0.000155471669952
97 297 0.000223879204731
97 298 0.000155471669952
97 299 0.000223879204731
97 300 0.000155471669952
97 301 6.21886679809e-06
97 302 0.000155471669952
97 303 0.000223879204731
97 304 6.21886679809e-06
97 305 9.95018687695e-05
97 306 2.48754671924e-05
97 307 0.0048755915697
97 308 6.21886679809e-06
97 309 0.00159202990031
97 310 0.0
97 311 0.000223879204731
97 312 0.0
97 313 6.21886679809e-06
97 314 0.0
97 315 6.21886679809e-06
97 316 0.0
97 317 2.48754671924e-05
97 318 0.0
97 319 6.21886679809e-06
97 320 0.0
97 321 2.48754671924e-05
97 322 0.0
97 323 6.21886679809e-06
97 324 0.0
97 325 0.00139924502957
97 326 0.0
97 327 0.00139924502957
97 328 0.0
97 329 9.95018687695e-05
97 330 0.0
97 331 6.21886679809e-06
97 332 0.0
97 333 2.48754671924e-05
97 334 0.0
97 335 0.0
97 336 0.0
97 337 0.0
97 338 0.0
97 339 0.0
97 340 0.0
97 341 0.000304724473107
97 342 6.21886679809e-06
97 343 0.00159202990031
97 344 6.21886679809e-06
97 345 0.000223879204731
97 346 6.21886679809e-06
97 347 0.000155471669952
97 348 6.21886679809e-06
97 349 0.000752482882569
97 350 0.0
97 351 0.000621886679809
97 352 0.0
97 353 0.000155471669952
97 354 0.0
97 355 6.21886679809e-06
97 356 0.0
97 357 0.0
97 358 0.0
97 359 0.0
97 360 0.0
97 361 0.0
97 362 0.0
97 363 2.48754671924e-05
97 364 0.0
97 365 6.21886679809e-06
97 366 0.0
97 367 0.000223879204731
97 368 0.0
97 369 2.48754671924e-05
97 370 0.0
97 371 0.000155471669952
97 372 6.21886679809e-06
97 373 0.000223879204731
97 374 0.0
97 375 5.59698011828e-05
97 376 6.21886679809e-06
97 377 2.48754671924e-05
97 378 0.0
97 379 0.0
97 380 0.0
97 381 5.59698011828e-05
97 382 0.0
97 383 2.48754671924e-05
97 384 0.0
97 385 5.59698011828e-05
97 386 0.0
97 387 2.48754671924e-05
97 388 0.0
97 389 0.0
97 390 0.0
97 391 5.59698011828e-05
97 392 6.21886679809e-06
97 393 2.48754671924e-05
97 394 0.0
97 395 9.95018687695e-05
97 396 0.0
97 397 9.95018687695e-05
97 398 0.0
97 399 2.48754671924e-05
97 400 0.0
98 0 0.0
98 1 2.48754671924e-05
98 2 0.0
98 3 2.48754671924e-05
98 4 0.0
98 5 0.000155471669952
98 6 0.0
98 7 0.000223879204731
98 8 0.0
98 9 2.48754671924e-05
98 10 0.0
98 11 0.000503728210645
98 12 0.0
98 13 5.59698011828e-05
98 14 0.0
98 15 2.48754671924e-05
98 16 0.0
98 17 0.000155471669952
98 18 0.0
98 19 6.21886679809e-06
98 20 0.0
98 21 2.48754671924e-05
98 22 0.0
98 23 6.21886679809e-06
98 24 0.0
98 25 6.21886679809e-06
98 26 0.0
98 27 6.21886679809e-06
98 28 0.0
98 29 0.000304724473107
98 30 0.0
98 31 9.95018687695e-05
98 32 0.0
98 33 2.48754671924e-05
98 34 0.0
98 35 6.21886679809e-06
98 36 0.0
98 37 0.000621886679809
98 38 0.0
98 39 0.000223879204731
98 40 0.0
98 41 6.21886679809e-06
98 42 0.0
98 43 5.59698011828e-05
98 44 0.0
98 45 0.0
98 46 0.0
98 47 6.21886679809e-06
98 48 0.0
98 49 0.0
98 50 0.0
98 51 0.0
98 52 0.0
98 53 0.0
98 54 0.0
98 55 6.21886679809e-06
98 56 0.0
98 57 6.21886679809e-06
98 58 0.0
98 59 0.000155471669952
98 60 0.0
98 61 0.000895516818925
98 62 0.0
98 63 0.000223879204731
98 64 0.0
98 65 0.000304724473107
98 66 0.0
98 67 0.000398007475078
98 68 0.0
98 69 9.95018687695e-05
98 70 0.0
98 71 6.21886679809e-06
98 72 0.0
98 73 2.48754671924e-05
98 74 0.0
98 75 0.0
98 76 0.0
98 77 6.21886679809e-06
98 78 0.0
98 79 0.0
98 80 0.0
98 81 0.0
98 82 0.0
98 83 0.0
98 84 0.0
98 85 0.000304724473107
98 86 0.0
98 87 0.000621886679809
98 88 0.0
98 89 0.00179725250465
98 90 0.0
98 91 9.95018687695e-05
98 92 0.0
98 93 0.000752482882569
98 94 0.0
98 95 0.00179725250465
98 96 0.0
98 97 5.59698011828e-05
98 98 0.0
98 99 0.0
98 100 0.0
98 101 6.21886679809e-06
98 102 0.0
98 103 0.0
98 104 0.0
98 105 0.0
98 106 0.0
98 107 0.0
98 108 0.0
98 109 0.000155471669952
98 110 0.0
98 111 0.000155471669952
98 112 0.0
98 113 0.000223879204731
98 114 0.0
98 115 0.00761811182766
98 116 0.0
98 117 0.00274252025796
98 118 0.0
98 119 9.95018687695e-05
98 120 0.0
98 121 6.21886679809e-06
98 122 0.0
98 123 0.0
98 124 0.0
98 125 6.21886679809e-06
98 126 0.0
98 127 0.0
98 128 0.0
98 129 0.0
98 130 0.0
98 131 0.0
98 132 0.0
98 133 0.0
98 134 0.0
98 135 0.0
98 136 0.0
98 137 0.0
98 138 0.0
98 139 0.0
98 140 0.0
98 141 0.0
98 142 0.0
98 143 0.0
98 144 0.0
98 145 0.0
98 146 0.0
98 147 0.0
98 148 0.0
98 149 0.0
98 150 0.0
98 151 0.0
98 152 0.0
98 153 0.0
98 154 0.0
98 155 0.0
98 156 0.0
98 157 0.0
98 158 0.0
98 159 0.0
98 160 0.0
98 161 0.0
98 162 0.0
98 163 0.0
98 164 0.0
98 165 0.0
98 166 0.0
98 167 0.0
98 168 0.0
98 169 0.0
98 170 0.0
98 171 0.0
98 172 0.0
98 173 0.0
98 174 0.0
98 175 0.0
98 176 0.0
98 177 0.0
98 178 0.0
98 179 0.0
98 180 0.0
98 181 0.0
98 182 0.0
98 183 0.0
98 184 0.0
98 185 0.0
98 186 0.0
98 187 0.0
98 188 0.0
98 189 0.0
98 190 0.0
98 191 0.0
98 192 0.0
98 193 0.0
98 194 0.0
98 195 0.0
98 196 0.0
98 197 0.0
98 198 0.0
98 199 0.0
98 200 0.0
98 201 0.0
98 202 0.0
98 203 0.0
98 204 0.0
98 205 0.0
98 206 0.0
98 207 0.0
98 208 0.0
98 209 0.0
98 210 0.0
98 211 0.0
98 212 0.0
98 213 0.0
98 214 0.0
98 215 0.0
98 216 0.0
98 217 0.0
98 218 0.0
98 219 0.0
98 220 0.0
98 221 0.0
98 222 0.0
98 223 0.0
98 224 0.0
98 225 0.0
98 226 0.0
98 227 0.0
98 228 0.0
98 229 0.0
98 230 0.0
98 231 0.0
98 232 0.0
98 233 0.0
98 234 0.0
98 235 0.0
98 236 0.0
98 237 0.0
98 238 0.0
98 239 0.0
98 240 0.0
98 241 0.0
98 242 0.0
98 243 0.0
98 244 0.0
98 245 0.0
98 246 0.0
98 247 0.0
98 248 0.0
98 249 0.0
98 250 0.0
98 251 0.0
98 252 0.0
98 253 0.0
98 254 0.0
98 255 0.0
98 256 0.0
98 257 0.0
98 258 0.0
98 259 0.0
98 260 0.0
98 261 0.0
98 262 0.0
98 263 0.0
98 264 0.0
98 265 0.0
98 266 0.0
98 267 0.0
98 268 0.0
98 269 0.0
98 270 0.0
98 271 0.0
98 272 0.0
98 273 0.0
98 274 0.0
98 275 0.0
98 276 0.0
98 277 0.0
98 278 0.0
98 279 0.0
98 280 0.0
98 281 0.0
98 282 0.0
98 283 0.0
98 284 0.0
98 285 0.0
98 286 0.0
98 287 0.0
98 288 0.0
98 289 0.0
98 290 0.0
98 291 0.0
98 292 0.0
98 293 0.0
98 294 0.0
98 295 0.0
98 296 0.0
98 297 0.0
98 298 0.0
98 299 0.0
98 300 0.0
98 301 0.000223879204731
98 302 0.0
98 303 9.95018687695e-05
98 304 0.0
98 305 9.95018687695e-05
98 306 0.0
98 307 0.0048755915697
98 308 0.0
98 309 0.00159202990031
98 310 0.0
98 311 0.000155471669952
98 312 0.0
98 313 0.0
98 314 0.0
98 315 6.21886679809e-06
98 316 0.0
98 317 2.48754671924e-05
98 318 0.0
98 319 6.21886679809e-06
98 320 0.0
98 321 2.48754671924e-05
98 322 0.0
98 323 6.21886679809e-06
98 324 0.0
98 325 0.00139924502957
98 326 0.0
98 327 0.00139924502957
98 328 0.0
98 329 9.95018687695e-05
98 330 0.0
98 331 6.21886679809e-06
98 332 0.0
98 333 2.48754671924e-05
98 334 0.0
98 335 0.0
98 336 0.0
98 337 0.0
98 338 0.0
98 339 0.0
98 340 0.0
98 341 0.000304724473107
98 342 0.0
98 343 0.00139924502957
98 344 0.0
98 345 0.000304724473107
98 346 0.0
98 347 9.95018687695e-05
98 348 0.0
98 349 0.000895516818925
98 350 0.0
98 351 0.000621886679809
98 352 0.0
98 353 0.000155471669952
98 354 0.0
98 355 6.21886679809e-06
98 356 0.0
98 357 0.0
98 358 0.0
98 359 0.0
98 360 0.0
98 361 0.0
98 362 0.0
98 363 2.48754671924e-05
98 364 0.0
98 365 6.21886679809e-06
98 366 0.0
98 367 0.000223879204731
98 368 0.0
98 369 2.48754671924e-05
98 370 0.0
98 371 0.000223879204731
98 372 0.0
98 373 0.000223879204731
98 374 0.0
98 375 2.48754671924e-05
98 376 0.0
98 377 2.48754671924e-05
98 378 0.0
98 379 0.0
98 380 0.0
98 381 5.59698011828e-05
98 382 0.0
98 383 2.48754671924e-05
98 384 0.0
98 385 5.59698011828e-05
98 386 0.0
98 387 2.48754671924e-05
98 388 0.0
98 389 0.0
98 390 0.0
98 391 9.95018687695e-05
98 392 0.0
98 393 6.21886679809e-06
98 394 0.0
98 395 9.95018687695e-05
98 396 0.0
98 397 9.95018687695e-05
98 398 0.0
98 399 2.48754671924e-05
98 400 0.0
99 0 0.0
99 1 2.48754671924e-05
99 2 0.0
99 3 2.48754671924e-05
99 4 0.0
99 5 0.000155471669952
99 6 0.0
99 7 0.000304724473107
99 8 0.0
99 9 5.59698011828e-05
99 10 6.21886679809e-06
99 11 0.000398007475078
99 12 0.0
99 13 2.48754671924e-05
99 14 0.0
99 15 5.59698011828e-05
99 16 6.21886679809e-06
99 17 5.59698011828e-05
99 18 6.21886679809e-06
99 19 6.21886679809e-06
99 20 6.21886679809e-06
99 21 6.21886679809e-06
99 22 0.0
99 23 6.21886679809e-06
99 24 0.0
99 25 6.21886679809e-06
99 26 0.0
99 27 6.21886679809e-06
99 28 0.0
99 29 0.000304724473107
99 30 0.0
99 31 9.95018687695e-05
99 32 0.0
99 33 2.48754671924e-05
99 34 0.0
99 35 6.21886679809e-06
99 36 0.0
99 37 0.000621886679809
99 38 0.0
99 39 0.000223879204731
99 40 0.0
99 41 6.21886679809e-06
99 42 0.0
99 43 5.59698011828e-05
99 44 0.0
99 45 0.0
99 46 0.0
99 47 6.21886679809e-06
99 48 0.0
99 49 0.0
99 50 0.0
99 51 0.0
99 52 0.0
99 53 0.0
99 54 0.0
99 55 6.21886679809e-06
99 56 0.0
99 57 6.21886679809e-06
99 58 0.0
99 59 0.000155471669952
99 60 0.0
99 61 0.000895516818925
99 62 0.0
99 63 0.000223879204731
99 64 0.0
99 65 0.000304724473107
99 66 0.0
99 67 0.000398007475078
99 68 0.0
99 69 9.95018687695e-05
99 70 0.0
99 71 6.21886679809e-06
99 72 0.0
99 73 2.48754671924e-05
99 74 0.0
99 75 0.0
99 76 0.0
99 77 6.21886679809e-06
99 78 0.0
99 79 0.0
99 80 0.0
99 81 0.0
99 82 0.0
99 83 0.0
99 84 0.0
99 85 0.000304724473107
99 86 0.0
99 87 0.000621886679809
99 88 0.0
99 89 0.00179725250465
99 90 0.0
99 91 9.95018687695e-05
99 92 0.0
99 93 0.000752482882569
99 94 0.0
99 95 0.00179725250465
99 96 0.0
99 97 5.59698011828e-05
99 98 0.0
99 99 0.0
99 100 0.0
99 101 6.21886679809e-06
99 102 0.0
99 103 6.21886679809e-06
99 104 0.0
99 105 0.0
99 106 0.0
99 107 6.21886679809e-06
99 108 2.48754671924e-05
99 109 9.95018687695e-05
99 110 0.0
99 111 0.000155471669952
99 112 2.48754671924e-05
99 113 5.59698011828e-05
99 114 2.48754671924e-05
99 115 0.00851362864659
99 116 9.95018687695e-05
99 117 0.00159202990031
99 118 0.000155471669952
99 119 0.000398007475078
99 120 9.95018687695e-05
99 121 2.48754671924e-05
99 122 5.59698011828e-05
99 123 5.59698011828e-05
99 124 5.59698011828e-05
99 125 2.48754671924e-05
99 126 5.59698011828e-05
99 127 5.59698011828e-05
99 128 5.59698011828e-05
99 129 5.59698011828e-05
99 130 5.59698011828e-05
99 131 5.59698011828e-05
99 132 5.59698011828e-05
99 133 5.59698011828e-05
99 134 5.59698011828e-05
99 135 5.59698011828e-05
99 136 5.59698011828e-05
99 137 5.59698011828e-05
99 138 5.59698011828e-05
99 139 5.59698011828e-05
99 140 5.59698011828e-05
99 141 5.59698011828e-05
99 142 5.59698011828e-05
99 143 5.59698011828e-05
99 144 5.59698011828e-05
99 145 5.59698011828e-05
99 146 5.59698011828e-05
99 147 5.59698011828e-05
99 148 5.59698011828e-05
99 149 5.59698011828e-05
99 150 5.59698011828e-05
99 151 5.59698011828e-05
99 152 5.59698011828e-05
99 153 5.59698011828e-05
99 154 5.59698011828e-05
99 155 5.59698011828e-05
99 156 5.59698011828e-05
99 157 5.59698011828e-05
99 158 5.59698011828e-05
99 159 5.59698011828e-05
99 160 5.59698011828e-05
99 161 5.59698011828e-05
99 162 5.59698011828e-05
99 163 5.59698011828e-05
99 164 5.59698011828e-05
99 165 5.59698011828e-05
99 166 5.59698011828e-05
99 167 5.59698011828e-05
99 168 5.59698011828e-05
99 169 5.59698011828e-05
99 170 5.59698011828e-05
99 171 5.59698011828e-05
99 172 5.59698011828e-05
99 173 5.59698011828e-05
99 174 5.59698011828e-05
99 175 5.59698011828e-05
99 176 5.59698011828e-05
99 177 5.59698011828e-05
99 178 5.59698011828e-05
99 179 5.59698011828e-05
99 180 5.59698011828e-05
99 181 5.59698011828e-05
99 182 5.59698011828e-05
99 183 5.59698011828e-05
99 184 5.59698011828e-05
99 185 5.59698011828e-05
99 186 5.59698011828e-05
99 187 5.59698011828e-05
99 188 5.59698011828e-05
99 189 5.59698011828e-05
99 190 5.59698011828e-05
99 191 5.59698011828e-05
99 192 5.59698011828e-05
99 193 5.59698011828e-05
99 194 5.59698011828e-05
99 195 5.59698011828e-05
99 196 5.59698011828e-05
99 197 5.59698011828e-05
99 198 5.59698011828e-05
99 199 5.59698011828e-05
99 200 5.59698011828e-05
99 201 5.59698011828e-05
99 202 5.59698011828e-05
99 203 5.59698011828e-05
99 204 5.59698011828e-05
99 205 2.48754671924e-05
99 206 2.48754671924e-05
99 207 0.0
99 208 6.21886679809e-06
99 209 6.21886679809e-06
99 210 6.21886679809e-06
99 211 6.21886679809e-06
99 212 6.21886679809e-06
99 213 6.21886679809e-06
99 214 6.21886679809e-06
99 215 6.21886679809e-06
99 216 6.21886679809e-06
99 217 6.21886679809e-06
99 218 6.21886679809e-06
99 219 0.0
99 220 6.21886679809e-06
99 221 2.48754671924e-05
99 222 5.59698011828e-05
99 223 5.59698011828e-05
99 224 5.59698011828e-05
99 225 5.59698011828e-05
99 226 5.59698011828e-05
99 227 5.59698011828e-05
99 228 5.59698011828e-05
99 229 5.59698011828e-05
99 230 5.59698011828e-05
99 231 5.59698011828e-05
99 232 5.59698011828e-05
99 233 5.59698011828e-05
99 234 5.59698011828e-05
99 235 5.59698011828e-05
99 236 5.59698011828e-05
99 237 5.59698011828e-05
99 238 5.59698011828e-05
99 239 5.59698011828e-05
99 240 5.59698011828e-05
99 241 2.48754671924e-05
99 242 6.21886679809e-06
99 243 0.0
99 244 6.21886679809e-06
99 245 6.21886679809e-06
99 246 6.21886679809e-06
99 247 0.0
99 248 6.21886679809e-06
99 249 6.21886679809e-06
99 250 5.59698011828e-05
99 251 5.59698011828e-05
99 252 5.59698011828e-05
99 253 5.59698011828e-05
99 254 5.59698011828e-05
99 255 5.59698011828e-05
99 256 5.59698011828e-05
99 257 5.59698011828e-05
99 258 5.59698011828e-05
99 259 5.59698011828e-05
99 260 5.59698011828e-05
99 261 5.59698011828e-05
99 262 5.59698011828e-05
99 263 5.59698011828e-05
99 264 5.59698011828e-05
99 265 5.59698011828e-05
99 266 5.59698011828e-05
99 267 5.59698011828e-05
99 268 5.59698011828e-05
99 269 5.59698011828e-05
99 270 5.59698011828e-05
99 271 5.59698011828e-05
99 272 5.59698011828e-05
99 273 5.59698011828e-05
99 274 5.59698011828e-05
99 275 5.59698011828e-05
99 276 5.59698011828e-05
99 277 2.48754671924e-05
99 278 6.21886679809e-06
99 279 0.0
99 280 6.21886679809e-06
99 281 6.21886679809e-06
99 282 6.21886679809e-06
99 283 0.0
99 284 6.21886679809e-06
99 285 2.48754671924e-05
99 286 5.59698011828e-05
99 287 5.59698011828e-05
99 288 5.59698011828e-05
99 289 5.59698011828e-05
99 290 5.59698011828e-05
99 291 5.59698011828e-05
99 292 5.59698011828e-05
99 293 5.59698011828e-05
99 294 5.59698011828e-05
99 295 2.48754671924e-05
99 296 5.59698011828e-05
99 297 5.59698011828e-05
99 298 5.59698011828e-05
99 299 2.48754671924e-05
99 300 5.59698011828e-05
99 301 0.000621886679809
99 302 5.59698011828e-05
99 303 0.0
99 304 0.000155471669952
99 305 9.95018687695e-05
99 306 6.21886679809e-06
99 307 0.00420395395551
99 308 0.0
99 309 0.00139924502957
99 310 6.21886679809e-06
99 311 0.000155471669952
99 312 0.0
99 313 0.0
99 314 0.0
99 315 6.21886679809e-06
99 316 0.0
99 317 2.48754671924e-05
99 318 0.0
99 319 6.21886679809e-06
99 320 0.0
99 321 2.48754671924e-05
99 322 0.0
99 323 6.21886679809e-06
99 324 0.0
99 325 0.00139924502957
99 326 0.0
99 327 0.00139924502957
99 328 0.0
99 329 9.95018687695e-05
99 330 0.0
99 331 6.21886679809e-06
99 332 0.0
99 333 2.48754671924e-05
99 334 0.0
99 335 0.0
99 336 0.0
99 337 0.0
99 338 0.0
99 339 0.0
99 340 0.0
99 341 0.000304724473107
99 342 0.0
99 343 0.00139924502957
99 344 0.0
99 345 0.000223879204731
99 346 0.0
99 347 9.95018687695e-05
99 348 0.0
99 349 0.000895516818925
99 350 0.0
99 351 0.000621886679809
99 352 0.0
99 353 0.000155471669952
99 354 0.0
99 355 6.21886679809e-06
99 356 0.0
99 357 0.0
99 358 0.0
99 359 0.0
99 360 0.0
99 361 0.0
99 362 0.0
99 363 2.48754671924e-05
99 364 0.0
99 365 6.21886679809e-06
99 366 0.0
99 367 0.000223879204731
99 368 0.0
99 369 5.59698011828e-05
99 370 6.21886679809e-06
99 371 0.000155471669952
99 372 0.0
99 373 0.000155471669952
99 374 6.21886679809e-06
99 375 5.59698011828e-05
99 376 0.0
99 377 6.21886679809e-06
99 378 6.21886679809e-06
99 379 0.0
99 380 0.0
99 381 2.48754671924e-05
99 382 6.21886679809e-06
99 383 9.95018687695e-05
99 384 6.21886679809e-06
99 385 2.48754671924e-05
99 386 0.0
99 387 2.48754671924e-05
99 388 0.0
99 389 0.0
99 390 0.0
99 391 9.95018687695e-05
99 392 6.21886679809e-06
99 393 2.48754671924e-05
99 394 6.21886679809e-06
99 395 0.000223879204731
99 396 2.48754671924e-05
99 397 5.59698011828e-05
99 398 0.0
99 399 6.21886679809e-06
99 400 0.0
100 0 0.0
100 1 2.48754671924e-05
100 2 0.0
100 3 2.48754671924e-05
100 4 0.0
100 5 0.000155471669952
100 6 0.0
100 7 0.000304724473107
100 8 0.0
100 9 2.48754671924e-05
100 10 0.0
100 11 0.000398007475078
100 12 0.0
100 13 5.59698011828e-05
100 14 0.0
100 15 5.59698011828e-05
100 16 0.0
100 17 9.95018687695e-05
100 18 0.0
100 19 6.21886679809e-06
100 20 0.0
100 21 6.21886679809e-06
100 22 0.0
100 23 0.0
100 24 0.0
100 25 6.21886679809e-06
100 26 0.0
100 27 6.21886679809e-06
100 28 0.0
100 29 0.000304724473107
100 30 0.0
100 31 9.95018687695e-05
100 32 0.0
100 33 2.48754671924e-05
100 34 0.0
100 35 6.21886679809e-06
100 36 0.0
100 37 0.000621886679809
100 38 0.0
100 39 0.000223879204731
100 40 0.0
100 41 6.21886679809e-06
100 42 0.0
100 43 5.59698011828e-05
100 44 0.0
100 45 0.0
100 46 0.0
100 47 6.21886679809e-06
100 48 0.0
100 49 0.0
100 50 0.0
100 51 0.0
100 52 0.0
100 53 0.0
100 54 0.0
100 55 6.21886679809e-06
100 56 0.0
100 57 6.21886679809e-06
100 58 0.0
100 59 0.000155471669952
100 60 0.0
100 61 0.000895516818925
100 62 0.0
100 63 0.000223879204731
100 64 0.0
100 65 0.000304724473107
100 66 0.0
100 67 0.000398007475078
100 68 0.0
100 69 9.95018687695e-05
100 70 0.0
100 71 6.21886679809e-06
100 72 0.0
100 73 2.48754671924e-05
100 74 0.0
100 75 0.0
100 76 0.0
100 77 6.21886679809e-06
100 78 0.0
100 79 0.0
100 80 0.0
100 81 0.0
100 82 0.0
100 83 0.0
100 84 0.0
100 85 0.000304724473107
100 86 0.0
100 87 0.000621886679809
100 88 0.0
100 89 0.00179725250465
100 90 0.0
100 91 9.95018687695e-05
100 92 0.0
100 93 0.000752482882569
100 94 0.0
100 95 0.00179725250465
100 96 0.0
100 97 5.59698011828e-05
100 98 0.0
100 99 0.0
100 100 0.0
100 101 6.21886679809e-06
100 102 0.0
100 103 6.21886679809e-06
100 104 0.0
100 105 0.0
100 106 0.0
100 107 0.0
100 108 0.0
100 109 0.000223879204731
100 110 0.0
100 111 0.000155471669952
100 112 0.0
100 113 2.48754671924e-05
100 114 0.0
100 115 0.00453355389581
100 116 0.0
100 117 0.00201491284258
100 118 0.0
100 119 0.000304724473107
100 120 0.0
100 121 0.0
100 122 0.0
100 123 0.0
100 124 0.0
100 125 0.0
100 126 0.0
100 127 0.0
100 128 0.0
100 129 0.0
100 130 0.0
100 131 0.0
100 132 0.0
100 133 0.0
100 134 0.0
100 135 0.0
100 136 0.0
100 137 0.0
100 138 0.0
100 139 0.0
100 140 0.0
100 141 0.0
100 142 0.0
100 143 0.0
100 144 0.0
100 145 0.0
100 146 0.0
100 147 0.0
100 148 0.0
100 149 0.0
100 150 0.0
100 151 0.0
100 152 0.0
100 153 0.0
100 154 0.0
100 155 0.0
100 156 0.0
100 157 0.0
100 158 0.0
100 159 0.0
100 160 0.0
100 161 0.0
100 162 0.0
100 163 0.0
100 164 0.0
100 165 0.0
100 166 0.0
100 167 0.0
100 168 0.0
100 169 0.0
100 170 0.0
100 171 0.0
100 172 0.0
100 173 0.0
100 174 0.0
100 175 0.0
100 176 0.0
100 177 0.0
100 178 0.0
100 179 0.0
100 180 0.0
100 181 0.0
100 182 0.0
100 183 0.0
100 184 0.0
100 185 0.0
100 186 0.0
100 187 0.0
100 188 0.0
100 189 0.0
100 190 0.0
100 191 0.0
100 192 0.0
100 193 0.0
100 194 0.0
100 195 0.0
100 196 0.0
100 197 0.0
100 198 0.0
100 199 0.0
100 200 0.0
100 201 0.0
100 202 0.0
100 203 0.0
100 204 0.0
100 205 0.0
100 206 0.0
100 207 0.0
100 208 0.0
100 209 0.0
100 210 0.0
100 211 0.0
100 212 0.0
100 213 0.0
100 214 0.0
100 215 0.0
100 216 0.0
100 217 0.0
100 218 0.0
100 219 0.0
100 220 0.0
100 221 0.0
100 222 0.0
100 223 0.0
100 224 0.0
100 225 0.0
100 226 0.0
100 227 0.0
100 228 0.0
100 229 0.0
100 230 0.0
100 231 0.0
100 232 0.0
100 233 0.0
100 234 0.0
100 235 0.0
100 236 0.0
100 237 0.0
100 238 0.0
100 239 0.0
100 240 0.0
100 241 0.0
100 242 0.0
100 243 0.0
100 244 0.0
100 245 0.0
100 246 0.0
100 247 0.0
100 248 0.0
100 249 0.0
100 250 0.0
100 251 0.0
100 252 0.0
100 253 0.0
100 254 0.0
100 255 0.0
100 256 0.0
100 257 0.0
100 258 0.0
100 259 0.0
100 260 0.0
100 261 0.0
100 262 0.0
100 263 0.0
100 264 0.0
100 265 0.0
100 266 0.0
100 267 0.0
100 268 0.0
100 269 0.0
100 270 0.0
100 271 0.0
100 272 0.0
100 273 0.0
100 274 0.0
100 275 0.0
100 276 0.0
100 277 0.0
100 278 0.0
100 279 0.0
100 280 0.0
100 281 0.0
100 282 0.0
100 283 0.0
100 284 0.0
100 285 0.0
100 286 0.0
100 287 0.0
100 288 0.0
100 289 0.0
100 290 0.0
100 291 0.0
100 292 0.0
100 293 0.0
100 294 0.0
100 295 0.0
100 296 0.0
100 297 0.0
100 298 0.0
100 299 0.0
100 300 0.0
100 301 0.000223879204731
100 302 0.0
100 303 0.000155471669952
100 304 0.0
100 305 9.95018687695e-05
100 306 0.0
100 307 0.00453355389581
100 308 0.0
100 309 0.00139924502957
100 310 0.0
100 311 0.000155471669952
100 312 0.0
100 313 0.0
100 314 0.0
100 315 6.21886679809e-06
100 316 0.0
100 317 2.48754671924e-05
100 318 0.0
100 319 6.21886679809e-06
100 320 0.0
100 321 2.48754671924e-05
100 322 0.0
100 323 6.21886679809e-06
100 324 0.0
100 325 0.00139924502957
100 326 0.0
100 327 0.00139924502957
100 328 0.0
100 329 9.95018687695e-05
100 330 0.0
100 331 6.21886679809e-06
100 332 0.0
100 333 2.48754671924e-05
100 334 0.0
100 335 0.0
100 336 0.0
100 337 0.0
100 338 0.0
100 339 0.0
100 340 0.0
100 341 0.000223879204731
100 342 0.0
100 343 0.00121889789243
100 344 0.0
100 345 0.000304724473107
100 346 0.0
100 347 9.95018687695e-05
100 348 0.0
100 349 0.000752482882569
100 350 0.0
100 351 0.000621886679809
100 352 0.0
100 353 0.000155471669952
100 354 0.0
100 355 6.21886679809e-06
100 356 0.0
100 357 0.0
100 358 0.0
100 359 0.0
100 360 0.0
100 361 0.0
100 362 0.0
100 363 2.48754671924e-05
100 364 0.0
100 365 6.21886679809e-06
100 366 0.0
100 367 0.000304724473107
100 368 0.0
100 369 0.000155471669952
100 370 0.0
100 371 0.000398007475078
100 372 0.0
100 373 0.000155471669952
100 374 0.0
100 375 9.95018687695e-05
100 376 0.0
100 377 2.48754671924e-05
100 378 0.0
100 379 6.21886679809e-06
100 380 0.0
100 381 5.59698011828e-05
100 382 0.0
100 383 5.59698011828e-05
100 384 0.0
100 385 2.48754671924e-05
100 386 0.0
100 387 2.48754671924e-05
100 388 0.0
100 389 0.0
100 390 0.0
100 391 0.000223879204731
100 392 0.0
100 393 6.21886679809e-06
100 394 0.0
100 395 9.95018687695e-05
100 396 0.0
100 397 9.95018687695e-05
100 398 0.0
100 399 6.21886679809e-06
100 400 0.0
101 0 0.0
101 1 2.48754671924e-05
101 2 0.0
101 3 2.48754671924e-05
101 4 0.0
101 5 0.000155471669952
101 6 0.0
101 7 0.000398007475078
101 8 0.0
101 9 5.59698011828e-05
101 10 6.21886679809e-06
101 11 0.000398007475078
101 12 0.0
101 13 9.95018687695e-05
101 14 0.0
101 15 9.95018687695e-05
101 16 6.21886679809e-06
101 17 5.59698011828e-05
101 18 6.21886679809e-06
101 19 6.21886679809e-06
101 20 0.0
101 21 6.21886679809e-06
101 22 0.0
101 23 0.0
101 24 0.0
101 25 6.21886679809e-06
101 26 0.0
101 27 6.21886679809e-06
101 28 0.0
101 29 0.000304724473107
101 30 0.0
101 31 9.95018687695e-05
101 32 0.0
101 33 2.48754671924e-05
101 34 0.0
101 35 6.21886679809e-06
101 36 0.0
101 37 0.000621886679809
101 38 0.0
101 39 0.000223879204731
101 40 0.0
101 41 6.21886679809e-06
101 42 0.0
101 43 5.59698011828e-05
101 44 0.0
101 45 0.0
101 46 0.0
101 47 6.21886679809e-06
101 48 0.0
101 49 0.0
101 50 0.0
101 51 0.0
101 52 0.0
101 53 0.0
101 54 0.0
101 55 6.21886679809e-06
101 56 0.0
101 57 6.21886679809e-06
101 58 0.0
101 59 0.000155471669952
101 60 0.0
101 61 0.000895516818925
101 62 0.0
101 63 0.000223879204731
101 64 0.0
101 65 0.000304724473107
101 66 0.0
101 67 0.000398007475078
101 68 0.0
101 69 9.95018687695e-05
101 70 0.0
101 71 6.21886679809e-06
101 72 0.0
101 73 2.48754671924e-05
101 74 0.0
101 75 0.0
101 76 0.0
101 77 6.21886679809e-06
101 78 0.0
101 79 0.0
101 80 0.0
101 81 0.0
101 82 0.0
101 83 0.0
101 84 0.0
101 85 0.000304724473107
101 86 0.0
101 87 0.000621886679809
101 88 0.0
101 89 0.00179725250465
101 90 0.0
101 91 9.95018687695e-05
101 92 0.0
101 93 0.000752482882569
101 94 0.0
101 95 0.00179725250465
101 96 0.0
101 97 5.59698011828e-05
101 98 0.0
101 99 0.0
101 100 0.0
101 101 6.21886679809e-06
101 102 0.0
101 103 6.21886679809e-06
101 104 0.0
101 105 0.0
101 106 0.0
101 107 0.0
101 108 6.21886679809e-06
101 109 0.000223879204731
101 110 0.0
101 111 0.000155471669952
101 112 6.21886679809e-06
101 113 6.21886679809e-06
101 114 6.21886679809e-06
101 115 0.00420395395551
101 116 6.21886679809e-06
101 117 0.00224501091411
101 118 6.21886679809e-06
101 119 0.000304724473107
101 120 0.0
101 121 6.21886679809e-06
101 122 6.21886679809e-06
101 123 2.48754671924e-05
101 124 6.21886679809e-06
101 125 6.21886679809e-06
101 126 6.21886679809e-06
101 127 6.21886679809e-06
101 128 6.21886679809e-06
101 129 6.21886679809e-06
101 130 6.21886679809e-06
101 131 6.21886679809e-06
101 132 6.21886679809e-06
101 133 6.21886679809e-06
101 134 6.21886679809e-06
101 135 6.21886679809e-06
101 136 6.21886679809e-06
101 137 6.21886679809e-06
101 138 6.21886679809e-06
101 139 6.21886679809e-06
101 140 6.21886679809e-06
101 141 6.21886679809e-06
101 142 6.21886679809e-06
101 143 6.21886679809e-06
101 144 6.21886679809e-06
101 145 6.21886679809e-06
101 146 6.21886679809e-06
101 147 6.21886679809e-06
101 148 6.21886679809e-06
101 149 6.21886679809e-06
101 150 6.21886679809e-06
101 151 6.21886679809e-06
101 152 6.21886679809e-06
101 153 6.21886679809e-06
101 154 6.21886679809e-06
101 155 6.21886679809e-06
101 156 6.21886679809e-06
101 157 6.21886679809e-06
101 158 6.21886679809e-06
101 159 6.21886679809e-06
101 160 6.21886679809e-06
101 161 6.21886679809e-06
101 162 6.21886679809e-06
101 163 6.21886679809e-06
101 164 6.21886679809e-06
101 165 6.21886679809e-06
101 166 6.21886679809e-06
101 167 6.21886679809e-06
101 168 6.21886679809e-06
101 169 6.21886679809e-06
101 170 6.21886679809e-06
101 171 6.21886679809e-06
101 172 6.21886679809e-06
101 173 6.21886679809e-06
101 174 6.21886679809e-06
101 175 6.21886679809e-06
101 176 6.21886679809e-06
101 177 6.21886679809e-06
101 178 6.21886679809e-06
101 179 6.21886679809e-06
101 180 6.21886679809e-06
101 181 6.21886679809e-06
101 182 6.21886679809e-06
101 183 6.21886679809e-06
101 184 6.21886679809e-06
101 185 6.21886679809e-06
101 186 6.21886679809e-06
101 187 6.21886679809e-06
101 188 6.21886679809e-06
101 189 6.21886679809e-06
101 190 6.21886679809e-06
101 191 6.21886679809e-06
101 192 6.21886679809e-06
101 193 6.21886679809e-06
101 194 6.21886679809e-06
101 195 6.21886679809e-06
101 196 6.21886679809e-06
101 197 6.21886679809e-06
101 198 6.21886679809e-06
101 199 6.21886679809e-06
101 200 6.21886679809e-06
101 201 6.21886679809e-06
101 202 6.21886679809e-06
101 203 6.21886679809e-06
101 204 6.21886679809e-06
101 205 6.21886679809e-06
101 206 6.21886679809e-06
101 207 6.21886679809e-06
101 208 6.21886679809e-06
101 209 6.21886679809e-06
101 210 6.21886679809e-06
101 211 6.21886679809e-06
101 212 6.21886679809e-06
101 213 6.21886679809e-06
101 214 6.21886679809e-06
101 215 6.21886679809e-06
101 216 6.21886679809e-06
101 217 6.21886679809e-06
101 218 6.21886679809e-06
101 219 6.21886679809e-06
101 220 6.21886679809e-06
101 221 6.21886679809e-06
101 222 6.21886679809e-06
101 223 6.21886679809e-06
101 224 6.21886679809e-06
101 225 6.21886679809e-06
101 226 6.21886679809e-06
101 227 6.21886679809e-06
101 228 6.21886679809e-06
101 229 6.21886679809e-06
101 230 6.21886679809e-06
101 231 6.21886679809e-06
101 232 6.21886679809e-06
101 233 6.21886679809e-06
101 234 6.21886679809e-06
101 235 6.21886679809e-06
101 236 6.21886679809e-06
101 237 6.21886679809e-06
101 238 6.21886679809e-06
101 239 6.21886679809e-06
101 240 6.21886679809e-06
101 241 6.21886679809e-06
101 242 6.21886679809e-06
101 243 6.21886679809e-06
101 244 6.21886679809e-06
101 245 6.21886679809e-06
101 246 6.21886679809e-06
101 247 6.21886679809e-06
101 248 6.21886679809e-06
101 249 6.21886679809e-06
101 250 6.21886679809e-06
101 251 6.21886679809e-06
101 252 6.21886679809e-06
101 253 6.21886679809e-06
101 254 6.21886679809e-06
101 255 6.21886679809e-06
101 256 6.21886679809e-06
101 257 6.21886679809e-06
101 258 6.21886679809e-06
101 259 6.21886679809e-06
101 260 6.21886679809e-06
101 261 6.21886679809e-06
101 262 6.21886679809e-06
101 263 6.21886679809e-06
101 264 6.21886679809e-06
101 265 6.21886679809e-06
101 266 6.21886679809e-06
101 267 6.21886679809e-06
101 268 6.21886679809e-06
101 269 6.21886679809e-06
101 270 6.21886679809e-06
101 271 6.21886679809e-06
101 272 6.21886679809e-06
101 273 6.21886679809e-06
101 274 6.21886679809e-06
101 275 6.21886679809e-06
101 276 6.21886679809e-06
101 277 6.21886679809e-06
101 278 6.21886679809e-06
101 279 6.21886679809e-06
101 280 6.21886679809e-06
101 281 6.21886679809e-06
101 282 6.21886679809e-06
101 283 6.21886679809e-06
101 284 6.21886679809e-06
101 285 6.21886679809e-06
101 286 6.21886679809e-06
101 287 6.21886679809e-06
101 288 6.21886679809e-06
101 289 6.21886679809e-06
101 290 6.21886679809e-06
101 291 6.21886679809e-06
101 292 6.21886679809e-06
101 293 6.21886679809e-06
101 294 6.21886679809e-06
101 295 6.21886679809e-06
101 296 6.21886679809e-06
101 297 6.21886679809e-06
101 298 6.21886679809e-06
101 299 6.21886679809e-06
101 300 0.0
101 301 0.000155471669952
101 302 6.21886679809e-06
101 303 0.000223879204731
101 304 0.0
101 305 5.59698011828e-05
101 306 6.21886679809e-06
101 307 0.00420395395551
101 308 6.21886679809e-06
101 309 0.00139924502957
101 310 0.0
101 311 0.000155471669952
101 312 0.0
101 313 0.0
101 314 0.0
101 315 6.21886679809e-06
101 316 0.0
101 317 2.48754671924e-05
101 318 0.0
101 319 6.21886679809e-06
101 320 0.0
101 321 2.48754671924e-05
101 322 0.0
101 323 6.21886679809e-06
101 324 0.0
101 325 0.00139924502957
101 326 0.0
101 327 0.00139924502957
101 328 0.0
101 329 9.95018687695e-05
101 330 0.0
101 331 6.21886679809e-06
101 332 0.0
101 333 2.48754671924e-05
101 334 0.0
101 335 0.0
101 336 0.0
101 337 0.0
101 338 0.0
101 339 0.0
101 340 0.0
101 341 0.000223879204731
101 342 0.0
101 343 0.00121889789243
101 344 0.0
101 345 0.000304724473107
101 346 0.0
101 347 9.95018687695e-05
101 348 0.0
101 349 0.000752482882569
101 350 0.0
101 351 0.000621886679809
101 352 0.0
101 353 0.000155471669952
101 354 0.0
101 355 6.21886679809e-06
101 356 0.0
101 357 0.0
101 358 0.0
101 359 0.0
101 360 0.0
101 361 0.0
101 362 0.0
101 363 2.48754671924e-05
101 364 0.0
101 365 6.21886679809e-06
101 366 0.0
101 367 0.000304724473107
101 368 0.0
101 369 0.000155471669952
101 370 6.21886679809e-06
101 371 0.000304724473107
101 372 0.0
101 373 0.000155471669952
101 374 6.21886679809e-06
101 375 9.95018687695e-05
101 376 0.0
101 377 6.21886679809e-06
101 378 6.21886679809e-06
101 379 0.0
101 380 6.21886679809e-06
101 381 5.59698011828e-05
101 382 6.21886679809e-06
101 383 5.59698011828e-05
101 384 6.21886679809e-06
101 385 2.48754671924e-05
101 386 0.0
101 387 2.48754671924e-05
101 388 0.0
101 389 0.0
101 390 0.0
101 391 0.000223879204731
101 392 0.0
101 393 6.21886679809e-06
101 394 6.21886679809e-06
101 395 9.95018687695e-05
101 396 6.21886679809e-06
101 397 9.95018687695e-05
101 398 0.0
101 399 6.21886679809e-06
101 400 0.0
102 0 0.0
102 1 2.48754671924e-05
102 2 0.0
102 3 2.48754671924e-05
102 4 0.0
102 5 0.000155471669952
102 6 0.0
102 7 0.000304724473107
102 8 0.0
102 9 2.48754671924e-05
102 10 0.0
102 11 0.000398007475078
102 12 0.0
102 13 5.59698011828e-05
102 14 0.0
102 15 5.59698011828e-05
102 16 0.0
102 17 9.95018687695e-05
102 18 0.0
102 19 6.21886679809e-06
102 20 0.0
102 21 6.21886679809e-06
102 22 0.0
102 23 0.0
102 24 0.0
102 25 6.21886679809e-06
102 26 0.0
102 27 6.21886679809e-06
102 28 0.0
102 29 0.000304724473107
102 30 0.0
102 31 9.95018687695e-05
102 32 0.0
102 33 2.48754671924e-05
102 34 0.0
102 35 6.21886679809e-06
102 36 0.0
102 37 0.000621886679809
102 38 0.0
102 39 0.000223879204731
102 40 0.0
102 41 6.21886679809e-06
102 42 0.0
102 43 5.59698011828e-05
102 44 0.0
102 45 0.0
102 46 0.0
102 47 6.21886679809e-06
102 48 0.0
102 49 0.0
102 50 0.0
102 51 0.0
102 52 0.0
102 53 0.0
102 54 0.0
102 55 6.21886679809e-06
102 56 0.0
102 57 6.21886679809e-06
102 58 0.0
102 59 0.000155471669952
102 60 0.0
102 61 0.000895516818925
102 62 0.0
102 63 0.000223879204731
102 64 0.0
102 65 0.000304724473107
102 66 0.0
102 67 0.000398007475078
102 68 0.0
102 69 9.95018687695e-05
102 70 0.0
102 71 6.21886679809e-06
102 72 0.0
102 73 2.48754671924e-05
102 74 0.0
102 75 0.0
102 76 0.0
102 77 6.21886679809e-06
102 78 0.0
102 79 0.0
102 80 0.0
102 81 0.0
102 82 0.0
102 83 0.0
102 84 0.0
102 85 0.000304724473107
102 86 0.0
102 87 0.000621886679809
102 88 0.0
102 89 0.00179725250465
102 90 0.0
102 91 9.95018687695e-05
102 92 0.0
102 93 0.000752482882569
102 94 0.0
102 95 0.00179725250465
102 96 0.0
102 97 5.59698011828e-05
102 98 0.0
102 99 0.0
102 100 0.0
102 101 6.21886679809e-06
102 102 0.0
102 103 6.21886679809e-06
102 104 0.0
102 105 0.0
102 106 0.0
102 107 0.0
102 108 0.0
102 109 0.000304724473107
102 110 0.0
102 111 0.000155471669952
102 112 0.0
102 113 2.48754671924e-05
102 114 0.0
102 115 0.00453355389581
102 116 0.0
102 117 0.00201491284258
102 118 0.0
102 119 0.000304724473107
102 120 0.0
102 121 0.0
102 122 0.0
102 123 0.0
102 124 0.0
102 125 0.0
102 126 0.0
102 127 0.0
102 128 0.0
102 129 0.0
102 130 0.0
102 131 0.0
102 132 0.0
102 133 0.0
102 134 0.0
102 135 0.0
102 136 0.0
102 137 0.0
102 138 0.0
102 139 0.0
102 140 0.0
102 141 0.0
102 142 0.0
102 143 0.0
102 144 0.0
102 145 0.0
102 146 0.0
102 147 0.0
102 148 0.0
102 149 0.0
102 150 0.0
102 151 0.0
102 152 0.0
102 153 0.0
102 154 0.0
102 155 0.0
102 156 0.0
102 157 0.0
102 158 0.0
102 159 0.0
102 160 0.0
102 161 0.0
102 162 0.0
102 163 0.0
102 164 0.0
102 165 0.0
102 166 0.0
102 167 0.0
102 168 0.0
102 169 0.0
102 170 0.0
102 171 0.0
102 172 0.0
102 173 0.0
102 174 0.0
102 175 0.0
102 176 0.0
102 177 0.0
102 178 0.0
102 179 0.0
102 180 0.0
102 181 0.0
102 182 0.0
102 183 0.0
102 184 0.0
102 185 0.0
102 186 0.0
102 187 0.0
102 188 0.0
102 189 0.0
102 190 0.0
102 191 0.0
102 192 0.0
102 193 0.0
102 194 0.0
102 195 0.0
102 196 0.0
102 197 0.0
102 198 0.0
102 199 0.0
102 200 0.0
102 201 0.0
102 202 0.0
102 203 0.0
102 204 0.0
102 205 0.0
102 206 0.0
102 207 0.0
102 208 0.0
102 209 0.0
102 210 0.0
102 211 0.0
102 212 0.0
102 213 0.0
102 214 0.0
102 215 0.0
102 216 0.0
102 217 0.0
102 218 0.0
102 219 0.0
102 220 0.0
102 221 0.0
102 222 0.0
102 223 0.0
102 224 0.0
102 225 0.0
102 226 0.0
102 227 0.0
102 228 0.0
102 229 0.0
102 230 0.0
102 231 0.0
102 232 0.0
102 233 0.0
102 234 0.0
102 235 0.0
102 236 0.0
102 237 0.0
102 238 0.0
102 239 0.0
102 240 0.0
102 241 0.0
102 242 0.0
102 243 0.0
102 244 0.0
102 245 0.0
102 246 0.0
102 247 0.0
102 248 0.0
102 249 0.0
102 250 0.0
102 251 0.0
102 252 0.0
102 253 0.0
102 254 0.0
102 255 0.0
102 256 0.0
102 257 0.0
102 258 0.0
102 259 0.0
102 260 0.0
102 261 0.0
102 262 0.0
102 263 0.0
102 264 0.0
102 265 0.0
102 266 0.0
102 267 0.0
102 268 0.0
102 269 0.0
102 270 0.0
102 271 0.0
102 272 0.0
102 273 0.0
102 274 0.0
102 275 0.0
102 276 0.0
102 277 0.0
102 278 0.0
102 279 0.0
102 280 0.0
102 281 0.0
102 282 0.0
102 283 0.0
102 284 0.0
102 285 0.0
102 286 0.0
102 287 0.0
102 288 0.0
102 289 0.0
102 290 0.0
102 291 0.0
102 292 0.0
102 293 0.0
102 294 0.0
102 295 6.21886679809e-06
102 296 0.0
102 297 0.0
102 298 0.0
102 299 6.21886679809e-06
102 300 0.0
102 301 0.000223879204731
102 302 0.0
102 303 0.000155471669952
102 304 0.0
102 305 5.59698011828e-05
102 306 0.0
102 307 0.00453355389581
102 308 0.0
102 309 0.00139924502957
102 310 0.0
102 311 0.000155471669952
102 312 0.0
102 313 0.0
102 314 0.0
102 315 6.21886679809e-06
102 316 0.0
102 317 2.48754671924e-05
102 318 0.0
102 319 6.21886679809e-06
102 320 0.0
102 321 2.48754671924e-05
102 322 0.0
102 323 6.21886679809e-06
102 324 0.0
102 325 0.00139924502957
102 326 0.0
102 327 0.00139924502957
102 328 0.0
102 329 9.95018687695e-05
102 330 0.0
102 331 6.21886679809e-06
102 332 0.0
102 333 2.48754671924e-05
102 334 0.0
102 335 0.0
102 336 0.0
102 337 0.0
102 338 0.0
102 339 0.0
102 340 0.0
102 341 0.000223879204731
102 342 0.0
102 343 0.00121889789243
102 344 0.0
102 345 0.000304724473107
102 346 0.0
102 347 9.95018687695e-05
102 348 0.0
102 349 0.000752482882569
102 350 0.0
102 351 0.000621886679809
102 352 0.0
102 353 0.000155471669952
102 354 0.0
102 355 6.21886679809e-06
102 356 0.0
102 357 0.0
102 358 0.0
102 359 0.0
102 360 0.0
102 361 0.0
102 362 0.0
102 363 2.48754671924e-05
102 364 0.0
102 365 6.21886679809e-06
102 366 0.0
102 367 0.000304724473107
102 368 0.0
102 369 0.000155471669952
102 370 0.0
102 371 0.000398007475078
102 372 0.0
102 373 0.000155471669952
102 374 0.0
102 375 9.95018687695e-05
102 376 0.0
102 377 2.48754671924e-05
102 378 0.0
102 379 6.21886679809e-06
102 380 0.0
102 381 9.95018687695e-05
102 382 0.0
102 383 2.48754671924e-05
102 384 0.0
102 385 2.48754671924e-05
102 386 0.0
102 387 2.48754671924e-05
102 388 0.0
102 389 0.0
102 390 0.0
102 391 0.000223879204731
102 392 0.0
102 393 6.21886679809e-06
102 394 0.0
102 395 5.59698011828e-05
102 396 0.0
102 397 9.95018687695e-05
102 398 0.0
102 399 6.21886679809e-06
102 400 0.0
103 0 0.0
103 1 2.48754671924e-05
103 2 0.0
103 3 2.48754671924e-05
103 4 0.0
103 5 0.000155471669952
103 6 0.0
103 7 0.000304724473107
103 8 0.0
103 9 2.48754671924e-05
103 10 0.0
103 11 0.000398007475078
103 12 0.0
103 13 5.59698011828e-05
103 14 6.21886679809e-06
103 15 9.95018687695e-05
103 16 0.0
103 17 0.000155471669952
103 18 0.0
103 19 6.21886679809e-06
103 20 6.21886679809e-06
103 21 6.21886679809e-06
103 22 0.0
103 23 6.21886679809e-06
103 24 0.0
103 25 6.21886679809e-06
103 26 0.0
103 27 6.21886679809e-06
103 28 0.0
103 29 0.000304724473107
103 30 0.0
103 31 9.95018687695e-05
103 32 0.0
103 33 2.48754671924e-05
103 34 0.0
103 35 6.21886679809e-06
103 36 0.0
103 37 0.000621886679809
103 38 0.0
103 39 0.000223879204731
103 40 0.0
103 41 6.21886679809e-06
103 42 0.0
103 43 5.59698011828e-05
103 44 0.0
103 45 0.0
103 46 0.0
103 47 6.21886679809e-06
103 48 0.0
103 49 0.0
103 50 0.0
103 51 0.0
103 52 0.0
103 53 0.0
103 54 0.0
103 55 6.21886679809e-06
103 56 0.0
103 57 6.21886679809e-06
103 58 0.0
103 59 0.000155471669952
103 60 6.21886679809e-06
103 61 0.00105098848888
103 62 0.0
103 63 0.000223879204731
103 64 0.0
103 65 0.000304724473107
103 66 0.0
103 67 0.000398007475078
103 68 0.0
103 69 9.95018687695e-05
103 70 0.0
103 71 6.21886679809e-06
103 72 0.0
103 73 2.48754671924e-05
103 74 0.0
103 75 0.0
103 76 0.0
103 77 6.21886679809e-06
103 78 0.0
103 79 0.0
103 80 0.0
103 81 0.0
103 82 0.0
103 83 0.0
103 84 0.0
103 85 0.000304724473107
103 86 0.0
103 87 0.000621886679809
103 88 0.0
103 89 0.00179725250465
103 90 0.0
103 91 9.95018687695e-05
103 92 0.0
103 93 0.000752482882569
103 94 0.0
103 95 0.00179725250465
103 96 0.0
103 97 5.59698011828e-05
103 98 0.0
103 99 0.0
103 100 0.0
103 101 6.21886679809e-06
103 102 0.0
103 103 6.21886679809e-06
103 104 0.0
103 105 0.0
103 106 0.0
103 107 0.0
103 108 0.0
103 109 0.000304724473107
103 110 0.0
103 111 0.000155471669952
103 112 0.0
103 113 2.48754671924e-05
103 114 0.0
103 115 0.00453355389581
103 116 0.0
103 117 0.00201491284258
103 118 0.0
103 119 0.000304724473107
103 120 0.0
103 121 0.0
103 122 0.0
103 123 0.0
103 124 0.0
103 125 0.0
103 126 0.0
103 127 0.0
103 128 0.0
103 129 0.0
103 130 0.0
103 131 0.0
103 132 0.0
103 133 0.0
103 134 0.0
103 135 6.21886679809e-06
103 136 6.21886679809e-06
103 137 2.48754671924e-05
103 138 6.21886679809e-06
103 139 6.21886679809e-06
103 140 6.21886679809e-06
103 141 6.21886679809e-06
103 142 6.21886679809e-06
103 143 6.21886679809e-06
103 144 6.21886679809e-06
103 145 6.21886679809e-06
103 146 6.21886679809e-06
103 147 6.21886679809e-06
103 148 6.21886679809e-06
103 149 6.21886679809e-06
103 150 6.21886679809e-06
103 151 6.21886679809e-06
103 152 6.21886679809e-06
103 153 6.21886679809e-06
103 154 6.21886679809e-06
103 155 6.21886679809e-06
103 156 6.21886679809e-06
103 157 6.21886679809e-06
103 158 6.21886679809e-06
103 159 6.21886679809e-06
103 160 6.21886679809e-06
103 161 6.21886679809e-06
103 162 6.21886679809e-06
103 163 6.21886679809e-06
103 164 6.21886679809e-06
103 165 6.21886679809e-06
103 166 6.21886679809e-06
103 167 6.21886679809e-06
103 168 6.21886679809e-06
103 169 6.21886679809e-06
103 170 6.21886679809e-06
103 171 6.21886679809e-06
103 172 6.21886679809e-06
103 173 6.21886679809e-06
103 174 6.21886679809e-06
103 175 6.21886679809e-06
103 176 6.21886679809e-06
103 177 6.21886679809e-06
103 178 6.21886679809e-06
103 179 6.21886679809e-06
103 180 6.21886679809e-06
103 181 6.21886679809e-06
103 182 6.21886679809e-06
103 183 2.48754671924e-05
103 184 6.21886679809e-06
103 185 6.21886679809e-06
103 186 0.0
103 187 6.21886679809e-06
103 188 0.0
103 189 0.0
103 190 0.0
103 191 6.21886679809e-06
103 192 6.21886679809e-06
103 193 6.21886679809e-06
103 194 6.21886679809e-06
103 195 6.21886679809e-06
103 196 6.21886679809e-06
103 197 6.21886679809e-06
103 198 6.21886679809e-06
103 199 6.21886679809e-06
103 200 6.21886679809e-06
103 201 6.21886679809e-06
103 202 6.21886679809e-06
103 203 6.21886679809e-06
103 204 6.21886679809e-06
103 205 6.21886679809e-06
103 206 6.21886679809e-06
103 207 6.21886679809e-06
103 208 6.21886679809e-06
103 209 6.21886679809e-06
103 210 6.21886679809e-06
103 211 6.21886679809e-06
103 212 6.21886679809e-06
103 213 6.21886679809e-06
103 214 6.21886679809e-06
103 215 6.21886679809e-06
103 216 6.21886679809e-06
103 217 6.21886679809e-06
103 218 6.21886679809e-06
103 219 6.21886679809e-06
103 220 6.21886679809e-06
103 221 6.21886679809e-06
103 222 6.21886679809e-06
103 223 6.21886679809e-06
103 224 6.21886679809e-06
103 225 6.21886679809e-06
103 226 6.21886679809e-06
103 227 6.21886679809e-06
103 228 6.21886679809e-06
103 229 6.21886679809e-06
103 230 6.21886679809e-06
103 231 6.21886679809e-06
103 232 6.21886679809e-06
103 233 6.21886679809e-06
103 234 6.21886679809e-06
103 235 6.21886679809e-06
103 236 6.21886679809e-06
103 237 6.21886679809e-06
103 238 6.21886679809e-06
103 239 6.21886679809e-06
103 240 6.21886679809e-06
103 241 6.21886679809e-06
103 242 6.21886679809e-06
103 243 6.21886679809e-06
103 244 6.21886679809e-06
103 245 6.21886679809e-06
103 246 6.21886679809e-06
103 247 6.21886679809e-06
103 248 6.21886679809e-06
103 249 6.21886679809e-06
103 250 6.21886679809e-06
103 251 6.21886679809e-06
103 252 6.21886679809e-06
103 253 6.21886679809e-06
103 254 6.21886679809e-06
103 255 6.21886679809e-06
103 256 6.21886679809e-06
103 257 6.21886679809e-06
103 258 6.21886679809e-06
103 259 6.21886679809e-06
103 260 6.21886679809e-06
103 261 6.21886679809e-06
103 262 6.21886679809e-06
103 263 6.21886679809e-06
103 264 6.21886679809e-06
103 265 6.21886679809e-06
103 266 6.21886679809e-06
103 267 6.21886679809e-06
103 268 6.21886679809e-06
103 269 6.21886679809e-06
103 270 6.21886679809e-06
103 271 6.21886679809e-06
103 272 6.21886679809e-06
103 273 6.21886679809e-06
103 274 6.21886679809e-06
103 275 6.21886679809e-06
103 276 6.21886679809e-06
103 277 6.21886679809e-06
103 278 6.21886679809e-06
103 279 6.21886679809e-06
103 280 6.21886679809e-06
103 281 6.21886679809e-06
103 282 6.21886679809e-06
103 283 2.48754671924e-05
103 284 6.21886679809e-06
103 285 6.21886679809e-06
103 286 0.0
103 287 6.21886679809e-06
103 288 6.21886679809e-06
103 289 6.21886679809e-06
103 290 6.21886679809e-06
103 291 2.48754671924e-05
103 292 6.21886679809e-06
103 293 6.21886679809e-06
103 294 0.0
103 295 6.21886679809e-06
103 296 0.0
103 297 0.0
103 298 0.0
103 299 6.21886679809e-06
103 300 0.0
103 301 0.000223879204731
103 302 0.0
103 303 0.000155471669952
103 304 0.0
103 305 5.59698011828e-05
103 306 0.0
103 307 0.00453355389581
103 308 0.0
103 309 0.00139924502957
103 310 0.0
103 311 0.000155471669952
103 312 0.0
103 313 0.0
103 314 0.0
103 315 6.21886679809e-06
103 316 0.0
103 317 2.48754671924e-05
103 318 0.0
103 319 6.21886679809e-06
103 320 0.0
103 321 6.21886679809e-06
103 322 6.21886679809e-06
103 323 2.48754671924e-05
103 324 0.0
103 325 0.00139924502957
103 326 0.0
103 327 0.00139924502957
103 328 0.0
103 329 9.95018687695e-05
103 330 0.0
103 331 6.21886679809e-06
103 332 0.0
103 333 2.48754671924e-05
103 334 0.0
103 335 0.0
103 336 0.0
103 337 0.0
103 338 0.0
103 339 0.0
103 340 0.0
103 341 0.000223879204731
103 342 6.21886679809e-06
103 343 0.00139924502957
103 344 6.21886679809e-06
103 345 0.000223879204731
103 346 6.21886679809e-06
103 347 0.000155471669952
103 348 6.21886679809e-06
103 349 0.000752482882569
103 350 0.0
103 351 0.000621886679809
103 352 0.0
103 353 0.000155471669952
103 354 0.0
103 355 6.21886679809e-06
103 356 0.0
103 357 0.0
103 358 0.0
103 359 0.0
103 360 0.0
103 361 0.0
103 362 0.0
103 363 2.48754671924e-05
103 364 0.0
103 365 6.21886679809e-06
103 366 0.0
103 367 0.000304724473107
103 368 0.0
103 369 0.000155471669952
103 370 6.21886679809e-06
103 371 0.000304724473107
103 372 0.0
103 373 0.000155471669952
103 374 0.0
103 375 9.95018687695e-05
103 376 0.0
103 377 2.48754671924e-05
103 378 0.0
103 379 6.21886679809e-06
103 380 0.0
103 381 9.95018687695e-05
103 382 0.0
103 383 2.48754671924e-05
103 384 0.0
103 385 2.48754671924e-05
103 386 0.0
103 387 2.48754671924e-05
103 388 0.0
103 389 0.0
103 390 0.0
103 391 0.000155471669952
103 392 6.21886679809e-06
103 393 6.21886679809e-06
103 394 0.0
103 395 5.59698011828e-05
103 396 0.0
103 397 9.95018687695e-05
103 398 0.0
103 399 6.21886679809e-06
103 400 0.0
104 0 0.0
104 1 2.48754671924e-05
104 2 0.0
104 3 2.48754671924e-05
104 4 0.0
104 5 0.000155471669952
104 6 0.0
104 7 0.000304724473107
104 8 0.0
104 9 2.48754671924e-05
104 10 0.0
104 11 0.000398007475078
104 12 0.0
104 13 5.59698011828e-05
104 14 0.0
104 15 5.59698011828e-05
104 16 0.0
104 17 9.95018687695e-05
104 18 0.0
104 19 6.21886679809e-06
104 20 0.0
104 21 6.21886679809e-06
104 22 0.0
104 23 0.0
104 24 0.0
104 25 6.21886679809e-06
104 26 0.0
104 27 6.21886679809e-06
104 28 0.0
104 29 0.000304724473107
104 30 0.0
104 31 9.95018687695e-05
104 32 0.0
104 33 2.48754671924e-05
104 34 0.0
104 35 6.21886679809e-06
104 36 0.0
104 37 0.000621886679809
104 38 0.0
104 39 0.000223879204731
104 40 0.0
104 41 6.21886679809e-06
104 42 0.0
104 43 5.59698011828e-05
104 44 0.0
104 45 0.0
104 46 0.0
104 47 6.21886679809e-06
104 48 0.0
104 49 0.0
104 50 0.0
104 51 0.0
104 52 0.0
104 53 0.0
104 54 0.0
104 55 6.21886679809e-06
104 56 0.0
104 57 6.21886679809e-06
104 58 0.0
104 59 0.000155471669952
104 60 0.0
104 61 0.000895516818925
104 62 0.0
104 63 0.000223879204731
104 64 0.0
104 65 0.000304724473107
104 66 0.0
104 67 0.000398007475078
104 68 0.0
104 69 9.95018687695e-05
104 70 0.0
104 71 6.21886679809e-06
104 72 0.0
104 73 2.48754671924e-05
104 74 0.0
104 75 0.0
104 76 0.0
104 77 6.21886679809e-06
104 78 0.0
104 79 0.0
104 80 0.0
104 81 0.0
104 82 0.0
104 83 0.0
104 84 0.0
104 85 0.000304724473107
104 86 0.0
104 87 0.000621886679809
104 88 0.0
104 89 0.00179725250465
104 90 0.0
104 91 9.95018687695e-05
104 92 0.0
104 93 0.000752482882569
104 94 0.0
104 95 0.00179725250465
104 96 0.0
104 97 5.59698011828e-05
104 98 0.0
104 99 0.0
104 100 0.0
104 101 6.21886679809e-06
104 102 0.0
104 103 6.21886679809e-06
104 104 0.0
104 105 0.0
104 106 0.0
104 107 0.0
104 108 0.0
104 109 0.000304724473107
104 110 0.0
104 111 0.000155471669952
104 112 0.0
104 113 2.48754671924e-05
104 114 0.0
104 115 0.00453355389581
104 116 0.0
104 117 0.00201491284258
104 118 0.0
104 119 0.000304724473107
104 120 0.0
104 121 0.0
104 122 0.0
104 123 0.0
104 124 0.0
104 125 0.0
104 126 0.0
104 127 0.0
104 128 0.0
104 129 0.0
104 130 0.0
104 131 0.0
104 132 0.0
104 133 0.0
104 134 0.0
104 135 0.0
104 136 0.0
104 137 0.0
104 138 0.0
104 139 0.0
104 140 0.0
104 141 0.0
104 142 0.0
104 143 0.0
104 144 0.0
104 145 0.0
104 146 0.0
104 147 0.0
104 148 0.0
104 149 0.0
104 150 0.0
104 151 0.0
104 152 0.0
104 153 0.0
104 154 0.0
104 155 0.0
104 156 0.0
104 157 0.0
104 158 0.0
104 159 0.0
104 160 0.0
104 161 0.0
104 162 0.0
104 163 0.0
104 164 0.0
104 165 0.0
104 166 0.0
104 167 0.0
104 168 0.0
104 169 0.0
104 170 0.0
104 171 0.0
104 172 0.0
104 173 0.0
104 174 0.0
104 175 0.0
104 176 0.0
104 177 0.0
104 178 0.0
104 179 0.0
104 180 0.0
104 181 0.0
104 182 0.0
104 183 0.0
104 184 0.0
104 185 0.0
104 186 0.0
104 187 0.0
104 188 0.0
104 189 0.0
104 190 0.0
104 191 0.0
104 192 0.0
104 193 0.0
104 194 0.0
104 195 0.0
104 196 0.0
104 197 0.0
104 198 0.0
104 199 0.0
104 200 0.0
104 201 0.0
104 202 0.0
104 203 0.0
104 204 0.0
104 205 0.0
104 206 0.0
104 207 0.0
104 208 0.0
104 209 0.0
104 210 0.0
104 211 0.0
104 212 0.0
104 213 0.0
104 214 0.0
104 215 0.0
104 216 0.0
104 217 0.0
104 218 0.0
104 219 0.0
104 220 0.0
104 221 0.0
104 222 0.0
104 223 0.0
104 224 0.0
104 225 0.0
104 226 0.0
104 227 0.0
104 228 0.0
104 229 0.0
104 230 0.0
104 231 0.0
104 232 0.0
104 233 0.0
104 234 0.0
104 235 0.0
104 236 0.0
104 237 0.0
104 238 0.0
104 239 0.0
104 240 0.0
104 241 0.0
104 242 0.0
104 243 0.0
104 244 0.0
104 245 0.0
104 246 0.0
104 247 0.0
104 248 0.0
104 249 0.0
104 250 0.0
104 251 0.0
104 252 0.0
104 253 0.0
104 254 0.0
104 255 0.0
104 256 0.0
104 257 0.0
104 258 0.0
104 259 0.0
104 260 0.0
104 261 0.0
104 262 0.0
104 263 0.0
104 264 0.0
104 265 0.0
104 266 0.0
104 267 0.0
104 268 0.0
104 269 0.0
104 270 0.0
104 271 0.0
104 272 0.0
104 273 0.0
104 274 0.0
104 275 0.0
104 276 0.0
104 277 0.0
104 278 0.0
104 279 0.0
104 280 0.0
104 281 0.0
104 282 0.0
104 283 0.0
104 284 0.0
104 285 0.0
104 286 0.0
104 287 0.0
104 288 0.0
104 289 0.0
104 290 0.0
104 291 0.0
104 292 0.0
104 293 0.0
104 294 0.0
104 295 6.21886679809e-06
104 296 0.0
104 297 0.0
104 298 0.0
104 299 6.21886679809e-06
104 300 0.0
104 301 0.000223879204731
104 302 0.0
104 303 0.000155471669952
104 304 0.0
104 305 5.59698011828e-05
104 306 0.0
104 307 0.00453355389581
104 308 0.0
104 309 0.00139924502957
104 310 0.0
104 311 0.000155471669952
104 312 0.0
104 313 0.0
104 314 0.0
104 315 6.21886679809e-06
104 316 0.0
104 317 2.48754671924e-05
104 318 0.0
104 319 6.21886679809e-06
104 320 0.0
104 321 2.48754671924e-05
104 322 0.0
104 323 6.21886679809e-06
104 324 0.0
104 325 0.00139924502957
104 326 0.0
104 327 0.00139924502957
104 328 0.0
104 329 9.95018687695e-05
104 330 0.0
104 331 6.21886679809e-06
104 332 0.0
104 333 2.48754671924e-05
104 334 0.0
104 335 0.0
104 336 0.0
104 337 0.0
104 338 0.0
104 339 0.0
104 340 0.0
104 341 0.000223879204731
104 342 0.0
104 343 0.00121889789243
104 344 0.0
104 345 0.000304724473107
104 346 0.0
104 347 9.95018687695e-05
104 348 0.0
104 349 0.000752482882569
104 350 0.0
104 351 0.000621886679809
104 352 0.0
104 353 0.000155471669952
104 354 0.0
104 355 6.21886679809e-06
104 356 0.0
104 357 0.0
104 358 0.0
104 359 0.0
104 360 0.0
104 361 0.0
104 362 0.0
104 363 2.48754671924e-05
104 364 0.0
104 365 6.21886679809e-06
104 366 0.0
104 367 0.000304724473107
104 368 0.0
104 369 0.000155471669952
104 370 0.0
104 371 0.000398007475078
104 372 0.0
104 373 0.000155471669952
104 374 0.0
104 375 9.95018687695e-05
104 376 0.0
104 377 2.48754671924e-05
104 378 0.0
104 379 6.21886679809e-06
104 380 0.0
104 381 9.95018687695e-05
104 382 0.0
104 383 2.48754671924e-05
104 384 0.0
104 385 2.48754671924e-05
104 386 0.0
104 387 2.48754671924e-05
104 388 0.0
104 389 0.0
104 390 0.0
104 391 0.000223879204731
104 392 0.0
104 393 6.21886679809e-06
104 394 0.0
104 395 5.59698011828e-05
104 396 0.0
104 397 9.95018687695e-05
104 398 0.0
104 399 6.21886679809e-06
104 400 0.0
105 0 0.0
105 1 2.48754671924e-05
105 2 0.0
105 3 2.48754671924e-05
105 4 0.0
105 5 0.000155471669952
105 6 0.0
105 7 0.000304724473107
105 8 0.0
105 9 2.48754671924e-05
105 10 0.0
105 11 0.000398007475078
105 12 0.0
105 13 9.95018687695e-05
105 14 0.0
105 15 9.95018687695e-05
105 16 6.21886679809e-06
105 17 5.59698011828e-05
105 18 6.21886679809e-06
105 19 6.21886679809e-06
105 20 0.0
105 21 6.21886679809e-06
105 22 0.0
105 23 0.0
105 24 0.0
105 25 6.21886679809e-06
105 26 0.0
105 27 6.21886679809e-06
105 28 0.0
105 29 0.000304724473107
105 30 0.0
105 31 9.95018687695e-05
105 32 0.0
105 33 2.48754671924e-05
105 34 0.0
105 35 6.21886679809e-06
105 36 0.0
105 37 0.000621886679809
105 38 0.0
105 39 0.000223879204731
105 40 0.0
105 41 6.21886679809e-06
105 42 0.0
105 43 5.59698011828e-05
105 44 0.0
105 45 0.0
105 46 0.0
105 47 6.21886679809e-06
105 48 0.0
105 49 0.0
105 50 0.0
105 51 0.0
105 52 0.0
105 53 0.0
105 54 0.0
105 55 6.21886679809e-06
105 56 0.0
105 57 6.21886679809e-06
105 58 0.0
105 59 0.000155471669952
105 60 0.0
105 61 0.00105098848888
105 62 6.21886679809e-06
105 63 0.000155471669952
105 64 0.0
105 65 0.000304724473107
105 66 0.0
105 67 0.000398007475078
105 68 0.0
105 69 9.95018687695e-05
105 70 0.0
105 71 6.21886679809e-06
105 72 0.0
105 73 2.48754671924e-05
105 74 0.0
105 75 0.0
105 76 0.0
105 77 6.21886679809e-06
105 78 0.0
105 79 0.0
105 80 0.0
105 81 0.0
105 82 0.0
105 83 0.0
105 84 0.0
105 85 0.000304724473107
105 86 0.0
105 87 0.000621886679809
105 88 0.0
105 89 0.00179725250465
105 90 0.0
105 91 9.95018687695e-05
105 92 0.0
105 93 0.000752482882569
105 94 0.0
105 95 0.00179725250465
105 96 0.0
105 97 5.59698011828e-05
105 98 0.0
105 99 0.0
105 100 0.0
105 101 6.21886679809e-06
105 102 0.0
105 103 6.21886679809e-06
105 104 0.0
105 105 0.0
105 106 0.0
105 107 0.0
105 108 0.0
105 109 0.000304724473107
105 110 0.0
105 111 0.000155471669952
105 112 0.0
105 113 2.48754671924e-05
105 114 0.0
105 115 0.00453355389581
105 116 0.0
105 117 0.00201491284258
105 118 0.0
105 119 0.000304724473107
105 120 0.0
105 121 0.0
105 122 0.0
105 123 0.0
105 124 0.0
105 125 0.0
105 126 0.0
105 127 0.0
105 128 0.0
105 129 0.0
105 130 0.0
105 131 0.0
105 132 0.0
105 133 0.0
105 134 0.0
105 135 0.0
105 136 0.0
105 137 0.0
105 138 0.0
105 139 0.0
105 140 0.0
105 141 0.0
105 142 0.0
105 143 0.0
105 144 0.0
105 145 0.0
105 146 0.0
105 147 0.0
105 148 0.0
105 149 0.0
105 150 0.0
105 151 0.0
105 152 0.0
105 153 0.0
105 154 0.0
105 155 0.0
105 156 0.0
105 157 0.0
105 158 0.0
105 159 0.0
105 160 0.0
105 161 0.0
105 162 0.0
105 163 0.0
105 164 0.0
105 165 0.0
105 166 0.0
105 167 0.0
105 168 0.0
105 169 0.0
105 170 0.0
105 171 0.0
105 172 0.0
105 173 0.0
105 174 0.0
105 175 0.0
105 176 0.0
105 177 0.0
105 178 0.0
105 179 0.0
105 180 0.0
105 181 0.0
105 182 0.0
105 183 0.0
105 184 0.0
105 185 0.0
105 186 0.0
105 187 0.0
105 188 0.0
105 189 0.0
105 190 0.0
105 191 0.0
105 192 0.0
105 193 0.0
105 194 0.0
105 195 0.0
105 196 0.0
105 197 0.0
105 198 0.0
105 199 0.0
105 200 0.0
105 201 0.0
105 202 0.0
105 203 0.0
105 204 0.0
105 205 0.0
105 206 0.0
105 207 0.0
105 208 0.0
105 209 0.0
105 210 0.0
105 211 0.0
105 212 0.0
105 213 0.0
105 214 0.0
105 215 0.0
105 216 0.0
105 217 0.0
105 218 0.0
105 219 0.0
105 220 0.0
105 221 0.0
105 222 0.0
105 223 0.0
105 224 0.0
105 225 0.0
105 226 0.0
105 227 0.0
105 228 0.0
105 229 0.0
105 230 0.0
105 231 0.0
105 232 0.0
105 233 0.0
105 234 0.0
105 235 0.0
105 236 0.0
105 237 0.0
105 238 0.0
105 239 0.0
105 240 0.0
105 241 0.0
105 242 0.0
105 243 0.0
105 244 0.0
105 245 0.0
105 246 0.0
105 247 0.0
105 248 0.0
105 249 0.0
105 250 0.0
105 251 0.0
105 252 0.0
105 253 0.0
105 254 0.0
105 255 0.0
105 256 0.0
105 257 0.0
105 258 0.0
105 259 0.0
105 260 0.0
105 261 0.0
105 262 0.0
105 263 0.0
105 264 0.0
105 265 0.0
105 266 0.0
105 267 0.0
105 268 0.0
105 269 0.0
105 270 0.0
105 271 0.0
105 272 0.0
105 273 0.0
105 274 0.0
105 275 0.0
105 276 0.0
105 277 0.0
105 278 0.0
105 279 0.0
105 280 0.0
105 281 0.0
105 282 0.0
105 283 0.0
105 284 0.0
105 285 0.0
105 286 0.0
105 287 0.0
105 288 0.0
105 289 0.0
105 290 0.0
105 291 0.0
105 292 0.0
105 293 0.0
105 294 0.0
105 295 6.21886679809e-06
105 296 0.0
105 297 0.0
105 298 0.0
105 299 6.21886679809e-06
105 300 0.0
105 301 0.000223879204731
105 302 0.0
105 303 0.000155471669952
105 304 0.0
105 305 5.59698011828e-05
105 306 0.0
105 307 0.00453355389581
105 308 0.0
105 309 0.00139924502957
105 310 0.0
105 311 0.000155471669952
105 312 0.0
105 313 0.0
105 314 0.0
105 315 6.21886679809e-06
105 316 0.0
105 317 2.48754671924e-05
105 318 0.0
105 319 6.21886679809e-06
105 320 0.0
105 321 2.48754671924e-05
105 322 0.0
105 323 6.21886679809e-06
105 324 0.0
105 325 0.00139924502957
105 326 6.21886679809e-06
105 327 0.00139924502957
105 328 0.0
105 329 9.95018687695e-05
105 330 0.0
105 331 6.21886679809e-06
105 332 0.0
105 333 2.48754671924e-05
105 334 0.0
105 335 0.0
105 336 0.0
105 337 0.0
105 338 0.0
105 339 0.0
105 340 0.0
105 341 0.000223879204731
105 342 0.0
105 343 0.00121889789243
105 344 0.0
105 345 0.000304724473107
105 346 0.0
105 347 9.95018687695e-05
105 348 0.0
105 349 0.000752482882569
105 350 0.0
105 351 0.000621886679809
105 352 0.0
105 353 0.000155471669952
105 354 0.0
105 355 6.21886679809e-06
105 356 0.0
105 357 0.0
105 358 0.0
105 359 0.0
105 360 0.0
105 361 0.0
105 362 0.0
105 363 2.48754671924e-05
105 364 0.0
105 365 6.21886679809e-06
105 366 0.0
105 367 0.000304724473107
105 368 0.0
105 369 9.95018687695e-05
105 370 0.0
105 371 0.000304724473107
105 372 6.21886679809e-06
105 373 9.95018687695e-05
105 374 6.21886679809e-06
105 375 0.000155471669952
105 376 6.21886679809e-06
105 377 6.21886679809e-06
105 378 0.0
105 379 6.21886679809e-06
105 380 0.0
105 381 9.95018687695e-05
105 382 0.0
105 383 2.48754671924e-05
105 384 0.0
105 385 2.48754671924e-05
105 386 0.0
105 387 2.48754671924e-05
105 388 0.0
105 389 0.0
105 390 0.0
105 391 0.000223879204731
105 392 0.0
105 393 6.21886679809e-06
105 394 0.0
105 395 9.95018687695e-05
105 396 6.21886679809e-06
105 397 9.95018687695e-05
105 398 0.0
105 399 6.21886679809e-06
105 400 0.0
106 0 0.0
106 1 2.48754671924e-05
106 2 0.0
106 3 2.48754671924e-05
106 4 0.0
106 5 0.000155471669952
106 6 0.0
106 7 0.000304724473107
106 8 0.0
106 9 2.48754671924e-05
106 10 0.0
106 11 0.000398007475078
106 12 0.0
106 13 5.59698011828e-05
106 14 0.0
106 15 5.59698011828e-05
106 16 0.0
106 17 9.95018687695e-05
106 18 0.0
106 19 6.21886679809e-06
106 20 0.0
106 21 6.21886679809e-06
106 22 0.0
106 23 0.0
106 24 0.0
106 25 6.21886679809e-06
106 26 0.0
106 27 6.21886679809e-06
106 28 0.0
106 29 0.000304724473107
106 30 0.0
106 31 9.95018687695e-05
106 32 0.0
106 33 2.48754671924e-05
106 34 0.0
106 35 6.21886679809e-06
106 36 0.0
106 37 0.000621886679809
106 38 0.0
106 39 0.000223879204731
106 40 0.0
106 41 6.21886679809e-06
106 42 0.0
106 43 5.59698011828e-05
106 44 0.0
106 45 0.0
106 46 0.0
106 47 6.21886679809e-06
106 48 0.0
106 49 0.0
106 50 0.0
106 51 0.0
106 52 0.0
106 53 0.0
106 54 0.0
106 55 6.21886679809e-06
106 56 0.0
106 57 6.21886679809e-06
106 58 0.0
106 59 0.000155471669952
106 60 0.0
106 61 0.00105098848888
106 62 0.0
106 63 0.000155471669952
106 64 0.0
106 65 0.000304724473107
106 66 0.0
106 67 0.000398007475078
106 68 0.0
106 69 9.95018687695e-05
106 70 0.0
106 71 6.21886679809e-06
106 72 0.0
106 73 2.48754671924e-05
106 74 0.0
106 75 0.0
106 76 0.0
106 77 6.21886679809e-06
106 78 0.0
106 79 0.0
106 80 0.0
106 81 0.0
106 82 0.0
106 83 0.0
106 84 0.0
106 85 0.000304724473107
106 86 0.0
106 87 0.000621886679809
106 88 0.0
106 89 0.00179725250465
106 90 0.0
106 91 9.95018687695e-05
106 92 0.0
106 93 0.000752482882569
106 94 0.0
106 95 0.00179725250465
106 96 0.0
106 97 5.59698011828e-05
106 98 0.0
106 99 0.0
106 100 0.0
106 101 6.21886679809e-06
106 102 0.0
106 103 6.21886679809e-06
106 104 0.0
106 105 0.0
106 106 0.0
106 107 0.0
106 108 0.0
106 109 0.000304724473107
106 110 0.0
106 111 0.000155471669952
106 112 0.0
106 113 2.48754671924e-05
106 114 0.0
106 115 0.00453355389581
106 116 0.0
106 117 0.00201491284258
106 118 0.0
106 119 0.000304724473107
106 120 0.0
106 121 0.0
106 122 0.0
106 123 0.0
106 124 0.0
106 125 0.0
106 126 0.0
106 127 0.0
106 128 0.0
106 129 0.0
106 130 0.0
106 131 0.0
106 132 0.0
106 133 0.0
106 134 0.0
106 135 0.0
106 136 0.0
106 137 0.0
106 138 0.0
106 139 0.0
106 140 0.0
106 141 0.0
106 142 0.0
106 143 0.0
106 144 0.0
106 145 0.0
106 146 0.0
106 147 0.0
106 148 0.0
106 149 0.0
106 150 0.0
106 151 0.0
106 152 0.0
106 153 0.0
106 154 0.0
106 155 0.0
106 156 0.0
106 157 0.0
106 158 0.0
106 159 0.0
106 160 0.0
106 161 0.0
106 162 0.0
106 163 0.0
106 164 0.0
106 165 0.0
106 166 0.0
106 167 0.0
106 168 0.0
106 169 0.0
106 170 0.0
106 171 0.0
106 172 0.0
106 173 0.0
106 174 0.0
106 175 0.0
106 176 0.0
106 177 0.0
106 178 0.0
106 179 0.0
106 180 0.0
106 181 0.0
106 182 0.0
106 183 0.0
106 184 0.0
106 185 0.0
106 186 0.0
106 187 0.0
106 188 0.0
106 189 0.0
106 190 0.0
106 191 0.0
106 192 0.0
106 193 0.0
106 194 0.0
106 195 0.0
106 196 0.0
106 197 0.0
106 198 0.0
106 199 0.0
106 200 0.0
106 201 0.0
106 202 0.0
106 203 0.0
106 204 0.0
106 205 0.0
106 206 0.0
106 207 0.0
106 208 0.0
106 209 0.0
106 210 0.0
106 211 0.0
106 212 0.0
106 213 0.0
106 214 0.0
106 215 0.0
106 216 0.0
106 217 0.0
106 218 0.0
106 219 0.0
106 220 0.0
106 221 0.0
106 222 0.0
106 223 0.0
106 224 0.0
106 225 0.0
106 226 0.0
106 227 0.0
106 228 0.0
106 229 0.0
106 230 0.0
106 231 0.0
106 232 0.0
106 233 0.0
106 234 0.0
106 235 0.0
106 236 0.0
106 237 0.0
106 238 0.0
106 239 0.0
106 240 0.0
106 241 0.0
106 242 0.0
106 243 0.0
106 244 0.0
106 245 0.0
106 246 0.0
106 247 0.0
106 248 0.0
106 249 0.0
106 250 0.0
106 251 0.0
106 252 0.0
106 253 0.0
106 254 0.0
106 255 0.0
106 256 0.0
106 257 0.0
106 258 0.0
106 259 0.0
106 260 0.0
106 261 0.0
106 262 0.0
106 263 0.0
106 264 0.0
106 265 0.0
106 266 0.0
106 267 0.0
106 268 0.0
106 269 0.0
106 270 0.0
106 271 0.0
106 272 0.0
106 273 0.0
106 274 0.0
106 275 0.0
106 276 0.0
106 277 0.0
106 278 0.0
106 279 0.0
106 280 0.0
106 281 0.0
106 282 0.0
106 283 0.0
106 284 0.0
106 285 0.0
106 286 0.0
106 287 0.0
106 288 0.0
106 289 0.0
106 290 0.0
106 291 0.0
106 292 0.0
106 293 0.0
106 294 0.0
106 295 6.21886679809e-06
106 296 0.0
106 297 0.0
106 298 0.0
106 299 6.21886679809e-06
106 300 0.0
106 301 0.000223879204731
106 302 0.0
106 303 0.000155471669952
106 304 0.0
106 305 5.59698011828e-05
106 306 0.0
106 307 0.00453355389581
106 308 0.0
106 309 0.00139924502957
106 310 0.0
106 311 0.000155471669952
106 312 0.0
106 313 0.0
106 314 0.0
106 315 6.21886679809e-06
106 316 0.0
106 317 2.48754671924e-05
106 318 0.0
106 319 6.21886679809e-06
106 320 0.0
106 321 2.48754671924e-05
106 322 0.0
106 323 6.21886679809e-06
106 324 0.0
106 325 0.00139924502957
106 326 0.0
106 327 0.00139924502957
106 328 0.0
106 329 9.95018687695e-05
106 330 0.0
106 331 6.21886679809e-06
106 332 0.0
106 333 2.48754671924e-05
106 334 0.0
106 335 0.0
106 336 0.0
106 337 0.0
106 338 0.0
106 339 0.0
106 340 0.0
106 341 0.000223879204731
106 342 0.0
106 343 0.00121889789243
106 344 0.0
106 345 0.000304724473107
106 346 0.0
106 347 9.95018687695e-05
106 348 0.0
106 349 0.000752482882569
106 350 0.0
106 351 0.000621886679809
106 352 0.0
106 353 0.000155471669952
106 354 0.0
106 355 6.21886679809e-06
106 356 0.0
106 357 0.0
106 358 0.0
106 359 0.0
106 360 0.0
106 361 0.0
106 362 0.0
106 363 2.48754671924e-05
106 364 0.0
106 365 6.21886679809e-06
106 366 0.0
106 367 0.000223879204731
106 368 0.0
106 369 9.95018687695e-05
106 370 0.0
106 371 0.000503728210645
106 372 0.0
106 373 0.000155471669952
106 374 0.0
106 375 9.95018687695e-05
106 376 0.0
106 377 2.48754671924e-05
106 378 0.0
106 379 6.21886679809e-06
106 380 0.0
106 381 9.95018687695e-05
106 382 0.0
106 383 2.48754671924e-05
106 384 0.0
106 385 2.48754671924e-05
106 386 0.0
106 387 2.48754671924e-05
106 388 0.0
106 389 0.0
106 390 0.0
106 391 0.000223879204731
106 392 0.0
106 393 6.21886679809e-06
106 394 0.0
106 395 5.59698011828e-05
106 396 0.0
106 397 9.95018687695e-05
106 398 0.0
106 399 6.21886679809e-06
106 400 0.0
107 0 0.0
107 1 2.48754671924e-05
107 2 0.0
107 3 2.48754671924e-05
107 4 0.0
107 5 0.000155471669952
107 6 0.0
107 7 0.000304724473107
107 8 0.0
107 9 2.48754671924e-05
107 10 0.0
107 11 0.000398007475078
107 12 0.0
107 13 5.59698011828e-05
107 14 0.0
107 15 5.59698011828e-05
107 16 6.21886679809e-06
107 17 9.95018687695e-05
107 18 6.21886679809e-06
107 19 6.21886679809e-06
107 20 0.0
107 21 6.21886679809e-06
107 22 0.0
107 23 6.21886679809e-06
107 24 0.0
107 25 6.21886679809e-06
107 26 0.0
107 27 6.21886679809e-06
107 28 0.0
107 29 0.000304724473107
107 30 0.0
107 31 9.95018687695e-05
107 32 0.0
107 33 2.48754671924e-05
107 34 0.0
107 35 6.21886679809e-06
107 36 0.0
107 37 0.000621886679809
107 38 0.0
107 39 0.000223879204731
107 40 0.0
107 41 6.21886679809e-06
107 42 0.0
107 43 5.59698011828e-05
107 44 0.0
107 45 0.0
107 46 0.0
107 47 6.21886679809e-06
107 48 0.0
107 49 0.0
107 50 0.0
107 51 0.0
107 52 0.0
107 53 0.0
107 54 0.0
107 55 6.21886679809e-06
107 56 0.0
107 57 5.59698011828e-05
107 58 0.0
107 59 9.95018687695e-05
107 60 6.21886679809e-06
107 61 0.00105098848888
107 62 6.21886679809e-06
107 63 0.000223879204731
107 64 0.0
107 65 0.000304724473107
107 66 0.0
107 67 0.000398007475078
107 68 0.0
107 69 9.95018687695e-05
107 70 0.0
107 71 6.21886679809e-06
107 72 0.0
107 73 2.48754671924e-05
107 74 0.0
107 75 0.0
107 76 0.0
107 77 6.21886679809e-06
107 78 0.0
107 79 0.0
107 80 0.0
107 81 0.0
107 82 0.0
107 83 0.0
107 84 0.0
107 85 0.000304724473107
107 86 0.0
107 87 0.000621886679809
107 88 0.0
107 89 0.00179725250465
107 90 0.0
107 91 9.95018687695e-05
107 92 0.0
107 93 0.000752482882569
107 94 0.0
107 95 0.00179725250465
107 96 0.0
107 97 5.59698011828e-05
107 98 0.0
107 99 0.0
107 100 0.0
107 101 6.21886679809e-06
107 102 0.0
107 103 6.21886679809e-06
107 104 0.0
107 105 0.0
107 106 0.0
107 107 0.0
107 108 0.0
107 109 0.000304724473107
107 110 0.0
107 111 0.000155471669952
107 112 0.0
107 113 2.48754671924e-05
107 114 0.0
107 115 0.00453355389581
107 116 0.0
107 117 0.00201491284258
107 118 0.0
107 119 0.000304724473107
107 120 0.0
107 121 0.0
107 122 0.0
107 123 0.0
107 124 0.0
107 125 0.0
107 126 0.0
107 127 0.0
107 128 6.21886679809e-06
107 129 6.21886679809e-06
107 130 6.21886679809e-06
107 131 6.21886679809e-06
107 132 6.21886679809e-06
107 133 6.21886679809e-06
107 134 6.21886679809e-06
107 135 6.21886679809e-06
107 136 6.21886679809e-06
107 137 2.48754671924e-05
107 138 6.21886679809e-06
107 139 6.21886679809e-06
107 140 6.21886679809e-06
107 141 6.21886679809e-06
107 142 6.21886679809e-06
107 143 6.21886679809e-06
107 144 6.21886679809e-06
107 145 6.21886679809e-06
107 146 6.21886679809e-06
107 147 6.21886679809e-06
107 148 6.21886679809e-06
107 149 6.21886679809e-06
107 150 6.21886679809e-06
107 151 6.21886679809e-06
107 152 6.21886679809e-06
107 153 6.21886679809e-06
107 154 6.21886679809e-06
107 155 6.21886679809e-06
107 156 6.21886679809e-06
107 157 6.21886679809e-06
107 158 6.21886679809e-06
107 159 6.21886679809e-06
107 160 6.21886679809e-06
107 161 6.21886679809e-06
107 162 6.21886679809e-06
107 163 6.21886679809e-06
107 164 6.21886679809e-06
107 165 6.21886679809e-06
107 166 6.21886679809e-06
107 167 6.21886679809e-06
107 168 6.21886679809e-06
107 169 6.21886679809e-06
107 170 6.21886679809e-06
107 171 6.21886679809e-06
107 172 6.21886679809e-06
107 173 6.21886679809e-06
107 174 6.21886679809e-06
107 175 6.21886679809e-06
107 176 6.21886679809e-06
107 177 6.21886679809e-06
107 178 6.21886679809e-06
107 179 6.21886679809e-06
107 180 6.21886679809e-06
107 181 6.21886679809e-06
107 182 6.21886679809e-06
107 183 2.48754671924e-05
107 184 6.21886679809e-06
107 185 0.0
107 186 6.21886679809e-06
107 187 0.0
107 188 6.21886679809e-06
107 189 6.21886679809e-06
107 190 6.21886679809e-06
107 191 0.0
107 192 6.21886679809e-06
107 193 6.21886679809e-06
107 194 6.21886679809e-06
107 195 6.21886679809e-06
107 196 6.21886679809e-06
107 197 6.21886679809e-06
107 198 6.21886679809e-06
107 199 6.21886679809e-06
107 200 6.21886679809e-06
107 201 6.21886679809e-06
107 202 6.21886679809e-06
107 203 6.21886679809e-06
107 204 6.21886679809e-06
107 205 6.21886679809e-06
107 206 6.21886679809e-06
107 207 6.21886679809e-06
107 208 6.21886679809e-06
107 209 6.21886679809e-06
107 210 6.21886679809e-06
107 211 6.21886679809e-06
107 212 6.21886679809e-06
107 213 6.21886679809e-06
107 214 6.21886679809e-06
107 215 6.21886679809e-06
107 216 6.21886679809e-06
107 217 6.21886679809e-06
107 218 6.21886679809e-06
107 219 6.21886679809e-06
107 220 6.21886679809e-06
107 221 6.21886679809e-06
107 222 6.21886679809e-06
107 223 6.21886679809e-06
107 224 6.21886679809e-06
107 225 6.21886679809e-06
107 226 6.21886679809e-06
107 227 6.21886679809e-06
107 228 6.21886679809e-06
107 229 6.21886679809e-06
107 230 6.21886679809e-06
107 231 6.21886679809e-06
107 232 6.21886679809e-06
107 233 6.21886679809e-06
107 234 6.21886679809e-06
107 235 6.21886679809e-06
107 236 6.21886679809e-06
107 237 6.21886679809e-06
107 238 6.21886679809e-06
107 239 6.21886679809e-06
107 240 6.21886679809e-06
107 241 6.21886679809e-06
107 242 6.21886679809e-06
107 243 6.21886679809e-06
107 244 6.21886679809e-06
107 245 6.21886679809e-06
107 246 6.21886679809e-06
107 247 6.21886679809e-06
107 248 6.21886679809e-06
107 249 6.21886679809e-06
107 250 6.21886679809e-06
107 251 6.21886679809e-06
107 252 6.21886679809e-06
107 253 6.21886679809e-06
107 254 6.21886679809e-06
107 255 6.21886679809e-06
107 256 6.21886679809e-06
107 257 6.21886679809e-06
107 258 6.21886679809e-06
107 259 6.21886679809e-06
107 260 6.21886679809e-06
107 261 6.21886679809e-06
107 262 6.21886679809e-06
107 263 6.21886679809e-06
107 264 6.21886679809e-06
107 265 6.21886679809e-06
107 266 6.21886679809e-06
107 267 6.21886679809e-06
107 268 6.21886679809e-06
107 269 6.21886679809e-06
107 270 6.21886679809e-06
107 271 6.21886679809e-06
107 272 6.21886679809e-06
107 273 6.21886679809e-06
107 274 6.21886679809e-06
107 275 6.21886679809e-06
107 276 6.21886679809e-06
107 277 6.21886679809e-06
107 278 6.21886679809e-06
107 279 6.21886679809e-06
107 280 6.21886679809e-06
107 281 6.21886679809e-06
107 282 6.21886679809e-06
107 283 2.48754671924e-05
107 284 6.21886679809e-06
107 285 6.21886679809e-06
107 286 0.0
107 287 6.21886679809e-06
107 288 0.0
107 289 0.0
107 290 2.48754671924e-05
107 291 6.21886679809e-06
107 292 0.0
107 293 6.21886679809e-06
107 294 0.0
107 295 6.21886679809e-06
107 296 0.0
107 297 0.0
107 298 0.0
107 299 6.21886679809e-06
107 300 0.0
107 301 0.000223879204731
107 302 0.0
107 303 0.000155471669952
107 304 0.0
107 305 5.59698011828e-05
107 306 0.0
107 307 0.00453355389581
107 308 0.0
107 309 0.00139924502957
107 310 0.0
107 311 0.000155471669952
107 312 0.0
107 313 0.0
107 314 0.0
107 315 6.21886679809e-06
107 316 0.0
107 317 2.48754671924e-05
107 318 0.0
107 319 6.21886679809e-06
107 320 0.0
107 321 6.21886679809e-06
107 322 0.0
107 323 0.0
107 324 0.0
107 325 0.00121889789243
107 326 6.21886679809e-06
107 327 0.00121889789243
107 328 0.0
107 329 9.95018687695e-05
107 330 0.0
107 331 6.21886679809e-06
107 332 0.0
107 333 2.48754671924e-05
107 334 0.0
107 335 0.0
107 336 0.0
107 337 0.0
107 338 0.0
107 339 0.0
107 340 0.0
107 341 0.000223879204731
107 342 6.21886679809e-06
107 343 0.00121889789243
107 344 6.21886679809e-06
107 345 0.000398007475078
107 346 0.0
107 347 9.95018687695e-05
107 348 0.0
107 349 0.000895516818925
107 350 0.0
107 351 0.000621886679809
107 352 0.0
107 353 0.000155471669952
107 354 0.0
107 355 6.21886679809e-06
107 356 0.0
107 357 0.0
107 358 0.0
107 359 0.0
107 360 0.0
107 361 0.0
107 362 0.0
107 363 2.48754671924e-05
107 364 0.0
107 365 6.21886679809e-06
107 366 0.0
107 367 0.000223879204731
107 368 0.0
107 369 9.95018687695e-05
107 370 0.0
107 371 0.000304724473107
107 372 2.48754671924e-05
107 373 5.59698011828e-05
107 374 6.21886679809e-06
107 375 0.000155471669952
107 376 6.21886679809e-06
107 377 6.21886679809e-06
107 378 0.0
107 379 6.21886679809e-06
107 380 0.0
107 381 9.95018687695e-05
107 382 0.0
107 383 2.48754671924e-05
107 384 0.0
107 385 2.48754671924e-05
107 386 0.0
107 387 2.48754671924e-05
107 388 0.0
107 389 0.0
107 390 0.0
107 391 9.95018687695e-05
107 392 6.21886679809e-06
107 393 0.0
107 394 0.0
107 395 0.000155471669952
107 396 2.48754671924e-05
107 397 2.48754671924e-05
107 398 0.0
107 399 6.21886679809e-06
107 400 0.0
108 0 0.0
108 1 2.48754671924e-05
108 2 0.0
108 3 2.48754671924e-05
108 4 0.0
108 5 0.000155471669952
108 6 0.0
108 7 0.000304724473107
108 8 0.0
108 9 2.48754671924e-05
108 10 0.0
108 11 0.000398007475078
108 12 0.0
108 13 5.59698011828e-05
108 14 0.0
108 15 2.48754671924e-05
108 16 0.0
108 17 0.000155471669952
108 18 0.0
108 19 6.21886679809e-06
108 20 0.0
108 21 2.48754671924e-05
108 22 0.0
108 23 6.21886679809e-06
108 24 0.0
108 25 6.21886679809e-06
108 26 0.0
108 27 6.21886679809e-06
108 28 0.0
108 29 0.000304724473107
108 30 0.0
108 31 9.95018687695e-05
108 32 0.0
108 33 2.48754671924e-05
108 34 0.0
108 35 6.21886679809e-06
108 36 0.0
108 37 0.000621886679809
108 38 0.0
108 39 0.000223879204731
108 40 0.0
108 41 6.21886679809e-06
108 42 0.0
108 43 5.59698011828e-05
108 44 0.0
108 45 0.0
108 46 0.0
108 47 6.21886679809e-06
108 48 0.0
108 49 0.0
108 50 0.0
108 51 0.0
108 52 0.0
108 53 0.0
108 54 0.0
108 55 6.21886679809e-06
108 56 0.0
108 57 9.95018687695e-05
108 58 0.0
108 59 0.000155471669952
108 60 0.0
108 61 0.00121889789243
108 62 0.0
108 63 0.000155471669952
108 64 0.0
108 65 0.000223879204731
108 66 0.0
108 67 0.000398007475078
108 68 0.0
108 69 9.95018687695e-05
108 70 0.0
108 71 6.21886679809e-06
108 72 0.0
108 73 2.48754671924e-05
108 74 0.0
108 75 0.0
108 76 0.0
108 77 6.21886679809e-06
108 78 0.0
108 79 0.0
108 80 0.0
108 81 0.0
108 82 0.0
108 83 0.0
108 84 0.0
108 85 0.000304724473107
108 86 0.0
108 87 0.000621886679809
108 88 0.0
108 89 0.00179725250465
108 90 0.0
108 91 9.95018687695e-05
108 92 0.0
108 93 0.000752482882569
108 94 0.0
108 95 0.00179725250465
108 96 0.0
108 97 5.59698011828e-05
108 98 0.0
108 99 0.0
108 100 0.0
108 101 6.21886679809e-06
108 102 0.0
108 103 6.21886679809e-06
108 104 0.0
108 105 0.0
108 106 0.0
108 107 0.0
108 108 0.0
108 109 0.000304724473107
108 110 0.0
108 111 0.000155471669952
108 112 0.0
108 113 2.48754671924e-05
108 114 0.0
108 115 0.00453355389581
108 116 0.0
108 117 0.00201491284258
108 118 0.0
108 119 0.000304724473107
108 120 0.0
108 121 0.0
108 122 0.0
108 123 0.0
108 124 0.0
108 125 0.0
108 126 0.0
108 127 0.0
108 128 0.0
108 129 0.0
108 130 0.0
108 131 0.0
108 132 0.0
108 133 0.0
108 134 0.0
108 135 0.0
108 136 0.0
108 137 6.21886679809e-06
108 138 0.0
108 139 0.0
108 140 0.0
108 141 0.0
108 142 0.0
108 143 0.0
108 144 0.0
108 145 0.0
108 146 0.0
108 147 0.0
108 148 0.0
108 149 0.0
108 150 0.0
108 151 0.0
108 152 0.0
108 153 0.0
108 154 0.0
108 155 0.0
108 156 0.0
108 157 0.0
108 158 0.0
108 159 0.0
108 160 0.0
108 161 0.0
108 162 0.0
108 163 0.0
108 164 0.0
108 165 0.0
108 166 0.0
108 167 0.0
108 168 0.0
108 169 0.0
108 170 0.0
108 171 0.0
108 172 0.0
108 173 0.0
108 174 0.0
108 175 0.0
108 176 0.0
108 177 0.0
108 178 0.0
108 179 0.0
108 180 0.0
108 181 0.0
108 182 0.0
108 183 6.21886679809e-06
108 184 0.0
108 185 6.21886679809e-06
108 186 0.0
108 187 6.21886679809e-06
108 188 0.0
108 189 0.0
108 190 0.0
108 191 6.21886679809e-06
108 192 0.0
108 193 0.0
108 194 0.0
108 195 0.0
108 196 0.0
108 197 0.0
108 198 0.0
108 199 0.0
108 200 0.0
108 201 0.0
108 202 0.0
108 203 0.0
108 204 0.0
108 205 0.0
108 206 0.0
108 207 0.0
108 208 0.0
108 209 0.0
108 210 0.0
108 211 0.0
108 212 0.0
108 213 0.0
108 214 0.0
108 215 0.0
108 216 0.0
108 217 0.0
108 218 0.0
108 219 0.0
108 220 0.0
108 221 0.0
108 222 0.0
108 223 0.0
108 224 0.0
108 225 0.0
108 226 0.0
108 227 0.0
108 228 0.0
108 229 0.0
108 230 0.0
108 231 0.0
108 232 0.0
108 233 0.0
108 234 0.0
108 235 0.0
108 236 0.0
108 237 0.0
108 238 0.0
108 239 0.0
108 240 0.0
108 241 0.0
108 242 0.0
108 243 0.0
108 244 0.0
108 245 0.0
108 246 0.0
108 247 0.0
108 248 0.0
108 249 0.0
108 250 0.0
108 251 0.0
108 252 0.0
108 253 0.0
108 254 0.0
108 255 0.0
108 256 0.0
108 257 0.0
108 258 0.0
108 259 0.0
108 260 0.0
108 261 0.0
108 262 0.0
108 263 0.0
108 264 0.0
108 265 0.0
108 266 0.0
108 267 0.0
108 268 0.0
108 269 0.0
108 270 0.0
108 271 0.0
108 272 0.0
108 273 0.0
108 274 0.0
108 275 0.0
108 276 0.0
108 277 0.0
108 278 0.0
108 279 0.0
108 280 0.0
108 281 0.0
108 282 0.0
108 283 6.21886679809e-06
108 284 0.0
108 285 6.21886679809e-06
108 286 0.0
108 287 6.21886679809e-06
108 288 0.0
108 289 6.21886679809e-06
108 290 0.0
108 291 6.21886679809e-06
108 292 0.0
108 293 6.21886679809e-06
108 294 0.0
108 295 6.21886679809e-06
108 296 0.0
108 297 0.0
108 298 0.0
108 299 6.21886679809e-06
108 300 0.0
108 301 0.000223879204731
108 302 0.0
108 303 0.000155471669952
108 304 0.0
108 305 5.59698011828e-05
108 306 0.0
108 307 0.00453355389581
108 308 0.0
108 309 0.00139924502957
108 310 0.0
108 311 0.000155471669952
108 312 0.0
108 313 0.0
108 314 0.0
108 315 6.21886679809e-06
108 316 0.0
108 317 2.48754671924e-05
108 318 0.0
108 319 6.21886679809e-06
108 320 0.0
108 321 6.21886679809e-06
108 322 0.0
108 323 0.0
108 324 0.0
108 325 0.00139924502957
108 326 0.0
108 327 0.00105098848888
108 328 0.0
108 329 9.95018687695e-05
108 330 0.0
108 331 6.21886679809e-06
108 332 0.0
108 333 2.48754671924e-05
108 334 0.0
108 335 0.0
108 336 0.0
108 337 0.0
108 338 0.0
108 339 0.0
108 340 0.0
108 341 0.000304724473107
108 342 0.0
108 343 0.00139924502957
108 344 0.0
108 345 0.000304724473107
108 346 0.0
108 347 9.95018687695e-05
108 348 0.0
108 349 0.000895516818925
108 350 0.0
108 351 0.000621886679809
108 352 0.0
108 353 0.000155471669952
108 354 0.0
108 355 6.21886679809e-06
108 356 0.0
108 357 0.0
108 358 0.0
108 359 0.0
108 360 0.0
108 361 0.0
108 362 0.0
108 363 2.48754671924e-05
108 364 0.0
108 365 6.21886679809e-06
108 366 0.0
108 367 0.000223879204731
108 368 0.0
108 369 9.95018687695e-05
108 370 0.0
108 371 0.000304724473107
108 372 0.0
108 373 0.000155471669952
108 374 0.0
108 375 9.95018687695e-05
108 376 0.0
108 377 6.21886679809e-06
108 378 0.0
108 379 6.21886679809e-06
108 380 0.0
108 381 9.95018687695e-05
108 382 0.0
108 383 2.48754671924e-05
108 384 0.0
108 385 2.48754671924e-05
108 386 0.0
108 387 2.48754671924e-05
108 388 0.0
108 389 0.0
108 390 0.0
108 391 9.95018687695e-05
108 392 0.0
108 393 6.21886679809e-06
108 394 0.0
108 395 5.59698011828e-05
108 396 0.0
108 397 5.59698011828e-05
108 398 0.0
108 399 2.48754671924e-05
108 400 0.0
109 0 0.0
109 1 2.48754671924e-05
109 2 0.0
109 3 2.48754671924e-05
109 4 0.0
109 5 0.000155471669952
109 6 0.0
109 7 0.000304724473107
109 8 6.21886679809e-06
109 9 5.59698011828e-05
109 10 0.0
109 11 0.000398007475078
109 12 6.21886679809e-06
109 13 2.48754671924e-05
109 14 0.0
109 15 5.59698011828e-05
109 16 6.21886679809e-06
109 17 5.59698011828e-05
109 18 6.21886679809e-06
109 19 6.21886679809e-06
109 20 0.0
109 21 6.21886679809e-06
109 22 0.0
109 23 6.21886679809e-06
109 24 0.0
109 25 6.21886679809e-06
109 26 0.0
109 27 6.21886679809e-06
109 28 0.0
109 29 0.000304724473107
109 30 0.0
109 31 9.95018687695e-05
109 32 0.0
109 33 2.48754671924e-05
109 34 0.0
109 35 6.21886679809e-06
109 36 0.0
109 37 0.000621886679809
109 38 0.0
109 39 0.000223879204731
109 40 0.0
109 41 6.21886679809e-06
109 42 0.0
109 43 5.59698011828e-05
109 44 0.0
109 45 0.0
109 46 0.0
109 47 6.21886679809e-06
109 48 0.0
109 49 0.0
109 50 0.0
109 51 0.0
109 52 0.0
109 53 0.0
109 54 0.0
109 55 6.21886679809e-06
109 56 0.0
109 57 9.95018687695e-05
109 58 0.0
109 59 0.000155471669952
109 60 0.0
109 61 0.00121889789243
109 62 0.0
109 63 0.000155471669952
109 64 0.0
109 65 0.000223879204731
109 66 0.0
109 67 0.000398007475078
109 68 0.0
109 69 9.95018687695e-05
109 70 0.0
109 71 6.21886679809e-06
109 72 0.0
109 73 2.48754671924e-05
109 74 0.0
109 75 0.0
109 76 0.0
109 77 6.21886679809e-06
109 78 0.0
109 79 0.0
109 80 0.0
109 81 0.0
109 82 0.0
109 83 0.0
109 84 0.0
109 85 0.000304724473107
109 86 0.0
109 87 0.000621886679809
109 88 0.0
109 89 0.00179725250465
109 90 0.0
109 91 9.95018687695e-05
109 92 0.0
109 93 0.000752482882569
109 94 0.0
109 95 0.00179725250465
109 96 0.0
109 97 5.59698011828e-05
109 98 0.0
109 99 0.0
109 100 0.0
109 101 6.21886679809e-06
109 102 0.0
109 103 6.21886679809e-06
109 104 0.0
109 105 0.0
109 106 0.0
109 107 0.0
109 108 0.0
109 109 0.000304724473107
109 110 0.0
109 111 0.000155471669952
109 112 0.0
109 113 2.48754671924e-05
109 114 0.0
109 115 0.00453355389581
109 116 0.0
109 117 0.00201491284258
109 118 0.0
109 119 0.000304724473107
109 120 0.0
109 121 0.0
109 122 0.0
109 123 0.0
109 124 0.0
109 125 0.0
109 126 0.0
109 127 6.21886679809e-06
109 128 0.0
109 129 0.0
109 130 0.0
109 131 6.21886679809e-06
109 132 6.21886679809e-06
109 133 6.21886679809e-06
109 134 6.21886679809e-06
109 135 6.21886679809e-06
109 136 0.0
109 137 6.21886679809e-06
109 138 0.0
109 139 0.0
109 140 0.0
109 141 0.0
109 142 0.0
109 143 0.0
109 144 0.0
109 145 0.0
109 146 0.0
109 147 0.0
109 148 0.0
109 149 0.0
109 150 0.0
109 151 0.0
109 152 0.0
109 153 0.0
109 154 0.0
109 155 0.0
109 156 0.0
109 157 0.0
109 158 0.0
109 159 0.0
109 160 0.0
109 161 0.0
109 162 0.0
109 163 0.0
109 164 0.0
109 165 0.0
109 166 0.0
109 167 0.0
109 168 0.0
109 169 0.0
109 170 0.0
109 171 0.0
109 172 0.0
109 173 0.0
109 174 0.0
109 175 0.0
109 176 0.0
109 177 0.0
109 178 0.0
109 179 0.0
109 180 0.0
109 181 6.21886679809e-06
109 182 0.0
109 183 0.0
109 184 0.0
109 185 2.48754671924e-05
109 186 2.48754671924e-05
109 187 2.48754671924e-05
109 188 2.48754671924e-05
109 189 2.48754671924e-05
109 190 2.48754671924e-05
109 191 2.48754671924e-05
109 192 6.21886679809e-06
109 193 6.21886679809e-06
109 194 0.0
109 195 0.0
109 196 0.0
109 197 6.21886679809e-06
109 198 0.0
109 199 0.0
109 200 0.0
109 201 0.0
109 202 0.0
109 203 0.0
109 204 0.0
109 205 0.0
109 206 0.0
109 207 0.0
109 208 0.0
109 209 0.0
109 210 0.0
109 211 0.0
109 212 0.0
109 213 0.0
109 214 0.0
109 215 0.0
109 216 0.0
109 217 0.0
109 218 0.0
109 219 0.0
109 220 0.0
109 221 0.0
109 222 0.0
109 223 0.0
109 224 0.0
109 225 0.0
109 226 0.0
109 227 0.0
109 228 0.0
109 229 0.0
109 230 0.0
109 231 0.0
109 232 0.0
109 233 0.0
109 234 0.0
109 235 0.0
109 236 0.0
109 237 0.0
109 238 0.0
109 239 0.0
109 240 0.0
109 241 0.0
109 242 0.0
109 243 0.0
109 244 0.0
109 245 0.0
109 246 0.0
109 247 0.0
109 248 0.0
109 249 0.0
109 250 0.0
109 251 0.0
109 252 0.0
109 253 0.0
109 254 0.0
109 255 0.0
109 256 0.0
109 257 0.0
109 258 0.0
109 259 0.0
109 260 0.0
109 261 0.0
109 262 0.0
109 263 0.0
109 264 0.0
109 265 0.0
109 266 0.0
109 267 0.0
109 268 0.0
109 269 0.0
109 270 0.0
109 271 0.0
109 272 0.0
109 273 0.0
109 274 0.0
109 275 0.0
109 276 0.0
109 277 0.0
109 278 0.0
109 279 0.0
109 280 0.0
109 281 0.0
109 282 0.0
109 283 0.0
109 284 0.0
109 285 6.21886679809e-06
109 286 2.48754671924e-05
109 287 2.48754671924e-05
109 288 6.21886679809e-06
109 289 2.48754671924e-05
109 290 0.0
109 291 0.0
109 292 6.21886679809e-06
109 293 6.21886679809e-06
109 294 0.0
109 295 6.21886679809e-06
109 296 0.0
109 297 0.0
109 298 0.0
109 299 6.21886679809e-06
109 300 0.0
109 301 0.000223879204731
109 302 0.0
109 303 0.000223879204731
109 304 6.21886679809e-06
109 305 2.48754671924e-05
109 306 0.0
109 307 0.00453355389581
109 308 0.0
109 309 0.00139924502957
109 310 0.0
109 311 0.000155471669952
109 312 0.0
109 313 0.0
109 314 0.0
109 315 6.21886679809e-06
109 316 0.0
109 317 2.48754671924e-05
109 318 0.0
109 319 6.21886679809e-06
109 320 0.0
109 321 6.21886679809e-06
109 322 0.0
109 323 0.0
109 324 0.0
109 325 0.00121889789243
109 326 6.21886679809e-06
109 327 0.00121889789243
109 328 0.0
109 329 9.95018687695e-05
109 330 0.0
109 331 6.21886679809e-06
109 332 0.0
109 333 2.48754671924e-05
109 334 0.0
109 335 0.0
109 336 0.0
109 337 0.0
109 338 0.0
109 339 0.0
109 340 0.0
109 341 0.000304724473107
109 342 0.0
109 343 0.00139924502957
109 344 0.0
109 345 0.000304724473107
109 346 0.0
109 347 9.95018687695e-05
109 348 0.0
109 349 0.000895516818925
109 350 0.0
109 351 0.000621886679809
109 352 0.0
109 353 0.000155471669952
109 354 0.0
109 355 6.21886679809e-06
109 356 0.0
109 357 0.0
109 358 0.0
109 359 0.0
109 360 0.0
109 361 0.0
109 362 0.0
109 363 2.48754671924e-05
109 364 0.0
109 365 6.21886679809e-06
109 366 0.0
109 367 0.000223879204731
109 368 0.0
109 369 9.95018687695e-05
109 370 0.0
109 371 0.000304724473107
109 372 6.21886679809e-06
109 373 9.95018687695e-05
109 374 6.21886679809e-06
109 375 0.000155471669952
109 376 6.21886679809e-06
109 377 6.21886679809e-06
109 378 0.0
109 379 6.21886679809e-06
109 380 0.0
109 381 9.95018687695e-05
109 382 0.0
109 383 2.48754671924e-05
109 384 0.0
109 385 2.48754671924e-05
109 386 0.0
109 387 2.48754671924e-05
109 388 0.0
109 389 0.0
109 390 0.0
109 391 9.95018687695e-05
109 392 0.0
109 393 6.21886679809e-06
109 394 0.0
109 395 9.95018687695e-05
109 396 6.21886679809e-06
109 397 5.59698011828e-05
109 398 0.0
109 399 2.48754671924e-05
109 400 0.0
110 0 0.0
110 1 2.48754671924e-05
110 2 0.0
110 3 2.48754671924e-05
110 4 0.0
110 5 0.000155471669952
110 6 0.0
110 7 0.000304724473107
110 8 0.0
110 9 2.48754671924e-05
110 10 0.0
110 11 0.000398007475078
110 12 0.0
110 13 5.59698011828e-05
110 14 0.0
110 15 2.48754671924e-05
110 16 0.0
110 17 0.000155471669952
110 18 0.0
110 19 6.21886679809e-06
110 20 0.0
110 21 2.48754671924e-05
110 22 0.0
110 23 6.21886679809e-06
110 24 0.0
110 25 6.21886679809e-06
110 26 0.0
110 27 6.21886679809e-06
110 28 0.0
110 29 0.000304724473107
110 30 0.0
110 31 9.95018687695e-05
110 32 0.0
110 33 2.48754671924e-05
110 34 0.0
110 35 6.21886679809e-06
110 36 0.0
110 37 0.000621886679809
110 38 0.0
110 39 0.000223879204731
110 40 0.0
110 41 6.21886679809e-06
110 42 0.0
110 43 5.59698011828e-05
110 44 0.0
110 45 0.0
110 46 0.0
110 47 6.21886679809e-06
110 48 0.0
110 49 0.0
110 50 0.0
110 51 0.0
110 52 0.0
110 53 0.0
110 54 0.0
110 55 6.21886679809e-06
110 56 0.0
110 57 9.95018687695e-05
110 58 0.0
110 59 0.000155471669952
110 60 0.0
110 61 0.00121889789243
110 62 0.0
110 63 0.000155471669952
110 64 0.0
110 65 0.000223879204731
110 66 0.0
110 67 0.000398007475078
110 68 0.0
110 69 9.95018687695e-05
110 70 0.0
110 71 6.21886679809e-06
110 72 0.0
110 73 2.48754671924e-05
110 74 0.0
110 75 0.0
110 76 0.0
110 77 6.21886679809e-06
110 78 0.0
110 79 0.0
110 80 0.0
110 81 0.0
110 82 0.0
110 83 0.0
110 84 0.0
110 85 0.000304724473107
110 86 0.0
110 87 0.000621886679809
110 88 0.0
110 89 0.00179725250465
110 90 0.0
110 91 9.95018687695e-05
110 92 0.0
110 93 0.000752482882569
110 94 0.0
110 95 0.00179725250465
110 96 0.0
110 97 5.59698011828e-05
110 98 0.0
110 99 0.0
110 100 0.0
110 101 6.21886679809e-06
110 102 0.0
110 103 6.21886679809e-06
110 104 0.0
110 105 0.0
110 106 0.0
110 107 0.0
110 108 0.0
110 109 0.000304724473107
110 110 0.0
110 111 0.000155471669952
110 112 0.0
110 113 2.48754671924e-05
110 114 0.0
110 115 0.00453355389581
110 116 0.0
110 117 0.00201491284258
110 118 0.0
110 119 0.000304724473107
110 120 0.0
110 121 0.0
110 122 0.0
110 123 0.0
110 124 0.0
110 125 0.0
110 126 0.0
110 127 0.0
110 128 0.0
110 129 0.0
110 130 0.0
110 131 0.0
110 132 0.0
110 133 0.0
110 134 0.0
110 135 0.0
110 136 0.0
110 137 0.0
110 138 0.0
110 139 0.0
110 140 0.0
110 141 0.0
110 142 0.0
110 143 0.0
110 144 0.0
110 145 0.0
110 146 0.0
110 147 0.0
110 148 0.0
110 149 0.0
110 150 0.0
110 151 0.0
110 152 0.0
110 153 0.0
110 154 0.0
110 155 0.0
110 156 0.0
110 157 0.0
110 158 0.0
110 159 0.0
110 160 0.0
110 161 0.0
110 162 0.0
110 163 0.0
110 164 0.0
110 165 0.0
110 166 0.0
110 167 0.0
110 168 0.0
110 169 0.0
110 170 0.0
110 171 0.0
110 172 0.0
110 173 0.0
110 174 0.0
110 175 0.0
110 176 0.0
110 177 0.0
110 178 0.0
110 179 0.0
110 180 0.0
110 181 6.21886679809e-06
110 182 0.0
110 183 0.0
110 184 0.0
110 185 6.21886679809e-06
110 186 0.0
110 187 0.0
110 188 0.0
110 189 6.21886679809e-06
110 190 0.0
110 191 0.0
110 192 0.0
110 193 6.21886679809e-06
110 194 0.0
110 195 0.0
110 196 0.0
110 197 6.21886679809e-06
110 198 0.0
110 199 0.0
110 200 0.0
110 201 0.0
110 202 0.0
110 203 0.0
110 204 0.0
110 205 0.0
110 206 0.0
110 207 0.0
110 208 0.0
110 209 0.0
110 210 0.0
110 211 0.0
110 212 0.0
110 213 0.0
110 214 0.0
110 215 0.0
110 216 0.0
110 217 0.0
110 218 0.0
110 219 0.0
110 220 0.0
110 221 0.0
110 222 0.0
110 223 0.0
110 224 0.0
110 225 0.0
110 226 0.0
110 227 0.0
110 228 0.0
110 229 0.0
110 230 0.0
110 231 0.0
110 232 0.0
110 233 0.0
110 234 0.0
110 235 0.0
110 236 0.0
110 237 0.0
110 238 0.0
110 239 0.0
110 240 0.0
110 241 0.0
110 242 0.0
110 243 0.0
110 244 0.0
110 245 0.0
110 246 0.0
110 247 0.0
110 248 0.0
110 249 0.0
110 250 0.0
110 251 0.0
110 252 0.0
110 253 0.0
110 254 0.0
110 255 0.0
110 256 0.0
110 257 0.0
110 258 0.0
110 259 0.0
110 260 0.0
110 261 0.0
110 262 0.0
110 263 0.0
110 264 0.0
110 265 0.0
110 266 0.0
110 267 0.0
110 268 0.0
110 269 0.0
110 270 0.0
110 271 0.0
110 272 0.0
110 273 0.0
110 274 0.0
110 275 0.0
110 276 0.0
110 277 0.0
110 278 0.0
110 279 0.0
110 280 0.0
110 281 0.0
110 282 0.0
110 283 0.0
110 284 0.0
110 285 0.0
110 286 0.0
110 287 6.21886679809e-06
110 288 0.0
110 289 6.21886679809e-06
110 290 0.0
110 291 0.0
110 292 0.0
110 293 0.0
110 294 0.0
110 295 6.21886679809e-06
110 296 0.0
110 297 0.0
110 298 0.0
110 299 6.21886679809e-06
110 300 0.0
110 301 0.000223879204731
110 302 0.0
110 303 0.000155471669952
110 304 0.0
110 305 5.59698011828e-05
110 306 0.0
110 307 0.00453355389581
110 308 0.0
110 309 0.00139924502957
110 310 0.0
110 311 0.000155471669952
110 312 0.0
110 313 0.0
110 314 0.0
110 315 6.21886679809e-06
110 316 0.0
110 317 2.48754671924e-05
110 318 0.0
110 319 6.21886679809e-06
110 320 0.0
110 321 6.21886679809e-06
110 322 0.0
110 323 0.0
110 324 0.0
110 325 0.00139924502957
110 326 0.0
110 327 0.00105098848888
110 328 0.0
110 329 9.95018687695e-05
110 330 0.0
110 331 6.21886679809e-06
110 332 0.0
110 333 2.48754671924e-05
110 334 0.0
110 335 0.0
110 336 0.0
110 337 0.0
110 338 0.0
110 339 0.0
110 340 0.0
110 341 0.000304724473107
110 342 0.0
110 343 0.00139924502957
110 344 0.0
110 345 0.000304724473107
110 346 0.0
110 347 9.95018687695e-05
110 348 0.0
110 349 0.000895516818925
110 350 0.0
110 351 0.000621886679809
110 352 0.0
110 353 0.000155471669952
110 354 0.0
110 355 6.21886679809e-06
110 356 0.0
110 357 0.0
110 358 0.0
110 359 0.0
110 360 0.0
110 361 0.0
110 362 0.0
110 363 2.48754671924e-05
110 364 0.0
110 365 6.21886679809e-06
110 366 0.0
110 367 0.000223879204731
110 368 0.0
110 369 9.95018687695e-05
110 370 0.0
110 371 0.000304724473107
110 372 0.0
110 373 0.000155471669952
110 374 0.0
110 375 9.95018687695e-05
110 376 0.0
110 377 6.21886679809e-06
110 378 0.0
110 379 6.21886679809e-06
110 380 0.0
110 381 9.95018687695e-05
110 382 0.0
110 383 2.48754671924e-05
110 384 0.0
110 385 2.48754671924e-05
110 386 0.0
110 387 2.48754671924e-05
110 388 0.0
110 389 0.0
110 390 0.0
110 391 9.95018687695e-05
110 392 0.0
110 393 6.21886679809e-06
110 394 0.0
110 395 5.59698011828e-05
110 396 0.0
110 397 5.59698011828e-05
110 398 0.0
110 399 2.48754671924e-05
110 400 0.0
111 0 0.0
111 1 2.48754671924e-05
111 2 0.0
111 3 2.48754671924e-05
111 4 0.0
111 5 0.000155471669952
111 6 0.0
111 7 0.000398007475078
111 8 0.0
111 9 5.59698011828e-05
111 10 6.21886679809e-06
111 11 0.000398007475078
111 12 0.0
111 13 2.48754671924e-05
111 14 6.21886679809e-06
111 15 5.59698011828e-05
111 16 0.0
111 17 0.000155471669952
111 18 0.0
111 19 2.48754671924e-05
111 20 6.21886679809e-06
111 21 2.48754671924e-05
111 22 0.0
111 23 6.21886679809e-06
111 24 0.0
111 25 6.21886679809e-06
111 26 0.0
111 27 6.21886679809e-06
111 28 0.0
111 29 0.000304724473107
111 30 0.0
111 31 9.95018687695e-05
111 32 0.0
111 33 2.48754671924e-05
111 34 0.0
111 35 6.21886679809e-06
111 36 6.21886679809e-06
111 37 0.000503728210645
111 38 6.21886679809e-06
111 39 0.000304724473107
111 40 6.21886679809e-06
111 41 2.48754671924e-05
111 42 6.21886679809e-06
111 43 5.59698011828e-05
111 44 0.0
111 45 0.0
111 46 0.0
111 47 6.21886679809e-06
111 48 0.0
111 49 0.0
111 50 0.0
111 51 0.0
111 52 0.0
111 53 0.0
111 54 0.0
111 55 6.21886679809e-06
111 56 0.0
111 57 9.95018687695e-05
111 58 0.0
111 59 0.000155471669952
111 60 6.21886679809e-06
111 61 0.00159202990031
111 62 6.21886679809e-06
111 63 0.000155471669952
111 64 0.0
111 65 0.000223879204731
111 66 0.0
111 67 0.000398007475078
111 68 0.0
111 69 9.95018687695e-05
111 70 0.0
111 71 6.21886679809e-06
111 72 0.0
111 73 2.48754671924e-05
111 74 0.0
111 75 0.0
111 76 0.0
111 77 6.21886679809e-06
111 78 0.0
111 79 0.0
111 80 0.0
111 81 0.0
111 82 0.0
111 83 0.0
111 84 0.0
111 85 0.000304724473107
111 86 0.0
111 87 0.000621886679809
111 88 0.0
111 89 0.00179725250465
111 90 0.0
111 91 9.95018687695e-05
111 92 0.0
111 93 0.000752482882569
111 94 0.0
111 95 0.00179725250465
111 96 0.0
111 97 5.59698011828e-05
111 98 0.0
111 99 0.0
111 100 0.0
111 101 6.21886679809e-06
111 102 0.0
111 103 6.21886679809e-06
111 104 0.0
111 105 0.0
111 106 0.0
111 107 0.0
111 108 0.0
111 109 0.000304724473107
111 110 0.0
111 111 0.000155471669952
111 112 0.0
111 113 2.48754671924e-05
111 114 0.0
111 115 0.00453355389581
111 116 0.0
111 117 0.00201491284258
111 118 0.0
111 119 0.000304724473107
111 120 0.0
111 121 0.0
111 122 0.0
111 123 0.0
111 124 0.0
111 125 0.0
111 126 0.0
111 127 6.21886679809e-06
111 128 6.21886679809e-06
111 129 6.21886679809e-06
111 130 6.21886679809e-06
111 131 6.21886679809e-06
111 132 6.21886679809e-06
111 133 2.48754671924e-05
111 134 5.59698011828e-05
111 135 2.48754671924e-05
111 136 5.59698011828e-05
111 137 5.59698011828e-05
111 138 5.59698011828e-05
111 139 5.59698011828e-05
111 140 5.59698011828e-05
111 141 5.59698011828e-05
111 142 5.59698011828e-05
111 143 5.59698011828e-05
111 144 5.59698011828e-05
111 145 5.59698011828e-05
111 146 5.59698011828e-05
111 147 5.59698011828e-05
111 148 5.59698011828e-05
111 149 5.59698011828e-05
111 150 5.59698011828e-05
111 151 5.59698011828e-05
111 152 5.59698011828e-05
111 153 5.59698011828e-05
111 154 5.59698011828e-05
111 155 5.59698011828e-05
111 156 5.59698011828e-05
111 157 5.59698011828e-05
111 158 5.59698011828e-05
111 159 5.59698011828e-05
111 160 5.59698011828e-05
111 161 5.59698011828e-05
111 162 5.59698011828e-05
111 163 5.59698011828e-05
111 164 5.59698011828e-05
111 165 5.59698011828e-05
111 166 5.59698011828e-05
111 167 5.59698011828e-05
111 168 5.59698011828e-05
111 169 5.59698011828e-05
111 170 5.59698011828e-05
111 171 5.59698011828e-05
111 172 5.59698011828e-05
111 173 5.59698011828e-05
111 174 5.59698011828e-05
111 175 5.59698011828e-05
111 176 5.59698011828e-05
111 177 5.59698011828e-05
111 178 5.59698011828e-05
111 179 5.59698011828e-05
111 180 5.59698011828e-05
111 181 5.59698011828e-05
111 182 5.59698011828e-05
111 183 5.59698011828e-05
111 184 5.59698011828e-05
111 185 5.59698011828e-05
111 186 5.59698011828e-05
111 187 5.59698011828e-05
111 188 5.59698011828e-05
111 189 5.59698011828e-05
111 190 5.59698011828e-05
111 191 5.59698011828e-05
111 192 5.59698011828e-05
111 193 5.59698011828e-05
111 194 5.59698011828e-05
111 195 5.59698011828e-05
111 196 5.59698011828e-05
111 197 5.59698011828e-05
111 198 5.59698011828e-05
111 199 5.59698011828e-05
111 200 5.59698011828e-05
111 201 5.59698011828e-05
111 202 5.59698011828e-05
111 203 5.59698011828e-05
111 204 5.59698011828e-05
111 205 5.59698011828e-05
111 206 5.59698011828e-05
111 207 5.59698011828e-05
111 208 5.59698011828e-05
111 209 5.59698011828e-05
111 210 5.59698011828e-05
111 211 5.59698011828e-05
111 212 5.59698011828e-05
111 213 5.59698011828e-05
111 214 5.59698011828e-05
111 215 5.59698011828e-05
111 216 5.59698011828e-05
111 217 5.59698011828e-05
111 218 5.59698011828e-05
111 219 5.59698011828e-05
111 220 5.59698011828e-05
111 221 5.59698011828e-05
111 222 5.59698011828e-05
111 223 5.59698011828e-05
111 224 5.59698011828e-05
111 225 5.59698011828e-05
111 226 5.59698011828e-05
111 227 5.59698011828e-05
111 228 5.59698011828e-05
111 229 5.59698011828e-05
111 230 5.59698011828e-05
111 231 5.59698011828e-05
111 232 5.59698011828e-05
111 233 5.59698011828e-05
111 234 5.59698011828e-05
111 235 5.59698011828e-05
111 236 5.59698011828e-05
111 237 5.59698011828e-05
111 238 5.59698011828e-05
111 239 5.59698011828e-05
111 240 5.59698011828e-05
111 241 5.59698011828e-05
111 242 5.59698011828e-05
111 243 5.59698011828e-05
111 244 5.59698011828e-05
111 245 5.59698011828e-05
111 246 5.59698011828e-05
111 247 5.59698011828e-05
111 248 5.59698011828e-05
111 249 5.59698011828e-05
111 250 5.59698011828e-05
111 251 5.59698011828e-05
111 252 5.59698011828e-05
111 253 5.59698011828e-05
111 254 5.59698011828e-05
111 255 5.59698011828e-05
111 256 5.59698011828e-05
111 257 5.59698011828e-05
111 258 5.59698011828e-05
111 259 5.59698011828e-05
111 260 5.59698011828e-05
111 261 5.59698011828e-05
111 262 5.59698011828e-05
111 263 5.59698011828e-05
111 264 5.59698011828e-05
111 265 5.59698011828e-05
111 266 5.59698011828e-05
111 267 5.59698011828e-05
111 268 5.59698011828e-05
111 269 5.59698011828e-05
111 270 5.59698011828e-05
111 271 5.59698011828e-05
111 272 5.59698011828e-05
111 273 5.59698011828e-05
111 274 5.59698011828e-05
111 275 5.59698011828e-05
111 276 5.59698011828e-05
111 277 5.59698011828e-05
111 278 5.59698011828e-05
111 279 5.59698011828e-05
111 280 5.59698011828e-05
111 281 5.59698011828e-05
111 282 5.59698011828e-05
111 283 5.59698011828e-05
111 284 5.59698011828e-05
111 285 5.59698011828e-05
111 286 9.95018687695e-05
111 287 2.48754671924e-05
111 288 0.0
111 289 6.21886679809e-06
111 290 6.21886679809e-06
111 291 6.21886679809e-06
111 292 0.0
111 293 0.0
111 294 0.0
111 295 6.21886679809e-06
111 296 0.0
111 297 0.0
111 298 0.0
111 299 6.21886679809e-06
111 300 0.0
111 301 0.000155471669952
111 302 6.21886679809e-06
111 303 0.000223879204731
111 304 0.0
111 305 5.59698011828e-05
111 306 6.21886679809e-06
111 307 0.00420395395551
111 308 0.0
111 309 0.00139924502957
111 310 0.0
111 311 0.000155471669952
111 312 0.0
111 313 0.0
111 314 0.0
111 315 6.21886679809e-06
111 316 0.0
111 317 2.48754671924e-05
111 318 0.0
111 319 6.21886679809e-06
111 320 0.0
111 321 6.21886679809e-06
111 322 6.21886679809e-06
111 323 0.0
111 324 0.0
111 325 0.00139924502957
111 326 0.0
111 327 0.00105098848888
111 328 0.0
111 329 9.95018687695e-05
111 330 0.0
111 331 6.21886679809e-06
111 332 0.0
111 333 2.48754671924e-05
111 334 0.0
111 335 0.0
111 336 0.0
111 337 0.0
111 338 0.0
111 339 0.0
111 340 0.0
111 341 0.000304724473107
111 342 0.0
111 343 0.00139924502957
111 344 0.0
111 345 0.000304724473107
111 346 0.0
111 347 9.95018687695e-05
111 348 0.0
111 349 0.000895516818925
111 350 0.0
111 351 0.000621886679809
111 352 0.0
111 353 0.000155471669952
111 354 0.0
111 355 6.21886679809e-06
111 356 0.0
111 357 0.0
111 358 0.0
111 359 0.0
111 360 0.0
111 361 0.0
111 362 0.0
111 363 2.48754671924e-05
111 364 0.0
111 365 6.21886679809e-06
111 366 0.0
111 367 0.000223879204731
111 368 0.0
111 369 9.95018687695e-05
111 370 0.0
111 371 0.000304724473107
111 372 0.0
111 373 0.000155471669952
111 374 0.0
111 375 9.95018687695e-05
111 376 0.0
111 377 6.21886679809e-06
111 378 6.21886679809e-06
111 379 0.0
111 380 0.0
111 381 5.59698011828e-05
111 382 6.21886679809e-06
111 383 5.59698011828e-05
111 384 0.0
111 385 2.48754671924e-05
111 386 0.0
111 387 2.48754671924e-05
111 388 0.0
111 389 0.0
111 390 0.0
111 391 9.95018687695e-05
111 392 0.0
111 393 6.21886679809e-06
111 394 6.21886679809e-06
111 395 9.95018687695e-05
111 396 0.0
111 397 9.95018687695e-05
111 398 0.0
111 399 2.48754671924e-05
111 400 0.0
112 0 0.0
112 1 2.48754671924e-05
112 2 0.0
112 3 2.48754671924e-05
112 4 0.0
112 5 0.000155471669952
112 6 0.0
112 7 0.000304724473107
112 8 0.0
112 9 2.48754671924e-05
112 10 0.0
112 11 0.000398007475078
112 12 0.0
112 13 5.59698011828e-05
112 14 0.0
112 15 2.48754671924e-05
112 16 0.0
112 17 0.000155471669952
112 18 0.0
112 19 6.21886679809e-06
112 20 0.0
112 21 2.48754671924e-05
112 22 0.0
112 23 6.21886679809e-06
112 24 0.0
112 25 6.21886679809e-06
112 26 0.0
112 27 6.21886679809e-06
112 28 0.0
112 29 0.000304724473107
112 30 0.0
112 31 9.95018687695e-05
112 32 0.0
112 33 2.48754671924e-05
112 34 0.0
112 35 6.21886679809e-06
112 36 0.0
112 37 0.000621886679809
112 38 0.0
112 39 0.000223879204731
112 40 0.0
112 41 6.21886679809e-06
112 42 0.0
112 43 5.59698011828e-05
112 44 0.0
112 45 0.0
112 46 0.0
112 47 6.21886679809e-06
112 48 0.0
112 49 0.0
112 50 0.0
112 51 0.0
112 52 0.0
112 53 0.0
112 54 0.0
112 55 6.21886679809e-06
112 56 0.0
112 57 9.95018687695e-05
112 58 0.0
112 59 0.000155471669952
112 60 0.0
112 61 0.00121889789243
112 62 0.0
112 63 0.000155471669952
112 64 0.0
112 65 0.000223879204731
112 66 0.0
112 67 0.000398007475078
112 68 0.0
112 69 9.95018687695e-05
112 70 0.0
112 71 6.21886679809e-06
112 72 0.0
112 73 2.48754671924e-05
112 74 0.0
112 75 0.0
112 76 0.0
112 77 6.21886679809e-06
112 78 0.0
112 79 0.0
112 80 0.0
112 81 0.0
112 82 0.0
112 83 0.0
112 84 0.0
112 85 0.000304724473107
112 86 0.0
112 87 0.000621886679809
112 88 0.0
112 89 0.00179725250465
112 90 0.0
112 91 9.95018687695e-05
112 92 0.0
112 93 0.000752482882569
112 94 0.0
112 95 0.00179725250465
112 96 0.0
112 97 5.59698011828e-05
112 98 0.0
112 99 0.0
112 100 0.0
112 101 6.21886679809e-06
112 102 0.0
112 103 6.21886679809e-06
112 104 0.0
112 105 0.0
112 106 0.0
112 107 0.0
112 108 0.0
112 109 0.000304724473107
112 110 0.0
112 111 0.000155471669952
112 112 0.0
112 113 2.48754671924e-05
112 114 0.0
112 115 0.00453355389581
112 116 0.0
112 117 0.00201491284258
112 118 0.0
112 119 0.000304724473107
112 120 0.0
112 121 0.0
112 122 0.0
112 123 0.0
112 124 0.0
112 125 0.0
112 126 0.0
112 127 2.48754671924e-05
112 128 0.0
112 129 0.0
112 130 0.0
112 131 6.21886679809e-06
112 132 0.0
112 133 6.21886679809e-06
112 134 0.0
112 135 6.21886679809e-06
112 136 0.0
112 137 0.0
112 138 0.0
112 139 0.0
112 140 0.0
112 141 0.0
112 142 0.0
112 143 0.0
112 144 0.0
112 145 0.0
112 146 0.0
112 147 0.0
112 148 0.0
112 149 0.0
112 150 0.0
112 151 0.0
112 152 0.0
112 153 0.0
112 154 0.0
112 155 0.0
112 156 0.0
112 157 0.0
112 158 0.0
112 159 0.0
112 160 0.0
112 161 0.0
112 162 0.0
112 163 0.0
112 164 0.0
112 165 0.0
112 166 0.0
112 167 0.0
112 168 0.0
112 169 0.0
112 170 0.0
112 171 0.0
112 172 0.0
112 173 0.0
112 174 0.0
112 175 0.0
112 176 0.0
112 177 0.0
112 178 0.0
112 179 0.0
112 180 0.0
112 181 0.0
112 182 0.0
112 183 6.21886679809e-06
112 184 0.0
112 185 6.21886679809e-06
112 186 0.0
112 187 6.21886679809e-06
112 188 0.0
112 189 0.0
112 190 0.0
112 191 6.21886679809e-06
112 192 0.0
112 193 0.0
112 194 0.0
112 195 0.0
112 196 0.0
112 197 0.0
112 198 0.0
112 199 0.0
112 200 0.0
112 201 0.0
112 202 0.0
112 203 0.0
112 204 0.0
112 205 0.0
112 206 0.0
112 207 0.0
112 208 0.0
112 209 0.0
112 210 0.0
112 211 0.0
112 212 0.0
112 213 0.0
112 214 0.0
112 215 0.0
112 216 0.0
112 217 0.0
112 218 0.0
112 219 0.0
112 220 0.0
112 221 0.0
112 222 0.0
112 223 0.0
112 224 0.0
112 225 0.0
112 226 0.0
112 227 0.0
112 228 0.0
112 229 0.0
112 230 0.0
112 231 0.0
112 232 0.0
112 233 0.0
112 234 0.0
112 235 0.0
112 236 0.0
112 237 0.0
112 238 0.0
112 239 0.0
112 240 0.0
112 241 0.0
112 242 0.0
112 243 0.0
112 244 0.0
112 245 0.0
112 246 0.0
112 247 0.0
112 248 0.0
112 249 0.0
112 250 0.0
112 251 0.0
112 252 0.0
112 253 0.0
112 254 0.0
112 255 0.0
112 256 0.0
112 257 0.0
112 258 0.0
112 259 0.0
112 260 0.0
112 261 0.0
112 262 0.0
112 263 0.0
112 264 0.0
112 265 0.0
112 266 0.0
112 267 0.0
112 268 0.0
112 269 0.0
112 270 0.0
112 271 0.0
112 272 0.0
112 273 0.0
112 274 0.0
112 275 0.0
112 276 0.0
112 277 0.0
112 278 0.0
112 279 0.0
112 280 0.0
112 281 0.0
112 282 0.0
112 283 0.0
112 284 0.0
112 285 0.0
112 286 0.0
112 287 6.21886679809e-06
112 288 0.0
112 289 0.0
112 290 0.0
112 291 0.0
112 292 0.0
112 293 6.21886679809e-06
112 294 0.0
112 295 6.21886679809e-06
112 296 0.0
112 297 0.0
112 298 0.0
112 299 6.21886679809e-06
112 300 0.0
112 301 0.000223879204731
112 302 0.0
112 303 0.000155471669952
112 304 0.0
112 305 5.59698011828e-05
112 306 0.0
112 307 0.00453355389581
112 308 0.0
112 309 0.00139924502957
112 310 0.0
112 311 0.000155471669952
112 312 0.0
112 313 0.0
112 314 0.0
112 315 6.21886679809e-06
112 316 0.0
112 317 2.48754671924e-05
112 318 0.0
112 319 6.21886679809e-06
112 320 0.0
112 321 6.21886679809e-06
112 322 0.0
112 323 0.0
112 324 0.0
112 325 0.00139924502957
112 326 0.0
112 327 0.00105098848888
112 328 0.0
112 329 9.95018687695e-05
112 330 0.0
112 331 6.21886679809e-06
112 332 0.0
112 333 2.48754671924e-05
112 334 0.0
112 335 0.0
112 336 0.0
112 337 0.0
112 338 0.0
112 339 0.0
112 340 0.0
112 341 0.000304724473107
112 342 0.0
112 343 0.00139924502957
112 344 0.0
112 345 0.000304724473107
112 346 0.0
112 347 9.95018687695e-05
112 348 0.0
112 349 0.000895516818925
112 350 0.0
112 351 0.000621886679809
112 352 0.0
112 353 0.000155471669952
112 354 0.0
112 355 6.21886679809e-06
112 356 0.0
112 357 0.0
112 358 0.0
112 359 0.0
112 360 0.0
112 361 0.0
112 362 0.0
112 363 2.48754671924e-05
112 364 0.0
112 365 6.21886679809e-06
112 366 0.0
112 367 0.000223879204731
112 368 0.0
112 369 9.95018687695e-05
112 370 0.0
112 371 0.000304724473107
112 372 0.0
112 373 0.000155471669952
112 374 0.0
112 375 9.95018687695e-05
112 376 0.0
112 377 6.21886679809e-06
112 378 0.0
112 379 6.21886679809e-06
112 380 0.0
112 381 9.95018687695e-05
112 382 0.0
112 383 2.48754671924e-05
112 384 0.0
112 385 2.48754671924e-05
112 386 0.0
112 387 2.48754671924e-05
112 388 0.0
112 389 0.0
112 390 0.0
112 391 9.95018687695e-05
112 392 0.0
112 393 6.21886679809e-06
112 394 0.0
112 395 5.59698011828e-05
112 396 0.0
112 397 5.59698011828e-05
112 398 0.0
112 399 2.48754671924e-05
112 400 0.0
113 0 0.0
113 1 2.48754671924e-05
113 2 0.0
113 3 2.48754671924e-05
113 4 0.0
113 5 0.000155471669952
113 6 0.0
113 7 0.000304724473107
113 8 6.21886679809e-06
113 9 5.59698011828e-05
113 10 0.0
113 11 0.000398007475078
113 12 6.21886679809e-06
113 13 2.48754671924e-05
113 14 0.0
113 15 5.59698011828e-05
113 16 6.21886679809e-06
113 17 5.59698011828e-05
113 18 6.21886679809e-06
113 19 6.21886679809e-06
113 20 0.0
113 21 6.21886679809e-06
113 22 0.0
113 23 6.21886679809e-06
113 24 0.0
113 25 6.21886679809e-06
113 26 0.0
113 27 6.21886679809e-06
113 28 0.0
113 29 0.000304724473107
113 30 0.0
113 31 9.95018687695e-05
113 32 0.0
113 33 2.48754671924e-05
113 34 0.0
113 35 6.21886679809e-06
113 36 0.0
113 37 0.000621886679809
113 38 0.0
113 39 0.000223879204731
113 40 0.0
113 41 6.21886679809e-06
113 42 0.0
113 43 5.59698011828e-05
113 44 0.0
113 45 0.0
113 46 0.0
113 47 6.21886679809e-06
113 48 0.0
113 49 0.0
113 50 0.0
113 51 0.0
113 52 0.0
113 53 0.0
113 54 0.0
113 55 6.21886679809e-06
113 56 0.0
113 57 9.95018687695e-05
113 58 0.0
113 59 0.000155471669952
113 60 0.0
113 61 0.00121889789243
113 62 0.0
113 63 0.000155471669952
113 64 0.0
113 65 0.000223879204731
113 66 0.0
113 67 0.000398007475078
113 68 0.0
113 69 9.95018687695e-05
113 70 0.0
113 71 6.21886679809e-06
113 72 0.0
113 73 2.48754671924e-05
113 74 0.0
113 75 0.0
113 76 0.0
113 77 6.21886679809e-06
113 78 0.0
113 79 0.0
113 80 0.0
113 81 0.0
113 82 0.0
113 83 0.0
113 84 0.0
113 85 0.000304724473107
113 86 0.0
113 87 0.000621886679809
113 88 0.0
113 89 0.00179725250465
113 90 0.0
113 91 9.95018687695e-05
113 92 0.0
113 93 0.000752482882569
113 94 0.0
113 95 0.00179725250465
113 96 0.0
113 97 5.59698011828e-05
113 98 0.0
113 99 0.0
113 100 0.0
113 101 6.21886679809e-06
113 102 0.0
113 103 6.21886679809e-06
113 104 0.0
113 105 0.0
113 106 0.0
113 107 0.0
113 108 0.0
113 109 0.000304724473107
113 110 0.0
113 111 0.000155471669952
113 112 0.0
113 113 2.48754671924e-05
113 114 0.0
113 115 0.00453355389581
113 116 0.0
113 117 0.00201491284258
113 118 0.0
113 119 0.000304724473107
113 120 0.0
113 121 0.0
113 122 0.0
113 123 0.0
113 124 0.0
113 125 0.0
113 126 0.0
113 127 5.59698011828e-05
113 128 6.21886679809e-06
113 129 6.21886679809e-06
113 130 2.48754671924e-05
113 131 0.000223879204731
113 132 0.000621886679809
113 133 0.00201491284258
113 134 0.00328978053619
113 135 0.0035820672757
113 136 0.00274252025796
113 137 0.00274252025796
113 138 0.00274252025796
113 139 0.00300993153028
113 140 0.00274252025796
113 141 0.00274252025796
113 142 0.00274252025796
113 143 0.00300993153028
113 144 0.00300993153028
113 145 0.00300993153028
113 146 0.00300993153028
113 147 0.00300993153028
113 148 0.00300993153028
113 149 0.00300993153028
113 150 0.00300993153028
113 151 0.00300993153028
113 152 0.00300993153028
113 153 0.00300993153028
113 154 0.00300993153028
113 155 0.00300993153028
113 156 0.00300993153028
113 157 0.00300993153028
113 158 0.00300993153028
113 159 0.00300993153028
113 160 0.00300993153028
113 161 0.00300993153028
113 162 0.00300993153028
113 163 0.00300993153028
113 164 0.00274252025796
113 165 0.00274252025796
113 166 0.00274252025796
113 167 0.00300993153028
113 168 0.00274252025796
113 169 0.00274252025796
113 170 0.00274252025796
113 171 0.00300993153028
113 172 0.00300993153028
113 173 0.00328978053619
113 174 0.00300993153028
113 175 0.00328978053619
113 176 0.00300993153028
113 177 0.00300993153028
113 178 0.00274252025796
113 179 0.00274252025796
113 180 0.00274252025796
113 181 0.00274252025796
113 182 0.00274252025796
113 183 0.00274252025796
113 184 0.00274252025796
113 185 0.00248754671924
113 186 0.00224501091411
113 187 0.00224501091411
113 188 0.00224501091411
113 189 0.00224501091411
113 190 0.00224501091411
113 191 0.00224501091411
113 192 0.00248754671924
113 193 0.00274252025796
113 194 0.00274252025796
113 195 0.00274252025796
113 196 0.00274252025796
113 197 0.00274252025796
113 198 0.00274252025796
113 199 0.00300993153028
113 200 0.00300993153028
113 201 0.00328978053619
113 202 0.00300993153028
113 203 0.00300993153028
113 204 0.00300993153028
113 205 0.00300993153028
113 206 0.00274252025796
113 207 0.00274252025796
113 208 0.00274252025796
113 209 0.00300993153028
113 210 0.00274252025796
113 211 0.00274252025796
113 212 0.00274252025796
113 213 0.00300993153028
113 214 0.00300993153028
113 215 0.00328978053619
113 216 0.00300993153028
113 217 0.00300993153028
113 218 0.00300993153028
113 219 0.00300993153028
113 220 0.00300993153028
113 221 0.00300993153028
113 222 0.00300993153028
113 223 0.00300993153028
113 224 0.00300993153028
113 225 0.00300993153028
113 226 0.00300993153028
113 227 0.00300993153028
113 228 0.00300993153028
113 229 0.00300993153028
113 230 0.00300993153028
113 231 0.00300993153028
113 232 0.00300993153028
113 233 0.00300993153028
113 234 0.00300993153028
113 235 0.00300993153028
113 236 0.00300993153028
113 237 0.00300993153028
113 238 0.00300993153028
113 239 0.00300993153028
113 240 0.00300993153028
113 241 0.00300993153028
113 242 0.00300993153028
113 243 0.00300993153028
113 244 0.00300993153028
113 245 0.00300993153028
113 246 0.00300993153028
113 247 0.00300993153028
113 248 0.00300993153028
113 249 0.00300993153028
113 250 0.00300993153028
113 251 0.00300993153028
113 252 0.00300993153028
113 253 0.00300993153028
113 254 0.00300993153028
113 255 0.00300993153028
113 256 0.00300993153028
113 257 0.00300993153028
113 258 0.00300993153028
113 259 0.00300993153028
113 260 0.00300993153028
113 261 0.00300993153028
113 262 0.00300993153028
113 263 0.00300993153028
113 264 0.00300993153028
113 265 0.00300993153028
113 266 0.00300993153028
113 267 0.00300993153028
113 268 0.00300993153028
113 269 0.00300993153028
113 270 0.00300993153028
113 271 0.00300993153028
113 272 0.00300993153028
113 273 0.00300993153028
113 274 0.00300993153028
113 275 0.00300993153028
113 276 0.00300993153028
113 277 0.00328978053619
113 278 0.00300993153028
113 279 0.00300993153028
113 280 0.00274252025796
113 281 0.00274252025796
113 282 0.00274252025796
113 283 0.00274252025796
113 284 0.00300993153028
113 285 0.00453355389581
113 286 0.00388679174881
113 287 0.00201491284258
113 288 9.95018687695e-05
113 289 6.21886679809e-06
113 290 0.0
113 291 6.21886679809e-06
113 292 6.21886679809e-06
113 293 6.21886679809e-06
113 294 0.0
113 295 6.21886679809e-06
113 296 0.0
113 297 0.0
113 298 0.0
113 299 6.21886679809e-06
113 300 0.0
113 301 0.000223879204731
113 302 0.0
113 303 0.000223879204731
113 304 6.21886679809e-06
113 305 2.48754671924e-05
113 306 0.0
113 307 0.00453355389581
113 308 0.0
113 309 0.00139924502957
113 310 0.0
113 311 0.000155471669952
113 312 0.0
113 313 0.0
113 314 0.0
113 315 6.21886679809e-06
113 316 0.0
113 317 2.48754671924e-05
113 318 0.0
113 319 6.21886679809e-06
113 320 0.0
113 321 6.21886679809e-06
113 322 0.0
113 323 0.0
113 324 0.0
113 325 0.00121889789243
113 326 6.21886679809e-06
113 327 0.00121889789243
113 328 0.0
113 329 9.95018687695e-05
113 330 0.0
113 331 6.21886679809e-06
113 332 0.0
113 333 2.48754671924e-05
113 334 0.0
113 335 0.0
113 336 0.0
113 337 0.0
113 338 0.0
113 339 0.0
113 340 0.0
113 341 0.000304724473107
113 342 0.0
113 343 0.00139924502957
113 344 0.0
113 345 0.000304724473107
113 346 0.0
113 347 9.95018687695e-05
113 348 0.0
113 349 0.000895516818925
113 350 0.0
113 351 0.000621886679809
113 352 0.0
113 353 0.000155471669952
113 354 0.0
113 355 6.21886679809e-06
113 356 0.0
113 357 0.0
113 358 0.0
113 359 0.0
113 360 0.0
113 361 0.0
113 362 0.0
113 363 2.48754671924e-05
113 364 0.0
113 365 6.21886679809e-06
113 366 0.0
113 367 0.000223879204731
113 368 0.0
113 369 9.95018687695e-05
113 370 0.0
113 371 0.000304724473107
113 372 6.21886679809e-06
113 373 9.95018687695e-05
113 374 6.21886679809e-06
113 375 0.000155471669952
113 376 6.21886679809e-06
113 377 6.21886679809e-06
113 378 0.0
113 379 6.21886679809e-06
113 380 0.0
113 381 9.95018687695e-05
113 382 6.21886679809e-06
113 383 2.48754671924e-05
113 384 6.21886679809e-06
113 385 2.48754671924e-05
113 386 0.0
113 387 2.48754671924e-05
113 388 0.0
113 389 0.0
113 390 0.0
113 391 9.95018687695e-05
113 392 0.0
113 393 0.0
113 394 0.0
113 395 0.000155471669952
113 396 2.48754671924e-05
113 397 2.48754671924e-05
113 398 0.0
113 399 6.21886679809e-06
113 400 0.0
114 0 0.0
114 1 2.48754671924e-05
114 2 0.0
114 3 2.48754671924e-05
114 4 0.0
114 5 0.000155471669952
114 6 0.0
114 7 0.000223879204731
114 8 0.0
114 9 2.48754671924e-05
114 10 0.0
114 11 0.000503728210645
114 12 0.0
114 13 9.95018687695e-05
114 14 0.0
114 15 5.59698011828e-05
114 16 0.0
114 17 9.95018687695e-05
114 18 0.0
114 19 6.21886679809e-06
114 20 0.0
114 21 6.21886679809e-06
114 22 0.0
114 23 0.0
114 24 0.0
114 25 6.21886679809e-06
114 26 0.0
114 27 6.21886679809e-06
114 28 0.0
114 29 0.000304724473107
114 30 0.0
114 31 9.95018687695e-05
114 32 0.0
114 33 2.48754671924e-05
114 34 0.0
114 35 0.0
114 36 0.0
114 37 0.000621886679809
114 38 0.0
114 39 0.000304724473107
114 40 0.0
114 41 0.0
114 42 0.0
114 43 2.48754671924e-05
114 44 0.0
114 45 0.0
114 46 0.0
114 47 6.21886679809e-06
114 48 0.0
114 49 0.0
114 50 0.0
114 51 0.0
114 52 0.0
114 53 0.0
114 54 0.0
114 55 6.21886679809e-06
114 56 0.0
114 57 6.21886679809e-06
114 58 0.0
114 59 0.000155471669952
114 60 0.0
114 61 0.00105098848888
114 62 0.0
114 63 0.000155471669952
114 64 0.0
114 65 0.000304724473107
114 66 0.0
114 67 0.000398007475078
114 68 0.0
114 69 9.95018687695e-05
114 70 0.0
114 71 6.21886679809e-06
114 72 0.0
114 73 2.48754671924e-05
114 74 0.0
114 75 0.0
114 76 0.0
114 77 6.21886679809e-06
114 78 0.0
114 79 0.0
114 80 0.0
114 81 0.0
114 82 0.0
114 83 0.0
114 84 0.0
114 85 0.000304724473107
114 86 0.0
114 87 0.000621886679809
114 88 0.0
114 89 0.00179725250465
114 90 0.0
114 91 9.95018687695e-05
114 92 0.0
114 93 0.000752482882569
114 94 0.0
114 95 0.00179725250465
114 96 0.0
114 97 5.59698011828e-05
114 98 0.0
114 99 0.0
114 100 0.0
114 101 6.21886679809e-06
114 102 0.0
114 103 6.21886679809e-06
114 104 0.0
114 105 0.0
114 106 0.0
114 107 0.0
114 108 0.0
114 109 0.000304724473107
114 110 0.0
114 111 0.000155471669952
114 112 0.0
114 113 2.48754671924e-05
114 114 0.0
114 115 0.00453355389581
114 116 0.0
114 117 0.00201491284258
114 118 0.0
114 119 0.000304724473107
114 120 0.0
114 121 0.0
114 122 0.0
114 123 0.0
114 124 0.0
114 125 0.0
114 126 0.0
114 127 9.95018687695e-05
114 128 0.0
114 129 0.000155471669952
114 130 0.0
114 131 0.00121889789243
114 132 0.0
114 133 0.000304724473107
114 134 0.0
114 135 2.48754671924e-05
114 136 0.0
114 137 0.0
114 138 0.0
114 139 0.0
114 140 0.0
114 141 6.21886679809e-06
114 142 0.0
114 143 0.0
114 144 0.0
114 145 0.0
114 146 0.0
114 147 0.0
114 148 0.0
114 149 0.0
114 150 0.0
114 151 0.0
114 152 0.0
114 153 0.0
114 154 0.0
114 155 0.0
114 156 0.0
114 157 0.0
114 158 0.0
114 159 0.0
114 160 0.0
114 161 0.0
114 162 0.0
114 163 6.21886679809e-06
114 164 0.0
114 165 0.0
114 166 0.0
114 167 6.21886679809e-06
114 168 0.0
114 169 0.0
114 170 0.0
114 171 6.21886679809e-06
114 172 0.0
114 173 6.21886679809e-06
114 174 0.0
114 175 6.21886679809e-06
114 176 0.0
114 177 0.0
114 178 0.0
114 179 0.0
114 180 0.0
114 181 6.21886679809e-06
114 182 0.0
114 183 0.0
114 184 0.0
114 185 0.0
114 186 0.0
114 187 0.0
114 188 0.0
114 189 6.21886679809e-06
114 190 0.0
114 191 0.0
114 192 0.0
114 193 6.21886679809e-06
114 194 0.0
114 195 0.0
114 196 0.0
114 197 6.21886679809e-06
114 198 0.0
114 199 6.21886679809e-06
114 200 0.0
114 201 6.21886679809e-06
114 202 0.0
114 203 0.0
114 204 0.0
114 205 0.0
114 206 0.0
114 207 6.21886679809e-06
114 208 0.0
114 209 0.0
114 210 0.0
114 211 0.0
114 212 0.0
114 213 6.21886679809e-06
114 214 0.0
114 215 6.21886679809e-06
114 216 0.0
114 217 0.0
114 218 0.0
114 219 0.0
114 220 0.0
114 221 0.0
114 222 0.0
114 223 0.0
114 224 0.0
114 225 0.0
114 226 0.0
114 227 0.0
114 228 0.0
114 229 0.0
114 230 0.0
114 231 0.0
114 232 0.0
114 233 0.0
114 234 0.0
114 235 0.0
114 236 0.0
114 237 0.0
114 238 0.0
114 239 0.0
114 240 0.0
114 241 0.0
114 242 0.0
114 243 0.0
114 244 0.0
114 245 0.0
114 246 0.0
114 247 0.0
114 248 0.0
114 249 0.0
114 250 0.0
114 251 0.0
114 252 0.0
114 253 0.0
114 254 0.0
114 255 0.0
114 256 0.0
114 257 0.0
114 258 0.0
114 259 0.0
114 260 0.0
114 261 0.0
114 262 0.0
114 263 0.0
114 264 0.0
114 265 0.0
114 266 0.0
114 267 0.0
114 268 0.0
114 269 0.0
114 270 0.0
114 271 0.0
114 272 0.0
114 273 0.0
114 274 0.0
114 275 0.0
114 276 0.0
114 277 6.21886679809e-06
114 278 0.0
114 279 9.95018687695e-05
114 280 0.0
114 281 5.59698011828e-05
114 282 0.0
114 283 6.21886679809e-06
114 284 0.0
114 285 2.48754671924e-05
114 286 0.0
114 287 2.48754671924e-05
114 288 0.0
114 289 0.000155471669952
114 290 0.0
114 291 0.0
114 292 0.0
114 293 6.21886679809e-06
114 294 0.0
114 295 6.21886679809e-06
114 296 0.0
114 297 0.0
114 298 0.0
114 299 6.21886679809e-06
114 300 0.0
114 301 0.000155471669952
114 302 0.0
114 303 9.95018687695e-05
114 304 0.0
114 305 2.48754671924e-05
114 306 0.0
114 307 0.00453355389581
114 308 0.0
114 309 0.00139924502957
114 310 0.0
114 311 0.000155471669952
114 312 0.0
114 313 0.0
114 314 0.0
114 315 6.21886679809e-06
114 316 0.0
114 317 2.48754671924e-05
114 318 0.0
114 319 6.21886679809e-06
114 320 0.0
114 321 2.48754671924e-05
114 322 0.0
114 323 6.21886679809e-06
114 324 0.0
114 325 0.00139924502957
114 326 0.0
114 327 0.00139924502957
114 328 0.0
114 329 9.95018687695e-05
114 330 0.0
114 331 6.21886679809e-06
114 332 0.0
114 333 2.48754671924e-05
114 334 0.0
114 335 0.0
114 336 0.0
114 337 0.0
114 338 0.0
114 339 0.0
114 340 0.0
114 341 0.000304724473107
114 342 0.0
114 343 0.00139924502957
114 344 0.0
114 345 0.000304724473107
114 346 0.0
114 347 9.95018687695e-05
114 348 0.0
114 349 0.000895516818925
114 350 0.0
114 351 0.000621886679809
114 352 0.0
114 353 0.000155471669952
114 354 0.0
114 355 6.21886679809e-06
114 356 0.0
114 357 0.0
114 358 0.0
114 359 0.0
114 360 0.0
114 361 0.0
114 362 0.0
114 363 2.48754671924e-05
114 364 0.0
114 365 6.21886679809e-06
114 366 0.0
114 367 0.000223879204731
114 368 0.0
114 369 9.95018687695e-05
114 370 0.0
114 371 0.000503728210645
114 372 0.0
114 373 0.000155471669952
114 374 0.0
114 375 9.95018687695e-05
114 376 0.0
114 377 2.48754671924e-05
114 378 0.0
114 379 0.0
114 380 0.0
114 381 2.48754671924e-05
114 382 0.0
114 383 5.59698011828e-05
114 384 0.0
114 385 2.48754671924e-05
114 386 0.0
114 387 2.48754671924e-05
114 388 0.0
114 389 0.0
114 390 0.0
114 391 5.59698011828e-05
114 392 0.0
114 393 9.95018687695e-05
114 394 0.0
114 395 6.21886679809e-06
114 396 0.0
114 397 6.21886679809e-06
114 398 0.0
114 399 6.21886679809e-06
114 400 0.0
115 0 0.0
115 1 2.48754671924e-05
115 2 0.0
115 3 2.48754671924e-05
115 4 0.0
115 5 0.000155471669952
115 6 0.0
115 7 0.000223879204731
115 8 0.0
115 9 2.48754671924e-05
115 10 0.0
115 11 0.000503728210645
115 12 0.0
115 13 9.95018687695e-05
115 14 0.0
115 15 5.59698011828e-05
115 16 0.0
115 17 9.95018687695e-05
115 18 0.0
115 19 6.21886679809e-06
115 20 0.0
115 21 6.21886679809e-06
115 22 0.0
115 23 0.0
115 24 0.0
115 25 6.21886679809e-06
115 26 0.0
115 27 6.21886679809e-06
115 28 0.0
115 29 0.000304724473107
115 30 0.0
115 31 9.95018687695e-05
115 32 0.0
115 33 2.48754671924e-05
115 34 0.0
115 35 0.0
115 36 0.0
115 37 0.000621886679809
115 38 0.0
115 39 0.000304724473107
115 40 0.0
115 41 0.0
115 42 0.0
115 43 2.48754671924e-05
115 44 0.0
115 45 0.0
115 46 0.0
115 47 6.21886679809e-06
115 48 0.0
115 49 0.0
115 50 0.0
115 51 0.0
115 52 0.0
115 53 0.0
115 54 0.0
115 55 6.21886679809e-06
115 56 0.0
115 57 6.21886679809e-06
115 58 0.0
115 59 0.000155471669952
115 60 0.0
115 61 0.00105098848888
115 62 6.21886679809e-06
115 63 0.000155471669952
115 64 0.0
115 65 0.000304724473107
115 66 0.0
115 67 0.000398007475078
115 68 0.0
115 69 9.95018687695e-05
115 70 0.0
115 71 6.21886679809e-06
115 72 0.0
115 73 2.48754671924e-05
115 74 0.0
115 75 0.0
115 76 0.0
115 77 6.21886679809e-06
115 78 0.0
115 79 0.0
115 80 0.0
115 81 0.0
115 82 0.0
115 83 0.0
115 84 0.0
115 85 0.000304724473107
115 86 0.0
115 87 0.000621886679809
115 88 0.0
115 89 0.00179725250465
115 90 0.0
115 91 9.95018687695e-05
115 92 0.0
115 93 0.000752482882569
115 94 0.0
115 95 0.00179725250465
115 96 0.0
115 97 5.59698011828e-05
115 98 0.0
115 99 0.0
115 100 0.0
115 101 6.21886679809e-06
115 102 0.0
115 103 6.21886679809e-06
115 104 0.0
115 105 0.0
115 106 0.0
115 107 0.0
115 108 0.0
115 109 0.000304724473107
115 110 0.0
115 111 0.000155471669952
115 112 0.0
115 113 2.48754671924e-05
115 114 0.0
115 115 0.00453355389581
115 116 0.0
115 117 0.00201491284258
115 118 0.0
115 119 0.000304724473107
115 120 0.0
115 121 0.0
115 122 0.0
115 123 0.0
115 124 0.0
115 125 0.0
115 126 0.0
115 127 0.000155471669952
115 128 5.59698011828e-05
115 129 0.0035820672757
115 130 0.000398007475078
115 131 0.00121889789243
115 132 0.000304724473107
115 133 0.00139924502957
115 134 0.000503728210645
115 135 2.48754671924e-05
115 136 0.000155471669952
115 137 9.95018687695e-05
115 138 9.95018687695e-05
115 139 9.95018687695e-05
115 140 9.95018687695e-05
115 141 5.59698011828e-05
115 142 9.95018687695e-05
115 143 0.000155471669952
115 144 0.000155471669952
115 145 0.000155471669952
115 146 0.000155471669952
115 147 0.000155471669952
115 148 0.000155471669952
115 149 0.000155471669952
115 150 0.000155471669952
115 151 0.000155471669952
115 152 0.000155471669952
115 153 0.000155471669952
115 154 0.000155471669952
115 155 0.000155471669952
115 156 0.000155471669952
115 157 0.000155471669952
115 158 0.000155471669952
115 159 0.000155471669952
115 160 0.000155471669952
115 161 0.000155471669952
115 162 0.000223879204731
115 163 0.000155471669952
115 164 9.95018687695e-05
115 165 9.95018687695e-05
115 166 9.95018687695e-05
115 167 5.59698011828e-05
115 168 9.95018687695e-05
115 169 9.95018687695e-05
115 170 9.95018687695e-05
115 171 0.000155471669952
115 172 0.000223879204731
115 173 9.95018687695e-05
115 174 0.000155471669952
115 175 9.95018687695e-05
115 176 0.000155471669952
115 177 0.000223879204731
115 178 0.000155471669952
115 179 9.95018687695e-05
115 180 9.95018687695e-05
115 181 5.59698011828e-05
115 182 9.95018687695e-05
115 183 9.95018687695e-05
115 184 9.95018687695e-05
115 185 0.000155471669952
115 186 0.000223879204731
115 187 0.000155471669952
115 188 0.000155471669952
115 189 9.95018687695e-05
115 190 0.000155471669952
115 191 0.000223879204731
115 192 0.000155471669952
115 193 5.59698011828e-05
115 194 9.95018687695e-05
115 195 9.95018687695e-05
115 196 9.95018687695e-05
115 197 5.59698011828e-05
115 198 9.95018687695e-05
115 199 9.95018687695e-05
115 200 0.000223879204731
115 201 9.95018687695e-05
115 202 0.000155471669952
115 203 0.000155471669952
115 204 0.000155471669952
115 205 0.000155471669952
115 206 0.000155471669952
115 207 5.59698011828e-05
115 208 9.95018687695e-05
115 209 9.95018687695e-05
115 210 9.95018687695e-05
115 211 9.95018687695e-05
115 212 9.95018687695e-05
115 213 9.95018687695e-05
115 214 0.000223879204731
115 215 9.95018687695e-05
115 216 0.000155471669952
115 217 0.000155471669952
115 218 0.000155471669952
115 219 0.000155471669952
115 220 0.000155471669952
115 221 0.000155471669952
115 222 0.000155471669952
115 223 0.000155471669952
115 224 0.000155471669952
115 225 0.000155471669952
115 226 0.000155471669952
115 227 0.000155471669952
115 228 0.000155471669952
115 229 0.000155471669952
115 230 0.000155471669952
115 231 0.000155471669952
115 232 0.000155471669952
115 233 0.000155471669952
115 234 0.000155471669952
115 235 0.000155471669952
115 236 0.000155471669952
115 237 0.000155471669952
115 238 0.000155471669952
115 239 0.000155471669952
115 240 0.000155471669952
115 241 0.000155471669952
115 242 0.000155471669952
115 243 0.000155471669952
115 244 0.000155471669952
115 245 0.000155471669952
115 246 0.000155471669952
115 247 0.000155471669952
115 248 0.000155471669952
115 249 0.000155471669952
115 250 0.000155471669952
115 251 0.000155471669952
115 252 0.000155471669952
115 253 0.000155471669952
115 254 0.000155471669952
115 255 0.000155471669952
115 256 0.000155471669952
115 257 0.000155471669952
115 258 0.000155471669952
115 259 0.000155471669952
115 260 0.000155471669952
115 261 0.000155471669952
115 262 0.000155471669952
115 263 0.000155471669952
115 264 0.000155471669952
115 265 0.000155471669952
115 266 0.000155471669952
115 267 0.000155471669952
115 268 0.000155471669952
115 269 0.000155471669952
115 270 0.000155471669952
115 271 0.000155471669952
115 272 0.000155471669952
115 273 0.000155471669952
115 274 0.000155471669952
115 275 0.000155471669952
115 276 0.000223879204731
115 277 0.000155471669952
115 278 5.59698011828e-05
115 279 2.48754671924e-05
115 280 0.000304724473107
115 281 0.000621886679809
115 282 0.000398007475078
115 283 0.000752482882569
115 284 0.00105098848888
115 285 0.00105098848888
115 286 0.000895516818925
115 287 0.000621886679809
115 288 0.000223879204731
115 289 0.00300993153028
115 290 6.21886679809e-06
115 291 0.000621886679809
115 292 0.0
115 293 9.95018687695e-05
115 294 0.0
115 295 6.21886679809e-06
115 296 0.0
115 297 0.0
115 298 0.0
115 299 6.21886679809e-06
115 300 0.0
115 301 0.000155471669952
115 302 0.0
115 303 9.95018687695e-05
115 304 0.0
115 305 2.48754671924e-05
115 306 0.0
115 307 0.00453355389581
115 308 0.0
115 309 0.00139924502957
115 310 0.0
115 311 0.000155471669952
115 312 0.0
115 313 0.0
115 314 0.0
115 315 6.21886679809e-06
115 316 0.0
115 317 2.48754671924e-05
115 318 0.0
115 319 6.21886679809e-06
115 320 0.0
115 321 2.48754671924e-05
115 322 0.0
115 323 6.21886679809e-06
115 324 0.0
115 325 0.00159202990031
115 326 0.0
115 327 0.00139924502957
115 328 0.0
115 329 9.95018687695e-05
115 330 0.0
115 331 6.21886679809e-06
115 332 0.0
115 333 2.48754671924e-05
115 334 0.0
115 335 0.0
115 336 0.0
115 337 0.0
115 338 0.0
115 339 0.0
115 340 0.0
115 341 0.000304724473107
115 342 0.0
115 343 0.00139924502957
115 344 0.0
115 345 0.000304724473107
115 346 0.0
115 347 9.95018687695e-05
115 348 0.0
115 349 0.000895516818925
115 350 0.0
115 351 0.000621886679809
115 352 0.0
115 353 0.000155471669952
115 354 0.0
115 355 6.21886679809e-06
115 356 0.0
115 357 0.0
115 358 0.0
115 359 0.0
115 360 0.0
115 361 0.0
115 362 0.0
115 363 2.48754671924e-05
115 364 0.0
115 365 6.21886679809e-06
115 366 0.0
115 367 0.000304724473107
115 368 0.0
115 369 0.000155471669952
115 370 0.0
115 371 0.000398007475078
115 372 0.0
115 373 0.000155471669952
115 374 0.0
115 375 9.95018687695e-05
115 376 0.0
115 377 2.48754671924e-05
115 378 0.0
115 379 0.0
115 380 6.21886679809e-06
115 381 2.48754671924e-05
115 382 6.21886679809e-06
115 383 5.59698011828e-05
115 384 6.21886679809e-06
115 385 2.48754671924e-05
115 386 0.0
115 387 2.48754671924e-05
115 388 0.0
115 389 0.0
115 390 0.0
115 391 5.59698011828e-05
115 392 0.0
115 393 9.95018687695e-05
115 394 6.21886679809e-06
115 395 6.21886679809e-06
115 396 0.0
115 397 6.21886679809e-06
115 398 0.0
115 399 6.21886679809e-06
115 400 0.0
116 0 0.0
116 1 2.48754671924e-05
116 2 0.0
116 3 2.48754671924e-05
116 4 0.0
116 5 0.000155471669952
116 6 0.0
116 7 0.000223879204731
116 8 0.0
116 9 2.48754671924e-05
116 10 0.0
116 11 0.000503728210645
116 12 0.0
116 13 9.95018687695e-05
116 14 0.0
116 15 5.59698011828e-05
116 16 0.0
116 17 9.95018687695e-05
116 18 0.0
116 19 6.21886679809e-06
116 20 0.0
116 21 6.21886679809e-06
116 22 0.0
116 23 0.0
116 24 0.0
116 25 6.21886679809e-06
116 26 0.0
116 27 6.21886679809e-06
116 28 0.0
116 29 0.000304724473107
116 30 0.0
116 31 9.95018687695e-05
116 32 0.0
116 33 2.48754671924e-05
116 34 0.0
116 35 0.0
116 36 0.0
116 37 0.000621886679809
116 38 0.0
116 39 0.000304724473107
116 40 0.0
116 41 0.0
116 42 0.0
116 43 2.48754671924e-05
116 44 0.0
116 45 0.0
116 46 0.0
116 47 6.21886679809e-06
116 48 0.0
116 49 0.0
116 50 0.0
116 51 0.0
116 52 0.0
116 53 0.0
116 54 0.0
116 55 6.21886679809e-06
116 56 0.0
116 57 6.21886679809e-06
116 58 0.0
116 59 0.000155471669952
116 60 0.0
116 61 0.000895516818925
116 62 0.0
116 63 0.000223879204731
116 64 0.0
116 65 0.000304724473107
116 66 0.0
116 67 0.000398007475078
116 68 0.0
116 69 9.95018687695e-05
116 70 0.0
116 71 6.21886679809e-06
116 72 0.0
116 73 2.48754671924e-05
116 74 0.0
116 75 0.0
116 76 0.0
116 77 6.21886679809e-06
116 78 0.0
116 79 0.0
116 80 0.0
116 81 0.0
116 82 0.0
116 83 0.0
116 84 0.0
116 85 0.000304724473107
116 86 0.0
116 87 0.000621886679809
116 88 0.0
116 89 0.00179725250465
116 90 0.0
116 91 9.95018687695e-05
116 92 0.0
116 93 0.000752482882569
116 94 0.0
116 95 0.00179725250465
116 96 0.0
116 97 5.59698011828e-05
116 98 0.0
116 99 0.0
116 100 0.0
116 101 6.21886679809e-06
116 102 0.0
116 103 6.21886679809e-06
116 104 0.0
116 105 0.0
116 106 0.0
116 107 0.0
116 108 0.0
116 109 0.000304724473107
116 110 0.0
116 111 0.000155471669952
116 112 0.0
116 113 2.48754671924e-05
116 114 0.0
116 115 0.00453355389581
116 116 0.0
116 117 0.00201491284258
116 118 0.0
116 119 0.000304724473107
116 120 0.0
116 121 0.0
116 122 0.0
116 123 0.0
116 124 0.0
116 125 0.0
116 126 0.0
116 127 0.00105098848888
116 128 0.0
116 129 0.0048755915697
116 130 0.0
116 131 0.00636811960125
116 132 0.0
116 133 0.000503728210645
116 134 0.0
116 135 6.21886679809e-06
116 136 0.0
116 137 0.0
116 138 0.0
116 139 0.0
116 140 0.0
116 141 0.0
116 142 0.0
116 143 0.0
116 144 0.0
116 145 0.0
116 146 0.0
116 147 0.0
116 148 0.0
116 149 0.0
116 150 0.0
116 151 0.0
116 152 0.0
116 153 0.0
116 154 0.0
116 155 0.0
116 156 0.0
116 157 0.0
116 158 0.0
116 159 0.0
116 160 0.0
116 161 0.0
116 162 0.0
116 163 0.0
116 164 0.0
116 165 0.0
116 166 0.0
116 167 0.0
116 168 0.0
116 169 0.0
116 170 0.0
116 171 0.0
116 172 0.0
116 173 0.0
116 174 0.0
116 175 0.0
116 176 0.0
116 177 0.0
116 178 0.0
116 179 0.0
116 180 0.0
116 181 0.0
116 182 0.0
116 183 0.0
116 184 0.0
116 185 0.0
116 186 0.0
116 187 0.0
116 188 0.0
116 189 0.0
116 190 0.0
116 191 0.0
116 192 0.0
116 193 0.0
116 194 0.0
116 195 0.0
116 196 0.0
116 197 0.0
116 198 0.0
116 199 0.0
116 200 0.0
116 201 0.0
116 202 0.0
116 203 0.0
116 204 0.0
116 205 0.0
116 206 0.0
116 207 0.0
116 208 0.0
116 209 0.0
116 210 0.0
116 211 0.0
116 212 0.0
116 213 0.0
116 214 0.0
116 215 0.0
116 216 0.0
116 217 0.0
116 218 0.0
116 219 0.0
116 220 0.0
116 221 0.0
116 222 0.0
116 223 0.0
116 224 0.0
116 225 0.0
116 226 0.0
116 227 0.0
116 228 0.0
116 229 0.0
116 230 0.0
116 231 0.0
116 232 0.0
116 233 0.0
116 234 0.0
116 235 0.0
116 236 0.0
116 237 0.0
116 238 0.0
116 239 0.0
116 240 0.0
116 241 0.0
116 242 0.0
116 243 0.0
116 244 0.0
116 245 0.0
116 246 0.0
116 247 0.0
116 248 0.0
116 249 0.0
116 250 0.0
116 251 0.0
116 252 0.0
116 253 0.0
116 254 0.0
116 255 0.0
116 256 0.0
116 257 0.0
116 258 0.0
116 259 0.0
116 260 0.0
116 261 0.0
116 262 0.0
116 263 0.0
116 264 0.0
116 265 0.0
116 266 0.0
116 267 0.0
116 268 0.0
116 269 0.0
116 270 0.0
116 271 0.0
116 272 0.0
116 273 0.0
116 274 0.0
116 275 0.0
116 276 0.0
116 277 0.0
116 278 0.0
116 279 0.0
116 280 0.0
116 281 0.0
116 282 0.0
116 283 5.59698011828e-05
116 284 0.0
116 285 0.000503728210645
116 286 0.0
116 287 0.0035820672757
116 288 0.0
116 289 0.0048755915697
116 290 0.0
116 291 0.00105098848888
116 292 0.0
116 293 0.000155471669952
116 294 0.0
116 295 6.21886679809e-06
116 296 0.0
116 297 0.0
116 298 0.0
116 299 6.21886679809e-06
116 300 0.0
116 301 0.000155471669952
116 302 0.0
116 303 9.95018687695e-05
116 304 0.0
116 305 2.48754671924e-05
116 306 0.0
116 307 0.00453355389581
116 308 0.0
116 309 0.00139924502957
116 310 0.0
116 311 0.000155471669952
116 312 0.0
116 313 0.0
116 314 0.0
116 315 6.21886679809e-06
116 316 0.0
116 317 2.48754671924e-05
116 318 0.0
116 319 6.21886679809e-06
116 320 0.0
116 321 2.48754671924e-05
116 322 0.0
116 323 6.21886679809e-06
116 324 0.0
116 325 0.00139924502957
116 326 0.0
116 327 0.00139924502957
116 328 0.0
116 329 9.95018687695e-05
116 330 0.0
116 331 6.21886679809e-06
116 332 0.0
116 333 2.48754671924e-05
116 334 0.0
116 335 0.0
116 336 0.0
116 337 0.0
116 338 0.0
116 339 0.0
116 340 0.0
116 341 0.000304724473107
116 342 0.0
116 343 0.00139924502957
116 344 0.0
116 345 0.000304724473107
116 346 0.0
116 347 9.95018687695e-05
116 348 0.0
116 349 0.000895516818925
116 350 0.0
116 351 0.000621886679809
116 352 0.0
116 353 0.000155471669952
116 354 0.0
116 355 6.21886679809e-06
116 356 0.0
116 357 0.0
116 358 0.0
116 359 0.0
116 360 0.0
116 361 0.0
116 362 0.0
116 363 2.48754671924e-05
116 364 0.0
116 365 6.21886679809e-06
116 366 0.0
116 367 0.000304724473107
116 368 0.0
116 369 0.000155471669952
116 370 0.0
116 371 0.000398007475078
116 372 0.0
116 373 0.000155471669952
116 374 0.0
116 375 9.95018687695e-05
116 376 0.0
116 377 2.48754671924e-05
116 378 0.0
116 379 0.0
116 380 0.0
116 381 5.59698011828e-05
116 382 0.0
116 383 2.48754671924e-05
116 384 0.0
116 385 5.59698011828e-05
116 386 0.0
116 387 2.48754671924e-05
116 388 0.0
116 389 0.0
116 390 0.0
116 391 5.59698011828e-05
116 392 0.0
116 393 5.59698011828e-05
116 394 0.0
116 395 6.21886679809e-06
116 396 0.0
116 397 6.21886679809e-06
116 398 0.0
116 399 6.21886679809e-06
116 400 0.0
117 0 0.0
117 1 2.48754671924e-05
117 2 0.0
117 3 2.48754671924e-05
117 4 0.0
117 5 0.000155471669952
117 6 0.0
117 7 0.000223879204731
117 8 0.0
117 9 2.48754671924e-05
117 10 0.0
117 11 0.000503728210645
117 12 0.0
117 13 9.95018687695e-05
117 14 0.0
117 15 5.59698011828e-05
117 16 0.0
117 17 9.95018687695e-05
117 18 0.0
117 19 6.21886679809e-06
117 20 0.0
117 21 6.21886679809e-06
117 22 0.0
117 23 0.0
117 24 0.0
117 25 6.21886679809e-06
117 26 0.0
117 27 6.21886679809e-06
117 28 0.0
117 29 0.000304724473107
117 30 0.0
117 31 9.95018687695e-05
117 32 0.0
117 33 2.48754671924e-05
117 34 0.0
117 35 0.0
117 36 0.0
117 37 0.000621886679809
117 38 0.0
117 39 0.000304724473107
117 40 0.0
117 41 0.0
117 42 0.0
117 43 2.48754671924e-05
117 44 0.0
117 45 0.0
117 46 0.0
117 47 6.21886679809e-06
117 48 0.0
117 49 0.0
117 50 0.0
117 51 0.0
117 52 0.0
117 53 0.0
117 54 0.0
117 55 6.21886679809e-06
117 56 0.0
117 57 6.21886679809e-06
117 58 0.0
117 59 0.000155471669952
117 60 0.0
117 61 0.000895516818925
117 62 0.0
117 63 0.000223879204731
117 64 0.0
117 65 0.000304724473107
117 66 0.0
117 67 0.000398007475078
117 68 0.0
117 69 9.95018687695e-05
117 70 0.0
117 71 6.21886679809e-06
117 72 0.0
117 73 2.48754671924e-05
117 74 0.0
117 75 0.0
117 76 0.0
117 77 6.21886679809e-06
117 78 0.0
117 79 0.0
117 80 0.0
117 81 0.0
117 82 0.0
117 83 0.0
117 84 0.0
117 85 0.000304724473107
117 86 0.0
117 87 0.000621886679809
117 88 0.0
117 89 0.00179725250465
117 90 0.0
117 91 9.95018687695e-05
117 92 0.0
117 93 0.000752482882569
117 94 0.0
117 95 0.00179725250465
117 96 0.0
117 97 5.59698011828e-05
117 98 0.0
117 99 0.0
117 100 0.0
117 101 6.21886679809e-06
117 102 0.0
117 103 6.21886679809e-06
117 104 0.0
117 105 0.0
117 106 0.0
117 107 0.0
117 108 0.0
117 109 0.000304724473107
117 110 0.0
117 111 0.000155471669952
117 112 0.0
117 113 2.48754671924e-05
117 114 0.0
117 115 0.00453355389581
117 116 0.0
117 117 0.00201491284258
117 118 0.0
117 119 0.000304724473107
117 120 0.0
117 121 0.0
117 122 0.0
117 123 0.0
117 124 0.0
117 125 0.0
117 126 0.0
117 127 0.00139924502957
117 128 0.0
117 129 0.00718901001859
117 130 0.0
117 131 0.00718901001859
117 132 2.48754671924e-05
117 133 5.59698011828e-05
117 134 0.000223879204731
117 135 0.00139924502957
117 136 0.00139924502957
117 137 0.00121889789243
117 138 0.00139924502957
117 139 0.00139924502957
117 140 0.00139924502957
117 141 0.00121889789243
117 142 0.00121889789243
117 143 0.00121889789243
117 144 0.00139924502957
117 145 0.00139924502957
117 146 0.00139924502957
117 147 0.00139924502957
117 148 0.00139924502957
117 149 0.00139924502957
117 150 0.00139924502957
117 151 0.00139924502957
117 152 0.00139924502957
117 153 0.00139924502957
117 154 0.00139924502957
117 155 0.00139924502957
117 156 0.00139924502957
117 157 0.00139924502957
117 158 0.00139924502957
117 159 0.00139924502957
117 160 0.00139924502957
117 161 0.00139924502957
117 162 0.00139924502957
117 163 0.00139924502957
117 164 0.00139924502957
117 165 0.00139924502957
117 166 0.00139924502957
117 167 0.00121889789243
117 168 0.00139924502957
117 169 0.00139924502957
117 170 0.00139924502957
117 171 0.00139924502957
117 172 0.00139924502957
117 173 0.00121889789243
117 174 0.00139924502957
117 175 0.00121889789243
117 176 0.00139924502957
117 177 0.00139924502957
117 178 0.00139924502957
117 179 0.00139924502957
117 180 0.00139924502957
117 181 0.00121889789243
117 182 0.00139924502957
117 183 0.00139924502957
117 184 0.00139924502957
117 185 0.00139924502957
117 186 0.00139924502957
117 187 0.00139924502957
117 188 0.00139924502957
117 189 0.00139924502957
117 190 0.00139924502957
117 191 0.00139924502957
117 192 0.00139924502957
117 193 0.00121889789243
117 194 0.00139924502957
117 195 0.00139924502957
117 196 0.00139924502957
117 197 0.00121889789243
117 198 0.00139924502957
117 199 0.00121889789243
117 200 0.00139924502957
117 201 0.00121889789243
117 202 0.00139924502957
117 203 0.00139924502957
117 204 0.00139924502957
117 205 0.00121889789243
117 206 0.00139924502957
117 207 0.00121889789243
117 208 0.00139924502957
117 209 0.00139924502957
117 210 0.00139924502957
117 211 0.00139924502957
117 212 0.00139924502957
117 213 0.00121889789243
117 214 0.00139924502957
117 215 0.00121889789243
117 216 0.00139924502957
117 217 0.00139924502957
117 218 0.00139924502957
117 219 0.00139924502957
117 220 0.00139924502957
117 221 0.00139924502957
117 222 0.00139924502957
117 223 0.00139924502957
117 224 0.00139924502957
117 225 0.00139924502957
117 226 0.00139924502957
117 227 0.00139924502957
117 228 0.00139924502957
117 229 0.00139924502957
117 230 0.00139924502957
117 231 0.00139924502957
117 232 0.00139924502957
117 233 0.00139924502957
117 234 0.00139924502957
117 235 0.00139924502957
117 236 0.00139924502957
117 237 0.00139924502957
117 238 0.00139924502957
117 239 0.00139924502957
117 240 0.00139924502957
117 241 0.00139924502957
117 242 0.00139924502957
117 243 0.00139924502957
117 244 0.00139924502957
117 245 0.00139924502957
117 246 0.00139924502957
117 247 0.00139924502957
117 248 0.00139924502957
117 249 0.00139924502957
117 250 0.00139924502957
117 251 0.00139924502957
117 252 0.00139924502957
117 253 0.00139924502957
117 254 0.00139924502957
117 255 0.00139924502957
117 256 0.00139924502957
117 257 0.00139924502957
117 258 0.00139924502957
117 259 0.00139924502957
117 260 0.00139924502957
117 261 0.00139924502957
117 262 0.00139924502957
117 263 0.00139924502957
117 264 0.00139924502957
117 265 0.00139924502957
117 266 0.00139924502957
117 267 0.00139924502957
117 268 0.00139924502957
117 269 0.00139924502957
117 270 0.00139924502957
117 271 0.00139924502957
117 272 0.00139924502957
117 273 0.00139924502957
117 274 0.00139924502957
117 275 0.00139924502957
117 276 0.00139924502957
117 277 0.00179725250465
117 278 0.00121889789243
117 279 0.00201491284258
117 280 0.00139924502957
117 281 0.000895516818925
117 282 0.000752482882569
117 283 0.000304724473107
117 284 0.000155471669952
117 285 0.00201491284258
117 286 0.00121889789243
117 287 0.00300993153028
117 288 6.21886679809e-06
117 289 0.00559698011828
117 290 0.0
117 291 0.000621886679809
117 292 2.48754671924e-05
117 293 0.000155471669952
117 294 0.0
117 295 6.21886679809e-06
117 296 0.0
117 297 0.0
117 298 0.0
117 299 6.21886679809e-06
117 300 0.0
117 301 0.000155471669952
117 302 0.0
117 303 9.95018687695e-05
117 304 0.0
117 305 2.48754671924e-05
117 306 0.0
117 307 0.00453355389581
117 308 0.0
117 309 0.00139924502957
117 310 0.0
117 311 0.000155471669952
117 312 0.0
117 313 0.0
117 314 0.0
117 315 6.21886679809e-06
117 316 0.0
117 317 2.48754671924e-05
117 318 0.0
117 319 6.21886679809e-06
117 320 0.0
117 321 2.48754671924e-05
117 322 0.0
117 323 6.21886679809e-06
117 324 0.0
117 325 0.00139924502957
117 326 0.0
117 327 0.00139924502957
117 328 0.0
117 329 9.95018687695e-05
117 330 0.0
117 331 6.21886679809e-06
117 332 0.0
117 333 2.48754671924e-05
117 334 0.0
117 335 0.0
117 336 0.0
117 337 0.0
117 338 0.0
117 339 0.0
117 340 0.0
117 341 0.000304724473107
117 342 0.0
117 343 0.00139924502957
117 344 0.0
117 345 0.000304724473107
117 346 0.0
117 347 9.95018687695e-05
117 348 0.0
117 349 0.000895516818925
117 350 0.0
117 351 0.000621886679809
117 352 0.0
117 353 0.000155471669952
117 354 0.0
117 355 6.21886679809e-06
117 356 0.0
117 357 0.0
117 358 0.0
117 359 0.0
117 360 0.0
117 361 0.0
117 362 0.0
117 363 2.48754671924e-05
117 364 0.0
117 365 6.21886679809e-06
117 366 0.0
117 367 0.000304724473107
117 368 0.0
117 369 0.000155471669952
117 370 6.21886679809e-06
117 371 0.000304724473107
117 372 0.0
117 373 0.000155471669952
117 374 0.0
117 375 9.95018687695e-05
117 376 0.0
117 377 2.48754671924e-05
117 378 0.0
117 379 0.0
117 380 0.0
117 381 5.59698011828e-05
117 382 0.0
117 383 2.48754671924e-05
117 384 0.0
117 385 5.59698011828e-05
117 386 0.0
117 387 2.48754671924e-05
117 388 0.0
117 389 0.0
117 390 0.0
117 391 5.59698011828e-05
117 392 0.0
117 393 5.59698011828e-05
117 394 0.0
117 395 6.21886679809e-06
117 396 0.0
117 397 6.21886679809e-06
117 398 0.0
117 399 6.21886679809e-06
117 400 0.0
118 0 0.0
118 1 2.48754671924e-05
118 2 0.0
118 3 2.48754671924e-05
118 4 0.0
118 5 0.000155471669952
118 6 0.0
118 7 0.000223879204731
118 8 0.0
118 9 2.48754671924e-05
118 10 0.0
118 11 0.000503728210645
118 12 0.0
118 13 9.95018687695e-05
118 14 0.0
118 15 5.59698011828e-05
118 16 0.0
118 17 9.95018687695e-05
118 18 0.0
118 19 6.21886679809e-06
118 20 0.0
118 21 6.21886679809e-06
118 22 0.0
118 23 0.0
118 24 0.0
118 25 6.21886679809e-06
118 26 0.0
118 27 6.21886679809e-06
118 28 0.0
118 29 0.000304724473107
118 30 0.0
118 31 9.95018687695e-05
118 32 0.0
118 33 2.48754671924e-05
118 34 0.0
118 35 0.0
118 36 0.0
118 37 0.000621886679809
118 38 0.0
118 39 0.000304724473107
118 40 0.0
118 41 0.0
118 42 0.0
118 43 2.48754671924e-05
118 44 0.0
118 45 0.0
118 46 0.0
118 47 6.21886679809e-06
118 48 0.0
118 49 0.0
118 50 0.0
118 51 0.0
118 52 0.0
118 53 0.0
118 54 0.0
118 55 6.21886679809e-06
118 56 0.0
118 57 6.21886679809e-06
118 58 0.0
118 59 0.000155471669952
118 60 0.0
118 61 0.000895516818925
118 62 0.0
118 63 0.000223879204731
118 64 0.0
118 65 0.000304724473107
118 66 0.0
118 67 0.000398007475078
118 68 0.0
118 69 9.95018687695e-05
118 70 0.0
118 71 6.21886679809e-06
118 72 0.0
118 73 2.48754671924e-05
118 74 0.0
118 75 0.0
118 76 0.0
118 77 6.21886679809e-06
118 78 0.0
118 79 0.0
118 80 0.0
118 81 0.0
118 82 0.0
118 83 0.0
118 84 0.0
118 85 0.000304724473107
118 86 0.0
118 87 0.000621886679809
118 88 0.0
118 89 0.00179725250465
118 90 0.0
118 91 9.95018687695e-05
118 92 0.0
118 93 0.000752482882569
118 94 0.0
118 95 0.00179725250465
118 96 0.0
118 97 5.59698011828e-05
118 98 0.0
118 99 0.0
118 100 0.0
118 101 6.21886679809e-06
118 102 0.0
118 103 6.21886679809e-06
118 104 0.0
118 105 0.0
118 106 0.0
118 107 0.0
118 108 0.0
118 109 0.000304724473107
118 110 0.0
118 111 0.000155471669952
118 112 0.0
118 113 2.48754671924e-05
118 114 0.0
118 115 0.00453355389581
118 116 0.0
118 117 0.00201491284258
118 118 0.0
118 119 0.000304724473107
118 120 0.0
118 121 0.0
118 122 0.0
118 123 0.0
118 124 0.0
118 125 0.0
118 126 0.0
118 127 0.00159202990031
118 128 0.0
118 129 0.00898004365644
118 130 0.0
118 131 0.00761811182766
118 132 0.0
118 133 0.000398007475078
118 134 0.0
118 135 6.21886679809e-06
118 136 0.0
118 137 2.48754671924e-05
118 138 0.0
118 139 0.0
118 140 0.0
118 141 6.21886679809e-06
118 142 0.0
118 143 0.0
118 144 0.0
118 145 0.0
118 146 0.0
118 147 0.0
118 148 0.0
118 149 0.0
118 150 0.0
118 151 0.0
118 152 0.0
118 153 0.0
118 154 0.0
118 155 0.0
118 156 0.0
118 157 0.0
118 158 0.0
118 159 0.0
118 160 0.0
118 161 0.0
118 162 0.0
118 163 6.21886679809e-06
118 164 0.0
118 165 0.0
118 166 0.0
118 167 6.21886679809e-06
118 168 0.0
118 169 0.0
118 170 0.0
118 171 6.21886679809e-06
118 172 0.0
118 173 6.21886679809e-06
118 174 0.0
118 175 6.21886679809e-06
118 176 0.0
118 177 0.0
118 178 0.0
118 179 0.0
118 180 0.0
118 181 6.21886679809e-06
118 182 0.0
118 183 0.0
118 184 0.0
118 185 0.0
118 186 0.0
118 187 6.21886679809e-06
118 188 0.0
118 189 0.0
118 190 0.0
118 191 0.0
118 192 0.0
118 193 6.21886679809e-06
118 194 0.0
118 195 0.0
118 196 0.0
118 197 6.21886679809e-06
118 198 0.0
118 199 6.21886679809e-06
118 200 0.0
118 201 6.21886679809e-06
118 202 0.0
118 203 0.0
118 204 0.0
118 205 0.0
118 206 0.0
118 207 6.21886679809e-06
118 208 0.0
118 209 0.0
118 210 0.0
118 211 0.0
118 212 0.0
118 213 6.21886679809e-06
118 214 0.0
118 215 6.21886679809e-06
118 216 0.0
118 217 0.0
118 218 0.0
118 219 0.0
118 220 0.0
118 221 0.0
118 222 0.0
118 223 0.0
118 224 0.0
118 225 0.0
118 226 0.0
118 227 0.0
118 228 0.0
118 229 0.0
118 230 0.0
118 231 0.0
118 232 0.0
118 233 0.0
118 234 0.0
118 235 0.0
118 236 0.0
118 237 0.0
118 238 0.0
118 239 0.0
118 240 0.0
118 241 0.0
118 242 0.0
118 243 0.0
118 244 0.0
118 245 0.0
118 246 0.0
118 247 0.0
118 248 0.0
118 249 0.0
118 250 0.0
118 251 0.0
118 252 0.0
118 253 0.0
118 254 0.0
118 255 0.0
118 256 0.0
118 257 0.0
118 258 0.0
118 259 0.0
118 260 0.0
118 261 0.0
118 262 0.0
118 263 0.0
118 264 0.0
118 265 0.0
118 266 0.0
118 267 0.0
118 268 0.0
118 269 0.0
118 270 0.0
118 271 0.0
118 272 0.0
118 273 0.0
118 274 0.0
118 275 0.0
118 276 0.0
118 277 9.95018687695e-05
118 278 0.0
118 279 0.000155471669952
118 280 0.0
118 281 0.0
118 282 0.0
118 283 0.000223879204731
118 284 0.0
118 285 2.48754671924e-05
118 286 0.0
118 287 0.0035820672757
118 288 0.0
118 289 0.00453355389581
118 290 0.0
118 291 0.000752482882569
118 292 0.0
118 293 9.95018687695e-05
118 294 0.0
118 295 6.21886679809e-06
118 296 0.0
118 297 0.0
118 298 0.0
118 299 6.21886679809e-06
118 300 0.0
118 301 0.000155471669952
118 302 0.0
118 303 9.95018687695e-05
118 304 0.0
118 305 2.48754671924e-05
118 306 0.0
118 307 0.00453355389581
118 308 0.0
118 309 0.00139924502957
118 310 0.0
118 311 0.000155471669952
118 312 0.0
118 313 0.0
118 314 0.0
118 315 6.21886679809e-06
118 316 0.0
118 317 2.48754671924e-05
118 318 0.0
118 319 6.21886679809e-06
118 320 0.0
118 321 2.48754671924e-05
118 322 0.0
118 323 6.21886679809e-06
118 324 0.0
118 325 0.00139924502957
118 326 0.0
118 327 0.00139924502957
118 328 0.0
118 329 9.95018687695e-05
118 330 0.0
118 331 6.21886679809e-06
118 332 0.0
118 333 2.48754671924e-05
118 334 0.0
118 335 0.0
118 336 0.0
118 337 0.0
118 338 0.0
118 339 0.0
118 340 0.0
118 341 0.000304724473107
118 342 0.0
118 343 0.00139924502957
118 344 0.0
118 345 0.000304724473107
118 346 0.0
118 347 9.95018687695e-05
118 348 0.0
118 349 0.000895516818925
118 350 0.0
118 351 0.000621886679809
118 352 0.0
118 353 0.000155471669952
118 354 0.0
118 355 6.21886679809e-06
118 356 0.0
118 357 0.0
118 358 0.0
118 359 0.0
118 360 0.0
118 361 0.0
118 362 0.0
118 363 2.48754671924e-05
118 364 0.0
118 365 6.21886679809e-06
118 366 0.0
118 367 0.000304724473107
118 368 0.0
118 369 0.000155471669952
118 370 0.0
118 371 0.000398007475078
118 372 0.0
118 373 0.000155471669952
118 374 0.0
118 375 9.95018687695e-05
118 376 0.0
118 377 2.48754671924e-05
118 378 0.0
118 379 0.0
118 380 0.0
118 381 5.59698011828e-05
118 382 0.0
118 383 2.48754671924e-05
118 384 0.0
118 385 5.59698011828e-05
118 386 0.0
118 387 2.48754671924e-05
118 388 0.0
118 389 0.0
118 390 0.0
118 391 5.59698011828e-05
118 392 0.0
118 393 5.59698011828e-05
118 394 0.0
118 395 6.21886679809e-06
118 396 0.0
118 397 6.21886679809e-06
118 398 0.0
118 399 6.21886679809e-06
118 400 0.0
119 0 0.0
119 1 2.48754671924e-05
119 2 0.0
119 3 2.48754671924e-05
119 4 0.0
119 5 0.000155471669952
119 6 0.0
119 7 0.000223879204731
119 8 0.0
119 9 2.48754671924e-05
119 10 0.0
119 11 0.000503728210645
119 12 0.0
119 13 9.95018687695e-05
119 14 0.0
119 15 5.59698011828e-05
119 16 0.0
119 17 9.95018687695e-05
119 18 0.0
119 19 6.21886679809e-06
119 20 0.0
119 21 6.21886679809e-06
119 22 0.0
119 23 0.0
119 24 0.0
119 25 6.21886679809e-06
119 26 0.0
119 27 6.21886679809e-06
119 28 0.0
119 29 0.000304724473107
119 30 0.0
119 31 9.95018687695e-05
119 32 0.0
119 33 2.48754671924e-05
119 34 0.0
119 35 0.0
119 36 0.0
119 37 0.000621886679809
119 38 0.0
119 39 0.000304724473107
119 40 0.0
119 41 0.0
119 42 0.0
119 43 2.48754671924e-05
119 44 0.0
119 45 0.0
119 46 0.0
119 47 6.21886679809e-06
119 48 0.0
119 49 0.0
119 50 0.0
119 51 0.0
119 52 0.0
119 53 0.0
119 54 0.0
119 55 6.21886679809e-06
119 56 0.0
119 57 6.21886679809e-06
119 58 0.0
119 59 0.000155471669952
119 60 0.0
119 61 0.00105098848888
119 62 6.21886679809e-06
119 63 0.000155471669952
119 64 0.0
119 65 0.000304724473107
119 66 0.0
119 67 0.000398007475078
119 68 0.0
119 69 9.95018687695e-05
119 70 0.0
119 71 6.21886679809e-06
119 72 0.0
119 73 2.48754671924e-05
119 74 0.0
119 75 0.0
119 76 0.0
119 77 6.21886679809e-06
119 78 0.0
119 79 0.0
119 80 0.0
119 81 0.0
119 82 0.0
119 83 0.0
119 84 0.0
119 85 0.000304724473107
119 86 0.0
119 87 0.000621886679809
119 88 0.0
119 89 0.00179725250465
119 90 0.0
119 91 9.95018687695e-05
119 92 0.0
119 93 0.000752482882569
119 94 0.0
119 95 0.00179725250465
119 96 0.0
119 97 5.59698011828e-05
119 98 0.0
119 99 0.0
119 100 0.0
119 101 6.21886679809e-06
119 102 0.0
119 103 6.21886679809e-06
119 104 0.0
119 105 0.0
119 106 0.0
119 107 0.0
119 108 0.0
119 109 0.000304724473107
119 110 0.0
119 111 0.000155471669952
119 112 0.0
119 113 2.48754671924e-05
119 114 0.0
119 115 0.00453355389581
119 116 0.0
119 117 0.00201491284258
119 118 0.0
119 119 0.000304724473107
119 120 0.0
119 121 0.0
119 122 0.0
119 123 0.0
119 124 0.0
119 125 0.0
119 126 0.0
119 127 0.00179725250465
119 128 6.21886679809e-06
119 129 0.0104539150876
119 130 0.0
119 131 0.00636811960125
119 132 9.95018687695e-05
119 133 0.000752482882569
119 134 0.00300993153028
119 135 0.00851362864659
119 136 0.00898004365644
119 137 0.0094588963999
119 138 0.00898004365644
119 139 0.0094588963999
119 140 0.00898004365644
119 141 0.00898004365644
119 142 0.00851362864659
119 143 0.00851362864659
119 144 0.00851362864659
119 145 0.00851362864659
119 146 0.00851362864659
119 147 0.00851362864659
119 148 0.00851362864659
119 149 0.00851362864659
119 150 0.00851362864659
119 151 0.00851362864659
119 152 0.00851362864659
119 153 0.00851362864659
119 154 0.00851362864659
119 155 0.00851362864659
119 156 0.00851362864659
119 157 0.00851362864659
119 158 0.00851362864659
119 159 0.00851362864659
119 160 0.00851362864659
119 161 0.00851362864659
119 162 0.00851362864659
119 163 0.00851362864659
119 164 0.00898004365644
119 165 0.00898004365644
119 166 0.00898004365644
119 167 0.0094588963999
119 168 0.00898004365644
119 169 0.00898004365644
119 170 0.00898004365644
119 171 0.00851362864659
119 172 0.00851362864659
119 173 0.00898004365644
119 174 0.00851362864659
119 175 0.00898004365644
119 176 0.00851362864659
119 177 0.00851362864659
119 178 0.00851362864659
119 179 0.00898004365644
119 180 0.00898004365644
119 181 0.0094588963999
119 182 0.00898004365644
119 183 0.00898004365644
119 184 0.00898004365644
119 185 0.00898004365644
119 186 0.00898004365644
119 187 0.00898004365644
119 188 0.00851362864659
119 189 0.00851362864659
119 190 0.00851362864659
119 191 0.00898004365644
119 192 0.00851362864659
119 193 0.00898004365644
119 194 0.00898004365644
119 195 0.00898004365644
119 196 0.00898004365644
119 197 0.00898004365644
119 198 0.00898004365644
119 199 0.00898004365644
119 200 0.00851362864659
119 201 0.00898004365644
119 202 0.00851362864659
119 203 0.00851362864659
119 204 0.00851362864659
119 205 0.00851362864659
119 206 0.00851362864659
119 207 0.00898004365644
119 208 0.00898004365644
119 209 0.0094588963999
119 210 0.00898004365644
119 211 0.00898004365644
119 212 0.00898004365644
119 213 0.00898004365644
119 214 0.00851362864659
119 215 0.00898004365644
119 216 0.00851362864659
119 217 0.00851362864659
119 218 0.00851362864659
119 219 0.00851362864659
119 220 0.00851362864659
119 221 0.00851362864659
119 222 0.00851362864659
119 223 0.00851362864659
119 224 0.00851362864659
119 225 0.00851362864659
119 226 0.00851362864659
119 227 0.00851362864659
119 228 0.00851362864659
119 229 0.00851362864659
119 230 0.00851362864659
119 231 0.00851362864659
119 232 0.00851362864659
119 233 0.00851362864659
119 234 0.00851362864659
119 235 0.00851362864659
119 236 0.00851362864659
119 237 0.00851362864659
119 238 0.00851362864659
119 239 0.00851362864659
119 240 0.00851362864659
119 241 0.00851362864659
119 242 0.00851362864659
119 243 0.00851362864659
119 244 0.00851362864659
119 245 0.00851362864659
119 246 0.00851362864659
119 247 0.00851362864659
119 248 0.00851362864659
119 249 0.00851362864659
119 250 0.00851362864659
119 251 0.00851362864659
119 252 0.00851362864659
119 253 0.00851362864659
119 254 0.00851362864659
119 255 0.00851362864659
119 256 0.00851362864659
119 257 0.00851362864659
119 258 0.00851362864659
119 259 0.00851362864659
119 260 0.00851362864659
119 261 0.00851362864659
119 262 0.00851362864659
119 263 0.00851362864659
119 264 0.00851362864659
119 265 0.00851362864659
119 266 0.00851362864659
119 267 0.00851362864659
119 268 0.00851362864659
119 269 0.00851362864659
119 270 0.00851362864659
119 271 0.00851362864659
119 272 0.00851362864659
119 273 0.00851362864659
119 274 0.00851362864659
119 275 0.00851362864659
119 276 0.00851362864659
119 277 0.00761811182766
119 278 0.0094588963999
119 279 0.00805965137033
119 280 0.00898004365644
119 281 0.00636811960125
119 282 0.00761811182766
119 283 0.0109700810318
119 284 0.00453355389581
119 285 0.000621886679809
119 286 5.59698011828e-05
119 287 0.00224501091411
119 288 6.21886679809e-06
119 289 0.0035820672757
119 290 0.0
119 291 0.000503728210645
119 292 0.0
119 293 9.95018687695e-05
119 294 0.0
119 295 6.21886679809e-06
119 296 0.0
119 297 0.0
119 298 0.0
119 299 6.21886679809e-06
119 300 0.0
119 301 0.000155471669952
119 302 0.0
119 303 9.95018687695e-05
119 304 0.0
119 305 2.48754671924e-05
119 306 0.0
119 307 0.00453355389581
119 308 0.0
119 309 0.00139924502957
119 310 0.0
119 311 0.000155471669952
119 312 0.0
119 313 0.0
119 314 0.0
119 315 6.21886679809e-06
119 316 0.0
119 317 2.48754671924e-05
119 318 0.0
119 319 6.21886679809e-06
119 320 0.0
119 321 2.48754671924e-05
119 322 0.0
119 323 6.21886679809e-06
119 324 0.0
119 325 0.00139924502957
119 326 0.0
119 327 0.00139924502957
119 328 0.0
119 329 9.95018687695e-05
119 330 0.0
119 331 6.21886679809e-06
119 332 0.0
119 333 2.48754671924e-05
119 334 0.0
119 335 0.0
119 336 0.0
119 337 0.0
119 338 0.0
119 339 0.0
119 340 0.0
119 341 0.000304724473107
119 342 0.0
119 343 0.00139924502957
119 344 0.0
119 345 0.000304724473107
119 346 0.0
119 347 9.95018687695e-05
119 348 0.0
119 349 0.000895516818925
119 350 0.0
119 351 0.000621886679809
119 352 0.0
119 353 0.000155471669952
119 354 0.0
119 355 6.21886679809e-06
119 356 0.0
119 357 0.0
119 358 0.0
119 359 0.0
119 360 0.0
119 361 0.0
119 362 0.0
119 363 2.48754671924e-05
119 364 0.0
119 365 6.21886679809e-06
119 366 0.0
119 367 0.000304724473107
119 368 0.0
119 369 0.000155471669952
119 370 0.0
119 371 0.000398007475078
119 372 0.0
119 373 0.000155471669952
119 374 0.0
119 375 9.95018687695e-05
119 376 0.0
119 377 2.48754671924e-05
119 378 0.0
119 379 0.0
119 380 6.21886679809e-06
119 381 2.48754671924e-05
119 382 6.21886679809e-06
119 383 5.59698011828e-05
119 384 6.21886679809e-06
119 385 2.48754671924e-05
119 386 0.0
119 387 2.48754671924e-05
119 388 0.0
119 389 0.0
119 390 0.0
119 391 5.59698011828e-05
119 392 0.0
119 393 9.95018687695e-05
119 394 6.21886679809e-06
119 395 6.21886679809e-06
119 396 0.0
119 397 6.21886679809e-06
119 398 0.0
119 399 6.21886679809e-06
119 400 0.0
120 0 0.0
120 1 2.48754671924e-05
120 2 0.0
120 3 2.48754671924e-05
120 4 0.0
120 5 0.000155471669952
120 6 0.0
120 7 0.000223879204731
120 8 0.0
120 9 2.48754671924e-05
120 10 0.0
120 11 0.000503728210645
120 12 0.0
120 13 9.95018687695e-05
120 14 0.0
120 15 5.59698011828e-05
120 16 0.0
120 17 9.95018687695e-05
120 18 0.0
120 19 6.21886679809e-06
120 20 0.0
120 21 6.21886679809e-06
120 22 0.0
120 23 0.0
120 24 0.0
120 25 6.21886679809e-06
120 26 0.0
120 27 6.21886679809e-06
120 28 0.0
120 29 0.000304724473107
120 30 0.0
120 31 9.95018687695e-05
120 32 0.0
120 33 2.48754671924e-05
120 34 0.0
120 35 0.0
120 36 0.0
120 37 0.000621886679809
120 38 0.0
120 39 0.000304724473107
120 40 0.0
120 41 0.0
120 42 0.0
120 43 2.48754671924e-05
120 44 0.0
120 45 0.0
120 46 0.0
120 47 6.21886679809e-06
120 48 0.0
120 49 0.0
120 50 0.0
120 51 0.0
120 52 0.0
120 53 0.0
120 54 0.0
120 55 6.21886679809e-06
120 56 0.0
120 57 6.21886679809e-06
120 58 0.0
120 59 0.000155471669952
120 60 0.0
120 61 0.000895516818925
120 62 0.0
120 63 0.000223879204731
120 64 0.0
120 65 0.000304724473107
120 66 0.0
120 67 0.000398007475078
120 68 0.0
120 69 9.95018687695e-05
120 70 0.0
120 71 6.21886679809e-06
120 72 0.0
120 73 2.48754671924e-05
120 74 0.0
120 75 0.0
120 76 0.0
120 77 6.21886679809e-06
120 78 0.0
120 79 0.0
120 80 0.0
120 81 0.0
120 82 0.0
120 83 0.0
120 84 0.0
120 85 0.000304724473107
120 86 0.0
120 87 0.000621886679809
120 88 0.0
120 89 0.00179725250465
120 90 0.0
120 91 9.95018687695e-05
120 92 0.0
120 93 0.000752482882569
120 94 0.0
120 95 0.00179725250465
120 96 0.0
120 97 5.59698011828e-05
120 98 0.0
120 99 0.0
120 100 0.0
120 101 6.21886679809e-06
120 102 0.0
120 103 6.21886679809e-06
120 104 0.0
120 105 0.0
120 106 0.0
120 107 0.0
120 108 0.0
120 109 0.000304724473107
120 110 0.0
120 111 0.000155471669952
120 112 0.0
120 113 2.48754671924e-05
120 114 0.0
120 115 0.00453355389581
120 116 0.0
120 117 0.00201491284258
120 118 0.0
120 119 0.000304724473107
120 120 0.0
120 121 0.0
120 122 0.0
120 123 0.0
120 124 0.0
120 125 0.0
120 126 0.0
120 127 0.00179725250465
120 128 0.0
120 129 0.0104539150876
120 130 0.0
120 131 0.0052300669772
120 132 0.0
120 133 0.00898004365644
120 134 0.0
120 135 0.000398007475078
120 136 0.0
120 137 0.0
120 138 0.0
120 139 6.21886679809e-06
120 140 0.0
120 141 0.0
120 142 0.0
120 143 0.0
120 144 0.0
120 145 0.0
120 146 0.0
120 147 0.0
120 148 0.0
120 149 0.0
120 150 0.0
120 151 0.0
120 152 0.0
120 153 0.0
120 154 0.0
120 155 0.0
120 156 0.0
120 157 0.0
120 158 0.0
120 159 0.0
120 160 0.0
120 161 0.0
120 162 0.0
120 163 0.0
120 164 0.0
120 165 0.0
120 166 0.0
120 167 6.21886679809e-06
120 168 0.0
120 169 0.0
120 170 0.0
120 171 6.21886679809e-06
120 172 0.0
120 173 6.21886679809e-06
120 174 0.0
120 175 6.21886679809e-06
120 176 0.0
120 177 0.0
120 178 0.0
120 179 0.0
120 180 0.0
120 181 0.0
120 182 0.0
120 183 0.0
120 184 0.0
120 185 0.0
120 186 0.0
120 187 0.0
120 188 0.0
120 189 0.0
120 190 0.0
120 191 0.0
120 192 0.0
120 193 0.0
120 194 0.0
120 195 0.0
120 196 0.0
120 197 0.0
120 198 0.0
120 199 6.21886679809e-06
120 200 0.0
120 201 6.21886679809e-06
120 202 0.0
120 203 0.0
120 204 0.0
120 205 0.0
120 206 0.0
120 207 0.0
120 208 0.0
120 209 6.21886679809e-06
120 210 0.0
120 211 0.0
120 212 0.0
120 213 6.21886679809e-06
120 214 0.0
120 215 6.21886679809e-06
120 216 0.0
120 217 0.0
120 218 0.0
120 219 0.0
120 220 0.0
120 221 0.0
120 222 0.0
120 223 0.0
120 224 0.0
120 225 0.0
120 226 0.0
120 227 0.0
120 228 0.0
120 229 0.0
120 230 0.0
120 231 0.0
120 232 0.0
120 233 0.0
120 234 0.0
120 235 0.0
120 236 0.0
120 237 0.0
120 238 0.0
120 239 0.0
120 240 0.0
120 241 0.0
120 242 0.0
120 243 0.0
120 244 0.0
120 245 0.0
120 246 0.0
120 247 0.0
120 248 0.0
120 249 0.0
120 250 0.0
120 251 0.0
120 252 0.0
120 253 0.0
120 254 0.0
120 255 0.0
120 256 0.0
120 257 0.0
120 258 0.0
120 259 0.0
120 260 0.0
120 261 0.0
120 262 0.0
120 263 0.0
120 264 0.0
120 265 0.0
120 266 0.0
120 267 0.0
120 268 0.0
120 269 0.0
120 270 0.0
120 271 0.0
120 272 0.0
120 273 0.0
120 274 0.0
120 275 0.0
120 276 0.0
120 277 0.0
120 278 0.0
120 279 0.0
120 280 0.0
120 281 2.48754671924e-05
120 282 0.0
120 283 0.00121889789243
120 284 0.0
120 285 0.00328978053619
120 286 0.0
120 287 0.00105098848888
120 288 0.0
120 289 0.00420395395551
120 290 0.0
120 291 0.000621886679809
120 292 0.0
120 293 5.59698011828e-05
120 294 0.0
120 295 6.21886679809e-06
120 296 0.0
120 297 0.0
120 298 0.0
120 299 6.21886679809e-06
120 300 0.0
120 301 0.000155471669952
120 302 0.0
120 303 9.95018687695e-05
120 304 0.0
120 305 2.48754671924e-05
120 306 0.0
120 307 0.00453355389581
120 308 0.0
120 309 0.00139924502957
120 310 0.0
120 311 0.000155471669952
120 312 0.0
120 313 0.0
120 314 0.0
120 315 6.21886679809e-06
120 316 0.0
120 317 2.48754671924e-05
120 318 0.0
120 319 6.21886679809e-06
120 320 0.0
120 321 2.48754671924e-05
120 322 0.0
120 323 6.21886679809e-06
120 324 0.0
120 325 0.00139924502957
120 326 0.0
120 327 0.00139924502957
120 328 0.0
120 329 9.95018687695e-05
120 330 0.0
120 331 6.21886679809e-06
120 332 0.0
120 333 2.48754671924e-05
120 334 0.0
120 335 0.0
120 336 0.0
120 337 0.0
120 338 0.0
120 339 0.0
120 340 0.0
120 341 0.000304724473107
120 342 0.0
120 343 0.00139924502957
120 344 0.0
120 345 0.000304724473107
120 346 0.0
120 347 9.95018687695e-05
120 348 0.0
120 349 0.000895516818925
120 350 0.0
120 351 0.000621886679809
120 352 0.0
120 353 0.000155471669952
120 354 0.0
120 355 6.21886679809e-06
120 356 0.0
120 357 0.0
120 358 0.0
120 359 0.0
120 360 0.0
120 361 0.0
120 362 0.0
120 363 2.48754671924e-05
120 364 0.0
120 365 6.21886679809e-06
120 366 0.0
120 367 0.000304724473107
120 368 0.0
120 369 0.000155471669952
120 370 0.0
120 371 0.000398007475078
120 372 0.0
120 373 0.000155471669952
120 374 0.0
120 375 9.95018687695e-05
120 376 0.0
120 377 2.48754671924e-05
120 378 0.0
120 379 0.0
120 380 0.0
120 381 5.59698011828e-05
120 382 0.0
120 383 2.48754671924e-05
120 384 0.0
120 385 5.59698011828e-05
120 386 0.0
120 387 2.48754671924e-05
120 388 0.0
120 389 0.0
120 390 0.0
120 391 5.59698011828e-05
120 392 0.0
120 393 5.59698011828e-05
120 394 0.0
120 395 6.21886679809e-06
120 396 0.0
120 397 6.21886679809e-06
120 398 0.0
120 399 6.21886679809e-06
120 400 0.0
121 0 0.0
121 1 2.48754671924e-05
121 2 0.0
121 3 2.48754671924e-05
121 4 0.0
121 5 0.000155471669952
121 6 0.0
121 7 0.000223879204731
121 8 0.0
121 9 2.48754671924e-05
121 10 0.0
121 11 0.000503728210645
121 12 0.0
121 13 5.59698011828e-05
121 14 0.0
121 15 5.59698011828e-05
121 16 6.21886679809e-06
121 17 5.59698011828e-05
121 18 6.21886679809e-06
121 19 6.21886679809e-06
121 20 6.21886679809e-06
121 21 6.21886679809e-06
121 22 0.0
121 23 6.21886679809e-06
121 24 0.0
121 25 6.21886679809e-06
121 26 0.0
121 27 6.21886679809e-06
121 28 0.0
121 29 0.000304724473107
121 30 0.0
121 31 9.95018687695e-05
121 32 0.0
121 33 2.48754671924e-05
121 34 0.0
121 35 6.21886679809e-06
121 36 0.0
121 37 0.000621886679809
121 38 0.0
121 39 0.000304724473107
121 40 6.21886679809e-06
121 41 6.21886679809e-06
121 42 6.21886679809e-06
121 43 5.59698011828e-05
121 44 0.0
121 45 0.0
121 46 0.0
121 47 6.21886679809e-06
121 48 0.0
121 49 0.0
121 50 0.0
121 51 0.0
121 52 0.0
121 53 0.0
121 54 0.0
121 55 6.21886679809e-06
121 56 0.0
121 57 5.59698011828e-05
121 58 0.0
121 59 0.000155471669952
121 60 0.0
121 61 0.00121889789243
121 62 0.0
121 63 0.000223879204731
121 64 0.0
121 65 0.000304724473107
121 66 0.0
121 67 0.000398007475078
121 68 0.0
121 69 9.95018687695e-05
121 70 0.0
121 71 6.21886679809e-06
121 72 0.0
121 73 2.48754671924e-05
121 74 0.0
121 75 0.0
121 76 0.0
121 77 6.21886679809e-06
121 78 0.0
121 79 0.0
121 80 0.0
121 81 0.0
121 82 0.0
121 83 0.0
121 84 0.0
121 85 0.000304724473107
121 86 0.0
121 87 0.000621886679809
121 88 0.0
121 89 0.00179725250465
121 90 0.0
121 91 9.95018687695e-05
121 92 0.0
121 93 0.000752482882569
121 94 0.0
121 95 0.00179725250465
121 96 0.0
121 97 5.59698011828e-05
121 98 0.0
121 99 0.0
121 100 0.0
121 101 6.21886679809e-06
121 102 0.0
121 103 6.21886679809e-06
121 104 0.0
121 105 0.0
121 106 0.0
121 107 0.0
121 108 0.0
121 109 0.000304724473107
121 110 0.0
121 111 0.000155471669952
121 112 0.0
121 113 2.48754671924e-05
121 114 0.0
121 115 0.00453355389581
121 116 0.0
121 117 0.00201491284258
121 118 0.0
121 119 0.000304724473107
121 120 0.0
121 121 0.0
121 122 0.0
121 123 0.0
121 124 0.0
121 125 0.0
121 126 0.0
121 127 0.00179725250465
121 128 6.21886679809e-06
121 129 0.0094588963999
121 130 0.0
121 131 0.00453355389581
121 132 6.21886679809e-06
121 133 0.00805965137033
121 134 0.0
121 135 0.000621886679809
121 136 0.0
121 137 6.21886679809e-06
121 138 0.0
121 139 6.21886679809e-06
121 140 0.0
121 141 0.0
121 142 0.0
121 143 6.21886679809e-06
121 144 6.21886679809e-06
121 145 6.21886679809e-06
121 146 6.21886679809e-06
121 147 6.21886679809e-06
121 148 6.21886679809e-06
121 149 6.21886679809e-06
121 150 6.21886679809e-06
121 151 6.21886679809e-06
121 152 6.21886679809e-06
121 153 6.21886679809e-06
121 154 6.21886679809e-06
121 155 6.21886679809e-06
121 156 6.21886679809e-06
121 157 6.21886679809e-06
121 158 6.21886679809e-06
121 159 6.21886679809e-06
121 160 6.21886679809e-06
121 161 6.21886679809e-06
121 162 6.21886679809e-06
121 163 6.21886679809e-06
121 164 0.0
121 165 0.0
121 166 0.0
121 167 6.21886679809e-06
121 168 0.0
121 169 0.0
121 170 0.0
121 171 6.21886679809e-06
121 172 6.21886679809e-06
121 173 2.48754671924e-05
121 174 6.21886679809e-06
121 175 2.48754671924e-05
121 176 6.21886679809e-06
121 177 6.21886679809e-06
121 178 0.0
121 179 0.0
121 180 0.0
121 181 0.0
121 182 0.0
121 183 0.0
121 184 0.0
121 185 0.0
121 186 0.0
121 187 0.0
121 188 0.0
121 189 0.0
121 190 0.0
121 191 0.0
121 192 0.0
121 193 0.0
121 194 0.0
121 195 0.0
121 196 0.0
121 197 0.0
121 198 0.0
121 199 6.21886679809e-06
121 200 6.21886679809e-06
121 201 2.48754671924e-05
121 202 6.21886679809e-06
121 203 6.21886679809e-06
121 204 6.21886679809e-06
121 205 6.21886679809e-06
121 206 0.0
121 207 0.0
121 208 0.0
121 209 6.21886679809e-06
121 210 0.0
121 211 0.0
121 212 0.0
121 213 6.21886679809e-06
121 214 6.21886679809e-06
121 215 2.48754671924e-05
121 216 6.21886679809e-06
121 217 6.21886679809e-06
121 218 6.21886679809e-06
121 219 6.21886679809e-06
121 220 6.21886679809e-06
121 221 6.21886679809e-06
121 222 6.21886679809e-06
121 223 6.21886679809e-06
121 224 6.21886679809e-06
121 225 6.21886679809e-06
121 226 6.21886679809e-06
121 227 6.21886679809e-06
121 228 6.21886679809e-06
121 229 6.21886679809e-06
121 230 6.21886679809e-06
121 231 6.21886679809e-06
121 232 6.21886679809e-06
121 233 6.21886679809e-06
121 234 6.21886679809e-06
121 235 6.21886679809e-06
121 236 6.21886679809e-06
121 237 6.21886679809e-06
121 238 6.21886679809e-06
121 239 6.21886679809e-06
121 240 6.21886679809e-06
121 241 6.21886679809e-06
121 242 6.21886679809e-06
121 243 6.21886679809e-06
121 244 6.21886679809e-06
121 245 6.21886679809e-06
121 246 6.21886679809e-06
121 247 6.21886679809e-06
121 248 6.21886679809e-06
121 249 6.21886679809e-06
121 250 6.21886679809e-06
121 251 6.21886679809e-06
121 252 6.21886679809e-06
121 253 6.21886679809e-06
121 254 6.21886679809e-06
121 255 6.21886679809e-06
121 256 6.21886679809e-06
121 257 6.21886679809e-06
121 258 6.21886679809e-06
121 259 6.21886679809e-06
121 260 6.21886679809e-06
121 261 6.21886679809e-06
121 262 6.21886679809e-06
121 263 6.21886679809e-06
121 264 6.21886679809e-06
121 265 6.21886679809e-06
121 266 6.21886679809e-06
121 267 6.21886679809e-06
121 268 6.21886679809e-06
121 269 6.21886679809e-06
121 270 6.21886679809e-06
121 271 6.21886679809e-06
121 272 6.21886679809e-06
121 273 6.21886679809e-06
121 274 6.21886679809e-06
121 275 6.21886679809e-06
121 276 6.21886679809e-06
121 277 2.48754671924e-05
121 278 0.0
121 279 2.48754671924e-05
121 280 0.0
121 281 6.21886679809e-06
121 282 0.0
121 283 0.00121889789243
121 284 6.21886679809e-06
121 285 0.0035820672757
121 286 0.0
121 287 0.000752482882569
121 288 6.21886679809e-06
121 289 0.00420395395551
121 290 0.0
121 291 0.000621886679809
121 292 0.0
121 293 9.95018687695e-05
121 294 0.0
121 295 6.21886679809e-06
121 296 0.0
121 297 0.0
121 298 0.0
121 299 6.21886679809e-06
121 300 0.0
121 301 0.000223879204731
121 302 0.0
121 303 0.000155471669952
121 304 6.21886679809e-06
121 305 2.48754671924e-05
121 306 0.0
121 307 0.00453355389581
121 308 0.0
121 309 0.00139924502957
121 310 0.0
121 311 0.000155471669952
121 312 0.0
121 313 0.0
121 314 0.0
121 315 6.21886679809e-06
121 316 0.0
121 317 2.48754671924e-05
121 318 0.0
121 319 6.21886679809e-06
121 320 0.0
121 321 2.48754671924e-05
121 322 0.0
121 323 6.21886679809e-06
121 324 0.0
121 325 0.00139924502957
121 326 0.0
121 327 0.00139924502957
121 328 0.0
121 329 9.95018687695e-05
121 330 0.0
121 331 6.21886679809e-06
121 332 0.0
121 333 2.48754671924e-05
121 334 0.0
121 335 0.0
121 336 0.0
121 337 0.0
121 338 0.0
121 339 0.0
121 340 0.0
121 341 0.000304724473107
121 342 0.0
121 343 0.00139924502957
121 344 0.0
121 345 0.000304724473107
121 346 0.0
121 347 9.95018687695e-05
121 348 0.0
121 349 0.000895516818925
121 350 0.0
121 351 0.000621886679809
121 352 0.0
121 353 0.000155471669952
121 354 0.0
121 355 6.21886679809e-06
121 356 0.0
121 357 0.0
121 358 0.0
121 359 0.0
121 360 0.0
121 361 0.0
121 362 0.0
121 363 2.48754671924e-05
121 364 0.0
121 365 6.21886679809e-06
121 366 0.0
121 367 0.000304724473107
121 368 0.0
121 369 9.95018687695e-05
121 370 0.0
121 371 0.000398007475078
121 372 0.0
121 373 0.000155471669952
121 374 0.0
121 375 0.000155471669952
121 376 6.21886679809e-06
121 377 2.48754671924e-05
121 378 0.0
121 379 6.21886679809e-06
121 380 0.0
121 381 5.59698011828e-05
121 382 0.0
121 383 2.48754671924e-05
121 384 6.21886679809e-06
121 385 2.48754671924e-05
121 386 0.0
121 387 2.48754671924e-05
121 388 0.0
121 389 0.0
121 390 0.0
121 391 5.59698011828e-05
121 392 0.0
121 393 5.59698011828e-05
121 394 0.0
121 395 6.21886679809e-06
121 396 0.0
121 397 6.21886679809e-06
121 398 0.0
121 399 6.21886679809e-06
121 400 0.0
122 0 0.0
122 1 2.48754671924e-05
122 2 0.0
122 3 2.48754671924e-05
122 4 0.0
122 5 0.000155471669952
122 6 0.0
122 7 0.000223879204731
122 8 0.0
122 9 2.48754671924e-05
122 10 0.0
122 11 0.000503728210645
122 12 0.0
122 13 5.59698011828e-05
122 14 0.0
122 15 2.48754671924e-05
122 16 0.0
122 17 0.000155471669952
122 18 0.0
122 19 6.21886679809e-06
122 20 0.0
122 21 2.48754671924e-05
122 22 0.0
122 23 6.21886679809e-06
122 24 0.0
122 25 6.21886679809e-06
122 26 0.0
122 27 6.21886679809e-06
122 28 0.0
122 29 0.000304724473107
122 30 0.0
122 31 9.95018687695e-05
122 32 0.0
122 33 2.48754671924e-05
122 34 0.0
122 35 6.21886679809e-06
122 36 0.0
122 37 0.000621886679809
122 38 0.0
122 39 0.000223879204731
122 40 0.0
122 41 6.21886679809e-06
122 42 0.0
122 43 5.59698011828e-05
122 44 0.0
122 45 0.0
122 46 0.0
122 47 6.21886679809e-06
122 48 0.0
122 49 0.0
122 50 0.0
122 51 0.0
122 52 0.0
122 53 0.0
122 54 0.0
122 55 6.21886679809e-06
122 56 0.0
122 57 9.95018687695e-05
122 58 0.0
122 59 0.000155471669952
122 60 0.0
122 61 0.00121889789243
122 62 0.0
122 63 0.000155471669952
122 64 0.0
122 65 0.000223879204731
122 66 0.0
122 67 0.000398007475078
122 68 0.0
122 69 9.95018687695e-05
122 70 0.0
122 71 6.21886679809e-06
122 72 0.0
122 73 2.48754671924e-05
122 74 0.0
122 75 0.0
122 76 0.0
122 77 6.21886679809e-06
122 78 0.0
122 79 0.0
122 80 0.0
122 81 0.0
122 82 0.0
122 83 0.0
122 84 0.0
122 85 0.000304724473107
122 86 0.0
122 87 0.000621886679809
122 88 0.0
122 89 0.00179725250465
122 90 0.0
122 91 9.95018687695e-05
122 92 0.0
122 93 0.000752482882569
122 94 0.0
122 95 0.00179725250465
122 96 0.0
122 97 5.59698011828e-05
122 98 0.0
122 99 0.0
122 100 0.0
122 101 6.21886679809e-06
122 102 0.0
122 103 6.21886679809e-06
122 104 0.0
122 105 0.0
122 106 0.0
122 107 0.0
122 108 0.0
122 109 0.000304724473107
122 110 0.0
122 111 0.000155471669952
122 112 0.0
122 113 2.48754671924e-05
122 114 0.0
122 115 0.00453355389581
122 116 0.0
122 117 0.00201491284258
122 118 0.0
122 119 0.000304724473107
122 120 0.0
122 121 0.0
122 122 0.0
122 123 0.0
122 124 0.0
122 125 0.0
122 126 0.0
122 127 0.00201491284258
122 128 0.0
122 129 0.00898004365644
122 130 0.0
122 131 0.0048755915697
122 132 0.0
122 133 0.00761811182766
122 134 0.0
122 135 0.000752482882569
122 136 0.0
122 137 6.21886679809e-06
122 138 0.0
122 139 0.0
122 140 0.0
122 141 0.0
122 142 0.0
122 143 0.0
122 144 0.0
122 145 0.0
122 146 0.0
122 147 0.0
122 148 0.0
122 149 0.0
122 150 0.0
122 151 0.0
122 152 0.0
122 153 0.0
122 154 0.0
122 155 0.0
122 156 0.0
122 157 0.0
122 158 0.0
122 159 0.0
122 160 0.0
122 161 0.0
122 162 0.0
122 163 0.0
122 164 0.0
122 165 0.0
122 166 0.0
122 167 0.0
122 168 0.0
122 169 0.0
122 170 0.0
122 171 0.0
122 172 0.0
122 173 0.0
122 174 0.0
122 175 0.0
122 176 0.0
122 177 0.0
122 178 0.0
122 179 0.0
122 180 0.0
122 181 0.0
122 182 0.0
122 183 0.0
122 184 0.0
122 185 0.0
122 186 0.0
122 187 0.0
122 188 0.0
122 189 0.0
122 190 0.0
122 191 0.0
122 192 0.0
122 193 0.0
122 194 0.0
122 195 0.0
122 196 0.0
122 197 0.0
122 198 0.0
122 199 0.0
122 200 0.0
122 201 0.0
122 202 0.0
122 203 0.0
122 204 0.0
122 205 0.0
122 206 0.0
122 207 0.0
122 208 0.0
122 209 0.0
122 210 0.0
122 211 0.0
122 212 0.0
122 213 0.0
122 214 0.0
122 215 0.0
122 216 0.0
122 217 0.0
122 218 0.0
122 219 0.0
122 220 0.0
122 221 0.0
122 222 0.0
122 223 0.0
122 224 0.0
122 225 0.0
122 226 0.0
122 227 0.0
122 228 0.0
122 229 0.0
122 230 0.0
122 231 0.0
122 232 0.0
122 233 0.0
122 234 0.0
122 235 0.0
122 236 0.0
122 237 0.0
122 238 0.0
122 239 0.0
122 240 0.0
122 241 0.0
122 242 0.0
122 243 0.0
122 244 0.0
122 245 0.0
122 246 0.0
122 247 0.0
122 248 0.0
122 249 0.0
122 250 0.0
122 251 0.0
122 252 0.0
122 253 0.0
122 254 0.0
122 255 0.0
122 256 0.0
122 257 0.0
122 258 0.0
122 259 0.0
122 260 0.0
122 261 0.0
122 262 0.0
122 263 0.0
122 264 0.0
122 265 0.0
122 266 0.0
122 267 0.0
122 268 0.0
122 269 0.0
122 270 0.0
122 271 0.0
122 272 0.0
122 273 0.0
122 274 0.0
122 275 0.0
122 276 0.0
122 277 5.59698011828e-05
122 278 0.0
122 279 2.48754671924e-05
122 280 0.0
122 281 6.21886679809e-06
122 282 0.0
122 283 0.000895516818925
122 284 0.0
122 285 0.00420395395551
122 286 0.0
122 287 0.000895516818925
122 288 0.0
122 289 0.0035820672757
122 290 0.0
122 291 0.000503728210645
122 292 0.0
122 293 9.95018687695e-05
122 294 0.0
122 295 6.21886679809e-06
122 296 0.0
122 297 0.0
122 298 0.0
122 299 6.21886679809e-06
122 300 0.0
122 301 0.000223879204731
122 302 0.0
122 303 0.000155471669952
122 304 0.0
122 305 5.59698011828e-05
122 306 0.0
122 307 0.00453355389581
122 308 0.0
122 309 0.00139924502957
122 310 0.0
122 311 0.000155471669952
122 312 0.0
122 313 0.0
122 314 0.0
122 315 6.21886679809e-06
122 316 0.0
122 317 2.48754671924e-05
122 318 0.0
122 319 6.21886679809e-06
122 320 0.0
122 321 2.48754671924e-05
122 322 0.0
122 323 6.21886679809e-06
122 324 0.0
122 325 0.00139924502957
122 326 0.0
122 327 0.00139924502957
122 328 0.0
122 329 9.95018687695e-05
122 330 0.0
122 331 6.21886679809e-06
122 332 0.0
122 333 2.48754671924e-05
122 334 0.0
122 335 0.0
122 336 0.0
122 337 0.0
122 338 0.0
122 339 0.0
122 340 0.0
122 341 0.000304724473107
122 342 0.0
122 343 0.00139924502957
122 344 0.0
122 345 0.000304724473107
122 346 0.0
122 347 9.95018687695e-05
122 348 0.0
122 349 0.000895516818925
122 350 0.0
122 351 0.000621886679809
122 352 0.0
122 353 0.000155471669952
122 354 0.0
122 355 6.21886679809e-06
122 356 0.0
122 357 0.0
122 358 0.0
122 359 0.0
122 360 0.0
122 361 0.0
122 362 0.0
122 363 2.48754671924e-05
122 364 0.0
122 365 6.21886679809e-06
122 366 0.0
122 367 0.000304724473107
122 368 0.0
122 369 9.95018687695e-05
122 370 0.0
122 371 0.000398007475078
122 372 0.0
122 373 0.000223879204731
122 374 0.0
122 375 9.95018687695e-05
122 376 0.0
122 377 6.21886679809e-06
122 378 0.0
122 379 6.21886679809e-06
122 380 0.0
122 381 5.59698011828e-05
122 382 0.0
122 383 5.59698011828e-05
122 384 0.0
122 385 2.48754671924e-05
122 386 0.0
122 387 2.48754671924e-05
122 388 0.0
122 389 0.0
122 390 0.0
122 391 5.59698011828e-05
122 392 0.0
122 393 5.59698011828e-05
122 394 0.0
122 395 6.21886679809e-06
122 396 0.0
122 397 6.21886679809e-06
122 398 0.0
122 399 6.21886679809e-06
122 400 0.0
123 0 0.0
123 1 2.48754671924e-05
123 2 0.0
123 3 2.48754671924e-05
123 4 0.0
123 5 0.000155471669952
123 6 0.0
123 7 0.000223879204731
123 8 0.0
123 9 2.48754671924e-05
123 10 0.0
123 11 0.000503728210645
123 12 0.0
123 13 5.59698011828e-05
123 14 6.21886679809e-06
123 15 5.59698011828e-05
123 16 0.0
123 17 0.000155471669952
123 18 0.0
123 19 2.48754671924e-05
123 20 6.21886679809e-06
123 21 2.48754671924e-05
123 22 0.0
123 23 6.21886679809e-06
123 24 0.0
123 25 6.21886679809e-06
123 26 0.0
123 27 6.21886679809e-06
123 28 0.0
123 29 0.000304724473107
123 30 0.0
123 31 9.95018687695e-05
123 32 0.0
123 33 2.48754671924e-05
123 34 0.0
123 35 6.21886679809e-06
123 36 6.21886679809e-06
123 37 0.000503728210645
123 38 6.21886679809e-06
123 39 0.000304724473107
123 40 6.21886679809e-06
123 41 2.48754671924e-05
123 42 6.21886679809e-06
123 43 5.59698011828e-05
123 44 0.0
123 45 0.0
123 46 0.0
123 47 6.21886679809e-06
123 48 0.0
123 49 0.0
123 50 0.0
123 51 0.0
123 52 0.0
123 53 0.0
123 54 0.0
123 55 6.21886679809e-06
123 56 0.0
123 57 9.95018687695e-05
123 58 0.0
123 59 0.000155471669952
123 60 6.21886679809e-06
123 61 0.00159202990031
123 62 6.21886679809e-06
123 63 0.000155471669952
123 64 0.0
123 65 0.000223879204731
123 66 0.0
123 67 0.000398007475078
123 68 0.0
123 69 9.95018687695e-05
123 70 0.0
123 71 6.21886679809e-06
123 72 0.0
123 73 2.48754671924e-05
123 74 0.0
123 75 0.0
123 76 0.0
123 77 6.21886679809e-06
123 78 0.0
123 79 0.0
123 80 0.0
123 81 0.0
123 82 0.0
123 83 0.0
123 84 0.0
123 85 0.000304724473107
123 86 0.0
123 87 0.000621886679809
123 88 0.0
123 89 0.00179725250465
123 90 0.0
123 91 9.95018687695e-05
123 92 0.0
123 93 0.000752482882569
123 94 0.0
123 95 0.00179725250465
123 96 0.0
123 97 5.59698011828e-05
123 98 0.0
123 99 0.0
123 100 0.0
123 101 6.21886679809e-06
123 102 0.0
123 103 6.21886679809e-06
123 104 0.0
123 105 0.0
123 106 0.0
123 107 0.0
123 108 0.0
123 109 0.000304724473107
123 110 0.0
123 111 0.000155471669952
123 112 0.0
123 113 2.48754671924e-05
123 114 0.0
123 115 0.00453355389581
123 116 0.0
123 117 0.00201491284258
123 118 0.0
123 119 0.000304724473107
123 120 0.0
123 121 0.0
123 122 0.0
123 123 0.0
123 124 0.0
123 125 0.0
123 126 0.0
123 127 0.00201491284258
123 128 0.0
123 129 0.0094588963999
123 130 6.21886679809e-06
123 131 0.0048755915697
123 132 0.0
123 133 0.00718901001859
123 134 6.21886679809e-06
123 135 0.000895516818925
123 136 0.0
123 137 6.21886679809e-06
123 138 0.0
123 139 0.0
123 140 0.0
123 141 0.0
123 142 0.0
123 143 0.0
123 144 0.0
123 145 0.0
123 146 0.0
123 147 0.0
123 148 0.0
123 149 0.0
123 150 0.0
123 151 0.0
123 152 0.0
123 153 0.0
123 154 0.0
123 155 0.0
123 156 0.0
123 157 0.0
123 158 0.0
123 159 0.0
123 160 0.0
123 161 0.0
123 162 0.0
123 163 0.0
123 164 0.0
123 165 0.0
123 166 0.0
123 167 0.0
123 168 0.0
123 169 0.0
123 170 0.0
123 171 0.0
123 172 0.0
123 173 0.0
123 174 0.0
123 175 0.0
123 176 0.0
123 177 0.0
123 178 0.0
123 179 0.0
123 180 0.0
123 181 0.0
123 182 0.0
123 183 0.0
123 184 0.0
123 185 0.0
123 186 0.0
123 187 0.0
123 188 0.0
123 189 0.0
123 190 0.0
123 191 0.0
123 192 0.0
123 193 0.0
123 194 0.0
123 195 0.0
123 196 0.0
123 197 0.0
123 198 0.0
123 199 0.0
123 200 0.0
123 201 0.0
123 202 0.0
123 203 0.0
123 204 0.0
123 205 0.0
123 206 0.0
123 207 0.0
123 208 0.0
123 209 0.0
123 210 0.0
123 211 0.0
123 212 0.0
123 213 0.0
123 214 0.0
123 215 0.0
123 216 0.0
123 217 0.0
123 218 0.0
123 219 0.0
123 220 0.0
123 221 0.0
123 222 0.0
123 223 0.0
123 224 0.0
123 225 0.0
123 226 0.0
123 227 0.0
123 228 0.0
123 229 0.0
123 230 0.0
123 231 0.0
123 232 0.0
123 233 0.0
123 234 0.0
123 235 0.0
123 236 0.0
123 237 0.0
123 238 0.0
123 239 0.0
123 240 0.0
123 241 0.0
123 242 0.0
123 243 0.0
123 244 0.0
123 245 0.0
123 246 0.0
123 247 0.0
123 248 0.0
123 249 0.0
123 250 0.0
123 251 0.0
123 252 0.0
123 253 0.0
123 254 0.0
123 255 0.0
123 256 0.0
123 257 0.0
123 258 0.0
123 259 0.0
123 260 0.0
123 261 0.0
123 262 0.0
123 263 0.0
123 264 0.0
123 265 0.0
123 266 0.0
123 267 0.0
123 268 0.0
123 269 0.0
123 270 0.0
123 271 0.0
123 272 0.0
123 273 0.0
123 274 0.0
123 275 0.0
123 276 0.0
123 277 5.59698011828e-05
123 278 6.21886679809e-06
123 279 5.59698011828e-05
123 280 0.0
123 281 6.21886679809e-06
123 282 0.0
123 283 0.000895516818925
123 284 0.0
123 285 0.00420395395551
123 286 0.0
123 287 0.000895516818925
123 288 0.0
123 289 0.0035820672757
123 290 0.0
123 291 0.000503728210645
123 292 6.21886679809e-06
123 293 0.000155471669952
123 294 0.0
123 295 6.21886679809e-06
123 296 0.0
123 297 0.0
123 298 0.0
123 299 6.21886679809e-06
123 300 0.0
123 301 0.000155471669952
123 302 6.21886679809e-06
123 303 0.000223879204731
123 304 0.0
123 305 5.59698011828e-05
123 306 6.21886679809e-06
123 307 0.00420395395551
123 308 0.0
123 309 0.00139924502957
123 310 0.0
123 311 0.000155471669952
123 312 0.0
123 313 0.0
123 314 0.0
123 315 6.21886679809e-06
123 316 0.0
123 317 2.48754671924e-05
123 318 0.0
123 319 6.21886679809e-06
123 320 0.0
123 321 2.48754671924e-05
123 322 0.0
123 323 6.21886679809e-06
123 324 0.0
123 325 0.00139924502957
123 326 0.0
123 327 0.00139924502957
123 328 0.0
123 329 9.95018687695e-05
123 330 0.0
123 331 6.21886679809e-06
123 332 0.0
123 333 2.48754671924e-05
123 334 0.0
123 335 0.0
123 336 0.0
123 337 0.0
123 338 0.0
123 339 0.0
123 340 0.0
123 341 0.000304724473107
123 342 0.0
123 343 0.00139924502957
123 344 0.0
123 345 0.000304724473107
123 346 0.0
123 347 9.95018687695e-05
123 348 0.0
123 349 0.000895516818925
123 350 0.0
123 351 0.000621886679809
123 352 0.0
123 353 0.000155471669952
123 354 0.0
123 355 6.21886679809e-06
123 356 0.0
123 357 0.0
123 358 0.0
123 359 0.0
123 360 0.0
123 361 0.0
123 362 0.0
123 363 2.48754671924e-05
123 364 0.0
123 365 6.21886679809e-06
123 366 0.0
123 367 0.000304724473107
123 368 0.0
123 369 9.95018687695e-05
123 370 0.0
123 371 0.000398007475078
123 372 6.21886679809e-06
123 373 0.000155471669952
123 374 0.0
123 375 9.95018687695e-05
123 376 0.0
123 377 6.21886679809e-06
123 378 6.21886679809e-06
123 379 0.0
123 380 6.21886679809e-06
123 381 5.59698011828e-05
123 382 6.21886679809e-06
123 383 5.59698011828e-05
123 384 6.21886679809e-06
123 385 2.48754671924e-05
123 386 0.0
123 387 2.48754671924e-05
123 388 0.0
123 389 0.0
123 390 0.0
123 391 5.59698011828e-05
123 392 0.0
123 393 5.59698011828e-05
123 394 0.0
123 395 6.21886679809e-06
123 396 0.0
123 397 6.21886679809e-06
123 398 0.0
123 399 6.21886679809e-06
123 400 0.0
124 0 0.0
124 1 2.48754671924e-05
124 2 0.0
124 3 2.48754671924e-05
124 4 0.0
124 5 0.000155471669952
124 6 0.0
124 7 0.000223879204731
124 8 0.0
124 9 2.48754671924e-05
124 10 0.0
124 11 0.000503728210645
124 12 0.0
124 13 5.59698011828e-05
124 14 0.0
124 15 2.48754671924e-05
124 16 0.0
124 17 0.000155471669952
124 18 0.0
124 19 6.21886679809e-06
124 20 0.0
124 21 2.48754671924e-05
124 22 0.0
124 23 6.21886679809e-06
124 24 0.0
124 25 6.21886679809e-06
124 26 0.0
124 27 6.21886679809e-06
124 28 0.0
124 29 0.000304724473107
124 30 0.0
124 31 9.95018687695e-05
124 32 0.0
124 33 2.48754671924e-05
124 34 0.0
124 35 6.21886679809e-06
124 36 0.0
124 37 0.000621886679809
124 38 0.0
124 39 0.000223879204731
124 40 0.0
124 41 6.21886679809e-06
124 42 0.0
124 43 5.59698011828e-05
124 44 0.0
124 45 0.0
124 46 0.0
124 47 6.21886679809e-06
124 48 0.0
124 49 0.0
124 50 0.0
124 51 0.0
124 52 0.0
124 53 0.0
124 54 0.0
124 55 6.21886679809e-06
124 56 0.0
124 57 9.95018687695e-05
124 58 0.0
124 59 0.000155471669952
124 60 0.0
124 61 0.00121889789243
124 62 0.0
124 63 0.000155471669952
124 64 0.0
124 65 0.000223879204731
124 66 0.0
124 67 0.000398007475078
124 68 0.0
124 69 9.95018687695e-05
124 70 0.0
124 71 6.21886679809e-06
124 72 0.0
124 73 2.48754671924e-05
124 74 0.0
124 75 0.0
124 76 0.0
124 77 6.21886679809e-06
124 78 0.0
124 79 0.0
124 80 0.0
124 81 0.0
124 82 0.0
124 83 0.0
124 84 0.0
124 85 0.000304724473107
124 86 0.0
124 87 0.000621886679809
124 88 0.0
124 89 0.00179725250465
124 90 0.0
124 91 9.95018687695e-05
124 92 0.0
124 93 0.000752482882569
124 94 0.0
124 95 0.00179725250465
124 96 0.0
124 97 5.59698011828e-05
124 98 0.0
124 99 0.0
124 100 0.0
124 101 6.21886679809e-06
124 102 0.0
124 103 6.21886679809e-06
124 104 0.0
124 105 0.0
124 106 0.0
124 107 0.0
124 108 0.0
124 109 0.000304724473107
124 110 0.0
124 111 0.000155471669952
124 112 0.0
124 113 2.48754671924e-05
124 114 0.0
124 115 0.00453355389581
124 116 0.0
124 117 0.00201491284258
124 118 0.0
124 119 0.000304724473107
124 120 0.0
124 121 0.0
124 122 0.0
124 123 0.0
124 124 0.0
124 125 0.0
124 126 0.0
124 127 0.00201491284258
124 128 0.0
124 129 0.00898004365644
124 130 0.0
124 131 0.0048755915697
124 132 0.0
124 133 0.00761811182766
124 134 0.0
124 135 0.000752482882569
124 136 0.0
124 137 6.21886679809e-06
124 138 0.0
124 139 0.0
124 140 0.0
124 141 0.0
124 142 0.0
124 143 0.0
124 144 0.0
124 145 0.0
124 146 0.0
124 147 0.0
124 148 0.0
124 149 0.0
124 150 0.0
124 151 0.0
124 152 0.0
124 153 0.0
124 154 0.0
124 155 0.0
124 156 0.0
124 157 0.0
124 158 0.0
124 159 0.0
124 160 0.0
124 161 0.0
124 162 0.0
124 163 0.0
124 164 0.0
124 165 0.0
124 166 0.0
124 167 0.0
124 168 0.0
124 169 0.0
124 170 0.0
124 171 0.0
124 172 0.0
124 173 0.0
124 174 0.0
124 175 0.0
124 176 0.0
124 177 0.0
124 178 0.0
124 179 0.0
124 180 0.0
124 181 0.0
124 182 0.0
124 183 0.0
124 184 0.0
124 185 0.0
124 186 0.0
124 187 0.0
124 188 0.0
124 189 0.0
124 190 0.0
124 191 0.0
124 192 0.0
124 193 0.0
124 194 0.0
124 195 0.0
124 196 0.0
124 197 0.0
124 198 0.0
124 199 0.0
124 200 0.0
124 201 0.0
124 202 0.0
124 203 0.0
124 204 0.0
124 205 0.0
124 206 0.0
124 207 0.0
124 208 0.0
124 209 0.0
124 210 0.0
124 211 0.0
124 212 0.0
124 213 0.0
124 214 0.0
124 215 0.0
124 216 0.0
124 217 0.0
124 218 0.0
124 219 0.0
124 220 0.0
124 221 0.0
124 222 0.0
124 223 0.0
124 224 0.0
124 225 0.0
124 226 0.0
124 227 0.0
124 228 0.0
124 229 0.0
124 230 0.0
124 231 0.0
124 232 0.0
124 233 0.0
124 234 0.0
124 235 0.0
124 236 0.0
124 237 0.0
124 238 0.0
124 239 0.0
124 240 0.0
124 241 0.0
124 242 0.0
124 243 0.0
124 244 0.0
124 245 0.0
124 246 0.0
124 247 0.0
124 248 0.0
124 249 0.0
124 250 0.0
124 251 0.0
124 252 0.0
124 253 0.0
124 254 0.0
124 255 0.0
124 256 0.0
124 257 0.0
124 258 0.0
124 259 0.0
124 260 0.0
124 261 0.0
124 262 0.0
124 263 0.0
124 264 0.0
124 265 0.0
124 266 0.0
124 267 0.0
124 268 0.0
124 269 0.0
124 270 0.0
124 271 0.0
124 272 0.0
124 273 0.0
124 274 0.0
124 275 0.0
124 276 0.0
124 277 5.59698011828e-05
124 278 0.0
124 279 2.48754671924e-05
124 280 0.0
124 281 6.21886679809e-06
124 282 0.0
124 283 0.000895516818925
124 284 0.0
124 285 0.00420395395551
124 286 0.0
124 287 0.000895516818925
124 288 0.0
124 289 0.0035820672757
124 290 0.0
124 291 0.000503728210645
124 292 0.0
124 293 9.95018687695e-05
124 294 0.0
124 295 6.21886679809e-06
124 296 0.0
124 297 0.0
124 298 0.0
124 299 6.21886679809e-06
124 300 0.0
124 301 0.000223879204731
124 302 0.0
124 303 0.000155471669952
124 304 0.0
124 305 5.59698011828e-05
124 306 0.0
124 307 0.00453355389581
124 308 0.0
124 309 0.00139924502957
124 310 0.0
124 311 0.000155471669952
124 312 0.0
124 313 0.0
124 314 0.0
124 315 6.21886679809e-06
124 316 0.0
124 317 2.48754671924e-05
124 318 0.0
124 319 6.21886679809e-06
124 320 0.0
124 321 2.48754671924e-05
124 322 0.0
124 323 6.21886679809e-06
124 324 0.0
124 325 0.00139924502957
124 326 0.0
124 327 0.00139924502957
124 328 0.0
124 329 9.95018687695e-05
124 330 0.0
124 331 6.21886679809e-06
124 332 0.0
124 333 2.48754671924e-05
124 334 0.0
124 335 0.0
124 336 0.0
124 337 0.0
124 338 0.0
124 339 0.0
124 340 0.0
124 341 0.000304724473107
124 342 0.0
124 343 0.00139924502957
124 344 0.0
124 345 0.000304724473107
124 346 0.0
124 347 9.95018687695e-05
124 348 0.0
124 349 0.000895516818925
124 350 0.0
124 351 0.000621886679809
124 352 0.0
124 353 0.000155471669952
124 354 0.0
124 355 6.21886679809e-06
124 356 0.0
124 357 0.0
124 358 0.0
124 359 0.0
124 360 0.0
124 361 0.0
124 362 0.0
124 363 2.48754671924e-05
124 364 0.0
124 365 6.21886679809e-06
124 366 0.0
124 367 0.000304724473107
124 368 0.0
124 369 9.95018687695e-05
124 370 0.0
124 371 0.000398007475078
124 372 0.0
124 373 0.000223879204731
124 374 0.0
124 375 9.95018687695e-05
124 376 0.0
124 377 6.21886679809e-06
124 378 0.0
124 379 6.21886679809e-06
124 380 0.0
124 381 9.95018687695e-05
124 382 0.0
124 383 2.48754671924e-05
124 384 0.0
124 385 2.48754671924e-05
124 386 0.0
124 387 2.48754671924e-05
124 388 0.0
124 389 0.0
124 390 0.0
124 391 5.59698011828e-05
124 392 0.0
124 393 5.59698011828e-05
124 394 0.0
124 395 6.21886679809e-06
124 396 0.0
124 397 6.21886679809e-06
124 398 0.0
124 399 6.21886679809e-06
124 400 0.0
125 0 0.0
125 1 2.48754671924e-05
125 2 0.0
125 3 2.48754671924e-05
125 4 0.0
125 5 0.000155471669952
125 6 0.0
125 7 0.000223879204731
125 8 0.0
125 9 2.48754671924e-05
125 10 0.0
125 11 0.000503728210645
125 12 0.0
125 13 5.59698011828e-05
125 14 0.0
125 15 5.59698011828e-05
125 16 6.21886679809e-06
125 17 5.59698011828e-05
125 18 6.21886679809e-06
125 19 6.21886679809e-06
125 20 0.0
125 21 6.21886679809e-06
125 22 0.0
125 23 6.21886679809e-06
125 24 0.0
125 25 6.21886679809e-06
125 26 0.0
125 27 6.21886679809e-06
125 28 0.0
125 29 0.000304724473107
125 30 0.0
125 31 9.95018687695e-05
125 32 0.0
125 33 2.48754671924e-05
125 34 0.0
125 35 6.21886679809e-06
125 36 0.0
125 37 0.000621886679809
125 38 0.0
125 39 0.000223879204731
125 40 0.0
125 41 6.21886679809e-06
125 42 0.0
125 43 5.59698011828e-05
125 44 0.0
125 45 0.0
125 46 0.0
125 47 6.21886679809e-06
125 48 0.0
125 49 0.0
125 50 0.0
125 51 0.0
125 52 0.0
125 53 0.0
125 54 0.0
125 55 6.21886679809e-06
125 56 0.0
125 57 9.95018687695e-05
125 58 0.0
125 59 0.000155471669952
125 60 0.0
125 61 0.00121889789243
125 62 0.0
125 63 0.000155471669952
125 64 0.0
125 65 0.000223879204731
125 66 0.0
125 67 0.000398007475078
125 68 0.0
125 69 9.95018687695e-05
125 70 0.0
125 71 6.21886679809e-06
125 72 0.0
125 73 2.48754671924e-05
125 74 0.0
125 75 0.0
125 76 0.0
125 77 6.21886679809e-06
125 78 0.0
125 79 0.0
125 80 0.0
125 81 0.0
125 82 0.0
125 83 0.0
125 84 0.0
125 85 0.000304724473107
125 86 0.0
125 87 0.000621886679809
125 88 0.0
125 89 0.00179725250465
125 90 0.0
125 91 9.95018687695e-05
125 92 0.0
125 93 0.000752482882569
125 94 0.0
125 95 0.00179725250465
125 96 0.0
125 97 5.59698011828e-05
125 98 0.0
125 99 0.0
125 100 0.0
125 101 6.21886679809e-06
125 102 0.0
125 103 6.21886679809e-06
125 104 0.0
125 105 0.0
125 106 0.0
125 107 0.0
125 108 0.0
125 109 0.000304724473107
125 110 0.0
125 111 0.000155471669952
125 112 0.0
125 113 2.48754671924e-05
125 114 0.0
125 115 0.00453355389581
125 116 0.0
125 117 0.00201491284258
125 118 0.0
125 119 0.000304724473107
125 120 0.0
125 121 0.0
125 122 0.0
125 123 0.0
125 124 0.0
125 125 0.0
125 126 0.0
125 127 0.00201491284258
125 128 6.21886679809e-06
125 129 0.0094588963999
125 130 0.0
125 131 0.0048755915697
125 132 6.21886679809e-06
125 133 0.00761811182766
125 134 0.0
125 135 0.000752482882569
125 136 0.0
125 137 6.21886679809e-06
125 138 0.0
125 139 6.21886679809e-06
125 140 0.0
125 141 0.0
125 142 0.0
125 143 6.21886679809e-06
125 144 6.21886679809e-06
125 145 6.21886679809e-06
125 146 6.21886679809e-06
125 147 6.21886679809e-06
125 148 6.21886679809e-06
125 149 6.21886679809e-06
125 150 6.21886679809e-06
125 151 6.21886679809e-06
125 152 6.21886679809e-06
125 153 6.21886679809e-06
125 154 6.21886679809e-06
125 155 6.21886679809e-06
125 156 6.21886679809e-06
125 157 6.21886679809e-06
125 158 6.21886679809e-06
125 159 6.21886679809e-06
125 160 6.21886679809e-06
125 161 6.21886679809e-06
125 162 6.21886679809e-06
125 163 6.21886679809e-06
125 164 0.0
125 165 0.0
125 166 0.0
125 167 6.21886679809e-06
125 168 0.0
125 169 0.0
125 170 0.0
125 171 6.21886679809e-06
125 172 6.21886679809e-06
125 173 2.48754671924e-05
125 174 6.21886679809e-06
125 175 2.48754671924e-05
125 176 6.21886679809e-06
125 177 6.21886679809e-06
125 178 0.0
125 179 0.0
125 180 0.0
125 181 0.0
125 182 0.0
125 183 0.0
125 184 0.0
125 185 0.0
125 186 0.0
125 187 0.0
125 188 0.0
125 189 0.0
125 190 0.0
125 191 0.0
125 192 0.0
125 193 0.0
125 194 0.0
125 195 0.0
125 196 0.0
125 197 0.0
125 198 0.0
125 199 6.21886679809e-06
125 200 6.21886679809e-06
125 201 2.48754671924e-05
125 202 6.21886679809e-06
125 203 6.21886679809e-06
125 204 6.21886679809e-06
125 205 6.21886679809e-06
125 206 0.0
125 207 0.0
125 208 0.0
125 209 6.21886679809e-06
125 210 0.0
125 211 0.0
125 212 0.0
125 213 6.21886679809e-06
125 214 6.21886679809e-06
125 215 2.48754671924e-05
125 216 6.21886679809e-06
125 217 6.21886679809e-06
125 218 6.21886679809e-06
125 219 6.21886679809e-06
125 220 6.21886679809e-06
125 221 6.21886679809e-06
125 222 6.21886679809e-06
125 223 6.21886679809e-06
125 224 6.21886679809e-06
125 225 6.21886679809e-06
125 226 6.21886679809e-06
125 227 6.21886679809e-06
125 228 6.21886679809e-06
125 229 6.21886679809e-06
125 230 6.21886679809e-06
125 231 6.21886679809e-06
125 232 6.21886679809e-06
125 233 6.21886679809e-06
125 234 6.21886679809e-06
125 235 6.21886679809e-06
125 236 6.21886679809e-06
125 237 6.21886679809e-06
125 238 6.21886679809e-06
125 239 6.21886679809e-06
125 240 6.21886679809e-06
125 241 6.21886679809e-06
125 242 6.21886679809e-06
125 243 6.21886679809e-06
125 244 6.21886679809e-06
125 245 6.21886679809e-06
125 246 6.21886679809e-06
125 247 6.21886679809e-06
125 248 6.21886679809e-06
125 249 6.21886679809e-06
125 250 6.21886679809e-06
125 251 6.21886679809e-06
125 252 6.21886679809e-06
125 253 6.21886679809e-06
125 254 6.21886679809e-06
125 255 6.21886679809e-06
125 256 6.21886679809e-06
125 257 6.21886679809e-06
125 258 6.21886679809e-06
125 259 6.21886679809e-06
125 260 6.21886679809e-06
125 261 6.21886679809e-06
125 262 6.21886679809e-06
125 263 6.21886679809e-06
125 264 6.21886679809e-06
125 265 6.21886679809e-06
125 266 6.21886679809e-06
125 267 6.21886679809e-06
125 268 6.21886679809e-06
125 269 6.21886679809e-06
125 270 6.21886679809e-06
125 271 6.21886679809e-06
125 272 6.21886679809e-06
125 273 6.21886679809e-06
125 274 6.21886679809e-06
125 275 6.21886679809e-06
125 276 6.21886679809e-06
125 277 5.59698011828e-05
125 278 0.0
125 279 2.48754671924e-05
125 280 0.0
125 281 6.21886679809e-06
125 282 0.0
125 283 0.00105098848888
125 284 6.21886679809e-06
125 285 0.00388679174881
125 286 0.0
125 287 0.000752482882569
125 288 6.21886679809e-06
125 289 0.00388679174881
125 290 0.0
125 291 0.000621886679809
125 292 0.0
125 293 9.95018687695e-05
125 294 0.0
125 295 6.21886679809e-06
125 296 0.0
125 297 0.0
125 298 0.0
125 299 6.21886679809e-06
125 300 0.0
125 301 0.000223879204731
125 302 0.0
125 303 0.000223879204731
125 304 6.21886679809e-06
125 305 2.48754671924e-05
125 306 0.0
125 307 0.00453355389581
125 308 0.0
125 309 0.00139924502957
125 310 0.0
125 311 0.000155471669952
125 312 0.0
125 313 0.0
125 314 0.0
125 315 6.21886679809e-06
125 316 0.0
125 317 2.48754671924e-05
125 318 0.0
125 319 6.21886679809e-06
125 320 0.0
125 321 2.48754671924e-05
125 322 0.0
125 323 6.21886679809e-06
125 324 0.0
125 325 0.00139924502957
125 326 0.0
125 327 0.00139924502957
125 328 0.0
125 329 9.95018687695e-05
125 330 0.0
125 331 6.21886679809e-06
125 332 0.0
125 333 2.48754671924e-05
125 334 0.0
125 335 0.0
125 336 0.0
125 337 0.0
125 338 0.0
125 339 0.0
125 340 0.0
125 341 0.000304724473107
125 342 0.0
125 343 0.00139924502957
125 344 0.0
125 345 0.000304724473107
125 346 0.0
125 347 9.95018687695e-05
125 348 0.0
125 349 0.000895516818925
125 350 0.0
125 351 0.000621886679809
125 352 0.0
125 353 0.000155471669952
125 354 0.0
125 355 6.21886679809e-06
125 356 0.0
125 357 0.0
125 358 0.0
125 359 0.0
125 360 0.0
125 361 0.0
125 362 0.0
125 363 2.48754671924e-05
125 364 0.0
125 365 6.21886679809e-06
125 366 0.0
125 367 0.000304724473107
125 368 0.0
125 369 9.95018687695e-05
125 370 0.0
125 371 0.000398007475078
125 372 0.0
125 373 0.000223879204731
125 374 0.0
125 375 0.000155471669952
125 376 6.21886679809e-06
125 377 6.21886679809e-06
125 378 0.0
125 379 6.21886679809e-06
125 380 0.0
125 381 9.95018687695e-05
125 382 0.0
125 383 2.48754671924e-05
125 384 0.0
125 385 2.48754671924e-05
125 386 0.0
125 387 2.48754671924e-05
125 388 0.0
125 389 0.0
125 390 0.0
125 391 5.59698011828e-05
125 392 0.0
125 393 5.59698011828e-05
125 394 0.0
125 395 6.21886679809e-06
125 396 0.0
125 397 6.21886679809e-06
125 398 0.0
125 399 6.21886679809e-06
125 400 0.0
126 0 0.0
126 1 2.48754671924e-05
126 2 0.0
126 3 2.48754671924e-05
126 4 0.0
126 5 0.000155471669952
126 6 0.0
126 7 0.000223879204731
126 8 0.0
126 9 2.48754671924e-05
126 10 0.0
126 11 0.000503728210645
126 12 0.0
126 13 5.59698011828e-05
126 14 0.0
126 15 2.48754671924e-05
126 16 0.0
126 17 0.000155471669952
126 18 0.0
126 19 6.21886679809e-06
126 20 0.0
126 21 2.48754671924e-05
126 22 0.0
126 23 6.21886679809e-06
126 24 0.0
126 25 6.21886679809e-06
126 26 0.0
126 27 6.21886679809e-06
126 28 0.0
126 29 0.000304724473107
126 30 0.0
126 31 9.95018687695e-05
126 32 0.0
126 33 2.48754671924e-05
126 34 0.0
126 35 6.21886679809e-06
126 36 0.0
126 37 0.000621886679809
126 38 0.0
126 39 0.000223879204731
126 40 0.0
126 41 6.21886679809e-06
126 42 0.0
126 43 5.59698011828e-05
126 44 0.0
126 45 0.0
126 46 0.0
126 47 6.21886679809e-06
126 48 0.0
126 49 0.0
126 50 0.0
126 51 0.0
126 52 0.0
126 53 0.0
126 54 0.0
126 55 6.21886679809e-06
126 56 0.0
126 57 9.95018687695e-05
126 58 0.0
126 59 0.000155471669952
126 60 0.0
126 61 0.00121889789243
126 62 0.0
126 63 0.000155471669952
126 64 0.0
126 65 0.000223879204731
126 66 0.0
126 67 0.000398007475078
126 68 0.0
126 69 9.95018687695e-05
126 70 0.0
126 71 6.21886679809e-06
126 72 0.0
126 73 2.48754671924e-05
126 74 0.0
126 75 0.0
126 76 0.0
126 77 6.21886679809e-06
126 78 0.0
126 79 0.0
126 80 0.0
126 81 0.0
126 82 0.0
126 83 0.0
126 84 0.0
126 85 0.000304724473107
126 86 0.0
126 87 0.000621886679809
126 88 0.0
126 89 0.00179725250465
126 90 0.0
126 91 9.95018687695e-05
126 92 0.0
126 93 0.000752482882569
126 94 0.0
126 95 0.00179725250465
126 96 0.0
126 97 5.59698011828e-05
126 98 0.0
126 99 0.0
126 100 0.0
126 101 6.21886679809e-06
126 102 0.0
126 103 6.21886679809e-06
126 104 0.0
126 105 0.0
126 106 0.0
126 107 0.0
126 108 0.0
126 109 0.000304724473107
126 110 0.0
126 111 0.000155471669952
126 112 0.0
126 113 2.48754671924e-05
126 114 0.0
126 115 0.00453355389581
126 116 0.0
126 117 0.00201491284258
126 118 0.0
126 119 0.000304724473107
126 120 0.0
126 121 0.0
126 122 0.0
126 123 0.0
126 124 0.0
126 125 0.0
126 126 0.0
126 127 0.00201491284258
126 128 0.0
126 129 0.00898004365644
126 130 0.0
126 131 0.0048755915697
126 132 0.0
126 133 0.00761811182766
126 134 0.0
126 135 0.000752482882569
126 136 0.0
126 137 6.21886679809e-06
126 138 0.0
126 139 0.0
126 140 0.0
126 141 0.0
126 142 0.0
126 143 0.0
126 144 0.0
126 145 0.0
126 146 0.0
126 147 0.0
126 148 0.0
126 149 0.0
126 150 0.0
126 151 0.0
126 152 0.0
126 153 0.0
126 154 0.0
126 155 0.0
126 156 0.0
126 157 0.0
126 158 0.0
126 159 0.0
126 160 0.0
126 161 0.0
126 162 0.0
126 163 0.0
126 164 0.0
126 165 0.0
126 166 0.0
126 167 0.0
126 168 0.0
126 169 0.0
126 170 0.0
126 171 0.0
126 172 0.0
126 173 0.0
126 174 0.0
126 175 0.0
126 176 0.0
126 177 0.0
126 178 0.0
126 179 0.0
126 180 0.0
126 181 0.0
126 182 0.0
126 183 0.0
126 184 0.0
126 185 0.0
126 186 0.0
126 187 0.0
126 188 0.0
126 189 0.0
126 190 0.0
126 191 0.0
126 192 0.0
126 193 0.0
126 194 0.0
126 195 0.0
126 196 0.0
126 197 0.0
126 198 0.0
126 199 0.0
126 200 0.0
126 201 0.0
126 202 0.0
126 203 0.0
126 204 0.0
126 205 0.0
126 206 0.0
126 207 0.0
126 208 0.0
126 209 0.0
126 210 0.0
126 211 0.0
126 212 0.0
126 213 0.0
126 214 0.0
126 215 0.0
126 216 0.0
126 217 0.0
126 218 0.0
126 219 0.0
126 220 0.0
126 221 0.0
126 222 0.0
126 223 0.0
126 224 0.0
126 225 0.0
126 226 0.0
126 227 0.0
126 228 0.0
126 229 0.0
126 230 0.0
126 231 0.0
126 232 0.0
126 233 0.0
126 234 0.0
126 235 0.0
126 236 0.0
126 237 0.0
126 238 0.0
126 239 0.0
126 240 0.0
126 241 0.0
126 242 0.0
126 243 0.0
126 244 0.0
126 245 0.0
126 246 0.0
126 247 0.0
126 248 0.0
126 249 0.0
126 250 0.0
126 251 0.0
126 252 0.0
126 253 0.0
126 254 0.0
126 255 0.0
126 256 0.0
126 257 0.0
126 258 0.0
126 259 0.0
126 260 0.0
126 261 0.0
126 262 0.0
126 263 0.0
126 264 0.0
126 265 0.0
126 266 0.0
126 267 0.0
126 268 0.0
126 269 0.0
126 270 0.0
126 271 0.0
126 272 0.0
126 273 0.0
126 274 0.0
126 275 0.0
126 276 0.0
126 277 5.59698011828e-05
126 278 0.0
126 279 2.48754671924e-05
126 280 0.0
126 281 6.21886679809e-06
126 282 0.0
126 283 0.000895516818925
126 284 0.0
126 285 0.00420395395551
126 286 0.0
126 287 0.000895516818925
126 288 0.0
126 289 0.0035820672757
126 290 0.0
126 291 0.000503728210645
126 292 0.0
126 293 9.95018687695e-05
126 294 0.0
126 295 6.21886679809e-06
126 296 0.0
126 297 0.0
126 298 0.0
126 299 6.21886679809e-06
126 300 0.0
126 301 0.000223879204731
126 302 0.0
126 303 0.000155471669952
126 304 0.0
126 305 5.59698011828e-05
126 306 0.0
126 307 0.00453355389581
126 308 0.0
126 309 0.00139924502957
126 310 0.0
126 311 0.000155471669952
126 312 0.0
126 313 0.0
126 314 0.0
126 315 6.21886679809e-06
126 316 0.0
126 317 2.48754671924e-05
126 318 0.0
126 319 6.21886679809e-06
126 320 0.0
126 321 2.48754671924e-05
126 322 0.0
126 323 6.21886679809e-06
126 324 0.0
126 325 0.00139924502957
126 326 0.0
126 327 0.00139924502957
126 328 0.0
126 329 9.95018687695e-05
126 330 0.0
126 331 6.21886679809e-06
126 332 0.0
126 333 2.48754671924e-05
126 334 0.0
126 335 0.0
126 336 0.0
126 337 0.0
126 338 0.0
126 339 0.0
126 340 0.0
126 341 0.000304724473107
126 342 0.0
126 343 0.00139924502957
126 344 0.0
126 345 0.000304724473107
126 346 0.0
126 347 9.95018687695e-05
126 348 0.0
126 349 0.000895516818925
126 350 0.0
126 351 0.000621886679809
126 352 0.0
126 353 0.000155471669952
126 354 0.0
126 355 6.21886679809e-06
126 356 0.0
126 357 0.0
126 358 0.0
126 359 0.0
126 360 0.0
126 361 0.0
126 362 0.0
126 363 2.48754671924e-05
126 364 0.0
126 365 6.21886679809e-06
126 366 0.0
126 367 0.000304724473107
126 368 0.0
126 369 9.95018687695e-05
126 370 0.0
126 371 0.000398007475078
126 372 0.0
126 373 0.000223879204731
126 374 0.0
126 375 9.95018687695e-05
126 376 0.0
126 377 6.21886679809e-06
126 378 0.0
126 379 6.21886679809e-06
126 380 0.0
126 381 9.95018687695e-05
126 382 0.0
126 383 2.48754671924e-05
126 384 0.0
126 385 2.48754671924e-05
126 386 0.0
126 387 2.48754671924e-05
126 388 0.0
126 389 0.0
126 390 0.0
126 391 5.59698011828e-05
126 392 0.0
126 393 5.59698011828e-05
126 394 0.0
126 395 6.21886679809e-06
126 396 0.0
126 397 6.21886679809e-06
126 398 0.0
126 399 6.21886679809e-06
126 400 0.0
127 0 0.0
127 1 2.48754671924e-05
127 2 0.0
127 3 2.48754671924e-05
127 4 0.0
127 5 0.000155471669952
127 6 0.0
127 7 0.000304724473107
127 8 6.21886679809e-06
127 9 5.59698011828e-05
127 10 6.21886679809e-06
127 11 0.000398007475078
127 12 0.0
127 13 5.59698011828e-05
127 14 0.0
127 15 2.48754671924e-05
127 16 0.0
127 17 0.000155471669952
127 18 0.0
127 19 6.21886679809e-06
127 20 0.0
127 21 2.48754671924e-05
127 22 0.0
127 23 6.21886679809e-06
127 24 0.0
127 25 6.21886679809e-06
127 26 0.0
127 27 6.21886679809e-06
127 28 0.0
127 29 0.000304724473107
127 30 0.0
127 31 9.95018687695e-05
127 32 0.0
127 33 2.48754671924e-05
127 34 0.0
127 35 6.21886679809e-06
127 36 0.0
127 37 0.000621886679809
127 38 0.0
127 39 0.000223879204731
127 40 0.0
127 41 6.21886679809e-06
127 42 0.0
127 43 5.59698011828e-05
127 44 0.0
127 45 0.0
127 46 0.0
127 47 6.21886679809e-06
127 48 0.0
127 49 0.0
127 50 0.0
127 51 0.0
127 52 0.0
127 53 0.0
127 54 0.0
127 55 6.21886679809e-06
127 56 0.0
127 57 9.95018687695e-05
127 58 0.0
127 59 0.000155471669952
127 60 0.0
127 61 0.00121889789243
127 62 0.0
127 63 0.000155471669952
127 64 0.0
127 65 0.000223879204731
127 66 0.0
127 67 0.000398007475078
127 68 0.0
127 69 9.95018687695e-05
127 70 0.0
127 71 6.21886679809e-06
127 72 0.0
127 73 2.48754671924e-05
127 74 0.0
127 75 0.0
127 76 0.0
127 77 6.21886679809e-06
127 78 0.0
127 79 0.0
127 80 0.0
127 81 0.0
127 82 0.0
127 83 0.0
127 84 0.0
127 85 0.000304724473107
127 86 0.0
127 87 0.000621886679809
127 88 0.0
127 89 0.00179725250465
127 90 0.0
127 91 9.95018687695e-05
127 92 0.0
127 93 0.000752482882569
127 94 0.0
127 95 0.00179725250465
127 96 0.0
127 97 5.59698011828e-05
127 98 0.0
127 99 0.0
127 100 0.0
127 101 6.21886679809e-06
127 102 0.0
127 103 6.21886679809e-06
127 104 0.0
127 105 0.0
127 106 0.0
127 107 0.0
127 108 0.0
127 109 0.000304724473107
127 110 0.0
127 111 0.000155471669952
127 112 0.0
127 113 2.48754671924e-05
127 114 0.0
127 115 0.00453355389581
127 116 0.0
127 117 0.00201491284258
127 118 0.0
127 119 0.000304724473107
127 120 0.0
127 121 0.0
127 122 0.0
127 123 0.0
127 124 0.0
127 125 0.0
127 126 0.0
127 127 0.00201491284258
127 128 0.0
127 129 0.00898004365644
127 130 0.0
127 131 0.0048755915697
127 132 0.0
127 133 0.00761811182766
127 134 0.0
127 135 0.000752482882569
127 136 0.0
127 137 6.21886679809e-06
127 138 0.0
127 139 0.0
127 140 0.0
127 141 0.0
127 142 0.0
127 143 0.0
127 144 0.0
127 145 6.21886679809e-06
127 146 0.0
127 147 0.0
127 148 0.0
127 149 6.21886679809e-06
127 150 2.48754671924e-05
127 151 2.48754671924e-05
127 152 6.21886679809e-06
127 153 0.0
127 154 6.21886679809e-06
127 155 6.21886679809e-06
127 156 2.48754671924e-05
127 157 6.21886679809e-06
127 158 0.0
127 159 0.0
127 160 0.0
127 161 6.21886679809e-06
127 162 0.0
127 163 0.0
127 164 0.0
127 165 0.0
127 166 0.0
127 167 0.0
127 168 0.0
127 169 0.0
127 170 0.0
127 171 0.0
127 172 0.0
127 173 0.0
127 174 0.0
127 175 0.0
127 176 0.0
127 177 0.0
127 178 0.0
127 179 0.0
127 180 0.0
127 181 0.0
127 182 0.0
127 183 0.0
127 184 0.0
127 185 0.0
127 186 0.0
127 187 0.0
127 188 0.0
127 189 0.0
127 190 0.0
127 191 0.0
127 192 0.0
127 193 0.0
127 194 0.0
127 195 0.0
127 196 0.0
127 197 0.0
127 198 0.0
127 199 0.0
127 200 0.0
127 201 0.0
127 202 0.0
127 203 0.0
127 204 0.0
127 205 0.0
127 206 0.0
127 207 0.0
127 208 0.0
127 209 0.0
127 210 0.0
127 211 0.0
127 212 0.0
127 213 0.0
127 214 0.0
127 215 0.0
127 216 0.0
127 217 0.0
127 218 0.0
127 219 0.0
127 220 0.0
127 221 0.0
127 222 0.0
127 223 0.0
127 224 0.0
127 225 0.0
127 226 0.0
127 227 0.0
127 228 0.0
127 229 0.0
127 230 0.0
127 231 0.0
127 232 0.0
127 233 0.0
127 234 0.0
127 235 0.0
127 236 0.0
127 237 0.0
127 238 0.0
127 239 0.0
127 240 0.0
127 241 0.0
127 242 0.0
127 243 0.0
127 244 0.0
127 245 0.0
127 246 0.0
127 247 0.0
127 248 0.0
127 249 0.0
127 250 0.0
127 251 0.0
127 252 0.0
127 253 0.0
127 254 0.0
127 255 0.0
127 256 0.0
127 257 0.0
127 258 0.0
127 259 0.0
127 260 0.0
127 261 0.0
127 262 0.0
127 263 0.0
127 264 0.0
127 265 0.000155471669952
127 266 0.000223879204731
127 267 9.95018687695e-05
127 268 0.0
127 269 6.21886679809e-06
127 270 5.59698011828e-05
127 271 2.48754671924e-05
127 272 0.0
127 273 0.0
127 274 0.0
127 275 6.21886679809e-06
127 276 0.0
127 277 5.59698011828e-05
127 278 0.0
127 279 2.48754671924e-05
127 280 0.0
127 281 6.21886679809e-06
127 282 0.0
127 283 0.000895516818925
127 284 0.0
127 285 0.00420395395551
127 286 0.0
127 287 0.000895516818925
127 288 0.0
127 289 0.0035820672757
127 290 0.0
127 291 0.000503728210645
127 292 0.0
127 293 9.95018687695e-05
127 294 0.0
127 295 6.21886679809e-06
127 296 0.0
127 297 0.0
127 298 0.0
127 299 6.21886679809e-06
127 300 0.0
127 301 0.000223879204731
127 302 0.0
127 303 0.000155471669952
127 304 0.0
127 305 5.59698011828e-05
127 306 0.0
127 307 0.00453355389581
127 308 0.0
127 309 0.00139924502957
127 310 0.0
127 311 0.000155471669952
127 312 0.0
127 313 0.0
127 314 0.0
127 315 6.21886679809e-06
127 316 0.0
127 317 2.48754671924e-05
127 318 0.0
127 319 6.21886679809e-06
127 320 0.0
127 321 2.48754671924e-05
127 322 0.0
127 323 6.21886679809e-06
127 324 0.0
127 325 0.00139924502957
127 326 0.0
127 327 0.00139924502957
127 328 0.0
127 329 9.95018687695e-05
127 330 0.0
127 331 6.21886679809e-06
127 332 0.0
127 333 2.48754671924e-05
127 334 0.0
127 335 0.0
127 336 0.0
127 337 0.0
127 338 0.0
127 339 0.0
127 340 0.0
127 341 0.000304724473107
127 342 0.0
127 343 0.00139924502957
127 344 0.0
127 345 0.000304724473107
127 346 0.0
127 347 9.95018687695e-05
127 348 0.0
127 349 0.000895516818925
127 350 0.0
127 351 0.000621886679809
127 352 0.0
127 353 0.000155471669952
127 354 0.0
127 355 6.21886679809e-06
127 356 0.0
127 357 0.0
127 358 0.0
127 359 0.0
127 360 0.0
127 361 0.0
127 362 0.0
127 363 2.48754671924e-05
127 364 0.0
127 365 6.21886679809e-06
127 366 0.0
127 367 0.000304724473107
127 368 0.0
127 369 9.95018687695e-05
127 370 0.0
127 371 0.000398007475078
127 372 6.21886679809e-06
127 373 0.000223879204731
127 374 6.21886679809e-06
127 375 0.000155471669952
127 376 2.48754671924e-05
127 377 0.0
127 378 0.0
127 379 0.0
127 380 6.21886679809e-06
127 381 5.59698011828e-05
127 382 6.21886679809e-06
127 383 2.48754671924e-05
127 384 0.0
127 385 2.48754671924e-05
127 386 0.0
127 387 2.48754671924e-05
127 388 0.0
127 389 0.0
127 390 0.0
127 391 5.59698011828e-05
127 392 0.0
127 393 5.59698011828e-05
127 394 0.0
127 395 6.21886679809e-06
127 396 0.0
127 397 6.21886679809e-06
127 398 0.0
127 399 6.21886679809e-06
127 400 0.0
128 0 0.0
128 1 2.48754671924e-05
128 2 0.0
128 3 2.48754671924e-05
128 4 0.0
128 5 0.000155471669952
128 6 0.0
128 7 0.000304724473107
128 8 0.0
128 9 5.59698011828e-05
128 10 0.0
128 11 0.000398007475078
128 12 0.0
128 13 5.59698011828e-05
128 14 0.0
128 15 2.48754671924e-05
128 16 0.0
128 17 0.000155471669952
128 18 0.0
128 19 6.21886679809e-06
128 20 0.0
128 21 2.48754671924e-05
128 22 0.0
128 23 6.21886679809e-06
128 24 0.0
128 25 6.21886679809e-06
128 26 0.0
128 27 6.21886679809e-06
128 28 0.0
128 29 0.000304724473107
128 30 0.0
128 31 9.95018687695e-05
128 32 0.0
128 33 2.48754671924e-05
128 34 0.0
128 35 6.21886679809e-06
128 36 0.0
128 37 0.000621886679809
128 38 0.0
128 39 0.000223879204731
128 40 0.0
128 41 6.21886679809e-06
128 42 0.0
128 43 5.59698011828e-05
128 44 0.0
128 45 0.0
128 46 0.0
128 47 6.21886679809e-06
128 48 0.0
128 49 0.0
128 50 0.0
128 51 0.0
128 52 0.0
128 53 0.0
128 54 0.0
128 55 6.21886679809e-06
128 56 0.0
128 57 9.95018687695e-05
128 58 0.0
128 59 0.000155471669952
128 60 0.0
128 61 0.00121889789243
128 62 0.0
128 63 0.000155471669952
128 64 0.0
128 65 0.000223879204731
128 66 0.0
128 67 0.000398007475078
128 68 0.0
128 69 9.95018687695e-05
128 70 0.0
128 71 6.21886679809e-06
128 72 0.0
128 73 2.48754671924e-05
128 74 0.0
128 75 0.0
128 76 0.0
128 77 6.21886679809e-06
128 78 0.0
128 79 0.0
128 80 0.0
128 81 0.0
128 82 0.0
128 83 0.0
128 84 0.0
128 85 0.000304724473107
128 86 0.0
128 87 0.000621886679809
128 88 0.0
128 89 0.00179725250465
128 90 0.0
128 91 9.95018687695e-05
128 92 0.0
128 93 0.000752482882569
128 94 0.0
128 95 0.00179725250465
128 96 0.0
128 97 5.59698011828e-05
128 98 0.0
128 99 0.0
128 100 0.0
128 101 6.21886679809e-06
128 102 0.0
128 103 6.21886679809e-06
128 104 0.0
128 105 0.0
128 106 0.0
128 107 0.0
128 108 0.0
128 109 0.000304724473107
128 110 0.0
128 111 0.000155471669952
128 112 0.0
128 113 2.48754671924e-05
128 114 0.0
128 115 0.00453355389581
128 116 0.0
128 117 0.00201491284258
128 118 0.0
128 119 0.000304724473107
128 120 0.0
128 121 0.0
128 122 0.0
128 123 0.0
128 124 0.0
128 125 0.0
128 126 0.0
128 127 0.00201491284258
128 128 0.0
128 129 0.00898004365644
128 130 0.0
128 131 0.0048755915697
128 132 0.0
128 133 0.00761811182766
128 134 0.0
128 135 0.000752482882569
128 136 0.0
128 137 6.21886679809e-06
128 138 0.0
128 139 0.0
128 140 0.0
128 141 0.0
128 142 0.0
128 143 0.0
128 144 0.0
128 145 6.21886679809e-06
128 146 0.0
128 147 0.0
128 148 0.0
128 149 6.21886679809e-06
128 150 0.0
128 151 0.0
128 152 0.0
128 153 6.21886679809e-06
128 154 0.0
128 155 6.21886679809e-06
128 156 0.0
128 157 6.21886679809e-06
128 158 0.0
128 159 0.0
128 160 0.0
128 161 6.21886679809e-06
128 162 0.0
128 163 0.0
128 164 0.0
128 165 0.0
128 166 0.0
128 167 0.0
128 168 0.0
128 169 0.0
128 170 0.0
128 171 0.0
128 172 0.0
128 173 0.0
128 174 0.0
128 175 0.0
128 176 0.0
128 177 0.0
128 178 0.0
128 179 0.0
128 180 0.0
128 181 0.0
128 182 0.0
128 183 0.0
128 184 0.0
128 185 0.0
128 186 0.0
128 187 0.0
128 188 0.0
128 189 0.0
128 190 0.0
128 191 0.0
128 192 0.0
128 193 0.0
128 194 0.0
128 195 0.0
128 196 0.0
128 197 0.0
128 198 0.0
128 199 0.0
128 200 0.0
128 201 0.0
128 202 0.0
128 203 0.0
128 204 0.0
128 205 0.0
128 206 0.0
128 207 0.0
128 208 0.0
128 209 0.0
128 210 0.0
128 211 0.0
128 212 0.0
128 213 0.0
128 214 0.0
128 215 0.0
128 216 0.0
128 217 0.0
128 218 0.0
128 219 0.0
128 220 0.0
128 221 0.0
128 222 0.0
128 223 0.0
128 224 0.0
128 225 0.0
128 226 0.0
128 227 0.0
128 228 0.0
128 229 0.0
128 230 0.0
128 231 0.0
128 232 0.0
128 233 0.0
128 234 0.0
128 235 0.0
128 236 0.0
128 237 0.0
128 238 0.0
128 239 0.0
128 240 0.0
128 241 0.0
128 242 0.0
128 243 0.0
128 244 0.0
128 245 0.0
128 246 0.0
128 247 0.0
128 248 0.0
128 249 0.0
128 250 0.0
128 251 0.0
128 252 0.0
128 253 0.0
128 254 0.0
128 255 0.0
128 256 0.0
128 257 0.0
128 258 0.0
128 259 0.0
128 260 0.0
128 261 0.0
128 262 0.0
128 263 0.0
128 264 0.0
128 265 9.95018687695e-05
128 266 0.0
128 267 2.48754671924e-05
128 268 0.0
128 269 9.95018687695e-05
128 270 0.0
128 271 2.48754671924e-05
128 272 0.0
128 273 0.0
128 274 0.0
128 275 6.21886679809e-06
128 276 0.0
128 277 5.59698011828e-05
128 278 0.0
128 279 2.48754671924e-05
128 280 0.0
128 281 6.21886679809e-06
128 282 0.0
128 283 0.000895516818925
128 284 0.0
128 285 0.00420395395551
128 286 0.0
128 287 0.000895516818925
128 288 0.0
128 289 0.0035820672757
128 290 0.0
128 291 0.000503728210645
128 292 0.0
128 293 9.95018687695e-05
128 294 0.0
128 295 6.21886679809e-06
128 296 0.0
128 297 0.0
128 298 0.0
128 299 6.21886679809e-06
128 300 0.0
128 301 0.000223879204731
128 302 0.0
128 303 0.000155471669952
128 304 0.0
128 305 5.59698011828e-05
128 306 0.0
128 307 0.00453355389581
128 308 0.0
128 309 0.00139924502957
128 310 0.0
128 311 0.000155471669952
128 312 0.0
128 313 0.0
128 314 0.0
128 315 6.21886679809e-06
128 316 0.0
128 317 2.48754671924e-05
128 318 0.0
128 319 6.21886679809e-06
128 320 0.0
128 321 2.48754671924e-05
128 322 0.0
128 323 6.21886679809e-06
128 324 0.0
128 325 0.00139924502957
128 326 0.0
128 327 0.00139924502957
128 328 0.0
128 329 9.95018687695e-05
128 330 0.0
128 331 6.21886679809e-06
128 332 0.0
128 333 2.48754671924e-05
128 334 0.0
128 335 0.0
128 336 0.0
128 337 0.0
128 338 0.0
128 339 0.0
128 340 0.0
128 341 0.000304724473107
128 342 0.0
128 343 0.00139924502957
128 344 0.0
128 345 0.000304724473107
128 346 0.0
128 347 9.95018687695e-05
128 348 0.0
128 349 0.000895516818925
128 350 0.0
128 351 0.000621886679809
128 352 0.0
128 353 0.000155471669952
128 354 0.0
128 355 6.21886679809e-06
128 356 0.0
128 357 0.0
128 358 0.0
128 359 0.0
128 360 0.0
128 361 0.0
128 362 0.0
128 363 2.48754671924e-05
128 364 0.0
128 365 6.21886679809e-06
128 366 0.0
128 367 0.000223879204731
128 368 0.0
128 369 9.95018687695e-05
128 370 0.0
128 371 0.000503728210645
128 372 0.0
128 373 0.000223879204731
128 374 0.0
128 375 5.59698011828e-05
128 376 0.0
128 377 0.0
128 378 0.0
128 379 6.21886679809e-06
128 380 0.0
128 381 2.48754671924e-05
128 382 0.0
128 383 2.48754671924e-05
128 384 0.0
128 385 2.48754671924e-05
128 386 0.0
128 387 2.48754671924e-05
128 388 0.0
128 389 0.0
128 390 0.0
128 391 5.59698011828e-05
128 392 0.0
128 393 5.59698011828e-05
128 394 0.0
128 395 6.21886679809e-06
128 396 0.0
128 397 6.21886679809e-06
128 398 0.0
128 399 6.21886679809e-06
128 400 0.0
129 0 0.0
129 1 2.48754671924e-05
129 2 0.0
129 3 2.48754671924e-05
129 4 0.0
129 5 0.000155471669952
129 6 0.0
129 7 0.000304724473107
129 8 6.21886679809e-06
129 9 5.59698011828e-05
129 10 6.21886679809e-06
129 11 0.000398007475078
129 12 0.0
129 13 5.59698011828e-05
129 14 0.0
129 15 2.48754671924e-05
129 16 0.0
129 17 0.000155471669952
129 18 0.0
129 19 6.21886679809e-06
129 20 0.0
129 21 2.48754671924e-05
129 22 0.0
129 23 6.21886679809e-06
129 24 0.0
129 25 6.21886679809e-06
129 26 0.0
129 27 6.21886679809e-06
129 28 0.0
129 29 0.000304724473107
129 30 0.0
129 31 9.95018687695e-05
129 32 0.0
129 33 2.48754671924e-05
129 34 0.0
129 35 6.21886679809e-06
129 36 0.0
129 37 0.000621886679809
129 38 0.0
129 39 0.000223879204731
129 40 0.0
129 41 6.21886679809e-06
129 42 0.0
129 43 5.59698011828e-05
129 44 0.0
129 45 0.0
129 46 0.0
129 47 6.21886679809e-06
129 48 0.0
129 49 0.0
129 50 0.0
129 51 0.0
129 52 0.0
129 53 0.0
129 54 0.0
129 55 6.21886679809e-06
129 56 0.0
129 57 9.95018687695e-05
129 58 0.0
129 59 0.000155471669952
129 60 0.0
129 61 0.00121889789243
129 62 0.0
129 63 0.000155471669952
129 64 0.0
129 65 0.000223879204731
129 66 0.0
129 67 0.000398007475078
129 68 0.0
129 69 9.95018687695e-05
129 70 0.0
129 71 6.21886679809e-06
129 72 0.0
129 73 2.48754671924e-05
129 74 0.0
129 75 0.0
129 76 0.0
129 77 6.21886679809e-06
129 78 0.0
129 79 0.0
129 80 0.0
129 81 0.0
129 82 0.0
129 83 0.0
129 84 0.0
129 85 0.000304724473107
129 86 0.0
129 87 0.000621886679809
129 88 0.0
129 89 0.00179725250465
129 90 0.0
129 91 9.95018687695e-05
129 92 0.0
129 93 0.000752482882569
129 94 0.0
129 95 0.00179725250465
129 96 0.0
129 97 5.59698011828e-05
129 98 0.0
129 99 0.0
129 100 0.0
129 101 6.21886679809e-06
129 102 0.0
129 103 6.21886679809e-06
129 104 0.0
129 105 0.0
129 106 0.0
129 107 0.0
129 108 0.0
129 109 0.000304724473107
129 110 0.0
129 111 0.000155471669952
129 112 0.0
129 113 2.48754671924e-05
129 114 0.0
129 115 0.00453355389581
129 116 0.0
129 117 0.00201491284258
129 118 0.0
129 119 0.000304724473107
129 120 0.0
129 121 0.0
129 122 0.0
129 123 0.0
129 124 0.0
129 125 0.0
129 126 0.0
129 127 0.00201491284258
129 128 0.0
129 129 0.00898004365644
129 130 0.0
129 131 0.0048755915697
129 132 0.0
129 133 0.00761811182766
129 134 0.0
129 135 0.000752482882569
129 136 0.0
129 137 6.21886679809e-06
129 138 0.0
129 139 0.0
129 140 0.0
129 141 0.0
129 142 0.0
129 143 0.0
129 144 0.0
129 145 6.21886679809e-06
129 146 0.0
129 147 0.0
129 148 0.0
129 149 6.21886679809e-06
129 150 0.0
129 151 6.21886679809e-06
129 152 6.21886679809e-06
129 153 5.59698011828e-05
129 154 9.95018687695e-05
129 155 9.95018687695e-05
129 156 6.21886679809e-06
129 157 5.59698011828e-05
129 158 5.59698011828e-05
129 159 9.95018687695e-05
129 160 5.59698011828e-05
129 161 5.59698011828e-05
129 162 5.59698011828e-05
129 163 5.59698011828e-05
129 164 5.59698011828e-05
129 165 5.59698011828e-05
129 166 5.59698011828e-05
129 167 5.59698011828e-05
129 168 5.59698011828e-05
129 169 5.59698011828e-05
129 170 5.59698011828e-05
129 171 5.59698011828e-05
129 172 5.59698011828e-05
129 173 5.59698011828e-05
129 174 5.59698011828e-05
129 175 5.59698011828e-05
129 176 5.59698011828e-05
129 177 5.59698011828e-05
129 178 5.59698011828e-05
129 179 5.59698011828e-05
129 180 5.59698011828e-05
129 181 5.59698011828e-05
129 182 5.59698011828e-05
129 183 5.59698011828e-05
129 184 5.59698011828e-05
129 185 5.59698011828e-05
129 186 5.59698011828e-05
129 187 5.59698011828e-05
129 188 5.59698011828e-05
129 189 5.59698011828e-05
129 190 5.59698011828e-05
129 191 5.59698011828e-05
129 192 5.59698011828e-05
129 193 5.59698011828e-05
129 194 5.59698011828e-05
129 195 5.59698011828e-05
129 196 5.59698011828e-05
129 197 5.59698011828e-05
129 198 5.59698011828e-05
129 199 5.59698011828e-05
129 200 5.59698011828e-05
129 201 5.59698011828e-05
129 202 5.59698011828e-05
129 203 5.59698011828e-05
129 204 5.59698011828e-05
129 205 5.59698011828e-05
129 206 5.59698011828e-05
129 207 5.59698011828e-05
129 208 5.59698011828e-05
129 209 5.59698011828e-05
129 210 5.59698011828e-05
129 211 5.59698011828e-05
129 212 5.59698011828e-05
129 213 5.59698011828e-05
129 214 5.59698011828e-05
129 215 5.59698011828e-05
129 216 5.59698011828e-05
129 217 5.59698011828e-05
129 218 5.59698011828e-05
129 219 5.59698011828e-05
129 220 5.59698011828e-05
129 221 5.59698011828e-05
129 222 5.59698011828e-05
129 223 5.59698011828e-05
129 224 5.59698011828e-05
129 225 5.59698011828e-05
129 226 5.59698011828e-05
129 227 5.59698011828e-05
129 228 5.59698011828e-05
129 229 5.59698011828e-05
129 230 5.59698011828e-05
129 231 5.59698011828e-05
129 232 5.59698011828e-05
129 233 5.59698011828e-05
129 234 5.59698011828e-05
129 235 5.59698011828e-05
129 236 5.59698011828e-05
129 237 5.59698011828e-05
129 238 5.59698011828e-05
129 239 5.59698011828e-05
129 240 5.59698011828e-05
129 241 5.59698011828e-05
129 242 5.59698011828e-05
129 243 5.59698011828e-05
129 244 5.59698011828e-05
129 245 5.59698011828e-05
129 246 5.59698011828e-05
129 247 5.59698011828e-05
129 248 5.59698011828e-05
129 249 5.59698011828e-05
129 250 5.59698011828e-05
129 251 5.59698011828e-05
129 252 5.59698011828e-05
129 253 5.59698011828e-05
129 254 5.59698011828e-05
129 255 5.59698011828e-05
129 256 5.59698011828e-05
129 257 5.59698011828e-05
129 258 5.59698011828e-05
129 259 9.95018687695e-05
129 260 5.59698011828e-05
129 261 5.59698011828e-05
129 262 2.48754671924e-05
129 263 5.59698011828e-05
129 264 2.48754671924e-05
129 265 9.95018687695e-05
129 266 2.48754671924e-05
129 267 5.59698011828e-05
129 268 2.48754671924e-05
129 269 2.48754671924e-05
129 270 2.48754671924e-05
129 271 2.48754671924e-05
129 272 0.0
129 273 0.0
129 274 0.0
129 275 6.21886679809e-06
129 276 0.0
129 277 5.59698011828e-05
129 278 0.0
129 279 2.48754671924e-05
129 280 0.0
129 281 6.21886679809e-06
129 282 0.0
129 283 0.000895516818925
129 284 0.0
129 285 0.00420395395551
129 286 0.0
129 287 0.000895516818925
129 288 0.0
129 289 0.0035820672757
129 290 0.0
129 291 0.000503728210645
129 292 0.0
129 293 9.95018687695e-05
129 294 0.0
129 295 6.21886679809e-06
129 296 0.0
129 297 0.0
129 298 0.0
129 299 6.21886679809e-06
129 300 0.0
129 301 0.000223879204731
129 302 0.0
129 303 0.000155471669952
129 304 0.0
129 305 5.59698011828e-05
129 306 0.0
129 307 0.00453355389581
129 308 0.0
129 309 0.00139924502957
129 310 0.0
129 311 0.000155471669952
129 312 0.0
129 313 0.0
129 314 0.0
129 315 6.21886679809e-06
129 316 0.0
129 317 2.48754671924e-05
129 318 0.0
129 319 6.21886679809e-06
129 320 0.0
129 321 2.48754671924e-05
129 322 0.0
129 323 6.21886679809e-06
129 324 0.0
129 325 0.00139924502957
129 326 0.0
129 327 0.00139924502957
129 328 0.0
129 329 9.95018687695e-05
129 330 0.0
129 331 6.21886679809e-06
129 332 0.0
129 333 2.48754671924e-05
129 334 0.0
129 335 0.0
129 336 0.0
129 337 0.0
129 338 0.0
129 339 0.0
129 340 0.0
129 341 0.000304724473107
129 342 0.0
129 343 0.00139924502957
129 344 0.0
129 345 0.000304724473107
129 346 0.0
129 347 9.95018687695e-05
129 348 0.0
129 349 0.000895516818925
129 350 0.0
129 351 0.000621886679809
129 352 0.0
129 353 0.000155471669952
129 354 0.0
129 355 6.21886679809e-06
129 356 0.0
129 357 0.0
129 358 0.0
129 359 0.0
129 360 0.0
129 361 0.0
129 362 0.0
129 363 2.48754671924e-05
129 364 0.0
129 365 6.21886679809e-06
129 366 0.0
129 367 0.000223879204731
129 368 0.0
129 369 9.95018687695e-05
129 370 0.0
129 371 0.000398007475078
129 372 0.0
129 373 0.000155471669952
129 374 6.21886679809e-06
129 375 5.59698011828e-05
129 376 0.0
129 377 2.48754671924e-05
129 378 0.0
129 379 0.0
129 380 6.21886679809e-06
129 381 2.48754671924e-05
129 382 6.21886679809e-06
129 383 5.59698011828e-05
129 384 6.21886679809e-06
129 385 2.48754671924e-05
129 386 0.0
129 387 2.48754671924e-05
129 388 0.0
129 389 0.0
129 390 0.0
129 391 5.59698011828e-05
129 392 0.0
129 393 5.59698011828e-05
129 394 0.0
129 395 6.21886679809e-06
129 396 0.0
129 397 6.21886679809e-06
129 398 0.0
129 399 6.21886679809e-06
129 400 0.0
130 0 0.0
130 1 2.48754671924e-05
130 2 0.0
130 3 2.48754671924e-05
130 4 0.0
130 5 0.000155471669952
130 6 0.0
130 7 0.000304724473107
130 8 0.0
130 9 2.48754671924e-05
130 10 0.0
130 11 0.000398007475078
130 12 0.0
130 13 5.59698011828e-05
130 14 0.0
130 15 2.48754671924e-05
130 16 0.0
130 17 0.000155471669952
130 18 0.0
130 19 6.21886679809e-06
130 20 0.0
130 21 2.48754671924e-05
130 22 0.0
130 23 6.21886679809e-06
130 24 0.0
130 25 6.21886679809e-06
130 26 0.0
130 27 6.21886679809e-06
130 28 0.0
130 29 0.000304724473107
130 30 0.0
130 31 9.95018687695e-05
130 32 0.0
130 33 2.48754671924e-05
130 34 0.0
130 35 6.21886679809e-06
130 36 0.0
130 37 0.000621886679809
130 38 0.0
130 39 0.000223879204731
130 40 0.0
130 41 6.21886679809e-06
130 42 0.0
130 43 5.59698011828e-05
130 44 0.0
130 45 0.0
130 46 0.0
130 47 6.21886679809e-06
130 48 0.0
130 49 0.0
130 50 0.0
130 51 0.0
130 52 0.0
130 53 0.0
130 54 0.0
130 55 6.21886679809e-06
130 56 0.0
130 57 9.95018687695e-05
130 58 0.0
130 59 0.000155471669952
130 60 0.0
130 61 0.00121889789243
130 62 0.0
130 63 0.000155471669952
130 64 0.0
130 65 0.000223879204731
130 66 0.0
130 67 0.000398007475078
130 68 0.0
130 69 9.95018687695e-05
130 70 0.0
130 71 6.21886679809e-06
130 72 0.0
130 73 2.48754671924e-05
130 74 0.0
130 75 0.0
130 76 0.0
130 77 6.21886679809e-06
130 78 0.0
130 79 0.0
130 80 0.0
130 81 0.0
130 82 0.0
130 83 0.0
130 84 0.0
130 85 0.000304724473107
130 86 0.0
130 87 0.000621886679809
130 88 0.0
130 89 0.00179725250465
130 90 0.0
130 91 9.95018687695e-05
130 92 0.0
130 93 0.000752482882569
130 94 0.0
130 95 0.00179725250465
130 96 0.0
130 97 5.59698011828e-05
130 98 0.0
130 99 0.0
130 100 0.0
130 101 6.21886679809e-06
130 102 0.0
130 103 6.21886679809e-06
130 104 0.0
130 105 0.0
130 106 0.0
130 107 0.0
130 108 0.0
130 109 0.000304724473107
130 110 0.0
130 111 0.000155471669952
130 112 0.0
130 113 2.48754671924e-05
130 114 0.0
130 115 0.00453355389581
130 116 0.0
130 117 0.00201491284258
130 118 0.0
130 119 0.000304724473107
130 120 0.0
130 121 0.0
130 122 0.0
130 123 0.0
130 124 0.0
130 125 0.0
130 126 0.0
130 127 0.00201491284258
130 128 0.0
130 129 0.00898004365644
130 130 0.0
130 131 0.0048755915697
130 132 0.0
130 133 0.00761811182766
130 134 0.0
130 135 0.000752482882569
130 136 0.0
130 137 6.21886679809e-06
130 138 0.0
130 139 0.0
130 140 0.0
130 141 0.0
130 142 0.0
130 143 0.0
130 144 0.0
130 145 6.21886679809e-06
130 146 0.0
130 147 0.0
130 148 0.0
130 149 0.0
130 150 0.0
130 151 0.0
130 152 0.0
130 153 0.0
130 154 0.0
130 155 2.48754671924e-05
130 156 0.0
130 157 2.48754671924e-05
130 158 0.0
130 159 6.21886679809e-06
130 160 0.0
130 161 0.0
130 162 0.0
130 163 0.0
130 164 0.0
130 165 0.0
130 166 0.0
130 167 0.0
130 168 0.0
130 169 0.0
130 170 0.0
130 171 0.0
130 172 0.0
130 173 0.0
130 174 0.0
130 175 0.0
130 176 0.0
130 177 0.0
130 178 0.0
130 179 0.0
130 180 0.0
130 181 0.0
130 182 0.0
130 183 0.0
130 184 0.0
130 185 0.0
130 186 0.0
130 187 0.0
130 188 0.0
130 189 0.0
130 190 0.0
130 191 0.0
130 192 0.0
130 193 0.0
130 194 0.0
130 195 0.0
130 196 0.0
130 197 0.0
130 198 0.0
130 199 0.0
130 200 0.0
130 201 0.0
130 202 0.0
130 203 0.0
130 204 0.0
130 205 0.0
130 206 0.0
130 207 0.0
130 208 0.0
130 209 0.0
130 210 0.0
130 211 0.0
130 212 0.0
130 213 0.0
130 214 0.0
130 215 0.0
130 216 0.0
130 217 0.0
130 218 0.0
130 219 0.0
130 220 0.0
130 221 0.0
130 222 0.0
130 223 0.0
130 224 0.0
130 225 0.0
130 226 0.0
130 227 0.0
130 228 0.0
130 229 6.21886679809e-06
130 230 0.0
130 231 0.0
130 232 0.0
130 233 6.21886679809e-06
130 234 0.0
130 235 6.21886679809e-06
130 236 0.0
130 237 0.0
130 238 0.0
130 239 6.21886679809e-06
130 240 0.0
130 241 0.0
130 242 0.0
130 243 0.0
130 244 0.0
130 245 0.0
130 246 0.0
130 247 0.0
130 248 0.0
130 249 6.21886679809e-06
130 250 0.0
130 251 6.21886679809e-06
130 252 0.0
130 253 0.0
130 254 0.0
130 255 0.0
130 256 0.0
130 257 0.0
130 258 0.0
130 259 6.21886679809e-06
130 260 0.0
130 261 0.0
130 262 0.0
130 263 0.0
130 264 0.0
130 265 2.48754671924e-05
130 266 0.0
130 267 6.21886679809e-06
130 268 0.0
130 269 2.48754671924e-05
130 270 0.0
130 271 0.0
130 272 0.0
130 273 0.0
130 274 0.0
130 275 0.0
130 276 0.0
130 277 5.59698011828e-05
130 278 0.0
130 279 2.48754671924e-05
130 280 0.0
130 281 6.21886679809e-06
130 282 0.0
130 283 0.000895516818925
130 284 0.0
130 285 0.00420395395551
130 286 0.0
130 287 0.000895516818925
130 288 0.0
130 289 0.0035820672757
130 290 0.0
130 291 0.000503728210645
130 292 0.0
130 293 9.95018687695e-05
130 294 0.0
130 295 6.21886679809e-06
130 296 0.0
130 297 0.0
130 298 0.0
130 299 6.21886679809e-06
130 300 0.0
130 301 0.000223879204731
130 302 0.0
130 303 0.000155471669952
130 304 0.0
130 305 5.59698011828e-05
130 306 0.0
130 307 0.00453355389581
130 308 0.0
130 309 0.00139924502957
130 310 0.0
130 311 0.000155471669952
130 312 0.0
130 313 0.0
130 314 0.0
130 315 6.21886679809e-06
130 316 0.0
130 317 2.48754671924e-05
130 318 0.0
130 319 6.21886679809e-06
130 320 0.0
130 321 2.48754671924e-05
130 322 0.0
130 323 6.21886679809e-06
130 324 0.0
130 325 0.00139924502957
130 326 0.0
130 327 0.00139924502957
130 328 0.0
130 329 9.95018687695e-05
130 330 0.0
130 331 6.21886679809e-06
130 332 0.0
130 333 2.48754671924e-05
130 334 0.0
130 335 0.0
130 336 0.0
130 337 0.0
130 338 0.0
130 339 0.0
130 340 0.0
130 341 0.000304724473107
130 342 0.0
130 343 0.00139924502957
130 344 0.0
130 345 0.000304724473107
130 346 0.0
130 347 9.95018687695e-05
130 348 0.0
130 349 0.000895516818925
130 350 0.0
130 351 0.000621886679809
130 352 0.0
130 353 0.000155471669952
130 354 0.0
130 355 6.21886679809e-06
130 356 0.0
130 357 0.0
130 358 0.0
130 359 0.0
130 360 0.0
130 361 0.0
130 362 0.0
130 363 2.48754671924e-05
130 364 0.0
130 365 6.21886679809e-06
130 366 0.0
130 367 0.000223879204731
130 368 0.0
130 369 9.95018687695e-05
130 370 0.0
130 371 0.000398007475078
130 372 0.0
130 373 0.000155471669952
130 374 0.0
130 375 5.59698011828e-05
130 376 0.0
130 377 2.48754671924e-05
130 378 0.0
130 379 0.0
130 380 0.0
130 381 5.59698011828e-05
130 382 0.0
130 383 2.48754671924e-05
130 384 0.0
130 385 5.59698011828e-05
130 386 0.0
130 387 2.48754671924e-05
130 388 0.0
130 389 0.0
130 390 0.0
130 391 5.59698011828e-05
130 392 0.0
130 393 5.59698011828e-05
130 394 0.0
130 395 6.21886679809e-06
130 396 0.0
130 397 6.21886679809e-06
130 398 0.0
130 399 6.21886679809e-06
130 400 0.0
131 0 0.0
131 1 2.48754671924e-05
131 2 0.0
131 3 2.48754671924e-05
131 4 0.0
131 5 0.000155471669952
131 6 0.0
131 7 0.000304724473107
131 8 0.0
131 9 2.48754671924e-05
131 10 0.0
131 11 0.000398007475078
131 12 6.21886679809e-06
131 13 2.48754671924e-05
131 14 0.0
131 15 2.48754671924e-05
131 16 0.0
131 17 0.000155471669952
131 18 0.0
131 19 6.21886679809e-06
131 20 0.0
131 21 2.48754671924e-05
131 22 0.0
131 23 6.21886679809e-06
131 24 0.0
131 25 6.21886679809e-06
131 26 0.0
131 27 6.21886679809e-06
131 28 0.0
131 29 0.000304724473107
131 30 0.0
131 31 9.95018687695e-05
131 32 0.0
131 33 2.48754671924e-05
131 34 0.0
131 35 6.21886679809e-06
131 36 0.0
131 37 0.000621886679809
131 38 0.0
131 39 0.000223879204731
131 40 0.0
131 41 6.21886679809e-06
131 42 0.0
131 43 5.59698011828e-05
131 44 0.0
131 45 0.0
131 46 0.0
131 47 6.21886679809e-06
131 48 0.0
131 49 0.0
131 50 0.0
131 51 0.0
131 52 0.0
131 53 0.0
131 54 0.0
131 55 6.21886679809e-06
131 56 0.0
131 57 9.95018687695e-05
131 58 0.0
131 59 0.000155471669952
131 60 0.0
131 61 0.00121889789243
131 62 0.0
131 63 0.000155471669952
131 64 0.0
131 65 0.000223879204731
131 66 0.0
131 67 0.000398007475078
131 68 0.0
131 69 9.95018687695e-05
131 70 0.0
131 71 6.21886679809e-06
131 72 0.0
131 73 2.48754671924e-05
131 74 0.0
131 75 0.0
131 76 0.0
131 77 6.21886679809e-06
131 78 0.0
131 79 0.0
131 80 0.0
131 81 0.0
131 82 0.0
131 83 0.0
131 84 0.0
131 85 0.000304724473107
131 86 0.0
131 87 0.000621886679809
131 88 0.0
131 89 0.00179725250465
131 90 0.0
131 91 9.95018687695e-05
131 92 0.0
131 93 0.000752482882569
131 94 0.0
131 95 0.00179725250465
131 96 0.0
131 97 5.59698011828e-05
131 98 0.0
131 99 0.0
131 100 0.0
131 101 6.21886679809e-06
131 102 0.0
131 103 6.21886679809e-06
131 104 0.0
131 105 0.0
131 106 0.0
131 107 0.0
131 108 0.0
131 109 0.000304724473107
131 110 0.0
131 111 0.000155471669952
131 112 0.0
131 113 2.48754671924e-05
131 114 0.0
131 115 0.00453355389581
131 116 0.0
131 117 0.00201491284258
131 118 0.0
131 119 0.000304724473107
131 120 0.0
131 121 0.0
131 122 0.0
131 123 0.0
131 124 0.0
131 125 0.0
131 126 0.0
131 127 0.00201491284258
131 128 0.0
131 129 0.00898004365644
131 130 0.0
131 131 0.0048755915697
131 132 0.0
131 133 0.00761811182766
131 134 0.0
131 135 0.000752482882569
131 136 0.0
131 137 6.21886679809e-06
131 138 0.0
131 139 0.0
131 140 0.0
131 141 0.0
131 142 0.0
131 143 0.0
131 144 0.0
131 145 6.21886679809e-06
131 146 0.0
131 147 0.0
131 148 0.0
131 149 0.0
131 150 6.21886679809e-06
131 151 2.48754671924e-05
131 152 2.48754671924e-05
131 153 9.95018687695e-05
131 154 0.000155471669952
131 155 9.95018687695e-05
131 156 0.0
131 157 5.59698011828e-05
131 158 5.59698011828e-05
131 159 9.95018687695e-05
131 160 5.59698011828e-05
131 161 5.59698011828e-05
131 162 5.59698011828e-05
131 163 5.59698011828e-05
131 164 5.59698011828e-05
131 165 5.59698011828e-05
131 166 5.59698011828e-05
131 167 5.59698011828e-05
131 168 5.59698011828e-05
131 169 5.59698011828e-05
131 170 5.59698011828e-05
131 171 5.59698011828e-05
131 172 5.59698011828e-05
131 173 5.59698011828e-05
131 174 5.59698011828e-05
131 175 5.59698011828e-05
131 176 5.59698011828e-05
131 177 5.59698011828e-05
131 178 5.59698011828e-05
131 179 5.59698011828e-05
131 180 5.59698011828e-05
131 181 5.59698011828e-05
131 182 5.59698011828e-05
131 183 5.59698011828e-05
131 184 5.59698011828e-05
131 185 5.59698011828e-05
131 186 5.59698011828e-05
131 187 5.59698011828e-05
131 188 5.59698011828e-05
131 189 5.59698011828e-05
131 190 5.59698011828e-05
131 191 5.59698011828e-05
131 192 5.59698011828e-05
131 193 5.59698011828e-05
131 194 5.59698011828e-05
131 195 5.59698011828e-05
131 196 5.59698011828e-05
131 197 5.59698011828e-05
131 198 5.59698011828e-05
131 199 5.59698011828e-05
131 200 5.59698011828e-05
131 201 5.59698011828e-05
131 202 5.59698011828e-05
131 203 5.59698011828e-05
131 204 5.59698011828e-05
131 205 5.59698011828e-05
131 206 5.59698011828e-05
131 207 5.59698011828e-05
131 208 5.59698011828e-05
131 209 5.59698011828e-05
131 210 5.59698011828e-05
131 211 5.59698011828e-05
131 212 5.59698011828e-05
131 213 5.59698011828e-05
131 214 5.59698011828e-05
131 215 5.59698011828e-05
131 216 5.59698011828e-05
131 217 5.59698011828e-05
131 218 5.59698011828e-05
131 219 5.59698011828e-05
131 220 5.59698011828e-05
131 221 5.59698011828e-05
131 222 5.59698011828e-05
131 223 5.59698011828e-05
131 224 5.59698011828e-05
131 225 5.59698011828e-05
131 226 5.59698011828e-05
131 227 5.59698011828e-05
131 228 5.59698011828e-05
131 229 9.95018687695e-05
131 230 5.59698011828e-05
131 231 5.59698011828e-05
131 232 5.59698011828e-05
131 233 9.95018687695e-05
131 234 9.95018687695e-05
131 235 9.95018687695e-05
131 236 5.59698011828e-05
131 237 5.59698011828e-05
131 238 5.59698011828e-05
131 239 9.95018687695e-05
131 240 5.59698011828e-05
131 241 5.59698011828e-05
131 242 5.59698011828e-05
131 243 5.59698011828e-05
131 244 5.59698011828e-05
131 245 5.59698011828e-05
131 246 5.59698011828e-05
131 247 5.59698011828e-05
131 248 5.59698011828e-05
131 249 9.95018687695e-05
131 250 9.95018687695e-05
131 251 9.95018687695e-05
131 252 5.59698011828e-05
131 253 5.59698011828e-05
131 254 5.59698011828e-05
131 255 5.59698011828e-05
131 256 5.59698011828e-05
131 257 5.59698011828e-05
131 258 5.59698011828e-05
131 259 9.95018687695e-05
131 260 5.59698011828e-05
131 261 5.59698011828e-05
131 262 5.59698011828e-05
131 263 9.95018687695e-05
131 264 9.95018687695e-05
131 265 5.59698011828e-05
131 266 6.21886679809e-06
131 267 6.21886679809e-06
131 268 6.21886679809e-06
131 269 2.48754671924e-05
131 270 2.48754671924e-05
131 271 0.0
131 272 0.0
131 273 0.0
131 274 0.0
131 275 0.0
131 276 0.0
131 277 5.59698011828e-05
131 278 0.0
131 279 2.48754671924e-05
131 280 0.0
131 281 6.21886679809e-06
131 282 0.0
131 283 0.000895516818925
131 284 0.0
131 285 0.00420395395551
131 286 0.0
131 287 0.000895516818925
131 288 0.0
131 289 0.0035820672757
131 290 0.0
131 291 0.000503728210645
131 292 0.0
131 293 9.95018687695e-05
131 294 0.0
131 295 6.21886679809e-06
131 296 0.0
131 297 0.0
131 298 0.0
131 299 6.21886679809e-06
131 300 0.0
131 301 0.000223879204731
131 302 0.0
131 303 0.000155471669952
131 304 0.0
131 305 5.59698011828e-05
131 306 0.0
131 307 0.00453355389581
131 308 0.0
131 309 0.00139924502957
131 310 0.0
131 311 0.000155471669952
131 312 0.0
131 313 0.0
131 314 0.0
131 315 6.21886679809e-06
131 316 0.0
131 317 2.48754671924e-05
131 318 0.0
131 319 6.21886679809e-06
131 320 0.0
131 321 2.48754671924e-05
131 322 0.0
131 323 6.21886679809e-06
131 324 0.0
131 325 0.00139924502957
131 326 0.0
131 327 0.00139924502957
131 328 0.0
131 329 9.95018687695e-05
131 330 0.0
131 331 6.21886679809e-06
131 332 0.0
131 333 2.48754671924e-05
131 334 0.0
131 335 0.0
131 336 0.0
131 337 0.0
131 338 0.0
131 339 0.0
131 340 0.0
131 341 0.000304724473107
131 342 0.0
131 343 0.00139924502957
131 344 0.0
131 345 0.000304724473107
131 346 0.0
131 347 9.95018687695e-05
131 348 0.0
131 349 0.000895516818925
131 350 0.0
131 351 0.000621886679809
131 352 0.0
131 353 0.000155471669952
131 354 0.0
131 355 6.21886679809e-06
131 356 0.0
131 357 0.0
131 358 0.0
131 359 0.0
131 360 0.0
131 361 0.0
131 362 0.0
131 363 2.48754671924e-05
131 364 0.0
131 365 6.21886679809e-06
131 366 0.0
131 367 0.000223879204731
131 368 0.0
131 369 9.95018687695e-05
131 370 6.21886679809e-06
131 371 0.000304724473107
131 372 6.21886679809e-06
131 373 0.000155471669952
131 374 0.0
131 375 5.59698011828e-05
131 376 6.21886679809e-06
131 377 5.59698011828e-05
131 378 6.21886679809e-06
131 379 0.0
131 380 0.0
131 381 5.59698011828e-05
131 382 0.0
131 383 2.48754671924e-05
131 384 0.0
131 385 5.59698011828e-05
131 386 0.0
131 387 2.48754671924e-05
131 388 0.0
131 389 0.0
131 390 0.0
131 391 5.59698011828e-05
131 392 0.0
131 393 5.59698011828e-05
131 394 0.0
131 395 6.21886679809e-06
131 396 0.0
131 397 6.21886679809e-06
131 398 0.0
131 399 6.21886679809e-06
131 400 0.0
132 0 0.0
132 1 2.48754671924e-05
132 2 0.0
132 3 2.48754671924e-05
132 4 0.0
132 5 0.000155471669952
132 6 0.0
132 7 0.000304724473107
132 8 0.0
132 9 2.48754671924e-05
132 10 0.0
132 11 0.000398007475078
132 12 0.0
132 13 5.59698011828e-05
132 14 0.0
132 15 2.48754671924e-05
132 16 0.0
132 17 0.000155471669952
132 18 0.0
132 19 6.21886679809e-06
132 20 0.0
132 21 2.48754671924e-05
132 22 0.0
132 23 6.21886679809e-06
132 24 0.0
132 25 6.21886679809e-06
132 26 0.0
132 27 6.21886679809e-06
132 28 0.0
132 29 0.000304724473107
132 30 0.0
132 31 9.95018687695e-05
132 32 0.0
132 33 2.48754671924e-05
132 34 0.0
132 35 6.21886679809e-06
132 36 0.0
132 37 0.000621886679809
132 38 0.0
132 39 0.000223879204731
132 40 0.0
132 41 6.21886679809e-06
132 42 0.0
132 43 5.59698011828e-05
132 44 0.0
132 45 0.0
132 46 0.0
132 47 6.21886679809e-06
132 48 0.0
132 49 0.0
132 50 0.0
132 51 0.0
132 52 0.0
132 53 0.0
132 54 0.0
132 55 6.21886679809e-06
132 56 0.0
132 57 9.95018687695e-05
132 58 0.0
132 59 0.000155471669952
132 60 0.0
132 61 0.00121889789243
132 62 0.0
132 63 0.000155471669952
132 64 0.0
132 65 0.000223879204731
132 66 0.0
132 67 0.000398007475078
132 68 0.0
132 69 9.95018687695e-05
132 70 0.0
132 71 6.21886679809e-06
132 72 0.0
132 73 2.48754671924e-05
132 74 0.0
132 75 0.0
132 76 0.0
132 77 6.21886679809e-06
132 78 0.0
132 79 0.0
132 80 0.0
132 81 0.0
132 82 0.0
132 83 0.0
132 84 0.0
132 85 0.000304724473107
132 86 0.0
132 87 0.000621886679809
132 88 0.0
132 89 0.00179725250465
132 90 0.0
132 91 9.95018687695e-05
132 92 0.0
132 93 0.000752482882569
132 94 0.0
132 95 0.00179725250465
132 96 0.0
132 97 5.59698011828e-05
132 98 0.0
132 99 0.0
132 100 0.0
132 101 6.21886679809e-06
132 102 0.0
132 103 6.21886679809e-06
132 104 0.0
132 105 0.0
132 106 0.0
132 107 0.0
132 108 0.0
132 109 0.000304724473107
132 110 0.0
132 111 0.000155471669952
132 112 0.0
132 113 2.48754671924e-05
132 114 0.0
132 115 0.00453355389581
132 116 0.0
132 117 0.00201491284258
132 118 0.0
132 119 0.000304724473107
132 120 0.0
132 121 0.0
132 122 0.0
132 123 0.0
132 124 0.0
132 125 0.0
132 126 0.0
132 127 0.00201491284258
132 128 0.0
132 129 0.00898004365644
132 130 0.0
132 131 0.0048755915697
132 132 0.0
132 133 0.00761811182766
132 134 0.0
132 135 0.000752482882569
132 136 0.0
132 137 6.21886679809e-06
132 138 0.0
132 139 0.0
132 140 0.0
132 141 0.0
132 142 0.0
132 143 0.0
132 144 0.0
132 145 0.0
132 146 0.0
132 147 0.0
132 148 0.0
132 149 0.0
132 150 0.0
132 151 0.0
132 152 0.0
132 153 2.48754671924e-05
132 154 0.0
132 155 6.21886679809e-06
132 156 0.0
132 157 6.21886679809e-06
132 158 0.0
132 159 0.0
132 160 0.0
132 161 6.21886679809e-06
132 162 0.0
132 163 0.0
132 164 0.0
132 165 0.0
132 166 0.0
132 167 0.0
132 168 0.0
132 169 0.0
132 170 0.0
132 171 0.0
132 172 0.0
132 173 0.0
132 174 0.0
132 175 0.0
132 176 0.0
132 177 0.0
132 178 0.0
132 179 0.0
132 180 0.0
132 181 0.0
132 182 0.0
132 183 0.0
132 184 0.0
132 185 0.0
132 186 0.0
132 187 0.0
132 188 0.0
132 189 0.0
132 190 0.0
132 191 0.0
132 192 0.0
132 193 0.0
132 194 0.0
132 195 0.0
132 196 0.0
132 197 0.0
132 198 0.0
132 199 0.0
132 200 0.0
132 201 0.0
132 202 0.0
132 203 0.0
132 204 0.0
132 205 0.0
132 206 0.0
132 207 0.0
132 208 0.0
132 209 0.0
132 210 0.0
132 211 0.0
132 212 0.0
132 213 0.0
132 214 0.0
132 215 0.0
132 216 0.0
132 217 0.0
132 218 0.0
132 219 0.0
132 220 0.0
132 221 0.0
132 222 0.0
132 223 0.0
132 224 0.0
132 225 0.0
132 226 0.0
132 227 0.0
132 228 0.0
132 229 0.0
132 230 0.0
132 231 0.0
132 232 0.0
132 233 0.0
132 234 0.0
132 235 0.0
132 236 0.0
132 237 0.0
132 238 0.0
132 239 0.0
132 240 0.0
132 241 0.0
132 242 0.0
132 243 0.0
132 244 0.0
132 245 0.0
132 246 0.0
132 247 0.0
132 248 0.0
132 249 0.0
132 250 0.0
132 251 0.0
132 252 0.0
132 253 0.0
132 254 0.0
132 255 0.0
132 256 0.0
132 257 0.0
132 258 0.0
132 259 0.0
132 260 0.0
132 261 0.0
132 262 0.0
132 263 0.0
132 264 0.0
132 265 6.21886679809e-06
132 266 0.0
132 267 6.21886679809e-06
132 268 0.0
132 269 6.21886679809e-06
132 270 0.0
132 271 0.0
132 272 0.0
132 273 0.0
132 274 0.0
132 275 0.0
132 276 0.0
132 277 5.59698011828e-05
132 278 0.0
132 279 2.48754671924e-05
132 280 0.0
132 281 6.21886679809e-06
132 282 0.0
132 283 0.000895516818925
132 284 0.0
132 285 0.00420395395551
132 286 0.0
132 287 0.000895516818925
132 288 0.0
132 289 0.0035820672757
132 290 0.0
132 291 0.000503728210645
132 292 0.0
132 293 9.95018687695e-05
132 294 0.0
132 295 6.21886679809e-06
132 296 0.0
132 297 0.0
132 298 0.0
132 299 6.21886679809e-06
132 300 0.0
132 301 0.000223879204731
132 302 0.0
132 303 0.000155471669952
132 304 0.0
132 305 5.59698011828e-05
132 306 0.0
132 307 0.00453355389581
132 308 0.0
132 309 0.00139924502957
132 310 0.0
132 311 0.000155471669952
132 312 0.0
132 313 0.0
132 314 0.0
132 315 6.21886679809e-06
132 316 0.0
132 317 2.48754671924e-05
132 318 0.0
132 319 6.21886679809e-06
132 320 0.0
132 321 2.48754671924e-05
132 322 0.0
132 323 6.21886679809e-06
132 324 0.0
132 325 0.00139924502957
132 326 0.0
132 327 0.00139924502957
132 328 0.0
132 329 9.95018687695e-05
132 330 0.0
132 331 6.21886679809e-06
132 332 0.0
132 333 2.48754671924e-05
132 334 0.0
132 335 0.0
132 336 0.0
132 337 0.0
132 338 0.0
132 339 0.0
132 340 0.0
132 341 0.000304724473107
132 342 0.0
132 343 0.00139924502957
132 344 0.0
132 345 0.000304724473107
132 346 0.0
132 347 9.95018687695e-05
132 348 0.0
132 349 0.000895516818925
132 350 0.0
132 351 0.000621886679809
132 352 0.0
132 353 0.000155471669952
132 354 0.0
132 355 6.21886679809e-06
132 356 0.0
132 357 0.0
132 358 0.0
132 359 0.0
132 360 0.0
132 361 0.0
132 362 0.0
132 363 2.48754671924e-05
132 364 0.0
132 365 6.21886679809e-06
132 366 0.0
132 367 0.000223879204731
132 368 0.0
132 369 9.95018687695e-05
132 370 0.0
132 371 0.000398007475078
132 372 0.0
132 373 0.000155471669952
132 374 0.0
132 375 5.59698011828e-05
132 376 0.0
132 377 2.48754671924e-05
132 378 0.0
132 379 0.0
132 380 0.0
132 381 5.59698011828e-05
132 382 0.0
132 383 2.48754671924e-05
132 384 0.0
132 385 5.59698011828e-05
132 386 0.0
132 387 2.48754671924e-05
132 388 0.0
132 389 0.0
132 390 0.0
132 391 5.59698011828e-05
132 392 0.0
132 393 5.59698011828e-05
132 394 0.0
132 395 6.21886679809e-06
132 396 0.0
132 397 6.21886679809e-06
132 398 0.0
132 399 6.21886679809e-06
132 400 0.0
133 0 0.0
133 1 2.48754671924e-05
133 2 0.0
133 3 2.48754671924e-05
133 4 0.0
133 5 0.000155471669952
133 6 0.0
133 7 0.000304724473107
133 8 0.0
133 9 2.48754671924e-05
133 10 0.0
133 11 0.000398007475078
133 12 0.0
133 13 5.59698011828e-05
133 14 0.0
133 15 2.48754671924e-05
133 16 0.0
133 17 0.000155471669952
133 18 0.0
133 19 6.21886679809e-06
133 20 0.0
133 21 2.48754671924e-05
133 22 0.0
133 23 6.21886679809e-06
133 24 0.0
133 25 6.21886679809e-06
133 26 0.0
133 27 6.21886679809e-06
133 28 0.0
133 29 0.000304724473107
133 30 0.0
133 31 9.95018687695e-05
133 32 0.0
133 33 2.48754671924e-05
133 34 0.0
133 35 6.21886679809e-06
133 36 0.0
133 37 0.000621886679809
133 38 0.0
133 39 0.000223879204731
133 40 0.0
133 41 6.21886679809e-06
133 42 0.0
133 43 5.59698011828e-05
133 44 0.0
133 45 0.0
133 46 0.0
133 47 6.21886679809e-06
133 48 0.0
133 49 0.0
133 50 0.0
133 51 0.0
133 52 0.0
133 53 0.0
133 54 0.0
133 55 6.21886679809e-06
133 56 0.0
133 57 9.95018687695e-05
133 58 0.0
133 59 0.000155471669952
133 60 6.21886679809e-06
133 61 0.00159202990031
133 62 6.21886679809e-06
133 63 0.000155471669952
133 64 0.0
133 65 0.000223879204731
133 66 0.0
133 67 0.000398007475078
133 68 0.0
133 69 9.95018687695e-05
133 70 0.0
133 71 6.21886679809e-06
133 72 0.0
133 73 2.48754671924e-05
133 74 0.0
133 75 0.0
133 76 0.0
133 77 6.21886679809e-06
133 78 0.0
133 79 0.0
133 80 0.0
133 81 0.0
133 82 0.0
133 83 0.0
133 84 0.0
133 85 0.000304724473107
133 86 0.0
133 87 0.000621886679809
133 88 0.0
133 89 0.00179725250465
133 90 0.0
133 91 9.95018687695e-05
133 92 0.0
133 93 0.000752482882569
133 94 0.0
133 95 0.00179725250465
133 96 0.0
133 97 5.59698011828e-05
133 98 0.0
133 99 0.0
133 100 0.0
133 101 6.21886679809e-06
133 102 0.0
133 103 6.21886679809e-06
133 104 0.0
133 105 0.0
133 106 0.0
133 107 0.0
133 108 0.0
133 109 0.000304724473107
133 110 0.0
133 111 0.000155471669952
133 112 0.0
133 113 2.48754671924e-05
133 114 0.0
133 115 0.00453355389581
133 116 0.0
133 117 0.00201491284258
133 118 0.0
133 119 0.000304724473107
133 120 0.0
133 121 0.0
133 122 0.0
133 123 0.0
133 124 0.0
133 125 0.0
133 126 0.0
133 127 0.00201491284258
133 128 0.0
133 129 0.0094588963999
133 130 6.21886679809e-06
133 131 0.0048755915697
133 132 0.0
133 133 0.00718901001859
133 134 6.21886679809e-06
133 135 0.000895516818925
133 136 0.0
133 137 6.21886679809e-06
133 138 0.0
133 139 0.0
133 140 0.0
133 141 0.0
133 142 0.0
133 143 0.0
133 144 0.0
133 145 6.21886679809e-06
133 146 0.0
133 147 0.0
133 148 0.0
133 149 6.21886679809e-06
133 150 0.0
133 151 6.21886679809e-06
133 152 5.59698011828e-05
133 153 0.000895516818925
133 154 0.00300993153028
133 155 0.00597633099297
133 156 0.00851362864659
133 157 0.00805965137033
133 158 0.00851362864659
133 159 0.00898004365644
133 160 0.00851362864659
133 161 0.00851362864659
133 162 0.00851362864659
133 163 0.00851362864659
133 164 0.00851362864659
133 165 0.00851362864659
133 166 0.00851362864659
133 167 0.00851362864659
133 168 0.00851362864659
133 169 0.00851362864659
133 170 0.00851362864659
133 171 0.00851362864659
133 172 0.00851362864659
133 173 0.00851362864659
133 174 0.00851362864659
133 175 0.00851362864659
133 176 0.00851362864659
133 177 0.00851362864659
133 178 0.00851362864659
133 179 0.00851362864659
133 180 0.00851362864659
133 181 0.00851362864659
133 182 0.00851362864659
133 183 0.00851362864659
133 184 0.00851362864659
133 185 0.00851362864659
133 186 0.00851362864659
133 187 0.00851362864659
133 188 0.00851362864659
133 189 0.00851362864659
133 190 0.00851362864659
133 191 0.00851362864659
133 192 0.00851362864659
133 193 0.00851362864659
133 194 0.00851362864659
133 195 0.00851362864659
133 196 0.00851362864659
133 197 0.00851362864659
133 198 0.00851362864659
133 199 0.00851362864659
133 200 0.00851362864659
133 201 0.00851362864659
133 202 0.00851362864659
133 203 0.00851362864659
133 204 0.00851362864659
133 205 0.00851362864659
133 206 0.00851362864659
133 207 0.00851362864659
133 208 0.00851362864659
133 209 0.00851362864659
133 210 0.00851362864659
133 211 0.00851362864659
133 212 0.00851362864659
133 213 0.00851362864659
133 214 0.00851362864659
133 215 0.00851362864659
133 216 0.00851362864659
133 217 0.00851362864659
133 218 0.00851362864659
133 219 0.00851362864659
133 220 0.00851362864659
133 221 0.00851362864659
133 222 0.00851362864659
133 223 0.00851362864659
133 224 0.00851362864659
133 225 0.00851362864659
133 226 0.00851362864659
133 227 0.00851362864659
133 228 0.00851362864659
133 229 0.00851362864659
133 230 0.00851362864659
133 231 0.00851362864659
133 232 0.00851362864659
133 233 0.00851362864659
133 234 0.00851362864659
133 235 0.0094588963999
133 236 0.00898004365644
133 237 0.00898004365644
133 238 0.00851362864659
133 239 0.00851362864659
133 240 0.00851362864659
133 241 0.00851362864659
133 242 0.00851362864659
133 243 0.00851362864659
133 244 0.00851362864659
133 245 0.00851362864659
133 246 0.00851362864659
133 247 0.00898004365644
133 248 0.00898004365644
133 249 0.0094588963999
133 250 0.00851362864659
133 251 0.00851362864659
133 252 0.00851362864659
133 253 0.00851362864659
133 254 0.00851362864659
133 255 0.00898004365644
133 256 0.00898004365644
133 257 0.00898004365644
133 258 0.00898004365644
133 259 0.00898004365644
133 260 0.00851362864659
133 261 0.00851362864659
133 262 0.0094588963999
133 263 0.0104539150876
133 264 0.0120397261211
133 265 0.00274252025796
133 266 9.95018687695e-05
133 267 5.59698011828e-05
133 268 6.21886679809e-06
133 269 5.59698011828e-05
133 270 6.21886679809e-06
133 271 6.21886679809e-06
133 272 0.0
133 273 0.0
133 274 0.0
133 275 6.21886679809e-06
133 276 0.0
133 277 5.59698011828e-05
133 278 0.0
133 279 2.48754671924e-05
133 280 0.0
133 281 6.21886679809e-06
133 282 0.0
133 283 0.000895516818925
133 284 0.0
133 285 0.00420395395551
133 286 0.0
133 287 0.000895516818925
133 288 0.0
133 289 0.0035820672757
133 290 0.0
133 291 0.000503728210645
133 292 6.21886679809e-06
133 293 0.000155471669952
133 294 0.0
133 295 6.21886679809e-06
133 296 0.0
133 297 0.0
133 298 0.0
133 299 6.21886679809e-06
133 300 0.0
133 301 0.000223879204731
133 302 0.0
133 303 0.000155471669952
133 304 0.0
133 305 5.59698011828e-05
133 306 0.0
133 307 0.00453355389581
133 308 0.0
133 309 0.00139924502957
133 310 0.0
133 311 0.000155471669952
133 312 0.0
133 313 0.0
133 314 0.0
133 315 6.21886679809e-06
133 316 0.0
133 317 2.48754671924e-05
133 318 0.0
133 319 6.21886679809e-06
133 320 0.0
133 321 2.48754671924e-05
133 322 0.0
133 323 6.21886679809e-06
133 324 0.0
133 325 0.00139924502957
133 326 0.0
133 327 0.00139924502957
133 328 0.0
133 329 9.95018687695e-05
133 330 0.0
133 331 6.21886679809e-06
133 332 0.0
133 333 2.48754671924e-05
133 334 0.0
133 335 0.0
133 336 0.0
133 337 0.0
133 338 0.0
133 339 0.0
133 340 0.0
133 341 0.000304724473107
133 342 0.0
133 343 0.00139924502957
133 344 0.0
133 345 0.000304724473107
133 346 0.0
133 347 9.95018687695e-05
133 348 0.0
133 349 0.000895516818925
133 350 0.0
133 351 0.000621886679809
133 352 0.0
133 353 0.000155471669952
133 354 0.0
133 355 0.0
133 356 6.21886679809e-06
133 357 6.21886679809e-06
133 358 0.0
133 359 0.0
133 360 0.0
133 361 0.0
133 362 0.0
133 363 2.48754671924e-05
133 364 0.0
133 365 6.21886679809e-06
133 366 0.0
133 367 0.000223879204731
133 368 0.0
133 369 9.95018687695e-05
133 370 0.0
133 371 0.000398007475078
133 372 6.21886679809e-06
133 373 0.000155471669952
133 374 0.0
133 375 5.59698011828e-05
133 376 0.0
133 377 2.48754671924e-05
133 378 0.0
133 379 0.0
133 380 0.0
133 381 5.59698011828e-05
133 382 0.0
133 383 2.48754671924e-05
133 384 0.0
133 385 5.59698011828e-05
133 386 0.0
133 387 2.48754671924e-05
133 388 0.0
133 389 0.0
133 390 0.0
133 391 5.59698011828e-05
133 392 6.21886679809e-06
133 393 9.95018687695e-05
133 394 0.0
133 395 6.21886679809e-06
133 396 6.21886679809e-06
133 397 0.0
133 398 0.0
133 399 6.21886679809e-06
133 400 0.0
134 0 0.0
134 1 2.48754671924e-05
134 2 0.0
134 3 2.48754671924e-05
134 4 0.0
134 5 0.000155471669952
134 6 0.0
134 7 0.000304724473107
134 8 0.0
134 9 2.48754671924e-05
134 10 0.0
134 11 0.000398007475078
134 12 0.0
134 13 5.59698011828e-05
134 14 0.0
134 15 2.48754671924e-05
134 16 0.0
134 17 0.000155471669952
134 18 0.0
134 19 6.21886679809e-06
134 20 0.0
134 21 2.48754671924e-05
134 22 0.0
134 23 6.21886679809e-06
134 24 0.0
134 25 6.21886679809e-06
134 26 0.0
134 27 6.21886679809e-06
134 28 0.0
134 29 0.000304724473107
134 30 0.0
134 31 9.95018687695e-05
134 32 0.0
134 33 2.48754671924e-05
134 34 0.0
134 35 6.21886679809e-06
134 36 0.0
134 37 0.000621886679809
134 38 0.0
134 39 0.000223879204731
134 40 0.0
134 41 6.21886679809e-06
134 42 0.0
134 43 5.59698011828e-05
134 44 0.0
134 45 0.0
134 46 0.0
134 47 6.21886679809e-06
134 48 0.0
134 49 0.0
134 50 0.0
134 51 0.0
134 52 0.0
134 53 0.0
134 54 0.0
134 55 6.21886679809e-06
134 56 0.0
134 57 9.95018687695e-05
134 58 0.0
134 59 0.000155471669952
134 60 0.0
134 61 0.00121889789243
134 62 0.0
134 63 0.000155471669952
134 64 0.0
134 65 0.000223879204731
134 66 0.0
134 67 0.000398007475078
134 68 0.0
134 69 9.95018687695e-05
134 70 0.0
134 71 6.21886679809e-06
134 72 0.0
134 73 2.48754671924e-05
134 74 0.0
134 75 0.0
134 76 0.0
134 77 6.21886679809e-06
134 78 0.0
134 79 0.0
134 80 0.0
134 81 0.0
134 82 0.0
134 83 0.0
134 84 0.0
134 85 0.000304724473107
134 86 0.0
134 87 0.000621886679809
134 88 0.0
134 89 0.00179725250465
134 90 0.0
134 91 9.95018687695e-05
134 92 0.0
134 93 0.000752482882569
134 94 0.0
134 95 0.00179725250465
134 96 0.0
134 97 5.59698011828e-05
134 98 0.0
134 99 0.0
134 100 0.0
134 101 6.21886679809e-06
134 102 0.0
134 103 6.21886679809e-06
134 104 0.0
134 105 0.0
134 106 0.0
134 107 0.0
134 108 0.0
134 109 0.000304724473107
134 110 0.0
134 111 0.000155471669952
134 112 0.0
134 113 2.48754671924e-05
134 114 0.0
134 115 0.00453355389581
134 116 0.0
134 117 0.00201491284258
134 118 0.0
134 119 0.000304724473107
134 120 0.0
134 121 0.0
134 122 0.0
134 123 0.0
134 124 0.0
134 125 0.0
134 126 0.0
134 127 0.00201491284258
134 128 0.0
134 129 0.00898004365644
134 130 0.0
134 131 0.0048755915697
134 132 0.0
134 133 0.00761811182766
134 134 0.0
134 135 0.000752482882569
134 136 0.0
134 137 6.21886679809e-06
134 138 0.0
134 139 0.0
134 140 0.0
134 141 0.0
134 142 0.0
134 143 0.0
134 144 0.0
134 145 6.21886679809e-06
134 146 0.0
134 147 0.0
134 148 0.0
134 149 0.0
134 150 0.0
134 151 2.48754671924e-05
134 152 0.0
134 153 6.21886679809e-06
134 154 0.0
134 155 5.59698011828e-05
134 156 0.0
134 157 5.59698011828e-05
134 158 0.0
134 159 6.21886679809e-06
134 160 0.0
134 161 0.0
134 162 0.0
134 163 0.0
134 164 0.0
134 165 0.0
134 166 0.0
134 167 0.0
134 168 0.0
134 169 0.0
134 170 0.0
134 171 0.0
134 172 0.0
134 173 0.0
134 174 0.0
134 175 0.0
134 176 0.0
134 177 0.0
134 178 0.0
134 179 0.0
134 180 0.0
134 181 0.0
134 182 0.0
134 183 0.0
134 184 0.0
134 185 0.0
134 186 0.0
134 187 0.0
134 188 0.0
134 189 0.0
134 190 0.0
134 191 0.0
134 192 0.0
134 193 0.0
134 194 0.0
134 195 0.0
134 196 0.0
134 197 0.0
134 198 0.0
134 199 0.0
134 200 0.0
134 201 0.0
134 202 0.0
134 203 0.0
134 204 0.0
134 205 0.0
134 206 0.0
134 207 0.0
134 208 0.0
134 209 0.0
134 210 0.0
134 211 0.0
134 212 0.0
134 213 0.0
134 214 0.0
134 215 0.0
134 216 0.0
134 217 0.0
134 218 0.0
134 219 0.0
134 220 0.0
134 221 0.0
134 222 0.0
134 223 0.0
134 224 0.0
134 225 0.0
134 226 0.0
134 227 0.0
134 228 0.0
134 229 0.0
134 230 0.0
134 231 0.0
134 232 0.0
134 233 0.0
134 234 0.0
134 235 6.21886679809e-06
134 236 0.0
134 237 6.21886679809e-06
134 238 0.0
134 239 0.0
134 240 0.0
134 241 0.0
134 242 0.0
134 243 0.0
134 244 0.0
134 245 0.0
134 246 0.0
134 247 6.21886679809e-06
134 248 0.0
134 249 6.21886679809e-06
134 250 0.0
134 251 0.0
134 252 0.0
134 253 0.0
134 254 0.0
134 255 6.21886679809e-06
134 256 0.0
134 257 0.0
134 258 0.0
134 259 0.0
134 260 0.0
134 261 0.0
134 262 0.0
134 263 0.0
134 264 0.0
134 265 0.000304724473107
134 266 0.0
134 267 6.21886679809e-06
134 268 0.0
134 269 2.48754671924e-05
134 270 0.0
134 271 6.21886679809e-06
134 272 0.0
134 273 0.0
134 274 0.0
134 275 6.21886679809e-06
134 276 0.0
134 277 5.59698011828e-05
134 278 0.0
134 279 2.48754671924e-05
134 280 0.0
134 281 6.21886679809e-06
134 282 0.0
134 283 0.000895516818925
134 284 0.0
134 285 0.00420395395551
134 286 0.0
134 287 0.000895516818925
134 288 0.0
134 289 0.0035820672757
134 290 0.0
134 291 0.000503728210645
134 292 0.0
134 293 9.95018687695e-05
134 294 0.0
134 295 6.21886679809e-06
134 296 0.0
134 297 0.0
134 298 0.0
134 299 6.21886679809e-06
134 300 0.0
134 301 0.000223879204731
134 302 0.0
134 303 0.000155471669952
134 304 0.0
134 305 5.59698011828e-05
134 306 0.0
134 307 0.00453355389581
134 308 0.0
134 309 0.00139924502957
134 310 0.0
134 311 0.000155471669952
134 312 0.0
134 313 0.0
134 314 0.0
134 315 6.21886679809e-06
134 316 0.0
134 317 2.48754671924e-05
134 318 0.0
134 319 6.21886679809e-06
134 320 0.0
134 321 2.48754671924e-05
134 322 0.0
134 323 6.21886679809e-06
134 324 0.0
134 325 0.00139924502957
134 326 0.0
134 327 0.00139924502957
134 328 0.0
134 329 9.95018687695e-05
134 330 0.0
134 331 6.21886679809e-06
134 332 0.0
134 333 2.48754671924e-05
134 334 0.0
134 335 0.0
134 336 0.0
134 337 0.0
134 338 0.0
134 339 0.0
134 340 0.0
134 341 0.000304724473107
134 342 0.0
134 343 0.00139924502957
134 344 0.0
134 345 0.000304724473107
134 346 0.0
134 347 9.95018687695e-05
134 348 0.0
134 349 0.000895516818925
134 350 0.0
134 351 0.000621886679809
134 352 0.0
134 353 9.95018687695e-05
134 354 0.0
134 355 0.0
134 356 0.0
134 357 6.21886679809e-06
134 358 0.0
134 359 0.0
134 360 0.0
134 361 0.0
134 362 0.0
134 363 2.48754671924e-05
134 364 0.0
134 365 6.21886679809e-06
134 366 0.0
134 367 0.000223879204731
134 368 0.0
134 369 9.95018687695e-05
134 370 0.0
134 371 0.000398007475078
134 372 0.0
134 373 0.000155471669952
134 374 0.0
134 375 5.59698011828e-05
134 376 0.0
134 377 2.48754671924e-05
134 378 0.0
134 379 0.0
134 380 0.0
134 381 5.59698011828e-05
134 382 0.0
134 383 2.48754671924e-05
134 384 0.0
134 385 5.59698011828e-05
134 386 0.0
134 387 2.48754671924e-05
134 388 0.0
134 389 0.0
134 390 0.0
134 391 5.59698011828e-05
134 392 0.0
134 393 5.59698011828e-05
134 394 0.0
134 395 6.21886679809e-06
134 396 0.0
134 397 6.21886679809e-06
134 398 0.0
134 399 6.21886679809e-06
134 400 0.0
135 0 0.0
135 1 2.48754671924e-05
135 2 0.0
135 3 2.48754671924e-05
135 4 0.0
135 5 0.000155471669952
135 6 0.0
135 7 0.000304724473107
135 8 0.0
135 9 2.48754671924e-05
135 10 0.0
135 11 0.000398007475078
135 12 0.0
135 13 5.59698011828e-05
135 14 0.0
135 15 2.48754671924e-05
135 16 0.0
135 17 0.000155471669952
135 18 0.0
135 19 6.21886679809e-06
135 20 0.0
135 21 2.48754671924e-05
135 22 0.0
135 23 6.21886679809e-06
135 24 0.0
135 25 6.21886679809e-06
135 26 0.0
135 27 6.21886679809e-06
135 28 0.0
135 29 0.000304724473107
135 30 0.0
135 31 9.95018687695e-05
135 32 0.0
135 33 2.48754671924e-05
135 34 0.0
135 35 6.21886679809e-06
135 36 0.0
135 37 0.000621886679809
135 38 0.0
135 39 0.000223879204731
135 40 0.0
135 41 6.21886679809e-06
135 42 0.0
135 43 5.59698011828e-05
135 44 0.0
135 45 0.0
135 46 0.0
135 47 6.21886679809e-06
135 48 0.0
135 49 0.0
135 50 0.0
135 51 0.0
135 52 0.0
135 53 0.0
135 54 0.0
135 55 6.21886679809e-06
135 56 0.0
135 57 5.59698011828e-05
135 58 0.0
135 59 0.000223879204731
135 60 6.21886679809e-06
135 61 0.00139924502957
135 62 6.21886679809e-06
135 63 0.000223879204731
135 64 0.0
135 65 0.000304724473107
135 66 0.0
135 67 0.000398007475078
135 68 0.0
135 69 9.95018687695e-05
135 70 0.0
135 71 6.21886679809e-06
135 72 0.0
135 73 2.48754671924e-05
135 74 0.0
135 75 0.0
135 76 0.0
135 77 6.21886679809e-06
135 78 0.0
135 79 0.0
135 80 0.0
135 81 0.0
135 82 0.0
135 83 0.0
135 84 0.0
135 85 0.000304724473107
135 86 0.0
135 87 0.000621886679809
135 88 0.0
135 89 0.00179725250465
135 90 0.0
135 91 9.95018687695e-05
135 92 0.0
135 93 0.000752482882569
135 94 0.0
135 95 0.00179725250465
135 96 0.0
135 97 5.59698011828e-05
135 98 0.0
135 99 0.0
135 100 0.0
135 101 6.21886679809e-06
135 102 0.0
135 103 6.21886679809e-06
135 104 0.0
135 105 0.0
135 106 0.0
135 107 0.0
135 108 0.0
135 109 0.000304724473107
135 110 0.0
135 111 0.000155471669952
135 112 0.0
135 113 2.48754671924e-05
135 114 0.0
135 115 0.00453355389581
135 116 0.0
135 117 0.00201491284258
135 118 0.0
135 119 0.000304724473107
135 120 0.0
135 121 0.0
135 122 0.0
135 123 0.0
135 124 0.0
135 125 0.0
135 126 0.0
135 127 0.00201491284258
135 128 0.0
135 129 0.0094588963999
135 130 6.21886679809e-06
135 131 0.00453355389581
135 132 0.0
135 133 0.00761811182766
135 134 6.21886679809e-06
135 135 0.000752482882569
135 136 0.0
135 137 6.21886679809e-06
135 138 0.0
135 139 0.0
135 140 0.0
135 141 0.0
135 142 0.0
135 143 0.0
135 144 0.0
135 145 6.21886679809e-06
135 146 0.0
135 147 0.0
135 148 0.0
135 149 6.21886679809e-06
135 150 6.21886679809e-06
135 151 0.00139924502957
135 152 0.000304724473107
135 153 0.0125932052661
135 154 0.00898004365644
135 155 0.00636811960125
135 156 0.013737476757
135 157 0.0104539150876
135 158 0.00898004365644
135 159 0.00851362864659
135 160 0.00898004365644
135 161 0.00898004365644
135 162 0.00898004365644
135 163 0.00898004365644
135 164 0.00898004365644
135 165 0.00898004365644
135 166 0.00898004365644
135 167 0.00898004365644
135 168 0.00898004365644
135 169 0.00898004365644
135 170 0.00898004365644
135 171 0.00898004365644
135 172 0.00898004365644
135 173 0.00898004365644
135 174 0.00898004365644
135 175 0.00898004365644
135 176 0.00898004365644
135 177 0.00898004365644
135 178 0.00898004365644
135 179 0.00898004365644
135 180 0.00898004365644
135 181 0.00898004365644
135 182 0.00898004365644
135 183 0.00898004365644
135 184 0.00898004365644
135 185 0.00898004365644
135 186 0.00898004365644
135 187 0.00898004365644
135 188 0.00898004365644
135 189 0.00898004365644
135 190 0.00898004365644
135 191 0.00898004365644
135 192 0.00898004365644
135 193 0.00898004365644
135 194 0.00898004365644
135 195 0.00898004365644
135 196 0.00898004365644
135 197 0.00898004365644
135 198 0.00898004365644
135 199 0.00898004365644
135 200 0.00898004365644
135 201 0.00898004365644
135 202 0.00898004365644
135 203 0.00898004365644
135 204 0.00898004365644
135 205 0.00898004365644
135 206 0.00898004365644
135 207 0.00898004365644
135 208 0.00898004365644
135 209 0.00898004365644
135 210 0.00898004365644
135 211 0.00898004365644
135 212 0.00898004365644
135 213 0.00898004365644
135 214 0.00898004365644
135 215 0.00898004365644
135 216 0.00898004365644
135 217 0.00898004365644
135 218 0.00898004365644
135 219 0.00898004365644
135 220 0.00898004365644
135 221 0.00898004365644
135 222 0.00898004365644
135 223 0.00898004365644
135 224 0.00898004365644
135 225 0.00898004365644
135 226 0.00898004365644
135 227 0.00898004365644
135 228 0.00898004365644
135 229 0.00898004365644
135 230 0.00898004365644
135 231 0.00898004365644
135 232 0.00898004365644
135 233 0.00898004365644
135 234 0.00898004365644
135 235 0.0094588963999
135 236 0.0094588963999
135 237 0.0094588963999
135 238 0.0094588963999
135 239 0.0094588963999
135 240 0.0094588963999
135 241 0.0094588963999
135 242 0.0094588963999
135 243 0.0094588963999
135 244 0.0094588963999
135 245 0.0094588963999
135 246 0.0094588963999
135 247 0.00898004365644
135 248 0.00898004365644
135 249 0.00898004365644
135 250 0.00898004365644
135 251 0.00898004365644
135 252 0.00898004365644
135 253 0.00898004365644
135 254 0.00898004365644
135 255 0.00851362864659
135 256 0.00898004365644
135 257 0.00898004365644
135 258 0.0094588963999
135 259 0.00898004365644
135 260 0.0094588963999
135 261 0.0094588963999
135 262 0.00805965137033
135 263 0.0109700810318
135 264 0.0143282691028
135 265 0.0304724473107
135 266 0.00105098848888
135 267 0.000621886679809
135 268 0.0
135 269 0.0
135 270 6.21886679809e-06
135 271 6.21886679809e-06
135 272 0.0
135 273 0.0
135 274 0.0
135 275 6.21886679809e-06
135 276 0.0
135 277 5.59698011828e-05
135 278 0.0
135 279 2.48754671924e-05
135 280 0.0
135 281 6.21886679809e-06
135 282 0.0
135 283 0.000895516818925
135 284 0.0
135 285 0.00388679174881
135 286 0.0
135 287 0.000752482882569
135 288 0.0
135 289 0.0035820672757
135 290 0.0
135 291 0.000621886679809
135 292 6.21886679809e-06
135 293 9.95018687695e-05
135 294 0.0
135 295 6.21886679809e-06
135 296 0.0
135 297 0.0
135 298 0.0
135 299 6.21886679809e-06
135 300 0.0
135 301 0.000223879204731
135 302 0.0
135 303 0.000155471669952
135 304 0.0
135 305 5.59698011828e-05
135 306 0.0
135 307 0.00453355389581
135 308 0.0
135 309 0.00139924502957
135 310 0.0
135 311 0.000155471669952
135 312 0.0
135 313 0.0
135 314 0.0
135 315 6.21886679809e-06
135 316 0.0
135 317 2.48754671924e-05
135 318 0.0
135 319 6.21886679809e-06
135 320 0.0
135 321 2.48754671924e-05
135 322 0.0
135 323 6.21886679809e-06
135 324 0.0
135 325 0.00139924502957
135 326 0.0
135 327 0.00139924502957
135 328 0.0
135 329 9.95018687695e-05
135 330 0.0
135 331 6.21886679809e-06
135 332 0.0
135 333 2.48754671924e-05
135 334 0.0
135 335 0.0
135 336 0.0
135 337 0.0
135 338 0.0
135 339 0.0
135 340 0.0
135 341 0.000304724473107
135 342 0.0
135 343 0.00139924502957
135 344 0.0
135 345 0.000304724473107
135 346 0.0
135 347 9.95018687695e-05
135 348 0.0
135 349 0.000895516818925
135 350 0.0
135 351 0.000752482882569
135 352 0.0
135 353 0.000155471669952
135 354 0.0
135 355 6.21886679809e-06
135 356 6.21886679809e-06
135 357 6.21886679809e-06
135 358 0.0
135 359 0.0
135 360 0.0
135 361 0.0
135 362 0.0
135 363 2.48754671924e-05
135 364 0.0
135 365 6.21886679809e-06
135 366 0.0
135 367 0.000223879204731
135 368 0.0
135 369 9.95018687695e-05
135 370 0.0
135 371 0.000304724473107
135 372 0.0
135 373 0.000223879204731
135 374 0.0
135 375 2.48754671924e-05
135 376 0.0
135 377 2.48754671924e-05
135 378 0.0
135 379 0.0
135 380 0.0
135 381 5.59698011828e-05
135 382 0.0
135 383 2.48754671924e-05
135 384 0.0
135 385 5.59698011828e-05
135 386 0.0
135 387 2.48754671924e-05
135 388 0.0
135 389 0.0
135 390 0.0
135 391 9.95018687695e-05
135 392 6.21886679809e-06
135 393 2.48754671924e-05
135 394 0.0
135 395 2.48754671924e-05
135 396 0.0
135 397 5.59698011828e-05
135 398 0.0
135 399 6.21886679809e-06
135 400 0.0
136 0 0.0
136 1 2.48754671924e-05
136 2 0.0
136 3 2.48754671924e-05
136 4 0.0
136 5 0.000155471669952
136 6 0.0
136 7 0.000304724473107
136 8 0.0
136 9 2.48754671924e-05
136 10 0.0
136 11 0.000398007475078
136 12 0.0
136 13 5.59698011828e-05
136 14 0.0
136 15 2.48754671924e-05
136 16 0.0
136 17 0.000155471669952
136 18 0.0
136 19 6.21886679809e-06
136 20 0.0
136 21 2.48754671924e-05
136 22 0.0
136 23 6.21886679809e-06
136 24 0.0
136 25 6.21886679809e-06
136 26 0.0
136 27 6.21886679809e-06
136 28 0.0
136 29 0.000304724473107
136 30 0.0
136 31 9.95018687695e-05
136 32 0.0
136 33 2.48754671924e-05
136 34 0.0
136 35 6.21886679809e-06
136 36 0.0
136 37 0.000621886679809
136 38 0.0
136 39 0.000223879204731
136 40 0.0
136 41 6.21886679809e-06
136 42 0.0
136 43 5.59698011828e-05
136 44 0.0
136 45 0.0
136 46 0.0
136 47 6.21886679809e-06
136 48 0.0
136 49 0.0
136 50 0.0
136 51 0.0
136 52 0.0
136 53 0.0
136 54 0.0
136 55 6.21886679809e-06
136 56 0.0
136 57 6.21886679809e-06
136 58 0.0
136 59 0.000155471669952
136 60 0.0
136 61 0.000895516818925
136 62 0.0
136 63 0.000223879204731
136 64 0.0
136 65 0.000304724473107
136 66 0.0
136 67 0.000398007475078
136 68 0.0
136 69 9.95018687695e-05
136 70 0.0
136 71 6.21886679809e-06
136 72 0.0
136 73 2.48754671924e-05
136 74 0.0
136 75 0.0
136 76 0.0
136 77 6.21886679809e-06
136 78 0.0
136 79 0.0
136 80 0.0
136 81 0.0
136 82 0.0
136 83 0.0
136 84 0.0
136 85 0.000304724473107
136 86 0.0
136 87 0.000621886679809
136 88 0.0
136 89 0.00179725250465
136 90 0.0
136 91 9.95018687695e-05
136 92 0.0
136 93 0.000752482882569
136 94 0.0
136 95 0.00179725250465
136 96 0.0
136 97 5.59698011828e-05
136 98 0.0
136 99 0.0
136 100 0.0
136 101 6.21886679809e-06
136 102 0.0
136 103 6.21886679809e-06
136 104 0.0
136 105 0.0
136 106 0.0
136 107 0.0
136 108 0.0
136 109 0.000304724473107
136 110 0.0
136 111 0.000155471669952
136 112 0.0
136 113 2.48754671924e-05
136 114 0.0
136 115 0.00453355389581
136 116 0.0
136 117 0.00201491284258
136 118 0.0
136 119 0.000304724473107
136 120 0.0
136 121 0.0
136 122 0.0
136 123 0.0
136 124 0.0
136 125 0.0
136 126 0.0
136 127 0.00179725250465
136 128 0.0
136 129 0.00851362864659
136 130 0.0
136 131 0.0048755915697
136 132 0.0
136 133 0.00851362864659
136 134 0.0
136 135 0.000621886679809
136 136 0.0
136 137 6.21886679809e-06
136 138 0.0
136 139 0.0
136 140 0.0
136 141 0.0
136 142 0.0
136 143 0.0
136 144 0.0
136 145 0.0
136 146 0.0
136 147 0.0
136 148 0.0
136 149 0.0
136 150 0.0
136 151 0.00453355389581
136 152 0.0
136 153 0.0149314991822
136 154 0.0
136 155 0.0052300669772
136 156 0.0
136 157 5.59698011828e-05
136 158 0.0
136 159 6.21886679809e-06
136 160 0.0
136 161 0.0
136 162 0.0
136 163 0.0
136 164 0.0
136 165 0.0
136 166 0.0
136 167 0.0
136 168 0.0
136 169 0.0
136 170 0.0
136 171 0.0
136 172 0.0
136 173 0.0
136 174 0.0
136 175 0.0
136 176 0.0
136 177 0.0
136 178 0.0
136 179 0.0
136 180 0.0
136 181 0.0
136 182 0.0
136 183 0.0
136 184 0.0
136 185 0.0
136 186 0.0
136 187 0.0
136 188 0.0
136 189 0.0
136 190 0.0
136 191 0.0
136 192 0.0
136 193 0.0
136 194 0.0
136 195 0.0
136 196 0.0
136 197 0.0
136 198 0.0
136 199 0.0
136 200 0.0
136 201 0.0
136 202 0.0
136 203 0.0
136 204 0.0
136 205 0.0
136 206 0.0
136 207 0.0
136 208 0.0
136 209 0.0
136 210 0.0
136 211 0.0
136 212 0.0
136 213 0.0
136 214 0.0
136 215 0.0
136 216 0.0
136 217 0.0
136 218 0.0
136 219 0.0
136 220 0.0
136 221 0.0
136 222 0.0
136 223 0.0
136 224 0.0
136 225 0.0
136 226 0.0
136 227 0.0
136 228 0.0
136 229 0.0
136 230 0.0
136 231 0.0
136 232 0.0
136 233 0.0
136 234 0.0
136 235 6.21886679809e-06
136 236 0.0
136 237 0.0
136 238 0.0
136 239 6.21886679809e-06
136 240 0.0
136 241 6.21886679809e-06
136 242 0.0
136 243 6.21886679809e-06
136 244 0.0
136 245 0.0
136 246 0.0
136 247 0.0
136 248 0.0
136 249 0.0
136 250 0.0
136 251 0.0
136 252 0.0
136 253 0.0
136 254 0.0
136 255 6.21886679809e-06
136 256 0.0
136 257 6.21886679809e-06
136 258 0.0
136 259 6.21886679809e-06
136 260 0.0
136 261 5.59698011828e-05
136 262 0.0
136 263 0.000398007475078
136 264 0.0
136 265 0.0262747122219
136 266 0.0
136 267 0.00328978053619
136 268 0.0
136 269 9.95018687695e-05
136 270 0.0
136 271 0.0
136 272 0.0
136 273 0.0
136 274 0.0
136 275 0.0
136 276 0.0
136 277 5.59698011828e-05
136 278 0.0
136 279 2.48754671924e-05
136 280 0.0
136 281 6.21886679809e-06
136 282 0.0
136 283 0.000895516818925
136 284 0.0
136 285 0.00388679174881
136 286 0.0
136 287 0.000752482882569
136 288 0.0
136 289 0.0035820672757
136 290 0.0
136 291 0.000621886679809
136 292 0.0
136 293 5.59698011828e-05
136 294 0.0
136 295 6.21886679809e-06
136 296 0.0
136 297 0.0
136 298 0.0
136 299 6.21886679809e-06
136 300 0.0
136 301 0.000223879204731
136 302 0.0
136 303 0.000155471669952
136 304 0.0
136 305 5.59698011828e-05
136 306 0.0
136 307 0.00453355389581
136 308 0.0
136 309 0.00139924502957
136 310 0.0
136 311 0.000155471669952
136 312 0.0
136 313 0.0
136 314 0.0
136 315 6.21886679809e-06
136 316 0.0
136 317 2.48754671924e-05
136 318 0.0
136 319 6.21886679809e-06
136 320 0.0
136 321 2.48754671924e-05
136 322 0.0
136 323 6.21886679809e-06
136 324 0.0
136 325 0.00139924502957
136 326 0.0
136 327 0.00139924502957
136 328 0.0
136 329 9.95018687695e-05
136 330 0.0
136 331 6.21886679809e-06
136 332 0.0
136 333 2.48754671924e-05
136 334 0.0
136 335 0.0
136 336 0.0
136 337 0.0
136 338 0.0
136 339 0.0
136 340 0.0
136 341 0.000304724473107
136 342 0.0
136 343 0.00139924502957
136 344 0.0
136 345 0.000304724473107
136 346 0.0
136 347 9.95018687695e-05
136 348 0.0
136 349 0.00105098848888
136 350 0.0
136 351 0.000895516818925
136 352 0.0
136 353 0.000223879204731
136 354 0.0
136 355 0.0
136 356 0.0
136 357 0.0
136 358 0.0
136 359 0.0
136 360 0.0
136 361 0.0
136 362 0.0
136 363 2.48754671924e-05
136 364 0.0
136 365 6.21886679809e-06
136 366 0.0
136 367 0.000223879204731
136 368 0.0
136 369 9.95018687695e-05
136 370 0.0
136 371 0.000304724473107
136 372 0.0
136 373 0.000223879204731
136 374 0.0
136 375 2.48754671924e-05
136 376 0.0
136 377 2.48754671924e-05
136 378 0.0
136 379 0.0
136 380 0.0
136 381 5.59698011828e-05
136 382 0.0
136 383 2.48754671924e-05
136 384 0.0
136 385 5.59698011828e-05
136 386 0.0
136 387 2.48754671924e-05
136 388 0.0
136 389 0.0
136 390 0.0
136 391 0.000223879204731
136 392 0.0
136 393 6.21886679809e-06
136 394 0.0
136 395 9.95018687695e-05
136 396 0.0
136 397 9.95018687695e-05
136 398 0.0
136 399 6.21886679809e-06
136 400 0.0
137 0 0.0
137 1 2.48754671924e-05
137 2 0.0
137 3 2.48754671924e-05
137 4 0.0
137 5 0.000155471669952
137 6 0.0
137 7 0.000304724473107
137 8 0.0
137 9 2.48754671924e-05
137 10 0.0
137 11 0.000398007475078
137 12 0.0
137 13 5.59698011828e-05
137 14 0.0
137 15 2.48754671924e-05
137 16 0.0
137 17 0.000155471669952
137 18 0.0
137 19 6.21886679809e-06
137 20 0.0
137 21 2.48754671924e-05
137 22 0.0
137 23 6.21886679809e-06
137 24 0.0
137 25 6.21886679809e-06
137 26 0.0
137 27 6.21886679809e-06
137 28 0.0
137 29 0.000304724473107
137 30 0.0
137 31 9.95018687695e-05
137 32 0.0
137 33 2.48754671924e-05
137 34 0.0
137 35 6.21886679809e-06
137 36 0.0
137 37 0.000621886679809
137 38 0.0
137 39 0.000223879204731
137 40 0.0
137 41 6.21886679809e-06
137 42 0.0
137 43 5.59698011828e-05
137 44 0.0
137 45 0.0
137 46 0.0
137 47 6.21886679809e-06
137 48 0.0
137 49 0.0
137 50 0.0
137 51 0.0
137 52 0.0
137 53 0.0
137 54 0.0
137 55 6.21886679809e-06
137 56 0.0
137 57 6.21886679809e-06
137 58 0.0
137 59 0.000155471669952
137 60 0.0
137 61 0.000895516818925
137 62 0.0
137 63 0.000223879204731
137 64 0.0
137 65 0.000304724473107
137 66 0.0
137 67 0.000398007475078
137 68 0.0
137 69 9.95018687695e-05
137 70 0.0
137 71 6.21886679809e-06
137 72 0.0
137 73 2.48754671924e-05
137 74 0.0
137 75 0.0
137 76 0.0
137 77 6.21886679809e-06
137 78 0.0
137 79 0.0
137 80 0.0
137 81 0.0
137 82 0.0
137 83 0.0
137 84 0.0
137 85 0.000304724473107
137 86 0.0
137 87 0.000621886679809
137 88 0.0
137 89 0.00179725250465
137 90 0.0
137 91 9.95018687695e-05
137 92 0.0
137 93 0.000752482882569
137 94 0.0
137 95 0.00179725250465
137 96 0.0
137 97 5.59698011828e-05
137 98 0.0
137 99 0.0
137 100 0.0
137 101 6.21886679809e-06
137 102 0.0
137 103 6.21886679809e-06
137 104 0.0
137 105 0.0
137 106 0.0
137 107 0.0
137 108 0.0
137 109 0.000304724473107
137 110 0.0
137 111 0.000155471669952
137 112 0.0
137 113 2.48754671924e-05
137 114 0.0
137 115 0.00453355389581
137 116 0.0
137 117 0.00201491284258
137 118 0.0
137 119 0.000304724473107
137 120 0.0
137 121 0.0
137 122 0.0
137 123 0.0
137 124 0.0
137 125 0.0
137 126 0.0
137 127 0.00159202990031
137 128 6.21886679809e-06
137 129 0.00851362864659
137 130 0.0
137 131 0.00453355389581
137 132 6.21886679809e-06
137 133 0.00805965137033
137 134 0.0
137 135 0.000621886679809
137 136 0.0
137 137 6.21886679809e-06
137 138 0.0
137 139 0.0
137 140 0.0
137 141 0.0
137 142 0.0
137 143 0.0
137 144 0.0
137 145 6.21886679809e-06
137 146 0.0
137 147 0.0
137 148 0.0
137 149 6.21886679809e-06
137 150 6.21886679809e-06
137 151 0.00559698011828
137 152 0.000503728210645
137 153 0.00597633099297
137 154 0.0035820672757
137 155 0.0459947388387
137 156 0.0195023662788
137 157 0.0188120720642
137 158 0.0195023662788
137 159 0.020205098227
137 160 0.0195023662788
137 161 0.0195023662788
137 162 0.0195023662788
137 163 0.0195023662788
137 164 0.0195023662788
137 165 0.0195023662788
137 166 0.0195023662788
137 167 0.0195023662788
137 168 0.0195023662788
137 169 0.0195023662788
137 170 0.0195023662788
137 171 0.0195023662788
137 172 0.0195023662788
137 173 0.0195023662788
137 174 0.0195023662788
137 175 0.0195023662788
137 176 0.0195023662788
137 177 0.0195023662788
137 178 0.0195023662788
137 179 0.0195023662788
137 180 0.0195023662788
137 181 0.0195023662788
137 182 0.0195023662788
137 183 0.0195023662788
137 184 0.0195023662788
137 185 0.0195023662788
137 186 0.0195023662788
137 187 0.0195023662788
137 188 0.0195023662788
137 189 0.0195023662788
137 190 0.0195023662788
137 191 0.0195023662788
137 192 0.0195023662788
137 193 0.0195023662788
137 194 0.0195023662788
137 195 0.0195023662788
137 196 0.0195023662788
137 197 0.0195023662788
137 198 0.0195023662788
137 199 0.0195023662788
137 200 0.0195023662788
137 201 0.0195023662788
137 202 0.0195023662788
137 203 0.0195023662788
137 204 0.0195023662788
137 205 0.0195023662788
137 206 0.0195023662788
137 207 0.0195023662788
137 208 0.0195023662788
137 209 0.0195023662788
137 210 0.0195023662788
137 211 0.0195023662788
137 212 0.0195023662788
137 213 0.0195023662788
137 214 0.0195023662788
137 215 0.0195023662788
137 216 0.0195023662788
137 217 0.0195023662788
137 218 0.0195023662788
137 219 0.0195023662788
137 220 0.0195023662788
137 221 0.0195023662788
137 222 0.0195023662788
137 223 0.0195023662788
137 224 0.0195023662788
137 225 0.0195023662788
137 226 0.0195023662788
137 227 0.0195023662788
137 228 0.0195023662788
137 229 0.0195023662788
137 230 0.0195023662788
137 231 0.0195023662788
137 232 0.0195023662788
137 233 0.0195023662788
137 234 0.0195023662788
137 235 0.020205098227
137 236 0.0195023662788
137 237 0.0195023662788
137 238 0.0195023662788
137 239 0.020205098227
137 240 0.0195023662788
137 241 0.020205098227
137 242 0.0195023662788
137 243 0.020205098227
137 244 0.0195023662788
137 245 0.0195023662788
137 246 0.0195023662788
137 247 0.0195023662788
137 248 0.0195023662788
137 249 0.0195023662788
137 250 0.0195023662788
137 251 0.0195023662788
137 252 0.0195023662788
137 253 0.0195023662788
137 254 0.0195023662788
137 255 0.020205098227
137 256 0.0195023662788
137 257 0.0181342155832
137 258 0.0195023662788
137 259 0.020205098227
137 260 0.0195023662788
137 261 0.0161752725418
137 262 0.0155471669952
137 263 0.00718901001859
137 264 0.000895516818925
137 265 0.0174687968358
137 266 0.000304724473107
137 267 0.00420395395551
137 268 6.21886679809e-06
137 269 5.59698011828e-05
137 270 0.0
137 271 6.21886679809e-06
137 272 0.0
137 273 0.0
137 274 0.0
137 275 6.21886679809e-06
137 276 0.0
137 277 5.59698011828e-05
137 278 0.0
137 279 2.48754671924e-05
137 280 0.0
137 281 6.21886679809e-06
137 282 0.0
137 283 0.000895516818925
137 284 0.0
137 285 0.00388679174881
137 286 0.0
137 287 0.000621886679809
137 288 6.21886679809e-06
137 289 0.00388679174881
137 290 0.0
137 291 0.000621886679809
137 292 0.0
137 293 5.59698011828e-05
137 294 0.0
137 295 6.21886679809e-06
137 296 0.0
137 297 0.0
137 298 0.0
137 299 6.21886679809e-06
137 300 0.0
137 301 0.000223879204731
137 302 0.0
137 303 0.000155471669952
137 304 0.0
137 305 5.59698011828e-05
137 306 0.0
137 307 0.00453355389581
137 308 0.0
137 309 0.00139924502957
137 310 0.0
137 311 0.000155471669952
137 312 0.0
137 313 0.0
137 314 0.0
137 315 6.21886679809e-06
137 316 0.0
137 317 2.48754671924e-05
137 318 0.0
137 319 6.21886679809e-06
137 320 0.0
137 321 2.48754671924e-05
137 322 0.0
137 323 6.21886679809e-06
137 324 0.0
137 325 0.00139924502957
137 326 0.0
137 327 0.00139924502957
137 328 0.0
137 329 9.95018687695e-05
137 330 0.0
137 331 6.21886679809e-06
137 332 0.0
137 333 2.48754671924e-05
137 334 0.0
137 335 0.0
137 336 0.0
137 337 0.0
137 338 0.0
137 339 0.0
137 340 0.0
137 341 0.000304724473107
137 342 0.0
137 343 0.00139924502957
137 344 0.0
137 345 0.000304724473107
137 346 0.0
137 347 9.95018687695e-05
137 348 0.0
137 349 0.00105098848888
137 350 0.0
137 351 0.000895516818925
137 352 0.0
137 353 0.000223879204731
137 354 0.0
137 355 0.0
137 356 0.0
137 357 0.0
137 358 0.0
137 359 0.0
137 360 0.0
137 361 0.0
137 362 0.0
137 363 2.48754671924e-05
137 364 0.0
137 365 6.21886679809e-06
137 366 0.0
137 367 0.000223879204731
137 368 0.0
137 369 9.95018687695e-05
137 370 0.0
137 371 0.000304724473107
137 372 0.0
137 373 0.000155471669952
137 374 6.21886679809e-06
137 375 5.59698011828e-05
137 376 0.0
137 377 2.48754671924e-05
137 378 0.0
137 379 0.0
137 380 0.0
137 381 5.59698011828e-05
137 382 0.0
137 383 2.48754671924e-05
137 384 0.0
137 385 5.59698011828e-05
137 386 0.0
137 387 2.48754671924e-05
137 388 0.0
137 389 0.0
137 390 0.0
137 391 0.000223879204731
137 392 0.0
137 393 6.21886679809e-06
137 394 6.21886679809e-06
137 395 5.59698011828e-05
137 396 0.0
137 397 9.95018687695e-05
137 398 0.0
137 399 6.21886679809e-06
137 400 0.0
138 0 0.0
138 1 2.48754671924e-05
138 2 0.0
138 3 2.48754671924e-05
138 4 0.0
138 5 0.000155471669952
138 6 0.0
138 7 0.000304724473107
138 8 0.0
138 9 2.48754671924e-05
138 10 0.0
138 11 0.000398007475078
138 12 0.0
138 13 5.59698011828e-05
138 14 0.0
138 15 2.48754671924e-05
138 16 0.0
138 17 0.000155471669952
138 18 0.0
138 19 6.21886679809e-06
138 20 0.0
138 21 2.48754671924e-05
138 22 0.0
138 23 6.21886679809e-06
138 24 0.0
138 25 6.21886679809e-06
138 26 0.0
138 27 6.21886679809e-06
138 28 0.0
138 29 0.000304724473107
138 30 0.0
138 31 9.95018687695e-05
138 32 0.0
138 33 2.48754671924e-05
138 34 0.0
138 35 6.21886679809e-06
138 36 0.0
138 37 0.000621886679809
138 38 0.0
138 39 0.000223879204731
138 40 0.0
138 41 6.21886679809e-06
138 42 0.0
138 43 5.59698011828e-05
138 44 0.0
138 45 0.0
138 46 0.0
138 47 6.21886679809e-06
138 48 0.0
138 49 0.0
138 50 0.0
138 51 0.0
138 52 0.0
138 53 0.0
138 54 0.0
138 55 6.21886679809e-06
138 56 0.0
138 57 6.21886679809e-06
138 58 0.0
138 59 0.000155471669952
138 60 0.0
138 61 0.000895516818925
138 62 0.0
138 63 0.000223879204731
138 64 0.0
138 65 0.000304724473107
138 66 0.0
138 67 0.000398007475078
138 68 0.0
138 69 9.95018687695e-05
138 70 0.0
138 71 6.21886679809e-06
138 72 0.0
138 73 2.48754671924e-05
138 74 0.0
138 75 0.0
138 76 0.0
138 77 6.21886679809e-06
138 78 0.0
138 79 0.0
138 80 0.0
138 81 0.0
138 82 0.0
138 83 0.0
138 84 0.0
138 85 0.000304724473107
138 86 0.0
138 87 0.000621886679809
138 88 0.0
138 89 0.00179725250465
138 90 0.0
138 91 9.95018687695e-05
138 92 0.0
138 93 0.000752482882569
138 94 0.0
138 95 0.00179725250465
138 96 0.0
138 97 5.59698011828e-05
138 98 0.0
138 99 0.0
138 100 0.0
138 101 6.21886679809e-06
138 102 0.0
138 103 6.21886679809e-06
138 104 0.0
138 105 0.0
138 106 0.0
138 107 0.0
138 108 0.0
138 109 0.000304724473107
138 110 0.0
138 111 0.000155471669952
138 112 0.0
138 113 2.48754671924e-05
138 114 0.0
138 115 0.00453355389581
138 116 0.0
138 117 0.00201491284258
138 118 0.0
138 119 0.000304724473107
138 120 0.0
138 121 0.0
138 122 0.0
138 123 0.0
138 124 0.0
138 125 0.0
138 126 0.0
138 127 0.00179725250465
138 128 0.0
138 129 0.00851362864659
138 130 0.0
138 131 0.0048755915697
138 132 0.0
138 133 0.00851362864659
138 134 0.0
138 135 0.000621886679809
138 136 0.0
138 137 6.21886679809e-06
138 138 0.0
138 139 0.0
138 140 0.0
138 141 0.0
138 142 0.0
138 143 0.0
138 144 0.0
138 145 6.21886679809e-06
138 146 0.0
138 147 0.0
138 148 0.0
138 149 6.21886679809e-06
138 150 0.0
138 151 0.0035820672757
138 152 0.0
138 153 0.0120397261211
138 154 0.0
138 155 0.0188120720642
138 156 0.0
138 157 5.59698011828e-05
138 158 0.0
138 159 0.0
138 160 0.0
138 161 6.21886679809e-06
138 162 0.0
138 163 0.0
138 164 0.0
138 165 0.0
138 166 0.0
138 167 0.0
138 168 0.0
138 169 0.0
138 170 0.0
138 171 0.0
138 172 0.0
138 173 0.0
138 174 0.0
138 175 0.0
138 176 0.0
138 177 0.0
138 178 0.0
138 179 0.0
138 180 0.0
138 181 0.0
138 182 0.0
138 183 0.0
138 184 0.0
138 185 0.0
138 186 0.0
138 187 0.0
138 188 0.0
138 189 0.0
138 190 0.0
138 191 0.0
138 192 0.0
138 193 0.0
138 194 0.0
138 195 0.0
138 196 0.0
138 197 0.0
138 198 0.0
138 199 0.0
138 200 0.0
138 201 0.0
138 202 0.0
138 203 0.0
138 204 0.0
138 205 0.0
138 206 0.0
138 207 0.0
138 208 0.0
138 209 0.0
138 210 0.0
138 211 0.0
138 212 0.0
138 213 0.0
138 214 0.0
138 215 0.0
138 216 0.0
138 217 0.0
138 218 0.0
138 219 0.0
138 220 0.0
138 221 0.0
138 222 0.0
138 223 0.0
138 224 0.0
138 225 0.0
138 226 0.0
138 227 0.0
138 228 0.0
138 229 0.0
138 230 0.0
138 231 0.0
138 232 0.0
138 233 0.0
138 234 0.0
138 235 0.0
138 236 0.0
138 237 0.0
138 238 0.0
138 239 0.0
138 240 0.0
138 241 0.0
138 242 0.0
138 243 0.0
138 244 0.0
138 245 0.0
138 246 0.0
138 247 0.0
138 248 0.0
138 249 0.0
138 250 0.0
138 251 0.0
138 252 0.0
138 253 0.0
138 254 0.0
138 255 2.48754671924e-05
138 256 0.0
138 257 0.0
138 258 0.0
138 259 6.21886679809e-06
138 260 0.0
138 261 0.000223879204731
138 262 0.0
138 263 6.21886679809e-06
138 264 0.0
138 265 0.025472478405
138 266 0.0
138 267 0.0035820672757
138 268 0.0
138 269 5.59698011828e-05
138 270 0.0
138 271 6.21886679809e-06
138 272 0.0
138 273 0.0
138 274 0.0
138 275 6.21886679809e-06
138 276 0.0
138 277 5.59698011828e-05
138 278 0.0
138 279 2.48754671924e-05
138 280 0.0
138 281 6.21886679809e-06
138 282 0.0
138 283 0.000895516818925
138 284 0.0
138 285 0.00388679174881
138 286 0.0
138 287 0.000752482882569
138 288 0.0
138 289 0.0035820672757
138 290 0.0
138 291 0.000621886679809
138 292 0.0
138 293 5.59698011828e-05
138 294 0.0
138 295 6.21886679809e-06
138 296 0.0
138 297 0.0
138 298 0.0
138 299 6.21886679809e-06
138 300 0.0
138 301 0.000223879204731
138 302 0.0
138 303 0.000155471669952
138 304 0.0
138 305 5.59698011828e-05
138 306 0.0
138 307 0.00453355389581
138 308 0.0
138 309 0.00139924502957
138 310 0.0
138 311 0.000155471669952
138 312 0.0
138 313 0.0
138 314 0.0
138 315 6.21886679809e-06
138 316 0.0
138 317 2.48754671924e-05
138 318 0.0
138 319 6.21886679809e-06
138 320 0.0
138 321 2.48754671924e-05
138 322 0.0
138 323 6.21886679809e-06
138 324 0.0
138 325 0.00139924502957
138 326 0.0
138 327 0.00139924502957
138 328 0.0
138 329 9.95018687695e-05
138 330 0.0
138 331 6.21886679809e-06
138 332 0.0
138 333 2.48754671924e-05
138 334 0.0
138 335 0.0
138 336 0.0
138 337 0.0
138 338 0.0
138 339 0.0
138 340 0.0
138 341 0.000304724473107
138 342 0.0
138 343 0.00139924502957
138 344 0.0
138 345 0.000304724473107
138 346 0.0
138 347 9.95018687695e-05
138 348 0.0
138 349 0.00105098848888
138 350 0.0
138 351 0.000895516818925
138 352 0.0
138 353 0.000223879204731
138 354 0.0
138 355 0.0
138 356 0.0
138 357 0.0
138 358 0.0
138 359 0.0
138 360 0.0
138 361 0.0
138 362 0.0
138 363 2.48754671924e-05
138 364 0.0
138 365 6.21886679809e-06
138 366 0.0
138 367 0.000223879204731
138 368 0.0
138 369 9.95018687695e-05
138 370 0.0
138 371 0.000304724473107
138 372 0.0
138 373 0.000223879204731
138 374 0.0
138 375 2.48754671924e-05
138 376 0.0
138 377 2.48754671924e-05
138 378 0.0
138 379 0.0
138 380 0.0
138 381 5.59698011828e-05
138 382 0.0
138 383 2.48754671924e-05
138 384 0.0
138 385 5.59698011828e-05
138 386 0.0
138 387 2.48754671924e-05
138 388 0.0
138 389 0.0
138 390 0.0
138 391 0.000223879204731
138 392 0.0
138 393 6.21886679809e-06
138 394 0.0
138 395 5.59698011828e-05
138 396 0.0
138 397 9.95018687695e-05
138 398 0.0
138 399 6.21886679809e-06
138 400 0.0
139 0 0.0
139 1 2.48754671924e-05
139 2 0.0
139 3 2.48754671924e-05
139 4 0.0
139 5 0.000155471669952
139 6 0.0
139 7 0.000304724473107
139 8 0.0
139 9 2.48754671924e-05
139 10 0.0
139 11 0.000398007475078
139 12 0.0
139 13 5.59698011828e-05
139 14 0.0
139 15 2.48754671924e-05
139 16 0.0
139 17 0.000155471669952
139 18 0.0
139 19 6.21886679809e-06
139 20 0.0
139 21 2.48754671924e-05
139 22 0.0
139 23 6.21886679809e-06
139 24 0.0
139 25 6.21886679809e-06
139 26 0.0
139 27 6.21886679809e-06
139 28 0.0
139 29 0.000304724473107
139 30 0.0
139 31 9.95018687695e-05
139 32 0.0
139 33 2.48754671924e-05
139 34 0.0
139 35 6.21886679809e-06
139 36 0.0
139 37 0.000621886679809
139 38 0.0
139 39 0.000223879204731
139 40 0.0
139 41 6.21886679809e-06
139 42 0.0
139 43 5.59698011828e-05
139 44 0.0
139 45 0.0
139 46 0.0
139 47 6.21886679809e-06
139 48 0.0
139 49 0.0
139 50 0.0
139 51 0.0
139 52 0.0
139 53 0.0
139 54 0.0
139 55 6.21886679809e-06
139 56 0.0
139 57 6.21886679809e-06
139 58 0.0
139 59 0.000155471669952
139 60 0.0
139 61 0.000895516818925
139 62 0.0
139 63 0.000223879204731
139 64 0.0
139 65 0.000304724473107
139 66 0.0
139 67 0.000398007475078
139 68 0.0
139 69 9.95018687695e-05
139 70 0.0
139 71 6.21886679809e-06
139 72 0.0
139 73 2.48754671924e-05
139 74 0.0
139 75 0.0
139 76 0.0
139 77 6.21886679809e-06
139 78 0.0
139 79 0.0
139 80 0.0
139 81 0.0
139 82 0.0
139 83 0.0
139 84 0.0
139 85 0.000304724473107
139 86 0.0
139 87 0.000621886679809
139 88 0.0
139 89 0.00179725250465
139 90 0.0
139 91 9.95018687695e-05
139 92 0.0
139 93 0.000752482882569
139 94 0.0
139 95 0.00179725250465
139 96 0.0
139 97 5.59698011828e-05
139 98 0.0
139 99 0.0
139 100 0.0
139 101 6.21886679809e-06
139 102 0.0
139 103 6.21886679809e-06
139 104 0.0
139 105 0.0
139 106 0.0
139 107 0.0
139 108 0.0
139 109 0.000304724473107
139 110 0.0
139 111 0.000155471669952
139 112 0.0
139 113 2.48754671924e-05
139 114 0.0
139 115 0.00453355389581
139 116 0.0
139 117 0.00201491284258
139 118 0.0
139 119 0.000304724473107
139 120 0.0
139 121 0.0
139 122 0.0
139 123 0.0
139 124 0.0
139 125 0.0
139 126 0.0
139 127 0.00179725250465
139 128 0.0
139 129 0.00851362864659
139 130 0.0
139 131 0.00453355389581
139 132 6.21886679809e-06
139 133 0.00761811182766
139 134 6.21886679809e-06
139 135 0.000752482882569
139 136 0.0
139 137 6.21886679809e-06
139 138 0.0
139 139 0.0
139 140 0.0
139 141 0.0
139 142 0.0
139 143 0.0
139 144 0.0
139 145 6.21886679809e-06
139 146 0.0
139 147 0.0
139 148 0.0
139 149 6.21886679809e-06
139 150 0.0
139 151 0.00300993153028
139 152 0.000155471669952
139 153 0.0143282691028
139 154 0.000503728210645
139 155 0.0149314991822
139 156 6.21886679809e-06
139 157 0.000155471669952
139 158 9.95018687695e-05
139 159 9.95018687695e-05
139 160 9.95018687695e-05
139 161 0.000155471669952
139 162 9.95018687695e-05
139 163 9.95018687695e-05
139 164 9.95018687695e-05
139 165 9.95018687695e-05
139 166 9.95018687695e-05
139 167 9.95018687695e-05
139 168 9.95018687695e-05
139 169 9.95018687695e-05
139 170 9.95018687695e-05
139 171 9.95018687695e-05
139 172 9.95018687695e-05
139 173 9.95018687695e-05
139 174 9.95018687695e-05
139 175 9.95018687695e-05
139 176 9.95018687695e-05
139 177 9.95018687695e-05
139 178 9.95018687695e-05
139 179 9.95018687695e-05
139 180 9.95018687695e-05
139 181 9.95018687695e-05
139 182 9.95018687695e-05
139 183 9.95018687695e-05
139 184 9.95018687695e-05
139 185 9.95018687695e-05
139 186 9.95018687695e-05
139 187 9.95018687695e-05
139 188 9.95018687695e-05
139 189 9.95018687695e-05
139 190 9.95018687695e-05
139 191 9.95018687695e-05
139 192 9.95018687695e-05
139 193 9.95018687695e-05
139 194 9.95018687695e-05
139 195 9.95018687695e-05
139 196 9.95018687695e-05
139 197 9.95018687695e-05
139 198 9.95018687695e-05
139 199 9.95018687695e-05
139 200 9.95018687695e-05
139 201 9.95018687695e-05
139 202 9.95018687695e-05
139 203 9.95018687695e-05
139 204 9.95018687695e-05
139 205 9.95018687695e-05
139 206 9.95018687695e-05
139 207 9.95018687695e-05
139 208 9.95018687695e-05
139 209 9.95018687695e-05
139 210 9.95018687695e-05
139 211 9.95018687695e-05
139 212 9.95018687695e-05
139 213 9.95018687695e-05
139 214 9.95018687695e-05
139 215 9.95018687695e-05
139 216 9.95018687695e-05
139 217 9.95018687695e-05
139 218 9.95018687695e-05
139 219 9.95018687695e-05
139 220 9.95018687695e-05
139 221 9.95018687695e-05
139 222 9.95018687695e-05
139 223 9.95018687695e-05
139 224 9.95018687695e-05
139 225 9.95018687695e-05
139 226 9.95018687695e-05
139 227 9.95018687695e-05
139 228 9.95018687695e-05
139 229 9.95018687695e-05
139 230 9.95018687695e-05
139 231 9.95018687695e-05
139 232 9.95018687695e-05
139 233 9.95018687695e-05
139 234 9.95018687695e-05
139 235 9.95018687695e-05
139 236 9.95018687695e-05
139 237 9.95018687695e-05
139 238 9.95018687695e-05
139 239 9.95018687695e-05
139 240 9.95018687695e-05
139 241 9.95018687695e-05
139 242 9.95018687695e-05
139 243 9.95018687695e-05
139 244 9.95018687695e-05
139 245 9.95018687695e-05
139 246 9.95018687695e-05
139 247 9.95018687695e-05
139 248 9.95018687695e-05
139 249 9.95018687695e-05
139 250 9.95018687695e-05
139 251 9.95018687695e-05
139 252 9.95018687695e-05
139 253 0.000155471669952
139 254 9.95018687695e-05
139 255 9.95018687695e-05
139 256 5.59698011828e-05
139 257 5.59698011828e-05
139 258 2.48754671924e-05
139 259 0.000155471669952
139 260 5.59698011828e-05
139 261 0.000223879204731
139 262 0.0
139 263 0.000398007475078
139 264 2.48754671924e-05
139 265 0.0270893837725
139 266 0.0
139 267 0.0035820672757
139 268 0.0
139 269 5.59698011828e-05
139 270 6.21886679809e-06
139 271 2.48754671924e-05
139 272 0.0
139 273 0.0
139 274 0.0
139 275 6.21886679809e-06
139 276 0.0
139 277 5.59698011828e-05
139 278 0.0
139 279 2.48754671924e-05
139 280 0.0
139 281 6.21886679809e-06
139 282 0.0
139 283 0.000895516818925
139 284 0.0
139 285 0.00388679174881
139 286 0.0
139 287 0.000752482882569
139 288 0.0
139 289 0.0035820672757
139 290 0.0
139 291 0.000621886679809
139 292 0.0
139 293 5.59698011828e-05
139 294 0.0
139 295 6.21886679809e-06
139 296 0.0
139 297 0.0
139 298 0.0
139 299 6.21886679809e-06
139 300 0.0
139 301 0.000223879204731
139 302 0.0
139 303 0.000155471669952
139 304 0.0
139 305 5.59698011828e-05
139 306 0.0
139 307 0.00453355389581
139 308 0.0
139 309 0.00139924502957
139 310 0.0
139 311 0.000155471669952
139 312 0.0
139 313 0.0
139 314 0.0
139 315 6.21886679809e-06
139 316 0.0
139 317 2.48754671924e-05
139 318 0.0
139 319 6.21886679809e-06
139 320 0.0
139 321 2.48754671924e-05
139 322 0.0
139 323 6.21886679809e-06
139 324 0.0
139 325 0.00139924502957
139 326 0.0
139 327 0.00139924502957
139 328 0.0
139 329 9.95018687695e-05
139 330 0.0
139 331 6.21886679809e-06
139 332 0.0
139 333 2.48754671924e-05
139 334 0.0
139 335 0.0
139 336 0.0
139 337 0.0
139 338 0.0
139 339 0.0
139 340 0.0
139 341 0.000304724473107
139 342 6.21886679809e-06
139 343 0.00159202990031
139 344 6.21886679809e-06
139 345 0.000223879204731
139 346 6.21886679809e-06
139 347 0.000155471669952
139 348 0.0
139 349 0.00105098848888
139 350 0.0
139 351 0.000895516818925
139 352 0.0
139 353 0.000223879204731
139 354 0.0
139 355 0.0
139 356 0.0
139 357 0.0
139 358 0.0
139 359 0.0
139 360 0.0
139 361 0.0
139 362 0.0
139 363 2.48754671924e-05
139 364 0.0
139 365 6.21886679809e-06
139 366 0.0
139 367 0.000223879204731
139 368 0.0
139 369 9.95018687695e-05
139 370 0.0
139 371 0.000223879204731
139 372 6.21886679809e-06
139 373 0.000223879204731
139 374 0.0
139 375 5.59698011828e-05
139 376 6.21886679809e-06
139 377 5.59698011828e-05
139 378 0.0
139 379 0.0
139 380 0.0
139 381 5.59698011828e-05
139 382 0.0
139 383 2.48754671924e-05
139 384 0.0
139 385 2.48754671924e-05
139 386 6.21886679809e-06
139 387 9.95018687695e-05
139 388 6.21886679809e-06
139 389 6.21886679809e-06
139 390 6.21886679809e-06
139 391 0.000155471669952
139 392 0.0
139 393 6.21886679809e-06
139 394 0.0
139 395 5.59698011828e-05
139 396 0.0
139 397 9.95018687695e-05
139 398 0.0
139 399 6.21886679809e-06
139 400 0.0
140 0 0.0
140 1 2.48754671924e-05
140 2 0.0
140 3 2.48754671924e-05
140 4 0.0
140 5 0.000155471669952
140 6 0.0
140 7 0.000304724473107
140 8 0.0
140 9 2.48754671924e-05
140 10 0.0
140 11 0.000398007475078
140 12 0.0
140 13 5.59698011828e-05
140 14 0.0
140 15 2.48754671924e-05
140 16 0.0
140 17 0.000155471669952
140 18 0.0
140 19 6.21886679809e-06
140 20 0.0
140 21 2.48754671924e-05
140 22 0.0
140 23 6.21886679809e-06
140 24 0.0
140 25 6.21886679809e-06
140 26 0.0
140 27 6.21886679809e-06
140 28 0.0
140 29 0.000304724473107
140 30 0.0
140 31 9.95018687695e-05
140 32 0.0
140 33 2.48754671924e-05
140 34 0.0
140 35 6.21886679809e-06
140 36 0.0
140 37 0.000621886679809
140 38 0.0
140 39 0.000223879204731
140 40 0.0
140 41 6.21886679809e-06
140 42 0.0
140 43 5.59698011828e-05
140 44 0.0
140 45 0.0
140 46 0.0
140 47 6.21886679809e-06
140 48 0.0
140 49 0.0
140 50 0.0
140 51 0.0
140 52 0.0
140 53 0.0
140 54 0.0
140 55 6.21886679809e-06
140 56 0.0
140 57 6.21886679809e-06
140 58 0.0
140 59 0.000155471669952
140 60 0.0
140 61 0.000895516818925
140 62 0.0
140 63 0.000223879204731
140 64 0.0
140 65 0.000304724473107
140 66 0.0
140 67 0.000398007475078
140 68 0.0
140 69 9.95018687695e-05
140 70 0.0
140 71 6.21886679809e-06
140 72 0.0
140 73 2.48754671924e-05
140 74 0.0
140 75 0.0
140 76 0.0
140 77 6.21886679809e-06
140 78 0.0
140 79 0.0
140 80 0.0
140 81 0.0
140 82 0.0
140 83 0.0
140 84 0.0
140 85 0.000304724473107
140 86 0.0
140 87 0.000621886679809
140 88 0.0
140 89 0.00179725250465
140 90 0.0
140 91 9.95018687695e-05
140 92 0.0
140 93 0.000752482882569
140 94 0.0
140 95 0.00179725250465
140 96 0.0
140 97 5.59698011828e-05
140 98 0.0
140 99 0.0
140 100 0.0
140 101 6.21886679809e-06
140 102 0.0
140 103 6.21886679809e-06
140 104 0.0
140 105 0.0
140 106 0.0
140 107 0.0
140 108 0.0
140 109 0.000304724473107
140 110 0.0
140 111 0.000155471669952
140 112 0.0
140 113 2.48754671924e-05
140 114 0.0
140 115 0.00453355389581
140 116 0.0
140 117 0.00201491284258
140 118 0.0
140 119 0.000304724473107
140 120 0.0
140 121 0.0
140 122 0.0
140 123 0.0
140 124 0.0
140 125 0.0
140 126 0.0
140 127 0.00179725250465
140 128 0.0
140 129 0.00851362864659
140 130 0.0
140 131 0.0048755915697
140 132 0.0
140 133 0.00851362864659
140 134 0.0
140 135 0.000621886679809
140 136 0.0
140 137 6.21886679809e-06
140 138 0.0
140 139 0.0
140 140 0.0
140 141 0.0
140 142 0.0
140 143 0.0
140 144 0.0
140 145 0.0
140 146 0.0
140 147 0.0
140 148 0.0
140 149 0.0
140 150 0.0
140 151 0.0035820672757
140 152 0.0
140 153 0.0104539150876
140 154 0.0
140 155 0.0181342155832
140 156 0.0
140 157 0.0
140 158 0.0
140 159 0.0
140 160 0.0
140 161 0.0
140 162 0.0
140 163 0.0
140 164 0.0
140 165 0.0
140 166 0.0
140 167 0.0
140 168 0.0
140 169 0.0
140 170 0.0
140 171 0.0
140 172 0.0
140 173 0.0
140 174 0.0
140 175 0.0
140 176 0.0
140 177 0.0
140 178 0.0
140 179 0.0
140 180 0.0
140 181 0.0
140 182 0.0
140 183 0.0
140 184 0.0
140 185 0.0
140 186 0.0
140 187 0.0
140 188 0.0
140 189 0.0
140 190 0.0
140 191 0.0
140 192 0.0
140 193 0.0
140 194 0.0
140 195 0.0
140 196 0.0
140 197 0.0
140 198 0.0
140 199 0.0
140 200 0.0
140 201 0.0
140 202 0.0
140 203 0.0
140 204 0.0
140 205 0.0
140 206 0.0
140 207 0.0
140 208 0.0
140 209 0.0
140 210 0.0
140 211 0.0
140 212 0.0
140 213 0.0
140 214 0.0
140 215 0.0
140 216 0.0
140 217 0.0
140 218 0.0
140 219 0.0
140 220 0.0
140 221 0.0
140 222 0.0
140 223 0.0
140 224 0.0
140 225 0.0
140 226 0.0
140 227 0.0
140 228 0.0
140 229 0.0
140 230 0.0
140 231 0.0
140 232 0.0
140 233 0.0
140 234 0.0
140 235 0.0
140 236 0.0
140 237 0.0
140 238 0.0
140 239 0.0
140 240 0.0
140 241 0.0
140 242 0.0
140 243 0.0
140 244 0.0
140 245 0.0
140 246 0.0
140 247 0.0
140 248 0.0
140 249 0.0
140 250 0.0
140 251 0.0
140 252 0.0
140 253 6.21886679809e-06
140 254 0.0
140 255 0.0
140 256 0.0
140 257 6.21886679809e-06
140 258 0.0
140 259 9.95018687695e-05
140 260 0.0
140 261 0.000503728210645
140 262 0.0
140 263 0.000752482882569
140 264 0.0
140 265 0.0287560400744
140 266 0.0
140 267 0.0035820672757
140 268 0.0
140 269 9.95018687695e-05
140 270 0.0
140 271 6.21886679809e-06
140 272 0.0
140 273 0.0
140 274 0.0
140 275 6.21886679809e-06
140 276 0.0
140 277 5.59698011828e-05
140 278 0.0
140 279 2.48754671924e-05
140 280 0.0
140 281 6.21886679809e-06
140 282 0.0
140 283 0.000895516818925
140 284 0.0
140 285 0.00388679174881
140 286 0.0
140 287 0.000752482882569
140 288 0.0
140 289 0.0035820672757
140 290 0.0
140 291 0.000621886679809
140 292 0.0
140 293 5.59698011828e-05
140 294 0.0
140 295 6.21886679809e-06
140 296 0.0
140 297 0.0
140 298 0.0
140 299 6.21886679809e-06
140 300 0.0
140 301 0.000223879204731
140 302 0.0
140 303 0.000155471669952
140 304 0.0
140 305 5.59698011828e-05
140 306 0.0
140 307 0.00453355389581
140 308 0.0
140 309 0.00139924502957
140 310 0.0
140 311 0.000155471669952
140 312 0.0
140 313 0.0
140 314 0.0
140 315 6.21886679809e-06
140 316 0.0
140 317 2.48754671924e-05
140 318 0.0
140 319 6.21886679809e-06
140 320 0.0
140 321 2.48754671924e-05
140 322 0.0
140 323 6.21886679809e-06
140 324 0.0
140 325 0.00139924502957
140 326 0.0
140 327 0.00139924502957
140 328 0.0
140 329 9.95018687695e-05
140 330 0.0
140 331 6.21886679809e-06
140 332 0.0
140 333 2.48754671924e-05
140 334 0.0
140 335 0.0
140 336 0.0
140 337 0.0
140 338 0.0
140 339 0.0
140 340 0.0
140 341 0.000304724473107
140 342 0.0
140 343 0.00139924502957
140 344 0.0
140 345 0.000304724473107
140 346 0.0
140 347 9.95018687695e-05
140 348 0.0
140 349 0.00105098848888
140 350 0.0
140 351 0.000895516818925
140 352 0.0
140 353 0.000223879204731
140 354 0.0
140 355 0.0
140 356 0.0
140 357 0.0
140 358 0.0
140 359 0.0
140 360 0.0
140 361 0.0
140 362 0.0
140 363 2.48754671924e-05
140 364 0.0
140 365 6.21886679809e-06
140 366 0.0
140 367 0.000223879204731
140 368 0.0
140 369 9.95018687695e-05
140 370 0.0
140 371 0.000304724473107
140 372 0.0
140 373 0.000223879204731
140 374 0.0
140 375 2.48754671924e-05
140 376 0.0
140 377 2.48754671924e-05
140 378 0.0
140 379 0.0
140 380 0.0
140 381 5.59698011828e-05
140 382 0.0
140 383 2.48754671924e-05
140 384 0.0
140 385 5.59698011828e-05
140 386 0.0
140 387 2.48754671924e-05
140 388 0.0
140 389 0.0
140 390 0.0
140 391 0.000223879204731
140 392 0.0
140 393 6.21886679809e-06
140 394 0.0
140 395 5.59698011828e-05
140 396 0.0
140 397 9.95018687695e-05
140 398 0.0
140 399 6.21886679809e-06
140 400 0.0
141 0 0.0
141 1 2.48754671924e-05
141 2 0.0
141 3 2.48754671924e-05
141 4 0.0
141 5 0.000155471669952
141 6 0.0
141 7 0.000304724473107
141 8 0.0
141 9 2.48754671924e-05
141 10 0.0
141 11 0.000398007475078
141 12 0.0
141 13 5.59698011828e-05
141 14 0.0
141 15 2.48754671924e-05
141 16 0.0
141 17 0.000155471669952
141 18 0.0
141 19 6.21886679809e-06
141 20 0.0
141 21 2.48754671924e-05
141 22 0.0
141 23 6.21886679809e-06
141 24 0.0
141 25 6.21886679809e-06
141 26 0.0
141 27 6.21886679809e-06
141 28 0.0
141 29 0.000304724473107
141 30 0.0
141 31 9.95018687695e-05
141 32 0.0
141 33 2.48754671924e-05
141 34 0.0
141 35 6.21886679809e-06
141 36 0.0
141 37 0.000621886679809
141 38 0.0
141 39 0.000223879204731
141 40 0.0
141 41 6.21886679809e-06
141 42 0.0
141 43 5.59698011828e-05
141 44 0.0
141 45 0.0
141 46 0.0
141 47 6.21886679809e-06
141 48 0.0
141 49 0.0
141 50 0.0
141 51 0.0
141 52 0.0
141 53 0.0
141 54 0.0
141 55 6.21886679809e-06
141 56 0.0
141 57 6.21886679809e-06
141 58 0.0
141 59 0.000155471669952
141 60 0.0
141 61 0.000895516818925
141 62 0.0
141 63 0.000223879204731
141 64 0.0
141 65 0.000304724473107
141 66 0.0
141 67 0.000398007475078
141 68 0.0
141 69 9.95018687695e-05
141 70 0.0
141 71 6.21886679809e-06
141 72 0.0
141 73 2.48754671924e-05
141 74 0.0
141 75 0.0
141 76 0.0
141 77 6.21886679809e-06
141 78 0.0
141 79 0.0
141 80 0.0
141 81 0.0
141 82 0.0
141 83 0.0
141 84 0.0
141 85 0.000304724473107
141 86 0.0
141 87 0.000621886679809
141 88 0.0
141 89 0.00179725250465
141 90 0.0
141 91 9.95018687695e-05
141 92 0.0
141 93 0.000752482882569
141 94 0.0
141 95 0.00179725250465
141 96 0.0
141 97 5.59698011828e-05
141 98 0.0
141 99 0.0
141 100 0.0
141 101 6.21886679809e-06
141 102 0.0
141 103 6.21886679809e-06
141 104 0.0
141 105 0.0
141 106 0.0
141 107 0.0
141 108 0.0
141 109 0.000304724473107
141 110 0.0
141 111 0.000155471669952
141 112 0.0
141 113 2.48754671924e-05
141 114 0.0
141 115 0.00453355389581
141 116 0.0
141 117 0.00201491284258
141 118 0.0
141 119 0.000304724473107
141 120 0.0
141 121 0.0
141 122 0.0
141 123 0.0
141 124 0.0
141 125 0.0
141 126 0.0
141 127 0.00179725250465
141 128 6.21886679809e-06
141 129 0.00898004365644
141 130 6.21886679809e-06
141 131 0.00453355389581
141 132 0.0
141 133 0.00851362864659
141 134 0.0
141 135 0.000621886679809
141 136 0.0
141 137 6.21886679809e-06
141 138 0.0
141 139 0.0
141 140 0.0
141 141 0.0
141 142 0.0
141 143 0.0
141 144 0.0
141 145 0.0
141 146 0.0
141 147 0.0
141 148 0.0
141 149 0.0
141 150 6.21886679809e-06
141 151 0.00328978053619
141 152 6.21886679809e-06
141 153 0.0120397261211
141 154 0.0
141 155 0.0181342155832
141 156 5.59698011828e-05
141 157 2.48754671924e-05
141 158 6.21886679809e-06
141 159 6.21886679809e-06
141 160 6.21886679809e-06
141 161 2.48754671924e-05
141 162 6.21886679809e-06
141 163 6.21886679809e-06
141 164 6.21886679809e-06
141 165 6.21886679809e-06
141 166 6.21886679809e-06
141 167 6.21886679809e-06
141 168 6.21886679809e-06
141 169 6.21886679809e-06
141 170 6.21886679809e-06
141 171 6.21886679809e-06
141 172 6.21886679809e-06
141 173 6.21886679809e-06
141 174 6.21886679809e-06
141 175 6.21886679809e-06
141 176 6.21886679809e-06
141 177 6.21886679809e-06
141 178 6.21886679809e-06
141 179 6.21886679809e-06
141 180 6.21886679809e-06
141 181 6.21886679809e-06
141 182 6.21886679809e-06
141 183 6.21886679809e-06
141 184 6.21886679809e-06
141 185 6.21886679809e-06
141 186 6.21886679809e-06
141 187 6.21886679809e-06
141 188 6.21886679809e-06
141 189 6.21886679809e-06
141 190 6.21886679809e-06
141 191 6.21886679809e-06
141 192 6.21886679809e-06
141 193 6.21886679809e-06
141 194 6.21886679809e-06
141 195 6.21886679809e-06
141 196 6.21886679809e-06
141 197 6.21886679809e-06
141 198 6.21886679809e-06
141 199 6.21886679809e-06
141 200 6.21886679809e-06
141 201 6.21886679809e-06
141 202 6.21886679809e-06
141 203 6.21886679809e-06
141 204 6.21886679809e-06
141 205 6.21886679809e-06
141 206 6.21886679809e-06
141 207 6.21886679809e-06
141 208 6.21886679809e-06
141 209 6.21886679809e-06
141 210 6.21886679809e-06
141 211 6.21886679809e-06
141 212 6.21886679809e-06
141 213 6.21886679809e-06
141 214 6.21886679809e-06
141 215 6.21886679809e-06
141 216 6.21886679809e-06
141 217 6.21886679809e-06
141 218 6.21886679809e-06
141 219 6.21886679809e-06
141 220 6.21886679809e-06
141 221 6.21886679809e-06
141 222 6.21886679809e-06
141 223 6.21886679809e-06
141 224 6.21886679809e-06
141 225 6.21886679809e-06
141 226 6.21886679809e-06
141 227 6.21886679809e-06
141 228 6.21886679809e-06
141 229 6.21886679809e-06
141 230 6.21886679809e-06
141 231 6.21886679809e-06
141 232 6.21886679809e-06
141 233 6.21886679809e-06
141 234 6.21886679809e-06
141 235 6.21886679809e-06
141 236 6.21886679809e-06
141 237 6.21886679809e-06
141 238 6.21886679809e-06
141 239 6.21886679809e-06
141 240 6.21886679809e-06
141 241 6.21886679809e-06
141 242 6.21886679809e-06
141 243 6.21886679809e-06
141 244 6.21886679809e-06
141 245 6.21886679809e-06
141 246 6.21886679809e-06
141 247 6.21886679809e-06
141 248 6.21886679809e-06
141 249 6.21886679809e-06
141 250 6.21886679809e-06
141 251 6.21886679809e-06
141 252 6.21886679809e-06
141 253 6.21886679809e-06
141 254 6.21886679809e-06
141 255 2.48754671924e-05
141 256 6.21886679809e-06
141 257 0.0
141 258 0.0
141 259 0.000304724473107
141 260 6.21886679809e-06
141 261 0.000503728210645
141 262 6.21886679809e-06
141 263 0.000503728210645
141 264 0.0
141 265 0.0287560400744
141 266 2.48754671924e-05
141 267 0.00388679174881
141 268 0.0
141 269 0.000223879204731
141 270 6.21886679809e-06
141 271 6.21886679809e-06
141 272 0.0
141 273 0.0
141 274 0.0
141 275 6.21886679809e-06
141 276 0.0
141 277 5.59698011828e-05
141 278 0.0
141 279 2.48754671924e-05
141 280 0.0
141 281 6.21886679809e-06
141 282 0.0
141 283 0.000895516818925
141 284 0.0
141 285 0.00388679174881
141 286 0.0
141 287 0.000752482882569
141 288 0.0
141 289 0.0035820672757
141 290 0.0
141 291 0.000621886679809
141 292 0.0
141 293 5.59698011828e-05
141 294 0.0
141 295 6.21886679809e-06
141 296 0.0
141 297 0.0
141 298 0.0
141 299 6.21886679809e-06
141 300 0.0
141 301 0.000155471669952
141 302 6.21886679809e-06
141 303 0.000223879204731
141 304 6.21886679809e-06
141 305 2.48754671924e-05
141 306 6.21886679809e-06
141 307 0.00420395395551
141 308 0.0
141 309 0.00139924502957
141 310 0.0
141 311 0.000155471669952
141 312 0.0
141 313 0.0
141 314 0.0
141 315 6.21886679809e-06
141 316 0.0
141 317 2.48754671924e-05
141 318 0.0
141 319 6.21886679809e-06
141 320 0.0
141 321 2.48754671924e-05
141 322 0.0
141 323 6.21886679809e-06
141 324 0.0
141 325 0.00139924502957
141 326 0.0
141 327 0.00139924502957
141 328 0.0
141 329 9.95018687695e-05
141 330 0.0
141 331 6.21886679809e-06
141 332 0.0
141 333 2.48754671924e-05
141 334 0.0
141 335 0.0
141 336 0.0
141 337 0.0
141 338 0.0
141 339 0.0
141 340 0.0
141 341 0.000304724473107
141 342 0.0
141 343 0.00139924502957
141 344 0.0
141 345 0.000398007475078
141 346 0.0
141 347 0.000155471669952
141 348 6.21886679809e-06
141 349 0.000895516818925
141 350 0.0
141 351 0.000895516818925
141 352 0.0
141 353 0.000223879204731
141 354 0.0
141 355 0.0
141 356 0.0
141 357 0.0
141 358 0.0
141 359 0.0
141 360 0.0
141 361 0.0
141 362 0.0
141 363 2.48754671924e-05
141 364 0.0
141 365 6.21886679809e-06
141 366 0.0
141 367 0.000223879204731
141 368 0.0
141 369 9.95018687695e-05
141 370 0.0
141 371 0.000304724473107
141 372 6.21886679809e-06
141 373 0.000155471669952
141 374 6.21886679809e-06
141 375 5.59698011828e-05
141 376 0.0
141 377 2.48754671924e-05
141 378 6.21886679809e-06
141 379 6.21886679809e-06
141 380 6.21886679809e-06
141 381 2.48754671924e-05
141 382 6.21886679809e-06
141 383 5.59698011828e-05
141 384 6.21886679809e-06
141 385 6.21886679809e-06
141 386 0.0
141 387 2.48754671924e-05
141 388 0.0
141 389 0.0
141 390 0.0
141 391 0.000223879204731
141 392 0.0
141 393 6.21886679809e-06
141 394 0.0
141 395 5.59698011828e-05
141 396 0.0
141 397 9.95018687695e-05
141 398 0.0
141 399 6.21886679809e-06
141 400 0.0
142 0 0.0
142 1 2.48754671924e-05
142 2 0.0
142 3 2.48754671924e-05
142 4 0.0
142 5 0.000155471669952
142 6 0.0
142 7 0.000304724473107
142 8 0.0
142 9 2.48754671924e-05
142 10 0.0
142 11 0.000398007475078
142 12 0.0
142 13 5.59698011828e-05
142 14 0.0
142 15 2.48754671924e-05
142 16 0.0
142 17 0.000155471669952
142 18 0.0
142 19 6.21886679809e-06
142 20 0.0
142 21 2.48754671924e-05
142 22 0.0
142 23 6.21886679809e-06
142 24 0.0
142 25 6.21886679809e-06
142 26 0.0
142 27 6.21886679809e-06
142 28 0.0
142 29 0.000304724473107
142 30 0.0
142 31 9.95018687695e-05
142 32 0.0
142 33 2.48754671924e-05
142 34 0.0
142 35 6.21886679809e-06
142 36 0.0
142 37 0.000621886679809
142 38 0.0
142 39 0.000223879204731
142 40 0.0
142 41 6.21886679809e-06
142 42 0.0
142 43 5.59698011828e-05
142 44 0.0
142 45 0.0
142 46 0.0
142 47 6.21886679809e-06
142 48 0.0
142 49 0.0
142 50 0.0
142 51 0.0
142 52 0.0
142 53 0.0
142 54 0.0
142 55 6.21886679809e-06
142 56 0.0
142 57 6.21886679809e-06
142 58 0.0
142 59 0.000155471669952
142 60 0.0
142 61 0.000895516818925
142 62 0.0
142 63 0.000223879204731
142 64 0.0
142 65 0.000304724473107
142 66 0.0
142 67 0.000398007475078
142 68 0.0
142 69 9.95018687695e-05
142 70 0.0
142 71 6.21886679809e-06
142 72 0.0
142 73 2.48754671924e-05
142 74 0.0
142 75 0.0
142 76 0.0
142 77 6.21886679809e-06
142 78 0.0
142 79 0.0
142 80 0.0
142 81 0.0
142 82 0.0
142 83 0.0
142 84 0.0
142 85 0.000304724473107
142 86 0.0
142 87 0.000621886679809
142 88 0.0
142 89 0.00179725250465
142 90 0.0
142 91 9.95018687695e-05
142 92 0.0
142 93 0.000752482882569
142 94 0.0
142 95 0.00179725250465
142 96 0.0
142 97 5.59698011828e-05
142 98 0.0
142 99 0.0
142 100 0.0
142 101 6.21886679809e-06
142 102 0.0
142 103 6.21886679809e-06
142 104 0.0
142 105 0.0
142 106 0.0
142 107 0.0
142 108 0.0
142 109 0.000304724473107
142 110 0.0
142 111 0.000155471669952
142 112 0.0
142 113 2.48754671924e-05
142 114 0.0
142 115 0.00453355389581
142 116 0.0
142 117 0.00201491284258
142 118 0.0
142 119 0.000304724473107
142 120 0.0
142 121 0.0
142 122 0.0
142 123 0.0
142 124 0.0
142 125 0.0
142 126 0.0
142 127 0.00179725250465
142 128 0.0
142 129 0.00898004365644
142 130 0.0
142 131 0.00453355389581
142 132 0.0
142 133 0.00805965137033
142 134 0.0
142 135 0.000621886679809
142 136 0.0
142 137 6.21886679809e-06
142 138 0.0
142 139 0.0
142 140 0.0
142 141 0.0
142 142 0.0
142 143 0.0
142 144 0.0
142 145 0.0
142 146 0.0
142 147 0.0
142 148 0.0
142 149 0.0
142 150 0.0
142 151 0.00453355389581
142 152 0.0
142 153 0.0094588963999
142 154 0.0
142 155 0.0195023662788
142 156 0.0
142 157 6.21886679809e-06
142 158 0.0
142 159 0.0
142 160 0.0
142 161 6.21886679809e-06
142 162 0.0
142 163 0.0
142 164 0.0
142 165 0.0
142 166 0.0
142 167 0.0
142 168 0.0
142 169 0.0
142 170 0.0
142 171 0.0
142 172 0.0
142 173 0.0
142 174 0.0
142 175 0.0
142 176 0.0
142 177 0.0
142 178 0.0
142 179 0.0
142 180 0.0
142 181 0.0
142 182 0.0
142 183 0.0
142 184 0.0
142 185 0.0
142 186 0.0
142 187 0.0
142 188 0.0
142 189 0.0
142 190 0.0
142 191 0.0
142 192 0.0
142 193 0.0
142 194 0.0
142 195 0.0
142 196 0.0
142 197 0.0
142 198 0.0
142 199 0.0
142 200 0.0
142 201 0.0
142 202 0.0
142 203 0.0
142 204 0.0
142 205 0.0
142 206 0.0
142 207 0.0
142 208 0.0
142 209 0.0
142 210 0.0
142 211 0.0
142 212 0.0
142 213 0.0
142 214 0.0
142 215 0.0
142 216 0.0
142 217 0.0
142 218 0.0
142 219 0.0
142 220 0.0
142 221 0.0
142 222 0.0
142 223 0.0
142 224 0.0
142 225 0.0
142 226 0.0
142 227 0.0
142 228 0.0
142 229 0.0
142 230 0.0
142 231 0.0
142 232 0.0
142 233 0.0
142 234 0.0
142 235 0.0
142 236 0.0
142 237 0.0
142 238 0.0
142 239 0.0
142 240 0.0
142 241 0.0
142 242 0.0
142 243 0.0
142 244 0.0
142 245 0.0
142 246 0.0
142 247 0.0
142 248 0.0
142 249 0.0
142 250 0.0
142 251 0.0
142 252 0.0
142 253 0.0
142 254 0.0
142 255 6.21886679809e-06
142 256 0.0
142 257 0.0
142 258 0.0
142 259 0.000155471669952
142 260 0.0
142 261 0.000752482882569
142 262 0.0
142 263 0.000503728210645
142 264 0.0
142 265 0.0279164930566
142 266 0.0
142 267 0.0035820672757
142 268 0.0
142 269 9.95018687695e-05
142 270 0.0
142 271 6.21886679809e-06
142 272 0.0
142 273 0.0
142 274 0.0
142 275 6.21886679809e-06
142 276 0.0
142 277 5.59698011828e-05
142 278 0.0
142 279 2.48754671924e-05
142 280 0.0
142 281 6.21886679809e-06
142 282 0.0
142 283 0.000895516818925
142 284 0.0
142 285 0.00388679174881
142 286 0.0
142 287 0.000752482882569
142 288 0.0
142 289 0.0035820672757
142 290 0.0
142 291 0.000621886679809
142 292 0.0
142 293 5.59698011828e-05
142 294 0.0
142 295 6.21886679809e-06
142 296 0.0
142 297 0.0
142 298 0.0
142 299 6.21886679809e-06
142 300 0.0
142 301 0.000155471669952
142 302 0.0
142 303 0.000155471669952
142 304 0.0
142 305 2.48754671924e-05
142 306 0.0
142 307 0.00453355389581
142 308 0.0
142 309 0.00139924502957
142 310 0.0
142 311 0.000155471669952
142 312 0.0
142 313 0.0
142 314 0.0
142 315 6.21886679809e-06
142 316 0.0
142 317 2.48754671924e-05
142 318 0.0
142 319 6.21886679809e-06
142 320 0.0
142 321 2.48754671924e-05
142 322 0.0
142 323 6.21886679809e-06
142 324 0.0
142 325 0.00139924502957
142 326 0.0
142 327 0.00139924502957
142 328 0.0
142 329 9.95018687695e-05
142 330 0.0
142 331 6.21886679809e-06
142 332 0.0
142 333 2.48754671924e-05
142 334 0.0
142 335 0.0
142 336 0.0
142 337 0.0
142 338 0.0
142 339 0.0
142 340 0.0
142 341 0.000223879204731
142 342 0.0
142 343 0.00121889789243
142 344 0.0
142 345 0.000398007475078
142 346 0.0
142 347 9.95018687695e-05
142 348 0.0
142 349 0.000895516818925
142 350 0.0
142 351 0.000895516818925
142 352 0.0
142 353 0.000155471669952
142 354 0.0
142 355 0.0
142 356 0.0
142 357 0.0
142 358 0.0
142 359 0.0
142 360 0.0
142 361 0.0
142 362 0.0
142 363 2.48754671924e-05
142 364 0.0
142 365 6.21886679809e-06
142 366 0.0
142 367 0.000223879204731
142 368 0.0
142 369 9.95018687695e-05
142 370 0.0
142 371 0.000304724473107
142 372 0.0
142 373 0.000223879204731
142 374 0.0
142 375 5.59698011828e-05
142 376 0.0
142 377 0.0
142 378 0.0
142 379 0.0
142 380 0.0
142 381 5.59698011828e-05
142 382 0.0
142 383 2.48754671924e-05
142 384 0.0
142 385 2.48754671924e-05
142 386 0.0
142 387 6.21886679809e-06
142 388 0.0
142 389 6.21886679809e-06
142 390 0.0
142 391 0.000223879204731
142 392 0.0
142 393 6.21886679809e-06
142 394 0.0
142 395 5.59698011828e-05
142 396 0.0
142 397 9.95018687695e-05
142 398 0.0
142 399 6.21886679809e-06
142 400 0.0
143 0 0.0
143 1 2.48754671924e-05
143 2 0.0
143 3 2.48754671924e-05
143 4 0.0
143 5 0.000155471669952
143 6 0.0
143 7 0.000304724473107
143 8 0.0
143 9 2.48754671924e-05
143 10 0.0
143 11 0.000398007475078
143 12 0.0
143 13 5.59698011828e-05
143 14 0.0
143 15 2.48754671924e-05
143 16 0.0
143 17 0.000155471669952
143 18 0.0
143 19 6.21886679809e-06
143 20 0.0
143 21 2.48754671924e-05
143 22 0.0
143 23 6.21886679809e-06
143 24 0.0
143 25 6.21886679809e-06
143 26 0.0
143 27 6.21886679809e-06
143 28 0.0
143 29 0.000304724473107
143 30 0.0
143 31 9.95018687695e-05
143 32 0.0
143 33 2.48754671924e-05
143 34 0.0
143 35 6.21886679809e-06
143 36 0.0
143 37 0.000621886679809
143 38 0.0
143 39 0.000223879204731
143 40 0.0
143 41 6.21886679809e-06
143 42 0.0
143 43 5.59698011828e-05
143 44 0.0
143 45 0.0
143 46 0.0
143 47 6.21886679809e-06
143 48 0.0
143 49 0.0
143 50 0.0
143 51 0.0
143 52 0.0
143 53 0.0
143 54 0.0
143 55 6.21886679809e-06
143 56 0.0
143 57 6.21886679809e-06
143 58 0.0
143 59 0.000155471669952
143 60 0.0
143 61 0.000895516818925
143 62 0.0
143 63 0.000223879204731
143 64 0.0
143 65 0.000304724473107
143 66 0.0
143 67 0.000398007475078
143 68 0.0
143 69 9.95018687695e-05
143 70 0.0
143 71 6.21886679809e-06
143 72 0.0
143 73 2.48754671924e-05
143 74 0.0
143 75 0.0
143 76 0.0
143 77 6.21886679809e-06
143 78 0.0
143 79 0.0
143 80 0.0
143 81 0.0
143 82 0.0
143 83 0.0
143 84 0.0
143 85 0.000304724473107
143 86 0.0
143 87 0.000621886679809
143 88 0.0
143 89 0.00179725250465
143 90 0.0
143 91 9.95018687695e-05
143 92 0.0
143 93 0.000752482882569
143 94 0.0
143 95 0.00179725250465
143 96 0.0
143 97 5.59698011828e-05
143 98 0.0
143 99 0.0
143 100 0.0
143 101 6.21886679809e-06
143 102 0.0
143 103 6.21886679809e-06
143 104 0.0
143 105 0.0
143 106 0.0
143 107 0.0
143 108 0.0
143 109 0.000304724473107
143 110 0.0
143 111 0.000155471669952
143 112 0.0
143 113 2.48754671924e-05
143 114 0.0
143 115 0.00453355389581
143 116 0.0
143 117 0.00201491284258
143 118 0.0
143 119 0.000304724473107
143 120 0.0
143 121 0.0
143 122 0.0
143 123 0.0
143 124 0.0
143 125 0.0
143 126 0.0
143 127 0.00201491284258
143 128 6.21886679809e-06
143 129 0.0094588963999
143 130 0.0
143 131 0.0048755915697
143 132 2.48754671924e-05
143 133 0.00718901001859
143 134 0.0
143 135 0.000752482882569
143 136 0.0
143 137 6.21886679809e-06
143 138 0.0
143 139 0.0
143 140 0.0
143 141 0.0
143 142 0.0
143 143 0.0
143 144 0.0
143 145 6.21886679809e-06
143 146 0.0
143 147 0.0
143 148 0.0
143 149 6.21886679809e-06
143 150 6.21886679809e-06
143 151 0.0048755915697
143 152 6.21886679809e-06
143 153 0.00597633099297
143 154 6.21886679809e-06
143 155 0.020205098227
143 156 6.21886679809e-06
143 157 6.21886679809e-06
143 158 0.0
143 159 0.0
143 160 0.0
143 161 6.21886679809e-06
143 162 0.0
143 163 0.0
143 164 0.0
143 165 0.0
143 166 0.0
143 167 0.0
143 168 0.0
143 169 0.0
143 170 0.0
143 171 0.0
143 172 0.0
143 173 0.0
143 174 0.0
143 175 0.0
143 176 0.0
143 177 0.0
143 178 0.0
143 179 0.0
143 180 0.0
143 181 0.0
143 182 0.0
143 183 0.0
143 184 0.0
143 185 0.0
143 186 0.0
143 187 0.0
143 188 0.0
143 189 0.0
143 190 0.0
143 191 0.0
143 192 0.0
143 193 0.0
143 194 0.0
143 195 0.0
143 196 0.0
143 197 0.0
143 198 0.0
143 199 0.0
143 200 0.0
143 201 0.0
143 202 0.0
143 203 0.0
143 204 0.0
143 205 0.0
143 206 0.0
143 207 0.0
143 208 0.0
143 209 0.0
143 210 0.0
143 211 0.0
143 212 0.0
143 213 0.0
143 214 0.0
143 215 0.0
143 216 0.0
143 217 0.0
143 218 0.0
143 219 0.0
143 220 0.0
143 221 0.0
143 222 0.0
143 223 0.0
143 224 0.0
143 225 0.0
143 226 0.0
143 227 0.0
143 228 0.0
143 229 0.0
143 230 0.0
143 231 0.0
143 232 0.0
143 233 0.0
143 234 0.0
143 235 0.0
143 236 0.0
143 237 0.0
143 238 0.0
143 239 0.0
143 240 0.0
143 241 0.0
143 242 0.0
143 243 0.0
143 244 0.0
143 245 0.0
143 246 0.0
143 247 0.0
143 248 0.0
143 249 0.0
143 250 0.0
143 251 0.0
143 252 0.0
143 253 0.0
143 254 0.0
143 255 6.21886679809e-06
143 256 6.21886679809e-06
143 257 2.48754671924e-05
143 258 0.0
143 259 0.000155471669952
143 260 6.21886679809e-06
143 261 0.000621886679809
143 262 2.48754671924e-05
143 263 0.000398007475078
143 264 6.21886679809e-06
143 265 0.0262747122219
143 266 6.21886679809e-06
143 267 0.0035820672757
143 268 2.48754671924e-05
143 269 6.21886679809e-06
143 270 6.21886679809e-06
143 271 6.21886679809e-06
143 272 0.0
143 273 0.0
143 274 0.0
143 275 6.21886679809e-06
143 276 0.0
143 277 5.59698011828e-05
143 278 0.0
143 279 2.48754671924e-05
143 280 0.0
143 281 6.21886679809e-06
143 282 0.0
143 283 0.000895516818925
143 284 0.0
143 285 0.00388679174881
143 286 0.0
143 287 0.000752482882569
143 288 0.0
143 289 0.0035820672757
143 290 0.0
143 291 0.000621886679809
143 292 0.0
143 293 5.59698011828e-05
143 294 0.0
143 295 6.21886679809e-06
143 296 0.0
143 297 0.0
143 298 0.0
143 299 6.21886679809e-06
143 300 0.0
143 301 9.95018687695e-05
143 302 6.21886679809e-06
143 303 9.95018687695e-05
143 304 0.0
143 305 2.48754671924e-05
143 306 6.21886679809e-06
143 307 0.00453355389581
143 308 0.0
143 309 0.00139924502957
143 310 0.0
143 311 0.000155471669952
143 312 0.0
143 313 0.0
143 314 0.0
143 315 6.21886679809e-06
143 316 0.0
143 317 2.48754671924e-05
143 318 0.0
143 319 6.21886679809e-06
143 320 0.0
143 321 2.48754671924e-05
143 322 0.0
143 323 6.21886679809e-06
143 324 0.0
143 325 0.00139924502957
143 326 0.0
143 327 0.00139924502957
143 328 0.0
143 329 9.95018687695e-05
143 330 0.0
143 331 6.21886679809e-06
143 332 0.0
143 333 2.48754671924e-05
143 334 0.0
143 335 0.0
143 336 0.0
143 337 0.0
143 338 0.0
143 339 0.0
143 340 0.0
143 341 0.000223879204731
143 342 6.21886679809e-06
143 343 0.00139924502957
143 344 6.21886679809e-06
143 345 0.000304724473107
143 346 0.0
143 347 0.000155471669952
143 348 6.21886679809e-06
143 349 0.000752482882569
143 350 0.0
143 351 0.000621886679809
143 352 0.0
143 353 9.95018687695e-05
143 354 0.0
143 355 6.21886679809e-06
143 356 6.21886679809e-06
143 357 0.0
143 358 0.0
143 359 0.0
143 360 0.0
143 361 0.0
143 362 0.0
143 363 2.48754671924e-05
143 364 0.0
143 365 6.21886679809e-06
143 366 0.0
143 367 0.000223879204731
143 368 0.0
143 369 9.95018687695e-05
143 370 0.0
143 371 0.000223879204731
143 372 2.48754671924e-05
143 373 9.95018687695e-05
143 374 0.0
143 375 0.000223879204731
143 376 2.48754671924e-05
143 377 6.21886679809e-06
143 378 6.21886679809e-06
143 379 6.21886679809e-06
143 380 6.21886679809e-06
143 381 5.59698011828e-05
143 382 6.21886679809e-06
143 383 2.48754671924e-05
143 384 0.0
143 385 2.48754671924e-05
143 386 0.0
143 387 5.59698011828e-05
143 388 0.0
143 389 6.21886679809e-06
143 390 0.0
143 391 0.000155471669952
143 392 0.0
143 393 6.21886679809e-06
143 394 0.0
143 395 5.59698011828e-05
143 396 0.0
143 397 9.95018687695e-05
143 398 0.0
143 399 6.21886679809e-06
143 400 0.0
144 0 0.0
144 1 2.48754671924e-05
144 2 0.0
144 3 2.48754671924e-05
144 4 0.0
144 5 0.000155471669952
144 6 0.0
144 7 0.000304724473107
144 8 0.0
144 9 2.48754671924e-05
144 10 0.0
144 11 0.000398007475078
144 12 0.0
144 13 5.59698011828e-05
144 14 0.0
144 15 2.48754671924e-05
144 16 0.0
144 17 0.000155471669952
144 18 0.0
144 19 6.21886679809e-06
144 20 0.0
144 21 2.48754671924e-05
144 22 0.0
144 23 6.21886679809e-06
144 24 0.0
144 25 6.21886679809e-06
144 26 0.0
144 27 6.21886679809e-06
144 28 0.0
144 29 0.000304724473107
144 30 0.0
144 31 9.95018687695e-05
144 32 0.0
144 33 2.48754671924e-05
144 34 0.0
144 35 6.21886679809e-06
144 36 0.0
144 37 0.000621886679809
144 38 0.0
144 39 0.000223879204731
144 40 0.0
144 41 6.21886679809e-06
144 42 0.0
144 43 5.59698011828e-05
144 44 0.0
144 45 0.0
144 46 0.0
144 47 6.21886679809e-06
144 48 0.0
144 49 0.0
144 50 0.0
144 51 0.0
144 52 0.0
144 53 0.0
144 54 0.0
144 55 6.21886679809e-06
144 56 0.0
144 57 6.21886679809e-06
144 58 0.0
144 59 0.000155471669952
144 60 0.0
144 61 0.000895516818925
144 62 0.0
144 63 0.000223879204731
144 64 0.0
144 65 0.000304724473107
144 66 0.0
144 67 0.000398007475078
144 68 0.0
144 69 9.95018687695e-05
144 70 0.0
144 71 6.21886679809e-06
144 72 0.0
144 73 2.48754671924e-05
144 74 0.0
144 75 0.0
144 76 0.0
144 77 6.21886679809e-06
144 78 0.0
144 79 0.0
144 80 0.0
144 81 0.0
144 82 0.0
144 83 0.0
144 84 0.0
144 85 0.000304724473107
144 86 0.0
144 87 0.000621886679809
144 88 0.0
144 89 0.00179725250465
144 90 0.0
144 91 9.95018687695e-05
144 92 0.0
144 93 0.000752482882569
144 94 0.0
144 95 0.00179725250465
144 96 0.0
144 97 5.59698011828e-05
144 98 0.0
144 99 0.0
144 100 0.0
144 101 6.21886679809e-06
144 102 0.0
144 103 6.21886679809e-06
144 104 0.0
144 105 0.0
144 106 0.0
144 107 0.0
144 108 0.0
144 109 0.000304724473107
144 110 0.0
144 111 0.000155471669952
144 112 0.0
144 113 2.48754671924e-05
144 114 0.0
144 115 0.00453355389581
144 116 0.0
144 117 0.00201491284258
144 118 0.0
144 119 0.000304724473107
144 120 0.0
144 121 0.0
144 122 0.0
144 123 0.0
144 124 0.0
144 125 0.0
144 126 0.0
144 127 0.00201491284258
144 128 0.0
144 129 0.00898004365644
144 130 0.0
144 131 0.0048755915697
144 132 0.0
144 133 0.00761811182766
144 134 0.0
144 135 0.000752482882569
144 136 0.0
144 137 6.21886679809e-06
144 138 0.0
144 139 0.0
144 140 0.0
144 141 0.0
144 142 0.0
144 143 0.0
144 144 0.0
144 145 0.0
144 146 0.0
144 147 0.0
144 148 0.0
144 149 0.0
144 150 0.0
144 151 0.00453355389581
144 152 0.0
144 153 0.00677234594312
144 154 0.0
144 155 0.0195023662788
144 156 0.0
144 157 6.21886679809e-06
144 158 0.0
144 159 0.0
144 160 0.0
144 161 6.21886679809e-06
144 162 0.0
144 163 0.0
144 164 0.0
144 165 0.0
144 166 0.0
144 167 0.0
144 168 0.0
144 169 0.0
144 170 0.0
144 171 0.0
144 172 0.0
144 173 0.0
144 174 0.0
144 175 0.0
144 176 0.0
144 177 0.0
144 178 0.0
144 179 0.0
144 180 0.0
144 181 0.0
144 182 0.0
144 183 0.0
144 184 0.0
144 185 0.0
144 186 0.0
144 187 0.0
144 188 0.0
144 189 0.0
144 190 0.0
144 191 0.0
144 192 0.0
144 193 0.0
144 194 0.0
144 195 0.0
144 196 0.0
144 197 0.0
144 198 0.0
144 199 0.0
144 200 0.0
144 201 0.0
144 202 0.0
144 203 0.0
144 204 0.0
144 205 0.0
144 206 0.0
144 207 0.0
144 208 0.0
144 209 0.0
144 210 0.0
144 211 0.0
144 212 0.0
144 213 0.0
144 214 0.0
144 215 0.0
144 216 0.0
144 217 0.0
144 218 0.0
144 219 0.0
144 220 0.0
144 221 0.0
144 222 0.0
144 223 0.0
144 224 0.0
144 225 0.0
144 226 0.0
144 227 0.0
144 228 0.0
144 229 0.0
144 230 0.0
144 231 0.0
144 232 0.0
144 233 0.0
144 234 0.0
144 235 0.0
144 236 0.0
144 237 0.0
144 238 0.0
144 239 0.0
144 240 0.0
144 241 0.0
144 242 0.0
144 243 0.0
144 244 0.0
144 245 0.0
144 246 0.0
144 247 0.0
144 248 0.0
144 249 0.0
144 250 0.0
144 251 0.0
144 252 0.0
144 253 6.21886679809e-06
144 254 0.0
144 255 0.0
144 256 0.0
144 257 6.21886679809e-06
144 258 0.0
144 259 9.95018687695e-05
144 260 0.0
144 261 0.000895516818925
144 262 0.0
144 263 0.000621886679809
144 264 0.0
144 265 0.025472478405
144 266 0.0
144 267 0.0035820672757
144 268 0.0
144 269 5.59698011828e-05
144 270 0.0
144 271 0.0
144 272 0.0
144 273 0.0
144 274 0.0
144 275 0.0
144 276 0.0
144 277 5.59698011828e-05
144 278 0.0
144 279 2.48754671924e-05
144 280 0.0
144 281 6.21886679809e-06
144 282 0.0
144 283 0.000895516818925
144 284 0.0
144 285 0.00388679174881
144 286 0.0
144 287 0.000752482882569
144 288 0.0
144 289 0.0035820672757
144 290 0.0
144 291 0.000621886679809
144 292 0.0
144 293 5.59698011828e-05
144 294 0.0
144 295 6.21886679809e-06
144 296 0.0
144 297 0.0
144 298 0.0
144 299 6.21886679809e-06
144 300 0.0
144 301 0.000155471669952
144 302 0.0
144 303 9.95018687695e-05
144 304 0.0
144 305 2.48754671924e-05
144 306 0.0
144 307 0.00453355389581
144 308 0.0
144 309 0.00139924502957
144 310 0.0
144 311 0.000155471669952
144 312 0.0
144 313 0.0
144 314 0.0
144 315 6.21886679809e-06
144 316 0.0
144 317 2.48754671924e-05
144 318 0.0
144 319 6.21886679809e-06
144 320 0.0
144 321 2.48754671924e-05
144 322 0.0
144 323 6.21886679809e-06
144 324 0.0
144 325 0.00139924502957
144 326 0.0
144 327 0.00139924502957
144 328 0.0
144 329 9.95018687695e-05
144 330 0.0
144 331 6.21886679809e-06
144 332 0.0
144 333 2.48754671924e-05
144 334 0.0
144 335 0.0
144 336 0.0
144 337 0.0
144 338 0.0
144 339 0.0
144 340 0.0
144 341 0.000223879204731
144 342 0.0
144 343 0.00121889789243
144 344 0.0
144 345 0.000304724473107
144 346 0.0
144 347 9.95018687695e-05
144 348 0.0
144 349 0.000752482882569
144 350 0.0
144 351 0.000621886679809
144 352 0.0
144 353 0.000155471669952
144 354 0.0
144 355 6.21886679809e-06
144 356 0.0
144 357 0.0
144 358 0.0
144 359 0.0
144 360 0.0
144 361 0.0
144 362 0.0
144 363 2.48754671924e-05
144 364 0.0
144 365 6.21886679809e-06
144 366 0.0
144 367 0.000223879204731
144 368 0.0
144 369 9.95018687695e-05
144 370 0.0
144 371 0.000304724473107
144 372 0.0
144 373 0.000155471669952
144 374 0.0
144 375 9.95018687695e-05
144 376 0.0
144 377 6.21886679809e-06
144 378 0.0
144 379 6.21886679809e-06
144 380 0.0
144 381 9.95018687695e-05
144 382 0.0
144 383 2.48754671924e-05
144 384 0.0
144 385 2.48754671924e-05
144 386 0.0
144 387 5.59698011828e-05
144 388 0.0
144 389 6.21886679809e-06
144 390 0.0
144 391 0.000155471669952
144 392 0.0
144 393 6.21886679809e-06
144 394 0.0
144 395 5.59698011828e-05
144 396 0.0
144 397 9.95018687695e-05
144 398 0.0
144 399 6.21886679809e-06
144 400 0.0
145 0 0.0
145 1 2.48754671924e-05
145 2 0.0
145 3 2.48754671924e-05
145 4 0.0
145 5 0.000155471669952
145 6 0.0
145 7 0.000304724473107
145 8 6.21886679809e-06
145 9 5.59698011828e-05
145 10 0.0
145 11 0.000398007475078
145 12 6.21886679809e-06
145 13 2.48754671924e-05
145 14 0.0
145 15 2.48754671924e-05
145 16 0.0
145 17 0.000155471669952
145 18 0.0
145 19 6.21886679809e-06
145 20 0.0
145 21 2.48754671924e-05
145 22 0.0
145 23 6.21886679809e-06
145 24 0.0
145 25 6.21886679809e-06
145 26 0.0
145 27 6.21886679809e-06
145 28 0.0
145 29 0.000304724473107
145 30 0.0
145 31 9.95018687695e-05
145 32 0.0
145 33 2.48754671924e-05
145 34 0.0
145 35 6.21886679809e-06
145 36 0.0
145 37 0.000621886679809
145 38 0.0
145 39 0.000223879204731
145 40 0.0
145 41 6.21886679809e-06
145 42 0.0
145 43 5.59698011828e-05
145 44 0.0
145 45 0.0
145 46 0.0
145 47 6.21886679809e-06
145 48 0.0
145 49 0.0
145 50 0.0
145 51 0.0
145 52 0.0
145 53 0.0
145 54 0.0
145 55 6.21886679809e-06
145 56 0.0
145 57 6.21886679809e-06
145 58 0.0
145 59 0.000155471669952
145 60 0.0
145 61 0.000895516818925
145 62 0.0
145 63 0.000223879204731
145 64 0.0
145 65 0.000304724473107
145 66 0.0
145 67 0.000398007475078
145 68 0.0
145 69 9.95018687695e-05
145 70 0.0
145 71 6.21886679809e-06
145 72 0.0
145 73 2.48754671924e-05
145 74 0.0
145 75 0.0
145 76 0.0
145 77 6.21886679809e-06
145 78 0.0
145 79 0.0
145 80 0.0
145 81 0.0
145 82 0.0
145 83 0.0
145 84 0.0
145 85 0.000223879204731
145 86 6.21886679809e-06
145 87 0.000752482882569
145 88 0.0
145 89 0.00179725250465
145 90 0.0
145 91 9.95018687695e-05
145 92 0.0
145 93 0.000752482882569
145 94 0.0
145 95 0.00179725250465
145 96 0.0
145 97 5.59698011828e-05
145 98 0.0
145 99 0.0
145 100 0.0
145 101 6.21886679809e-06
145 102 0.0
145 103 6.21886679809e-06
145 104 0.0
145 105 0.0
145 106 0.0
145 107 0.0
145 108 0.0
145 109 0.000304724473107
145 110 0.0
145 111 0.000155471669952
145 112 0.0
145 113 2.48754671924e-05
145 114 0.0
145 115 0.00453355389581
145 116 0.0
145 117 0.00201491284258
145 118 0.0
145 119 0.000304724473107
145 120 0.0
145 121 0.0
145 122 0.0
145 123 0.0
145 124 0.0
145 125 0.0
145 126 0.0
145 127 0.00201491284258
145 128 6.21886679809e-06
145 129 0.0094588963999
145 130 0.0
145 131 0.0048755915697
145 132 0.0
145 133 0.00761811182766
145 134 0.0
145 135 0.000752482882569
145 136 0.0
145 137 6.21886679809e-06
145 138 0.0
145 139 0.0
145 140 0.0
145 141 0.0
145 142 0.0
145 143 0.0
145 144 0.0
145 145 0.0
145 146 0.0
145 147 0.0
145 148 0.0
145 149 0.0
145 150 0.0
145 151 0.00453355389581
145 152 0.0
145 153 0.00677234594312
145 154 0.0
145 155 0.0195023662788
145 156 0.0
145 157 6.21886679809e-06
145 158 0.0
145 159 0.0
145 160 0.0
145 161 6.21886679809e-06
145 162 0.0
145 163 0.0
145 164 0.0
145 165 6.21886679809e-06
145 166 6.21886679809e-06
145 167 2.48754671924e-05
145 168 6.21886679809e-06
145 169 2.48754671924e-05
145 170 2.48754671924e-05
145 171 5.59698011828e-05
145 172 5.59698011828e-05
145 173 9.95018687695e-05
145 174 5.59698011828e-05
145 175 5.59698011828e-05
145 176 2.48754671924e-05
145 177 5.59698011828e-05
145 178 5.59698011828e-05
145 179 9.95018687695e-05
145 180 5.59698011828e-05
145 181 5.59698011828e-05
145 182 5.59698011828e-05
145 183 5.59698011828e-05
145 184 5.59698011828e-05
145 185 5.59698011828e-05
145 186 5.59698011828e-05
145 187 5.59698011828e-05
145 188 5.59698011828e-05
145 189 5.59698011828e-05
145 190 5.59698011828e-05
145 191 5.59698011828e-05
145 192 5.59698011828e-05
145 193 5.59698011828e-05
145 194 5.59698011828e-05
145 195 5.59698011828e-05
145 196 5.59698011828e-05
145 197 5.59698011828e-05
145 198 5.59698011828e-05
145 199 5.59698011828e-05
145 200 5.59698011828e-05
145 201 5.59698011828e-05
145 202 5.59698011828e-05
145 203 5.59698011828e-05
145 204 5.59698011828e-05
145 205 5.59698011828e-05
145 206 5.59698011828e-05
145 207 5.59698011828e-05
145 208 5.59698011828e-05
145 209 5.59698011828e-05
145 210 5.59698011828e-05
145 211 5.59698011828e-05
145 212 5.59698011828e-05
145 213 5.59698011828e-05
145 214 5.59698011828e-05
145 215 5.59698011828e-05
145 216 5.59698011828e-05
145 217 5.59698011828e-05
145 218 5.59698011828e-05
145 219 5.59698011828e-05
145 220 5.59698011828e-05
145 221 5.59698011828e-05
145 222 5.59698011828e-05
145 223 5.59698011828e-05
145 224 5.59698011828e-05
145 225 5.59698011828e-05
145 226 5.59698011828e-05
145 227 5.59698011828e-05
145 228 5.59698011828e-05
145 229 5.59698011828e-05
145 230 5.59698011828e-05
145 231 5.59698011828e-05
145 232 5.59698011828e-05
145 233 5.59698011828e-05
145 234 5.59698011828e-05
145 235 5.59698011828e-05
145 236 5.59698011828e-05
145 237 5.59698011828e-05
145 238 5.59698011828e-05
145 239 5.59698011828e-05
145 240 5.59698011828e-05
145 241 5.59698011828e-05
145 242 5.59698011828e-05
145 243 5.59698011828e-05
145 244 5.59698011828e-05
145 245 5.59698011828e-05
145 246 5.59698011828e-05
145 247 5.59698011828e-05
145 248 2.48754671924e-05
145 249 5.59698011828e-05
145 250 5.59698011828e-05
145 251 5.59698011828e-05
145 252 6.21886679809e-06
145 253 6.21886679809e-06
145 254 6.21886679809e-06
145 255 6.21886679809e-06
145 256 6.21886679809e-06
145 257 6.21886679809e-06
145 258 0.0
145 259 9.95018687695e-05
145 260 0.0
145 261 0.000895516818925
145 262 0.0
145 263 0.000621886679809
145 264 0.0
145 265 0.025472478405
145 266 0.0
145 267 0.0035820672757
145 268 0.0
145 269 5.59698011828e-05
145 270 0.0
145 271 0.0
145 272 0.0
145 273 0.0
145 274 0.0
145 275 0.0
145 276 0.0
145 277 5.59698011828e-05
145 278 0.0
145 279 2.48754671924e-05
145 280 0.0
145 281 6.21886679809e-06
145 282 0.0
145 283 0.000895516818925
145 284 0.0
145 285 0.00388679174881
145 286 0.0
145 287 0.000752482882569
145 288 0.0
145 289 0.0035820672757
145 290 0.0
145 291 0.000621886679809
145 292 6.21886679809e-06
145 293 9.95018687695e-05
145 294 0.0
145 295 6.21886679809e-06
145 296 0.0
145 297 0.0
145 298 0.0
145 299 6.21886679809e-06
145 300 0.0
145 301 9.95018687695e-05
145 302 6.21886679809e-06
145 303 9.95018687695e-05
145 304 0.0
145 305 2.48754671924e-05
145 306 6.21886679809e-06
145 307 0.00453355389581
145 308 0.0
145 309 0.00139924502957
145 310 0.0
145 311 0.000155471669952
145 312 0.0
145 313 0.0
145 314 0.0
145 315 6.21886679809e-06
145 316 0.0
145 317 2.48754671924e-05
145 318 0.0
145 319 6.21886679809e-06
145 320 0.0
145 321 2.48754671924e-05
145 322 0.0
145 323 6.21886679809e-06
145 324 0.0
145 325 0.00139924502957
145 326 0.0
145 327 0.00139924502957
145 328 0.0
145 329 9.95018687695e-05
145 330 0.0
145 331 6.21886679809e-06
145 332 0.0
145 333 2.48754671924e-05
145 334 0.0
145 335 0.0
145 336 0.0
145 337 0.0
145 338 0.0
145 339 0.0
145 340 0.0
145 341 0.000223879204731
145 342 6.21886679809e-06
145 343 0.00139924502957
145 344 6.21886679809e-06
145 345 0.000223879204731
145 346 6.21886679809e-06
145 347 0.000155471669952
145 348 6.21886679809e-06
145 349 0.000752482882569
145 350 0.0
145 351 0.000621886679809
145 352 0.0
145 353 0.000155471669952
145 354 0.0
145 355 0.0
145 356 6.21886679809e-06
145 357 6.21886679809e-06
145 358 0.0
145 359 0.0
145 360 0.0
145 361 0.0
145 362 0.0
145 363 2.48754671924e-05
145 364 0.0
145 365 6.21886679809e-06
145 366 0.0
145 367 0.000223879204731
145 368 0.0
145 369 9.95018687695e-05
145 370 0.0
145 371 0.000304724473107
145 372 6.21886679809e-06
145 373 9.95018687695e-05
145 374 0.0
145 375 9.95018687695e-05
145 376 6.21886679809e-06
145 377 6.21886679809e-06
145 378 0.0
145 379 6.21886679809e-06
145 380 0.0
145 381 9.95018687695e-05
145 382 0.0
145 383 2.48754671924e-05
145 384 0.0
145 385 2.48754671924e-05
145 386 0.0
145 387 2.48754671924e-05
145 388 0.0
145 389 2.48754671924e-05
145 390 6.21886679809e-06
145 391 0.000155471669952
145 392 0.0
145 393 6.21886679809e-06
145 394 0.0
145 395 5.59698011828e-05
145 396 0.0
145 397 9.95018687695e-05
145 398 0.0
145 399 6.21886679809e-06
145 400 0.0
146 0 0.0
146 1 2.48754671924e-05
146 2 0.0
146 3 2.48754671924e-05
146 4 0.0
146 5 0.000155471669952
146 6 0.0
146 7 0.000304724473107
146 8 0.0
146 9 2.48754671924e-05
146 10 0.0
146 11 0.000398007475078
146 12 0.0
146 13 5.59698011828e-05
146 14 0.0
146 15 2.48754671924e-05
146 16 0.0
146 17 0.000155471669952
146 18 0.0
146 19 6.21886679809e-06
146 20 0.0
146 21 2.48754671924e-05
146 22 0.0
146 23 6.21886679809e-06
146 24 0.0
146 25 6.21886679809e-06
146 26 0.0
146 27 6.21886679809e-06
146 28 0.0
146 29 0.000304724473107
146 30 0.0
146 31 9.95018687695e-05
146 32 0.0
146 33 2.48754671924e-05
146 34 0.0
146 35 6.21886679809e-06
146 36 0.0
146 37 0.000621886679809
146 38 0.0
146 39 0.000223879204731
146 40 0.0
146 41 6.21886679809e-06
146 42 0.0
146 43 5.59698011828e-05
146 44 0.0
146 45 0.0
146 46 0.0
146 47 6.21886679809e-06
146 48 0.0
146 49 0.0
146 50 0.0
146 51 0.0
146 52 0.0
146 53 0.0
146 54 0.0
146 55 6.21886679809e-06
146 56 0.0
146 57 6.21886679809e-06
146 58 0.0
146 59 0.000155471669952
146 60 0.0
146 61 0.000895516818925
146 62 0.0
146 63 0.000223879204731
146 64 0.0
146 65 0.000304724473107
146 66 0.0
146 67 0.000398007475078
146 68 0.0
146 69 9.95018687695e-05
146 70 0.0
146 71 6.21886679809e-06
146 72 0.0
146 73 2.48754671924e-05
146 74 0.0
146 75 0.0
146 76 0.0
146 77 6.21886679809e-06
146 78 0.0
146 79 0.0
146 80 0.0
146 81 0.0
146 82 0.0
146 83 0.0
146 84 0.0
146 85 0.000304724473107
146 86 0.0
146 87 0.000621886679809
146 88 0.0
146 89 0.00179725250465
146 90 0.0
146 91 9.95018687695e-05
146 92 0.0
146 93 0.000752482882569
146 94 0.0
146 95 0.00179725250465
146 96 0.0
146 97 5.59698011828e-05
146 98 0.0
146 99 0.0
146 100 0.0
146 101 6.21886679809e-06
146 102 0.0
146 103 6.21886679809e-06
146 104 0.0
146 105 0.0
146 106 0.0
146 107 0.0
146 108 0.0
146 109 0.000304724473107
146 110 0.0
146 111 0.000155471669952
146 112 0.0
146 113 2.48754671924e-05
146 114 0.0
146 115 0.00453355389581
146 116 0.0
146 117 0.00201491284258
146 118 0.0
146 119 0.000304724473107
146 120 0.0
146 121 0.0
146 122 0.0
146 123 0.0
146 124 0.0
146 125 0.0
146 126 0.0
146 127 0.00201491284258
146 128 0.0
146 129 0.00898004365644
146 130 0.0
146 131 0.0048755915697
146 132 0.0
146 133 0.00761811182766
146 134 0.0
146 135 0.000752482882569
146 136 0.0
146 137 6.21886679809e-06
146 138 0.0
146 139 0.0
146 140 0.0
146 141 0.0
146 142 0.0
146 143 0.0
146 144 0.0
146 145 0.0
146 146 0.0
146 147 0.0
146 148 0.0
146 149 0.0
146 150 0.0
146 151 0.00453355389581
146 152 0.0
146 153 0.00677234594312
146 154 0.0
146 155 0.0195023662788
146 156 0.0
146 157 6.21886679809e-06
146 158 0.0
146 159 0.0
146 160 0.0
146 161 6.21886679809e-06
146 162 0.0
146 163 0.0
146 164 0.0
146 165 0.0
146 166 0.0
146 167 0.0
146 168 0.0
146 169 0.0
146 170 0.0
146 171 0.0
146 172 0.0
146 173 0.0
146 174 0.0
146 175 0.0
146 176 0.0
146 177 0.0
146 178 0.0
146 179 0.0
146 180 0.0
146 181 0.0
146 182 0.0
146 183 0.0
146 184 0.0
146 185 0.0
146 186 0.0
146 187 0.0
146 188 0.0
146 189 0.0
146 190 0.0
146 191 0.0
146 192 0.0
146 193 0.0
146 194 0.0
146 195 0.0
146 196 0.0
146 197 0.0
146 198 0.0
146 199 0.0
146 200 0.0
146 201 0.0
146 202 0.0
146 203 0.0
146 204 0.0
146 205 0.0
146 206 0.0
146 207 0.0
146 208 0.0
146 209 0.0
146 210 0.0
146 211 0.0
146 212 0.0
146 213 0.0
146 214 0.0
146 215 0.0
146 216 0.0
146 217 0.0
146 218 0.0
146 219 0.0
146 220 0.0
146 221 0.0
146 222 0.0
146 223 0.0
146 224 0.0
146 225 0.0
146 226 0.0
146 227 0.0
146 228 0.0
146 229 0.0
146 230 0.0
146 231 0.0
146 232 0.0
146 233 0.0
146 234 0.0
146 235 0.0
146 236 0.0
146 237 0.0
146 238 0.0
146 239 0.0
146 240 0.0
146 241 0.0
146 242 0.0
146 243 0.0
146 244 0.0
146 245 0.0
146 246 0.0
146 247 0.0
146 248 0.0
146 249 0.0
146 250 0.0
146 251 0.0
146 252 0.0
146 253 6.21886679809e-06
146 254 0.0
146 255 0.0
146 256 0.0
146 257 6.21886679809e-06
146 258 0.0
146 259 9.95018687695e-05
146 260 0.0
146 261 0.000895516818925
146 262 0.0
146 263 0.000621886679809
146 264 0.0
146 265 0.025472478405
146 266 0.0
146 267 0.0035820672757
146 268 0.0
146 269 5.59698011828e-05
146 270 0.0
146 271 0.0
146 272 0.0
146 273 0.0
146 274 0.0
146 275 0.0
146 276 0.0
146 277 5.59698011828e-05
146 278 0.0
146 279 2.48754671924e-05
146 280 0.0
146 281 6.21886679809e-06
146 282 0.0
146 283 0.000895516818925
146 284 0.0
146 285 0.00388679174881
146 286 0.0
146 287 0.000752482882569
146 288 0.0
146 289 0.0035820672757
146 290 0.0
146 291 0.000621886679809
146 292 0.0
146 293 5.59698011828e-05
146 294 0.0
146 295 6.21886679809e-06
146 296 0.0
146 297 0.0
146 298 0.0
146 299 6.21886679809e-06
146 300 0.0
146 301 0.000155471669952
146 302 0.0
146 303 9.95018687695e-05
146 304 0.0
146 305 2.48754671924e-05
146 306 0.0
146 307 0.00453355389581
146 308 0.0
146 309 0.00139924502957
146 310 0.0
146 311 0.000155471669952
146 312 0.0
146 313 0.0
146 314 0.0
146 315 6.21886679809e-06
146 316 0.0
146 317 2.48754671924e-05
146 318 0.0
146 319 6.21886679809e-06
146 320 0.0
146 321 2.48754671924e-05
146 322 0.0
146 323 6.21886679809e-06
146 324 0.0
146 325 0.00139924502957
146 326 0.0
146 327 0.00139924502957
146 328 0.0
146 329 9.95018687695e-05
146 330 0.0
146 331 6.21886679809e-06
146 332 0.0
146 333 2.48754671924e-05
146 334 0.0
146 335 0.0
146 336 0.0
146 337 0.0
146 338 0.0
146 339 0.0
146 340 0.0
146 341 0.000223879204731
146 342 0.0
146 343 0.00121889789243
146 344 0.0
146 345 0.000304724473107
146 346 0.0
146 347 9.95018687695e-05
146 348 0.0
146 349 0.000752482882569
146 350 0.0
146 351 0.000621886679809
146 352 0.0
146 353 0.000155471669952
146 354 0.0
146 355 6.21886679809e-06
146 356 0.0
146 357 0.0
146 358 0.0
146 359 0.0
146 360 0.0
146 361 0.0
146 362 0.0
146 363 2.48754671924e-05
146 364 0.0
146 365 6.21886679809e-06
146 366 0.0
146 367 0.000223879204731
146 368 0.0
146 369 9.95018687695e-05
146 370 0.0
146 371 0.000304724473107
146 372 0.0
146 373 0.000155471669952
146 374 0.0
146 375 9.95018687695e-05
146 376 0.0
146 377 6.21886679809e-06
146 378 0.0
146 379 6.21886679809e-06
146 380 0.0
146 381 9.95018687695e-05
146 382 0.0
146 383 2.48754671924e-05
146 384 0.0
146 385 2.48754671924e-05
146 386 0.0
146 387 5.59698011828e-05
146 388 0.0
146 389 6.21886679809e-06
146 390 0.0
146 391 0.000155471669952
146 392 0.0
146 393 6.21886679809e-06
146 394 0.0
146 395 5.59698011828e-05
146 396 0.0
146 397 9.95018687695e-05
146 398 0.0
146 399 6.21886679809e-06
146 400 0.0
147 0 0.0
147 1 2.48754671924e-05
147 2 0.0
147 3 2.48754671924e-05
147 4 0.0
147 5 0.000155471669952
147 6 0.0
147 7 0.000398007475078
147 8 0.0
147 9 5.59698011828e-05
147 10 6.21886679809e-06
147 11 0.000398007475078
147 12 0.0
147 13 5.59698011828e-05
147 14 0.0
147 15 2.48754671924e-05
147 16 0.0
147 17 0.000155471669952
147 18 0.0
147 19 6.21886679809e-06
147 20 0.0
147 21 2.48754671924e-05
147 22 0.0
147 23 6.21886679809e-06
147 24 0.0
147 25 6.21886679809e-06
147 26 0.0
147 27 6.21886679809e-06
147 28 0.0
147 29 0.000304724473107
147 30 0.0
147 31 9.95018687695e-05
147 32 0.0
147 33 2.48754671924e-05
147 34 0.0
147 35 6.21886679809e-06
147 36 0.0
147 37 0.000621886679809
147 38 0.0
147 39 0.000223879204731
147 40 0.0
147 41 6.21886679809e-06
147 42 0.0
147 43 5.59698011828e-05
147 44 0.0
147 45 0.0
147 46 0.0
147 47 6.21886679809e-06
147 48 0.0
147 49 0.0
147 50 0.0
147 51 0.0
147 52 0.0
147 53 0.0
147 54 0.0
147 55 6.21886679809e-06
147 56 0.0
147 57 6.21886679809e-06
147 58 0.0
147 59 0.000155471669952
147 60 0.0
147 61 0.000895516818925
147 62 0.0
147 63 0.000223879204731
147 64 0.0
147 65 0.000304724473107
147 66 0.0
147 67 0.000398007475078
147 68 0.0
147 69 9.95018687695e-05
147 70 0.0
147 71 6.21886679809e-06
147 72 0.0
147 73 2.48754671924e-05
147 74 0.0
147 75 0.0
147 76 0.0
147 77 6.21886679809e-06
147 78 0.0
147 79 0.0
147 80 0.0
147 81 0.0
147 82 0.0
147 83 0.0
147 84 0.0
147 85 0.000304724473107
147 86 0.0
147 87 0.000752482882569
147 88 6.21886679809e-06
147 89 0.00159202990031
147 90 0.0
147 91 9.95018687695e-05
147 92 0.0
147 93 0.000752482882569
147 94 0.0
147 95 0.00179725250465
147 96 0.0
147 97 5.59698011828e-05
147 98 0.0
147 99 0.0
147 100 0.0
147 101 6.21886679809e-06
147 102 0.0
147 103 6.21886679809e-06
147 104 0.0
147 105 0.0
147 106 0.0
147 107 0.0
147 108 0.0
147 109 0.000304724473107
147 110 0.0
147 111 0.000155471669952
147 112 0.0
147 113 2.48754671924e-05
147 114 0.0
147 115 0.00453355389581
147 116 0.0
147 117 0.00201491284258
147 118 0.0
147 119 0.000304724473107
147 120 0.0
147 121 0.0
147 122 0.0
147 123 0.0
147 124 0.0
147 125 0.0
147 126 0.0
147 127 0.00201491284258
147 128 0.0
147 129 0.00898004365644
147 130 0.0
147 131 0.0048755915697
147 132 0.0
147 133 0.00718901001859
147 134 6.21886679809e-06
147 135 0.000895516818925
147 136 0.0
147 137 6.21886679809e-06
147 138 0.0
147 139 0.0
147 140 0.0
147 141 0.0
147 142 0.0
147 143 0.0
147 144 0.0
147 145 0.0
147 146 0.0
147 147 0.0
147 148 0.0
147 149 0.0
147 150 0.0
147 151 0.00453355389581
147 152 0.0
147 153 0.00677234594312
147 154 0.0
147 155 0.0195023662788
147 156 0.0
147 157 6.21886679809e-06
147 158 0.0
147 159 0.0
147 160 0.0
147 161 6.21886679809e-06
147 162 0.0
147 163 0.0
147 164 0.0
147 165 0.0
147 166 0.0
147 167 0.0
147 168 0.0
147 169 6.21886679809e-06
147 170 5.59698011828e-05
147 171 9.95018687695e-05
147 172 0.000223879204731
147 173 0.000223879204731
147 174 0.000223879204731
147 175 0.000155471669952
147 176 0.000155471669952
147 177 0.000155471669952
147 178 0.000223879204731
147 179 0.000223879204731
147 180 0.000223879204731
147 181 0.000223879204731
147 182 0.000223879204731
147 183 0.000223879204731
147 184 0.000223879204731
147 185 0.000223879204731
147 186 0.000223879204731
147 187 0.000223879204731
147 188 0.000223879204731
147 189 0.000223879204731
147 190 0.000223879204731
147 191 0.000223879204731
147 192 0.000223879204731
147 193 0.000223879204731
147 194 0.000223879204731
147 195 0.000223879204731
147 196 0.000223879204731
147 197 0.000223879204731
147 198 0.000223879204731
147 199 0.000223879204731
147 200 0.000223879204731
147 201 0.000223879204731
147 202 0.000223879204731
147 203 0.000223879204731
147 204 0.000223879204731
147 205 0.000223879204731
147 206 0.000223879204731
147 207 0.000223879204731
147 208 0.000223879204731
147 209 0.000223879204731
147 210 0.000223879204731
147 211 0.000223879204731
147 212 0.000223879204731
147 213 0.000223879204731
147 214 0.000223879204731
147 215 0.000223879204731
147 216 0.000223879204731
147 217 0.000223879204731
147 218 0.000223879204731
147 219 0.000223879204731
147 220 0.000223879204731
147 221 0.000223879204731
147 222 0.000223879204731
147 223 0.000223879204731
147 224 0.000223879204731
147 225 0.000223879204731
147 226 0.000223879204731
147 227 0.000223879204731
147 228 0.000223879204731
147 229 0.000223879204731
147 230 0.000223879204731
147 231 0.000223879204731
147 232 0.000223879204731
147 233 0.000223879204731
147 234 0.000223879204731
147 235 0.000223879204731
147 236 0.000223879204731
147 237 0.000223879204731
147 238 0.000223879204731
147 239 0.000223879204731
147 240 0.000223879204731
147 241 0.000223879204731
147 242 0.000223879204731
147 243 0.000223879204731
147 244 0.000223879204731
147 245 0.000223879204731
147 246 0.000223879204731
147 247 0.000155471669952
147 248 0.000155471669952
147 249 0.000155471669952
147 250 0.000223879204731
147 251 9.95018687695e-05
147 252 6.21886679809e-06
147 253 0.0
147 254 0.0
147 255 6.21886679809e-06
147 256 0.0
147 257 6.21886679809e-06
147 258 0.0
147 259 9.95018687695e-05
147 260 0.0
147 261 0.000895516818925
147 262 0.0
147 263 0.000621886679809
147 264 0.0
147 265 0.025472478405
147 266 0.0
147 267 0.0035820672757
147 268 0.0
147 269 5.59698011828e-05
147 270 0.0
147 271 0.0
147 272 0.0
147 273 0.0
147 274 0.0
147 275 0.0
147 276 0.0
147 277 5.59698011828e-05
147 278 0.0
147 279 2.48754671924e-05
147 280 0.0
147 281 6.21886679809e-06
147 282 0.0
147 283 0.000895516818925
147 284 0.0
147 285 0.00388679174881
147 286 0.0
147 287 0.000621886679809
147 288 6.21886679809e-06
147 289 0.00388679174881
147 290 0.0
147 291 0.000621886679809
147 292 0.0
147 293 5.59698011828e-05
147 294 0.0
147 295 6.21886679809e-06
147 296 0.0
147 297 0.0
147 298 0.0
147 299 6.21886679809e-06
147 300 0.0
147 301 0.000155471669952
147 302 0.0
147 303 9.95018687695e-05
147 304 6.21886679809e-06
147 305 6.21886679809e-06
147 306 0.0
147 307 0.00453355389581
147 308 0.0
147 309 0.00139924502957
147 310 0.0
147 311 0.000155471669952
147 312 0.0
147 313 0.0
147 314 0.0
147 315 6.21886679809e-06
147 316 0.0
147 317 2.48754671924e-05
147 318 0.0
147 319 6.21886679809e-06
147 320 0.0
147 321 2.48754671924e-05
147 322 0.0
147 323 6.21886679809e-06
147 324 0.0
147 325 0.00139924502957
147 326 0.0
147 327 0.00139924502957
147 328 0.0
147 329 9.95018687695e-05
147 330 0.0
147 331 6.21886679809e-06
147 332 0.0
147 333 2.48754671924e-05
147 334 0.0
147 335 0.0
147 336 0.0
147 337 0.0
147 338 0.0
147 339 0.0
147 340 0.0
147 341 0.000223879204731
147 342 0.0
147 343 0.00121889789243
147 344 0.0
147 345 0.000304724473107
147 346 0.0
147 347 9.95018687695e-05
147 348 0.0
147 349 0.000621886679809
147 350 6.21886679809e-06
147 351 0.000752482882569
147 352 0.0
147 353 0.000155471669952
147 354 0.0
147 355 6.21886679809e-06
147 356 0.0
147 357 0.0
147 358 0.0
147 359 0.0
147 360 0.0
147 361 0.0
147 362 0.0
147 363 2.48754671924e-05
147 364 0.0
147 365 6.21886679809e-06
147 366 0.0
147 367 0.000223879204731
147 368 0.0
147 369 9.95018687695e-05
147 370 0.0
147 371 0.000304724473107
147 372 0.0
147 373 9.95018687695e-05
147 374 6.21886679809e-06
147 375 0.000155471669952
147 376 0.0
147 377 6.21886679809e-06
147 378 6.21886679809e-06
147 379 0.0
147 380 6.21886679809e-06
147 381 5.59698011828e-05
147 382 6.21886679809e-06
147 383 5.59698011828e-05
147 384 6.21886679809e-06
147 385 6.21886679809e-06
147 386 6.21886679809e-06
147 387 5.59698011828e-05
147 388 0.0
147 389 6.21886679809e-06
147 390 0.0
147 391 0.000155471669952
147 392 0.0
147 393 6.21886679809e-06
147 394 0.0
147 395 5.59698011828e-05
147 396 0.0
147 397 9.95018687695e-05
147 398 0.0
147 399 6.21886679809e-06
147 400 0.0
148 0 0.0
148 1 2.48754671924e-05
148 2 0.0
148 3 2.48754671924e-05
148 4 0.0
148 5 0.000155471669952
148 6 0.0
148 7 0.000304724473107
148 8 0.0
148 9 2.48754671924e-05
148 10 0.0
148 11 0.000398007475078
148 12 0.0
148 13 5.59698011828e-05
148 14 0.0
148 15 2.48754671924e-05
148 16 0.0
148 17 0.000155471669952
148 18 0.0
148 19 6.21886679809e-06
148 20 0.0
148 21 2.48754671924e-05
148 22 0.0
148 23 6.21886679809e-06
148 24 0.0
148 25 6.21886679809e-06
148 26 0.0
148 27 6.21886679809e-06
148 28 0.0
148 29 0.000304724473107
148 30 0.0
148 31 9.95018687695e-05
148 32 0.0
148 33 2.48754671924e-05
148 34 0.0
148 35 6.21886679809e-06
148 36 0.0
148 37 0.000621886679809
148 38 0.0
148 39 0.000223879204731
148 40 0.0
148 41 6.21886679809e-06
148 42 0.0
148 43 5.59698011828e-05
148 44 0.0
148 45 0.0
148 46 0.0
148 47 6.21886679809e-06
148 48 0.0
148 49 0.0
148 50 0.0
148 51 0.0
148 52 0.0
148 53 0.0
148 54 0.0
148 55 6.21886679809e-06
148 56 0.0
148 57 6.21886679809e-06
148 58 0.0
148 59 0.000155471669952
148 60 0.0
148 61 0.000895516818925
148 62 0.0
148 63 0.000223879204731
148 64 0.0
148 65 0.000304724473107
148 66 0.0
148 67 0.000398007475078
148 68 0.0
148 69 9.95018687695e-05
148 70 0.0
148 71 6.21886679809e-06
148 72 0.0
148 73 2.48754671924e-05
148 74 0.0
148 75 0.0
148 76 0.0
148 77 6.21886679809e-06
148 78 0.0
148 79 0.0
148 80 0.0
148 81 0.0
148 82 0.0
148 83 0.0
148 84 0.0
148 85 0.000304724473107
148 86 0.0
148 87 0.000621886679809
148 88 0.0
148 89 0.00179725250465
148 90 0.0
148 91 9.95018687695e-05
148 92 0.0
148 93 0.000752482882569
148 94 0.0
148 95 0.00179725250465
148 96 0.0
148 97 5.59698011828e-05
148 98 0.0
148 99 0.0
148 100 0.0
148 101 6.21886679809e-06
148 102 0.0
148 103 6.21886679809e-06
148 104 0.0
148 105 0.0
148 106 0.0
148 107 0.0
148 108 0.0
148 109 0.000304724473107
148 110 0.0
148 111 0.000155471669952
148 112 0.0
148 113 2.48754671924e-05
148 114 0.0
148 115 0.00453355389581
148 116 0.0
148 117 0.00201491284258
148 118 0.0
148 119 0.000304724473107
148 120 0.0
148 121 0.0
148 122 0.0
148 123 0.0
148 124 0.0
148 125 0.0
148 126 0.0
148 127 0.00201491284258
148 128 0.0
148 129 0.00898004365644
148 130 0.0
148 131 0.0048755915697
148 132 0.0
148 133 0.00761811182766
148 134 0.0
148 135 0.000752482882569
148 136 0.0
148 137 6.21886679809e-06
148 138 0.0
148 139 0.0
148 140 0.0
148 141 0.0
148 142 0.0
148 143 0.0
148 144 0.0
148 145 0.0
148 146 0.0
148 147 0.0
148 148 0.0
148 149 0.0
148 150 0.0
148 151 0.00453355389581
148 152 0.0
148 153 0.00677234594312
148 154 0.0
148 155 0.0195023662788
148 156 0.0
148 157 6.21886679809e-06
148 158 0.0
148 159 0.0
148 160 0.0
148 161 6.21886679809e-06
148 162 0.0
148 163 0.0
148 164 0.0
148 165 0.0
148 166 0.0
148 167 0.0
148 168 0.0
148 169 0.0
148 170 0.0
148 171 0.0
148 172 0.0
148 173 0.0
148 174 0.0
148 175 0.0
148 176 0.0
148 177 0.0
148 178 0.0
148 179 0.0
148 180 0.0
148 181 0.0
148 182 0.0
148 183 0.0
148 184 0.0
148 185 0.0
148 186 0.0
148 187 0.0
148 188 0.0
148 189 0.0
148 190 0.0
148 191 0.0
148 192 0.0
148 193 0.0
148 194 0.0
148 195 0.0
148 196 0.0
148 197 0.0
148 198 0.0
148 199 0.0
148 200 0.0
148 201 0.0
148 202 0.0
148 203 0.0
148 204 0.0
148 205 0.0
148 206 0.0
148 207 0.0
148 208 0.0
148 209 0.0
148 210 0.0
148 211 0.0
148 212 0.0
148 213 0.0
148 214 0.0
148 215 0.0
148 216 0.0
148 217 0.0
148 218 0.0
148 219 0.0
148 220 0.0
148 221 0.0
148 222 0.0
148 223 0.0
148 224 0.0
148 225 0.0
148 226 0.0
148 227 0.0
148 228 0.0
148 229 0.0
148 230 0.0
148 231 0.0
148 232 0.0
148 233 0.0
148 234 0.0
148 235 0.0
148 236 0.0
148 237 0.0
148 238 0.0
148 239 0.0
148 240 0.0
148 241 0.0
148 242 0.0
148 243 0.0
148 244 0.0
148 245 0.0
148 246 0.0
148 247 0.0
148 248 0.0
148 249 0.0
148 250 0.0
148 251 0.0
148 252 0.0
148 253 6.21886679809e-06
148 254 0.0
148 255 0.0
148 256 0.0
148 257 6.21886679809e-06
148 258 0.0
148 259 9.95018687695e-05
148 260 0.0
148 261 0.000895516818925
148 262 0.0
148 263 0.000621886679809
148 264 0.0
148 265 0.025472478405
148 266 0.0
148 267 0.0035820672757
148 268 0.0
148 269 5.59698011828e-05
148 270 0.0
148 271 0.0
148 272 0.0
148 273 0.0
148 274 0.0
148 275 0.0
148 276 0.0
148 277 5.59698011828e-05
148 278 0.0
148 279 2.48754671924e-05
148 280 0.0
148 281 6.21886679809e-06
148 282 0.0
148 283 0.000895516818925
148 284 0.0
148 285 0.00388679174881
148 286 0.0
148 287 0.000752482882569
148 288 0.0
148 289 0.0035820672757
148 290 0.0
148 291 0.000621886679809
148 292 0.0
148 293 5.59698011828e-05
148 294 0.0
148 295 6.21886679809e-06
148 296 0.0
148 297 0.0
148 298 0.0
148 299 6.21886679809e-06
148 300 0.0
148 301 0.000155471669952
148 302 0.0
148 303 9.95018687695e-05
148 304 0.0
148 305 2.48754671924e-05
148 306 0.0
148 307 0.00453355389581
148 308 0.0
148 309 0.00139924502957
148 310 0.0
148 311 0.000155471669952
148 312 0.0
148 313 0.0
148 314 0.0
148 315 6.21886679809e-06
148 316 0.0
148 317 2.48754671924e-05
148 318 0.0
148 319 6.21886679809e-06
148 320 0.0
148 321 2.48754671924e-05
148 322 0.0
148 323 6.21886679809e-06
148 324 0.0
148 325 0.00139924502957
148 326 0.0
148 327 0.00139924502957
148 328 0.0
148 329 9.95018687695e-05
148 330 0.0
148 331 6.21886679809e-06
148 332 0.0
148 333 2.48754671924e-05
148 334 0.0
148 335 0.0
148 336 0.0
148 337 0.0
148 338 0.0
148 339 0.0
148 340 0.0
148 341 0.000223879204731
148 342 0.0
148 343 0.00121889789243
148 344 0.0
148 345 0.000304724473107
148 346 0.0
148 347 9.95018687695e-05
148 348 0.0
148 349 0.000752482882569
148 350 0.0
148 351 0.000621886679809
148 352 0.0
148 353 0.000155471669952
148 354 0.0
148 355 0.0
148 356 0.0
148 357 0.0
148 358 0.0
148 359 0.0
148 360 0.0
148 361 0.0
148 362 0.0
148 363 2.48754671924e-05
148 364 0.0
148 365 6.21886679809e-06
148 366 0.0
148 367 0.000223879204731
148 368 0.0
148 369 9.95018687695e-05
148 370 0.0
148 371 0.000304724473107
148 372 0.0
148 373 0.000155471669952
148 374 0.0
148 375 9.95018687695e-05
148 376 0.0
148 377 6.21886679809e-06
148 378 0.0
148 379 6.21886679809e-06
148 380 0.0
148 381 5.59698011828e-05
148 382 0.0
148 383 5.59698011828e-05
148 384 0.0
148 385 2.48754671924e-05
148 386 0.0
148 387 5.59698011828e-05
148 388 0.0
148 389 6.21886679809e-06
148 390 0.0
148 391 0.000155471669952
148 392 0.0
148 393 6.21886679809e-06
148 394 0.0
148 395 5.59698011828e-05
148 396 0.0
148 397 9.95018687695e-05
148 398 0.0
148 399 6.21886679809e-06
148 400 0.0
149 0 0.0
149 1 2.48754671924e-05
149 2 0.0
149 3 2.48754671924e-05
149 4 0.0
149 5 0.000155471669952
149 6 0.0
149 7 0.000304724473107
149 8 0.0
149 9 5.59698011828e-05
149 10 0.0
149 11 0.000398007475078
149 12 6.21886679809e-06
149 13 2.48754671924e-05
149 14 0.0
149 15 2.48754671924e-05
149 16 0.0
149 17 0.000155471669952
149 18 0.0
149 19 6.21886679809e-06
149 20 0.0
149 21 2.48754671924e-05
149 22 0.0
149 23 6.21886679809e-06
149 24 0.0
149 25 6.21886679809e-06
149 26 0.0
149 27 6.21886679809e-06
149 28 0.0
149 29 0.000304724473107
149 30 0.0
149 31 9.95018687695e-05
149 32 0.0
149 33 2.48754671924e-05
149 34 0.0
149 35 6.21886679809e-06
149 36 0.0
149 37 0.000621886679809
149 38 0.0
149 39 0.000223879204731
149 40 0.0
149 41 6.21886679809e-06
149 42 0.0
149 43 5.59698011828e-05
149 44 0.0
149 45 0.0
149 46 0.0
149 47 6.21886679809e-06
149 48 0.0
149 49 0.0
149 50 0.0
149 51 0.0
149 52 0.0
149 53 0.0
149 54 0.0
149 55 6.21886679809e-06
149 56 0.0
149 57 6.21886679809e-06
149 58 0.0
149 59 0.000155471669952
149 60 0.0
149 61 0.000895516818925
149 62 0.0
149 63 0.000223879204731
149 64 0.0
149 65 0.000304724473107
149 66 0.0
149 67 0.000398007475078
149 68 0.0
149 69 9.95018687695e-05
149 70 0.0
149 71 6.21886679809e-06
149 72 0.0
149 73 2.48754671924e-05
149 74 0.0
149 75 0.0
149 76 0.0
149 77 6.21886679809e-06
149 78 0.0
149 79 0.0
149 80 0.0
149 81 0.0
149 82 0.0
149 83 0.0
149 84 0.0
149 85 0.000223879204731
149 86 0.0
149 87 0.000752482882569
149 88 6.21886679809e-06
149 89 0.00179725250465
149 90 0.0
149 91 9.95018687695e-05
149 92 0.0
149 93 0.000752482882569
149 94 0.0
149 95 0.00179725250465
149 96 0.0
149 97 5.59698011828e-05
149 98 0.0
149 99 0.0
149 100 0.0
149 101 6.21886679809e-06
149 102 0.0
149 103 6.21886679809e-06
149 104 0.0
149 105 0.0
149 106 0.0
149 107 0.0
149 108 0.0
149 109 0.000304724473107
149 110 0.0
149 111 0.000155471669952
149 112 0.0
149 113 2.48754671924e-05
149 114 0.0
149 115 0.00453355389581
149 116 0.0
149 117 0.00201491284258
149 118 0.0
149 119 0.000304724473107
149 120 0.0
149 121 0.0
149 122 0.0
149 123 0.0
149 124 0.0
149 125 0.0
149 126 0.0
149 127 0.00201491284258
149 128 6.21886679809e-06
149 129 0.0094588963999
149 130 0.0
149 131 0.0048755915697
149 132 0.0
149 133 0.00761811182766
149 134 0.0
149 135 0.000752482882569
149 136 0.0
149 137 6.21886679809e-06
149 138 0.0
149 139 0.0
149 140 0.0
149 141 0.0
149 142 0.0
149 143 0.0
149 144 0.0
149 145 0.0
149 146 0.0
149 147 0.0
149 148 0.0
149 149 0.0
149 150 0.0
149 151 0.00453355389581
149 152 0.0
149 153 0.00677234594312
149 154 0.0
149 155 0.0195023662788
149 156 0.0
149 157 6.21886679809e-06
149 158 0.0
149 159 0.0
149 160 0.0
149 161 6.21886679809e-06
149 162 0.0
149 163 0.0
149 164 0.0
149 165 6.21886679809e-06
149 166 6.21886679809e-06
149 167 0.0
149 168 6.21886679809e-06
149 169 0.00105098848888
149 170 0.00300993153028
149 171 0.00597633099297
149 172 0.00805965137033
149 173 0.00851362864659
149 174 0.00851362864659
149 175 0.00805965137033
149 176 0.00761811182766
149 177 0.00761811182766
149 178 0.00761811182766
149 179 0.00805965137033
149 180 0.00761811182766
149 181 0.00761811182766
149 182 0.00761811182766
149 183 0.00761811182766
149 184 0.00761811182766
149 185 0.00761811182766
149 186 0.00761811182766
149 187 0.00761811182766
149 188 0.00761811182766
149 189 0.00761811182766
149 190 0.00761811182766
149 191 0.00761811182766
149 192 0.00761811182766
149 193 0.00761811182766
149 194 0.00761811182766
149 195 0.00761811182766
149 196 0.00761811182766
149 197 0.00761811182766
149 198 0.00761811182766
149 199 0.00761811182766
149 200 0.00761811182766
149 201 0.00761811182766
149 202 0.00761811182766
149 203 0.00761811182766
149 204 0.00761811182766
149 205 0.00761811182766
149 206 0.00761811182766
149 207 0.00761811182766
149 208 0.00761811182766
149 209 0.00761811182766
149 210 0.00761811182766
149 211 0.00761811182766
149 212 0.00761811182766
149 213 0.00761811182766
149 214 0.00761811182766
149 215 0.00761811182766
149 216 0.00761811182766
149 217 0.00761811182766
149 218 0.00761811182766
149 219 0.00761811182766
149 220 0.00761811182766
149 221 0.00761811182766
149 222 0.00761811182766
149 223 0.00761811182766
149 224 0.00761811182766
149 225 0.00761811182766
149 226 0.00761811182766
149 227 0.00761811182766
149 228 0.00761811182766
149 229 0.00761811182766
149 230 0.00761811182766
149 231 0.00761811182766
149 232 0.00761811182766
149 233 0.00761811182766
149 234 0.00761811182766
149 235 0.00761811182766
149 236 0.00761811182766
149 237 0.00761811182766
149 238 0.00761811182766
149 239 0.00761811182766
149 240 0.00761811182766
149 241 0.00761811182766
149 242 0.00761811182766
149 243 0.00761811182766
149 244 0.00761811182766
149 245 0.00761811182766
149 246 0.00761811182766
149 247 0.00761811182766
149 248 0.00761811182766
149 249 0.00898004365644
149 250 0.00805965137033
149 251 0.00420395395551
149 252 0.000752482882569
149 253 0.000223879204731
149 254 0.0
149 255 6.21886679809e-06
149 256 0.0
149 257 2.48754671924e-05
149 258 0.0
149 259 9.95018687695e-05
149 260 0.0
149 261 0.000895516818925
149 262 0.0
149 263 0.000621886679809
149 264 0.0
149 265 0.025472478405
149 266 0.0
149 267 0.0035820672757
149 268 0.0
149 269 5.59698011828e-05
149 270 0.0
149 271 0.0
149 272 0.0
149 273 0.0
149 274 0.0
149 275 0.0
149 276 0.0
149 277 5.59698011828e-05
149 278 0.0
149 279 2.48754671924e-05
149 280 0.0
149 281 6.21886679809e-06
149 282 0.0
149 283 0.000895516818925
149 284 0.0
149 285 0.00388679174881
149 286 0.0
149 287 0.000752482882569
149 288 6.21886679809e-06
149 289 0.0035820672757
149 290 0.0
149 291 0.000621886679809
149 292 6.21886679809e-06
149 293 9.95018687695e-05
149 294 0.0
149 295 6.21886679809e-06
149 296 0.0
149 297 0.0
149 298 0.0
149 299 6.21886679809e-06
149 300 0.0
149 301 0.000155471669952
149 302 0.0
149 303 0.000155471669952
149 304 6.21886679809e-06
149 305 2.48754671924e-05
149 306 6.21886679809e-06
149 307 0.00453355389581
149 308 0.0
149 309 0.00139924502957
149 310 0.0
149 311 0.000155471669952
149 312 0.0
149 313 0.0
149 314 0.0
149 315 6.21886679809e-06
149 316 0.0
149 317 2.48754671924e-05
149 318 0.0
149 319 6.21886679809e-06
149 320 0.0
149 321 2.48754671924e-05
149 322 0.0
149 323 6.21886679809e-06
149 324 0.0
149 325 0.00139924502957
149 326 0.0
149 327 0.00139924502957
149 328 0.0
149 329 9.95018687695e-05
149 330 0.0
149 331 6.21886679809e-06
149 332 0.0
149 333 2.48754671924e-05
149 334 0.0
149 335 0.0
149 336 0.0
149 337 0.0
149 338 0.0
149 339 0.0
149 340 0.0
149 341 0.000223879204731
149 342 0.0
149 343 0.00139924502957
149 344 0.0
149 345 0.000223879204731
149 346 6.21886679809e-06
149 347 0.000155471669952
149 348 6.21886679809e-06
149 349 0.000752482882569
149 350 6.21886679809e-06
149 351 0.000752482882569
149 352 0.0
149 353 0.000155471669952
149 354 0.0
149 355 0.0
149 356 0.0
149 357 6.21886679809e-06
149 358 0.0
149 359 0.0
149 360 0.0
149 361 0.0
149 362 0.0
149 363 2.48754671924e-05
149 364 0.0
149 365 6.21886679809e-06
149 366 0.0
149 367 0.000223879204731
149 368 0.0
149 369 9.95018687695e-05
149 370 0.0
149 371 0.000223879204731
149 372 2.48754671924e-05
149 373 0.000155471669952
149 374 0.0
149 375 9.95018687695e-05
149 376 6.21886679809e-06
149 377 0.0
149 378 0.0
149 379 6.21886679809e-06
149 380 0.0
149 381 5.59698011828e-05
149 382 0.0
149 383 2.48754671924e-05
149 384 6.21886679809e-06
149 385 6.21886679809e-06
149 386 0.0
149 387 2.48754671924e-05
149 388 6.21886679809e-06
149 389 2.48754671924e-05
149 390 6.21886679809e-06
149 391 0.000155471669952
149 392 0.0
149 393 6.21886679809e-06
149 394 0.0
149 395 5.59698011828e-05
149 396 0.0
149 397 9.95018687695e-05
149 398 0.0
149 399 6.21886679809e-06
149 400 0.0
150 0 0.0
150 1 2.48754671924e-05
150 2 0.0
150 3 2.48754671924e-05
150 4 0.0
150 5 0.000155471669952
150 6 0.0
150 7 0.000304724473107
150 8 0.0
150 9 2.48754671924e-05
150 10 0.0
150 11 0.000503728210645
150 12 0.0
150 13 5.59698011828e-05
150 14 0.0
150 15 2.48754671924e-05
150 16 0.0
150 17 0.000155471669952
150 18 0.0
150 19 6.21886679809e-06
150 20 0.0
150 21 2.48754671924e-05
150 22 0.0
150 23 6.21886679809e-06
150 24 0.0
150 25 6.21886679809e-06
150 26 0.0
150 27 6.21886679809e-06
150 28 0.0
150 29 0.000304724473107
150 30 0.0
150 31 9.95018687695e-05
150 32 0.0
150 33 2.48754671924e-05
150 34 0.0
150 35 6.21886679809e-06
150 36 0.0
150 37 0.000621886679809
150 38 0.0
150 39 0.000223879204731
150 40 0.0
150 41 6.21886679809e-06
150 42 0.0
150 43 5.59698011828e-05
150 44 0.0
150 45 0.0
150 46 0.0
150 47 6.21886679809e-06
150 48 0.0
150 49 0.0
150 50 0.0
150 51 0.0
150 52 0.0
150 53 0.0
150 54 0.0
150 55 6.21886679809e-06
150 56 0.0
150 57 6.21886679809e-06
150 58 0.0
150 59 0.000155471669952
150 60 0.0
150 61 0.000895516818925
150 62 0.0
150 63 0.000223879204731
150 64 0.0
150 65 0.000304724473107
150 66 0.0
150 67 0.000398007475078
150 68 0.0
150 69 9.95018687695e-05
150 70 0.0
150 71 6.21886679809e-06
150 72 0.0
150 73 2.48754671924e-05
150 74 0.0
150 75 0.0
150 76 0.0
150 77 6.21886679809e-06
150 78 0.0
150 79 0.0
150 80 0.0
150 81 0.0
150 82 0.0
150 83 0.0
150 84 0.0
150 85 0.000223879204731
150 86 0.0
150 87 0.000895516818925
150 88 0.0
150 89 0.00159202990031
150 90 0.0
150 91 9.95018687695e-05
150 92 0.0
150 93 0.000752482882569
150 94 0.0
150 95 0.00179725250465
150 96 0.0
150 97 5.59698011828e-05
150 98 0.0
150 99 0.0
150 100 0.0
150 101 6.21886679809e-06
150 102 0.0
150 103 6.21886679809e-06
150 104 0.0
150 105 0.0
150 106 0.0
150 107 0.0
150 108 0.0
150 109 0.000304724473107
150 110 0.0
150 111 0.000155471669952
150 112 0.0
150 113 2.48754671924e-05
150 114 0.0
150 115 0.00453355389581
150 116 0.0
150 117 0.00201491284258
150 118 0.0
150 119 0.000304724473107
150 120 0.0
150 121 0.0
150 122 0.0
150 123 0.0
150 124 0.0
150 125 0.0
150 126 0.0
150 127 0.00201491284258
150 128 0.0
150 129 0.00898004365644
150 130 0.0
150 131 0.0048755915697
150 132 0.0
150 133 0.00805965137033
150 134 0.0
150 135 0.000621886679809
150 136 0.0
150 137 6.21886679809e-06
150 138 0.0
150 139 0.0
150 140 0.0
150 141 0.0
150 142 0.0
150 143 0.0
150 144 0.0
150 145 0.0
150 146 0.0
150 147 0.0
150 148 0.0
150 149 0.0
150 150 0.0
150 151 0.00453355389581
150 152 0.0
150 153 0.00677234594312
150 154 0.0
150 155 0.0195023662788
150 156 0.0
150 157 6.21886679809e-06
150 158 0.0
150 159 0.0
150 160 0.0
150 161 6.21886679809e-06
150 162 0.0
150 163 0.0
150 164 0.0
150 165 6.21886679809e-06
150 166 0.0
150 167 6.21886679809e-06
150 168 0.0
150 169 0.000223879204731
150 170 0.0
150 171 6.21886679809e-06
150 172 0.0
150 173 6.21886679809e-06
150 174 0.0
150 175 5.59698011828e-05
150 176 0.0
150 177 9.95018687695e-05
150 178 0.0
150 179 2.48754671924e-05
150 180 0.0
150 181 0.0
150 182 0.0
150 183 0.0
150 184 0.0
150 185 0.0
150 186 0.0
150 187 0.0
150 188 0.0
150 189 0.0
150 190 0.0
150 191 0.0
150 192 0.0
150 193 0.0
150 194 0.0
150 195 0.0
150 196 0.0
150 197 0.0
150 198 0.0
150 199 0.0
150 200 0.0
150 201 0.0
150 202 0.0
150 203 0.0
150 204 0.0
150 205 0.0
150 206 0.0
150 207 0.0
150 208 0.0
150 209 0.0
150 210 0.0
150 211 0.0
150 212 0.0
150 213 0.0
150 214 0.0
150 215 0.0
150 216 0.0
150 217 0.0
150 218 0.0
150 219 0.0
150 220 0.0
150 221 0.0
150 222 0.0
150 223 0.0
150 224 0.0
150 225 0.0
150 226 0.0
150 227 0.0
150 228 0.0
150 229 0.0
150 230 0.0
150 231 0.0
150 232 0.0
150 233 0.0
150 234 0.0
150 235 0.0
150 236 0.0
150 237 0.0
150 238 0.0
150 239 0.0
150 240 0.0
150 241 0.0
150 242 0.0
150 243 0.0
150 244 0.0
150 245 0.0
150 246 0.0
150 247 2.48754671924e-05
150 248 0.0
150 249 6.21886679809e-06
150 250 0.0
150 251 0.00139924502957
150 252 0.0
150 253 0.000752482882569
150 254 0.0
150 255 0.0
150 256 0.0
150 257 9.95018687695e-05
150 258 0.0
150 259 9.95018687695e-05
150 260 0.0
150 261 0.000895516818925
150 262 0.0
150 263 0.000621886679809
150 264 0.0
150 265 0.025472478405
150 266 0.0
150 267 0.0035820672757
150 268 0.0
150 269 5.59698011828e-05
150 270 0.0
150 271 0.0
150 272 0.0
150 273 0.0
150 274 0.0
150 275 0.0
150 276 0.0
150 277 5.59698011828e-05
150 278 0.0
150 279 2.48754671924e-05
150 280 0.0
150 281 6.21886679809e-06
150 282 0.0
150 283 0.000895516818925
150 284 0.0
150 285 0.00420395395551
150 286 0.0
150 287 0.000895516818925
150 288 0.0
150 289 0.0035820672757
150 290 0.0
150 291 0.000503728210645
150 292 0.0
150 293 9.95018687695e-05
150 294 0.0
150 295 6.21886679809e-06
150 296 0.0
150 297 0.0
150 298 0.0
150 299 6.21886679809e-06
150 300 0.0
150 301 0.000223879204731
150 302 0.0
150 303 0.000155471669952
150 304 0.0
150 305 5.59698011828e-05
150 306 0.0
150 307 0.00453355389581
150 308 0.0
150 309 0.00139924502957
150 310 0.0
150 311 0.000155471669952
150 312 0.0
150 313 0.0
150 314 0.0
150 315 6.21886679809e-06
150 316 0.0
150 317 2.48754671924e-05
150 318 0.0
150 319 6.21886679809e-06
150 320 0.0
150 321 2.48754671924e-05
150 322 0.0
150 323 6.21886679809e-06
150 324 0.0
150 325 0.00139924502957
150 326 0.0
150 327 0.00139924502957
150 328 0.0
150 329 9.95018687695e-05
150 330 0.0
150 331 6.21886679809e-06
150 332 0.0
150 333 2.48754671924e-05
150 334 0.0
150 335 0.0
150 336 0.0
150 337 0.0
150 338 0.0
150 339 0.0
150 340 0.0
150 341 0.000304724473107
150 342 0.0
150 343 0.00139924502957
150 344 0.0
150 345 0.000398007475078
150 346 0.0
150 347 0.000155471669952
150 348 0.0
150 349 0.000752482882569
150 350 0.0
150 351 0.000621886679809
150 352 0.0
150 353 9.95018687695e-05
150 354 0.0
150 355 0.0
150 356 0.0
150 357 2.48754671924e-05
150 358 0.0
150 359 0.0
150 360 0.0
150 361 0.0
150 362 0.0
150 363 2.48754671924e-05
150 364 0.0
150 365 6.21886679809e-06
150 366 0.0
150 367 0.000223879204731
150 368 0.0
150 369 9.95018687695e-05
150 370 0.0
150 371 0.000304724473107
150 372 0.0
150 373 0.000155471669952
150 374 0.0
150 375 2.48754671924e-05
150 376 0.0
150 377 2.48754671924e-05
150 378 0.0
150 379 0.0
150 380 0.0
150 381 5.59698011828e-05
150 382 0.0
150 383 2.48754671924e-05
150 384 0.0
150 385 2.48754671924e-05
150 386 0.0
150 387 2.48754671924e-05
150 388 0.0
150 389 0.0
150 390 0.0
150 391 0.000223879204731
150 392 0.0
150 393 6.21886679809e-06
150 394 0.0
150 395 5.59698011828e-05
150 396 0.0
150 397 9.95018687695e-05
150 398 0.0
150 399 6.21886679809e-06
150 400 0.0
151 0 0.0
151 1 2.48754671924e-05
151 2 0.0
151 3 2.48754671924e-05
151 4 0.0
151 5 0.000155471669952
151 6 0.0
151 7 0.000223879204731
151 8 0.0
151 9 2.48754671924e-05
151 10 0.0
151 11 0.000503728210645
151 12 0.0
151 13 5.59698011828e-05
151 14 0.0
151 15 2.48754671924e-05
151 16 0.0
151 17 0.000155471669952
151 18 0.0
151 19 6.21886679809e-06
151 20 0.0
151 21 2.48754671924e-05
151 22 0.0
151 23 6.21886679809e-06
151 24 0.0
151 25 6.21886679809e-06
151 26 0.0
151 27 6.21886679809e-06
151 28 0.0
151 29 0.000304724473107
151 30 0.0
151 31 9.95018687695e-05
151 32 0.0
151 33 2.48754671924e-05
151 34 0.0
151 35 6.21886679809e-06
151 36 0.0
151 37 0.000621886679809
151 38 0.0
151 39 0.000223879204731
151 40 0.0
151 41 6.21886679809e-06
151 42 0.0
151 43 5.59698011828e-05
151 44 0.0
151 45 0.0
151 46 0.0
151 47 6.21886679809e-06
151 48 0.0
151 49 0.0
151 50 0.0
151 51 0.0
151 52 0.0
151 53 0.0
151 54 0.0
151 55 6.21886679809e-06
151 56 0.0
151 57 6.21886679809e-06
151 58 0.0
151 59 0.000155471669952
151 60 0.0
151 61 0.000895516818925
151 62 0.0
151 63 0.000223879204731
151 64 0.0
151 65 0.000304724473107
151 66 0.0
151 67 0.000398007475078
151 68 0.0
151 69 9.95018687695e-05
151 70 0.0
151 71 6.21886679809e-06
151 72 0.0
151 73 2.48754671924e-05
151 74 0.0
151 75 0.0
151 76 0.0
151 77 6.21886679809e-06
151 78 0.0
151 79 0.0
151 80 0.0
151 81 0.0
151 82 0.0
151 83 0.0
151 84 0.0
151 85 0.000223879204731
151 86 0.0
151 87 0.000895516818925
151 88 0.0
151 89 0.00159202990031
151 90 0.0
151 91 9.95018687695e-05
151 92 0.0
151 93 0.000752482882569
151 94 0.0
151 95 0.00179725250465
151 96 0.0
151 97 5.59698011828e-05
151 98 0.0
151 99 0.0
151 100 0.0
151 101 6.21886679809e-06
151 102 0.0
151 103 6.21886679809e-06
151 104 0.0
151 105 0.0
151 106 0.0
151 107 0.0
151 108 0.0
151 109 0.000304724473107
151 110 0.0
151 111 0.000155471669952
151 112 0.0
151 113 2.48754671924e-05
151 114 0.0
151 115 0.00453355389581
151 116 0.0
151 117 0.00201491284258
151 118 0.0
151 119 0.000304724473107
151 120 0.0
151 121 0.0
151 122 0.0
151 123 0.0
151 124 0.0
151 125 0.0
151 126 0.0
151 127 0.00201491284258
151 128 0.0
151 129 0.00898004365644
151 130 0.0
151 131 0.0048755915697
151 132 0.0
151 133 0.00761811182766
151 134 0.0
151 135 0.000752482882569
151 136 0.0
151 137 6.21886679809e-06
151 138 0.0
151 139 0.0
151 140 0.0
151 141 0.0
151 142 0.0
151 143 0.0
151 144 0.0
151 145 0.0
151 146 0.0
151 147 0.0
151 148 0.0
151 149 0.0
151 150 0.0
151 151 0.00453355389581
151 152 0.0
151 153 0.00677234594312
151 154 0.0
151 155 0.0195023662788
151 156 0.0
151 157 6.21886679809e-06
151 158 0.0
151 159 0.0
151 160 0.0
151 161 6.21886679809e-06
151 162 0.0
151 163 6.21886679809e-06
151 164 6.21886679809e-06
151 165 0.000223879204731
151 166 2.48754671924e-05
151 167 9.95018687695e-05
151 168 0.000155471669952
151 169 0.0
151 170 0.00453355389581
151 171 0.0195023662788
151 172 0.0408019850623
151 173 0.0492596439077
151 174 0.0428417733721
151 175 0.0418156603504
151 176 0.0428417733721
151 177 0.0418156603504
151 178 0.0418156603504
151 179 0.0408019850623
151 180 0.0418156603504
151 181 0.0418156603504
151 182 0.0418156603504
151 183 0.0418156603504
151 184 0.0418156603504
151 185 0.0418156603504
151 186 0.0418156603504
151 187 0.0418156603504
151 188 0.0418156603504
151 189 0.0418156603504
151 190 0.0418156603504
151 191 0.0418156603504
151 192 0.0418156603504
151 193 0.0418156603504
151 194 0.0418156603504
151 195 0.0418156603504
151 196 0.0418156603504
151 197 0.0418156603504
151 198 0.0418156603504
151 199 0.0418156603504
151 200 0.0418156603504
151 201 0.0418156603504
151 202 0.0418156603504
151 203 0.0418156603504
151 204 0.0418156603504
151 205 0.0418156603504
151 206 0.0418156603504
151 207 0.0418156603504
151 208 0.0418156603504
151 209 0.0418156603504
151 210 0.0418156603504
151 211 0.0418156603504
151 212 0.0418156603504
151 213 0.0418156603504
151 214 0.0418156603504
151 215 0.0418156603504
151 216 0.0418156603504
151 217 0.0418156603504
151 218 0.0418156603504
151 219 0.0418156603504
151 220 0.0418156603504
151 221 0.0418156603504
151 222 0.0418156603504
151 223 0.0418156603504
151 224 0.0418156603504
151 225 0.0418156603504
151 226 0.0418156603504
151 227 0.0418156603504
151 228 0.0418156603504
151 229 0.0418156603504
151 230 0.0418156603504
151 231 0.0418156603504
151 232 0.0418156603504
151 233 0.0418156603504
151 234 0.0418156603504
151 235 0.0418156603504
151 236 0.0418156603504
151 237 0.0418156603504
151 238 0.0418156603504
151 239 0.0418156603504
151 240 0.0418156603504
151 241 0.0418156603504
151 242 0.0418156603504
151 243 0.0418156603504
151 244 0.0418156603504
151 245 0.0418156603504
151 246 0.0418156603504
151 247 0.0470706027948
151 248 0.0428417733721
151 249 0.0270893837725
151 250 0.0223879204731
151 251 0.0398007475078
151 252 0.00105098848888
151 253 0.00453355389581
151 254 6.21886679809e-06
151 255 9.95018687695e-05
151 256 2.48754671924e-05
151 257 0.000155471669952
151 258 0.0
151 259 9.95018687695e-05
151 260 0.0
151 261 0.000895516818925
151 262 0.0
151 263 0.000621886679809
151 264 0.0
151 265 0.025472478405
151 266 0.0
151 267 0.0035820672757
151 268 0.0
151 269 5.59698011828e-05
151 270 0.0
151 271 0.0
151 272 0.0
151 273 0.0
151 274 0.0
151 275 0.0
151 276 0.0
151 277 5.59698011828e-05
151 278 0.0
151 279 2.48754671924e-05
151 280 0.0
151 281 6.21886679809e-06
151 282 0.0
151 283 0.000895516818925
151 284 0.0
151 285 0.00420395395551
151 286 0.0
151 287 0.000752482882569
151 288 6.21886679809e-06
151 289 0.00388679174881
151 290 0.0
151 291 0.000621886679809
151 292 0.0
151 293 9.95018687695e-05
151 294 0.0
151 295 6.21886679809e-06
151 296 0.0
151 297 0.0
151 298 0.0
151 299 6.21886679809e-06
151 300 0.0
151 301 0.000223879204731
151 302 0.0
151 303 0.000155471669952
151 304 0.0
151 305 5.59698011828e-05
151 306 0.0
151 307 0.00453355389581
151 308 0.0
151 309 0.00139924502957
151 310 0.0
151 311 0.000155471669952
151 312 0.0
151 313 0.0
151 314 0.0
151 315 6.21886679809e-06
151 316 0.0
151 317 2.48754671924e-05
151 318 0.0
151 319 6.21886679809e-06
151 320 0.0
151 321 2.48754671924e-05
151 322 0.0
151 323 6.21886679809e-06
151 324 0.0
151 325 0.00139924502957
151 326 0.0
151 327 0.00139924502957
151 328 0.0
151 329 9.95018687695e-05
151 330 0.0
151 331 6.21886679809e-06
151 332 0.0
151 333 2.48754671924e-05
151 334 0.0
151 335 0.0
151 336 0.0
151 337 0.0
151 338 0.0
151 339 0.0
151 340 0.0
151 341 0.000304724473107
151 342 0.0
151 343 0.00139924502957
151 344 0.0
151 345 0.000398007475078
151 346 0.0
151 347 0.000155471669952
151 348 0.0
151 349 0.000621886679809
151 350 6.21886679809e-06
151 351 0.000752482882569
151 352 0.0
151 353 0.000155471669952
151 354 0.0
151 355 0.0
151 356 6.21886679809e-06
151 357 2.48754671924e-05
151 358 0.0
151 359 0.0
151 360 0.0
151 361 0.0
151 362 0.0
151 363 2.48754671924e-05
151 364 0.0
151 365 6.21886679809e-06
151 366 0.0
151 367 0.000223879204731
151 368 0.0
151 369 9.95018687695e-05
151 370 0.0
151 371 0.000304724473107
151 372 6.21886679809e-06
151 373 0.000155471669952
151 374 0.0
151 375 2.48754671924e-05
151 376 0.0
151 377 2.48754671924e-05
151 378 0.0
151 379 0.0
151 380 6.21886679809e-06
151 381 2.48754671924e-05
151 382 6.21886679809e-06
151 383 5.59698011828e-05
151 384 6.21886679809e-06
151 385 2.48754671924e-05
151 386 0.0
151 387 2.48754671924e-05
151 388 0.0
151 389 0.0
151 390 0.0
151 391 0.000223879204731
151 392 0.0
151 393 6.21886679809e-06
151 394 0.0
151 395 5.59698011828e-05
151 396 0.0
151 397 9.95018687695e-05
151 398 0.0
151 399 6.21886679809e-06
151 400 0.0
152 0 0.0
152 1 2.48754671924e-05
152 2 0.0
152 3 2.48754671924e-05
152 4 0.0
152 5 0.000155471669952
152 6 0.0
152 7 0.000223879204731
152 8 0.0
152 9 2.48754671924e-05
152 10 0.0
152 11 0.000503728210645
152 12 0.0
152 13 5.59698011828e-05
152 14 0.0
152 15 2.48754671924e-05
152 16 0.0
152 17 0.000155471669952
152 18 0.0
152 19 6.21886679809e-06
152 20 0.0
152 21 2.48754671924e-05
152 22 0.0
152 23 6.21886679809e-06
152 24 0.0
152 25 6.21886679809e-06
152 26 0.0
152 27 6.21886679809e-06
152 28 0.0
152 29 0.000304724473107
152 30 0.0
152 31 9.95018687695e-05
152 32 0.0
152 33 2.48754671924e-05
152 34 0.0
152 35 6.21886679809e-06
152 36 0.0
152 37 0.000621886679809
152 38 0.0
152 39 0.000223879204731
152 40 0.0
152 41 6.21886679809e-06
152 42 0.0
152 43 5.59698011828e-05
152 44 0.0
152 45 0.0
152 46 0.0
152 47 6.21886679809e-06
152 48 0.0
152 49 0.0
152 50 0.0
152 51 0.0
152 52 0.0
152 53 0.0
152 54 0.0
152 55 6.21886679809e-06
152 56 0.0
152 57 6.21886679809e-06
152 58 0.0
152 59 0.000155471669952
152 60 0.0
152 61 0.000895516818925
152 62 0.0
152 63 0.000223879204731
152 64 0.0
152 65 0.000304724473107
152 66 0.0
152 67 0.000398007475078
152 68 0.0
152 69 9.95018687695e-05
152 70 0.0
152 71 6.21886679809e-06
152 72 0.0
152 73 2.48754671924e-05
152 74 0.0
152 75 0.0
152 76 0.0
152 77 6.21886679809e-06
152 78 0.0
152 79 0.0
152 80 0.0
152 81 0.0
152 82 0.0
152 83 0.0
152 84 0.0
152 85 0.000223879204731
152 86 0.0
152 87 0.000895516818925
152 88 0.0
152 89 0.00159202990031
152 90 0.0
152 91 9.95018687695e-05
152 92 0.0
152 93 0.000752482882569
152 94 0.0
152 95 0.00179725250465
152 96 0.0
152 97 5.59698011828e-05
152 98 0.0
152 99 0.0
152 100 0.0
152 101 6.21886679809e-06
152 102 0.0
152 103 6.21886679809e-06
152 104 0.0
152 105 0.0
152 106 0.0
152 107 0.0
152 108 0.0
152 109 0.000304724473107
152 110 0.0
152 111 0.000155471669952
152 112 0.0
152 113 2.48754671924e-05
152 114 0.0
152 115 0.00453355389581
152 116 0.0
152 117 0.00201491284258
152 118 0.0
152 119 0.000304724473107
152 120 0.0
152 121 0.0
152 122 0.0
152 123 0.0
152 124 0.0
152 125 0.0
152 126 0.0
152 127 0.00201491284258
152 128 0.0
152 129 0.00898004365644
152 130 0.0
152 131 0.0048755915697
152 132 0.0
152 133 0.00761811182766
152 134 0.0
152 135 0.000752482882569
152 136 0.0
152 137 6.21886679809e-06
152 138 0.0
152 139 0.0
152 140 0.0
152 141 0.0
152 142 0.0
152 143 0.0
152 144 0.0
152 145 0.0
152 146 0.0
152 147 0.0
152 148 0.0
152 149 0.0
152 150 0.0
152 151 0.00453355389581
152 152 0.0
152 153 0.00677234594312
152 154 0.0
152 155 0.0195023662788
152 156 0.0
152 157 6.21886679809e-06
152 158 0.0
152 159 0.0
152 160 0.0
152 161 6.21886679809e-06
152 162 0.0
152 163 6.21886679809e-06
152 164 0.0
152 165 2.48754671924e-05
152 166 0.0
152 167 0.000155471669952
152 168 0.0
152 169 0.000304724473107
152 170 0.0
152 171 0.00851362864659
152 172 0.0
152 173 0.00121889789243
152 174 0.0
152 175 6.21886679809e-06
152 176 0.0
152 177 5.59698011828e-05
152 178 0.0
152 179 6.21886679809e-06
152 180 0.0
152 181 0.0
152 182 0.0
152 183 0.0
152 184 0.0
152 185 0.0
152 186 0.0
152 187 0.0
152 188 0.0
152 189 0.0
152 190 0.0
152 191 0.0
152 192 0.0
152 193 0.0
152 194 0.0
152 195 0.0
152 196 0.0
152 197 0.0
152 198 0.0
152 199 0.0
152 200 0.0
152 201 0.0
152 202 0.0
152 203 0.0
152 204 0.0
152 205 0.0
152 206 0.0
152 207 0.0
152 208 0.0
152 209 0.0
152 210 0.0
152 211 0.0
152 212 0.0
152 213 0.0
152 214 0.0
152 215 0.0
152 216 0.0
152 217 0.0
152 218 0.0
152 219 0.0
152 220 0.0
152 221 0.0
152 222 0.0
152 223 0.0
152 224 0.0
152 225 0.0
152 226 0.0
152 227 0.0
152 228 0.0
152 229 0.0
152 230 0.0
152 231 0.0
152 232 0.0
152 233 0.0
152 234 0.0
152 235 0.0
152 236 0.0
152 237 0.0
152 238 0.0
152 239 0.0
152 240 0.0
152 241 0.0
152 242 0.0
152 243 0.0
152 244 0.0
152 245 0.0
152 246 0.0
152 247 0.000304724473107
152 248 0.0
152 249 0.00559698011828
152 250 0.0
152 251 0.0304724473107
152 252 0.0
152 253 0.0114986847097
152 254 0.0
152 255 0.000503728210645
152 256 0.0
152 257 0.000155471669952
152 258 0.0
152 259 9.95018687695e-05
152 260 0.0
152 261 0.000895516818925
152 262 0.0
152 263 0.000621886679809
152 264 0.0
152 265 0.025472478405
152 266 0.0
152 267 0.0035820672757
152 268 0.0
152 269 5.59698011828e-05
152 270 0.0
152 271 0.0
152 272 0.0
152 273 0.0
152 274 0.0
152 275 0.0
152 276 0.0
152 277 5.59698011828e-05
152 278 0.0
152 279 2.48754671924e-05
152 280 0.0
152 281 6.21886679809e-06
152 282 0.0
152 283 0.000895516818925
152 284 0.0
152 285 0.00420395395551
152 286 0.0
152 287 0.000895516818925
152 288 0.0
152 289 0.0035820672757
152 290 0.0
152 291 0.000503728210645
152 292 0.0
152 293 9.95018687695e-05
152 294 0.0
152 295 6.21886679809e-06
152 296 0.0
152 297 0.0
152 298 0.0
152 299 6.21886679809e-06
152 300 0.0
152 301 0.000223879204731
152 302 0.0
152 303 0.000155471669952
152 304 0.0
152 305 5.59698011828e-05
152 306 0.0
152 307 0.00453355389581
152 308 0.0
152 309 0.00139924502957
152 310 0.0
152 311 0.000155471669952
152 312 0.0
152 313 0.0
152 314 0.0
152 315 6.21886679809e-06
152 316 0.0
152 317 2.48754671924e-05
152 318 0.0
152 319 6.21886679809e-06
152 320 0.0
152 321 2.48754671924e-05
152 322 0.0
152 323 6.21886679809e-06
152 324 0.0
152 325 0.00139924502957
152 326 0.0
152 327 0.00139924502957
152 328 0.0
152 329 9.95018687695e-05
152 330 0.0
152 331 6.21886679809e-06
152 332 0.0
152 333 2.48754671924e-05
152 334 0.0
152 335 0.0
152 336 0.0
152 337 0.0
152 338 0.0
152 339 0.0
152 340 0.0
152 341 0.000304724473107
152 342 0.0
152 343 0.00139924502957
152 344 0.0
152 345 0.000398007475078
152 346 0.0
152 347 0.000155471669952
152 348 0.0
152 349 0.000752482882569
152 350 0.0
152 351 0.000621886679809
152 352 0.0
152 353 9.95018687695e-05
152 354 0.0
152 355 6.21886679809e-06
152 356 0.0
152 357 6.21886679809e-06
152 358 0.0
152 359 0.0
152 360 0.0
152 361 0.0
152 362 0.0
152 363 2.48754671924e-05
152 364 0.0
152 365 6.21886679809e-06
152 366 0.0
152 367 0.000223879204731
152 368 0.0
152 369 9.95018687695e-05
152 370 0.0
152 371 0.000398007475078
152 372 0.0
152 373 0.000223879204731
152 374 0.0
152 375 2.48754671924e-05
152 376 0.0
152 377 2.48754671924e-05
152 378 0.0
152 379 0.0
152 380 0.0
152 381 5.59698011828e-05
152 382 0.0
152 383 2.48754671924e-05
152 384 0.0
152 385 5.59698011828e-05
152 386 0.0
152 387 2.48754671924e-05
152 388 0.0
152 389 0.0
152 390 0.0
152 391 0.000223879204731
152 392 0.0
152 393 6.21886679809e-06
152 394 0.0
152 395 5.59698011828e-05
152 396 0.0
152 397 9.95018687695e-05
152 398 0.0
152 399 6.21886679809e-06
152 400 0.0
153 0 0.0
153 1 2.48754671924e-05
153 2 0.0
153 3 2.48754671924e-05
153 4 0.0
153 5 0.000155471669952
153 6 0.0
153 7 0.000223879204731
153 8 0.0
153 9 2.48754671924e-05
153 10 0.0
153 11 0.000503728210645
153 12 0.0
153 13 5.59698011828e-05
153 14 0.0
153 15 2.48754671924e-05
153 16 0.0
153 17 0.000155471669952
153 18 0.0
153 19 2.48754671924e-05
153 20 6.21886679809e-06
153 21 2.48754671924e-05
153 22 0.0
153 23 6.21886679809e-06
153 24 0.0
153 25 6.21886679809e-06
153 26 0.0
153 27 6.21886679809e-06
153 28 0.0
153 29 0.000304724473107
153 30 0.0
153 31 9.95018687695e-05
153 32 0.0
153 33 2.48754671924e-05
153 34 0.0
153 35 6.21886679809e-06
153 36 0.0
153 37 0.000621886679809
153 38 0.0
153 39 0.000304724473107
153 40 6.21886679809e-06
153 41 2.48754671924e-05
153 42 6.21886679809e-06
153 43 5.59698011828e-05
153 44 0.0
153 45 0.0
153 46 0.0
153 47 6.21886679809e-06
153 48 0.0
153 49 0.0
153 50 0.0
153 51 0.0
153 52 0.0
153 53 0.0
153 54 0.0
153 55 6.21886679809e-06
153 56 0.0
153 57 6.21886679809e-06
153 58 0.0
153 59 0.000155471669952
153 60 0.0
153 61 0.000895516818925
153 62 0.0
153 63 0.000223879204731
153 64 0.0
153 65 0.000304724473107
153 66 0.0
153 67 0.000398007475078
153 68 0.0
153 69 9.95018687695e-05
153 70 0.0
153 71 6.21886679809e-06
153 72 0.0
153 73 2.48754671924e-05
153 74 0.0
153 75 0.0
153 76 0.0
153 77 6.21886679809e-06
153 78 0.0
153 79 0.0
153 80 0.0
153 81 0.0
153 82 0.0
153 83 0.0
153 84 0.0
153 85 0.000223879204731
153 86 0.0
153 87 0.000895516818925
153 88 0.0
153 89 0.00159202990031
153 90 0.0
153 91 9.95018687695e-05
153 92 0.0
153 93 0.000752482882569
153 94 0.0
153 95 0.00179725250465
153 96 0.0
153 97 5.59698011828e-05
153 98 0.0
153 99 0.0
153 100 0.0
153 101 6.21886679809e-06
153 102 0.0
153 103 6.21886679809e-06
153 104 0.0
153 105 0.0
153 106 0.0
153 107 0.0
153 108 0.0
153 109 0.000304724473107
153 110 0.0
153 111 0.000155471669952
153 112 0.0
153 113 2.48754671924e-05
153 114 0.0
153 115 0.00453355389581
153 116 0.0
153 117 0.00201491284258
153 118 0.0
153 119 0.000304724473107
153 120 0.0
153 121 0.0
153 122 0.0
153 123 0.0
153 124 0.0
153 125 0.0
153 126 0.0
153 127 0.00201491284258
153 128 0.0
153 129 0.00898004365644
153 130 0.0
153 131 0.0048755915697
153 132 0.0
153 133 0.00718901001859
153 134 6.21886679809e-06
153 135 0.000752482882569
153 136 0.0
153 137 6.21886679809e-06
153 138 0.0
153 139 0.0
153 140 0.0
153 141 0.0
153 142 0.0
153 143 0.0
153 144 0.0
153 145 0.0
153 146 0.0
153 147 0.0
153 148 0.0
153 149 0.0
153 150 0.0
153 151 0.00453355389581
153 152 0.0
153 153 0.00677234594312
153 154 0.0
153 155 0.0195023662788
153 156 0.0
153 157 6.21886679809e-06
153 158 0.0
153 159 0.0
153 160 0.0
153 161 6.21886679809e-06
153 162 0.0
153 163 6.21886679809e-06
153 164 6.21886679809e-06
153 165 2.48754671924e-05
153 166 2.48754671924e-05
153 167 0.000223879204731
153 168 0.0
153 169 0.00300993153028
153 170 0.00328978053619
153 171 0.0956212958875
153 172 0.033140341167
153 173 0.0161752725418
153 174 0.0340545145864
153 175 0.033140341167
153 176 0.033140341167
153 177 0.0349811257393
153 178 0.0340545145864
153 179 0.0340545145864
153 180 0.0340545145864
153 181 0.0340545145864
153 182 0.0340545145864
153 183 0.0340545145864
153 184 0.0340545145864
153 185 0.0340545145864
153 186 0.0340545145864
153 187 0.0340545145864
153 188 0.0340545145864
153 189 0.0340545145864
153 190 0.0340545145864
153 191 0.0340545145864
153 192 0.0340545145864
153 193 0.0340545145864
153 194 0.0340545145864
153 195 0.0340545145864
153 196 0.0340545145864
153 197 0.0340545145864
153 198 0.0340545145864
153 199 0.0340545145864
153 200 0.0340545145864
153 201 0.0340545145864
153 202 0.0340545145864
153 203 0.0340545145864
153 204 0.0340545145864
153 205 0.0340545145864
153 206 0.0340545145864
153 207 0.0340545145864
153 208 0.0340545145864
153 209 0.0340545145864
153 210 0.0340545145864
153 211 0.0340545145864
153 212 0.0340545145864
153 213 0.0340545145864
153 214 0.0340545145864
153 215 0.0340545145864
153 216 0.0340545145864
153 217 0.0340545145864
153 218 0.0340545145864
153 219 0.0340545145864
153 220 0.0340545145864
153 221 0.0340545145864
153 222 0.0340545145864
153 223 0.0340545145864
153 224 0.0340545145864
153 225 0.0340545145864
153 226 0.0340545145864
153 227 0.0340545145864
153 228 0.0340545145864
153 229 0.0340545145864
153 230 0.0340545145864
153 231 0.0340545145864
153 232 0.0340545145864
153 233 0.0340545145864
153 234 0.0340545145864
153 235 0.0340545145864
153 236 0.0340545145864
153 237 0.0340545145864
153 238 0.0340545145864
153 239 0.0340545145864
153 240 0.0340545145864
153 241 0.0340545145864
153 242 0.0340545145864
153 243 0.0340545145864
153 244 0.0340545145864
153 245 0.0340545145864
153 246 0.0340545145864
153 247 0.025472478405
153 248 0.0359201746258
153 249 0.0836810716351
153 250 0.0131591221448
153 251 0.0322386054813
153 252 0.000752482882569
153 253 0.0143282691028
153 254 2.48754671924e-05
153 255 0.000621886679809
153 256 0.0
153 257 0.000155471669952
153 258 0.0
153 259 9.95018687695e-05
153 260 0.0
153 261 0.000895516818925
153 262 0.0
153 263 0.000621886679809
153 264 0.0
153 265 0.025472478405
153 266 0.0
153 267 0.0035820672757
153 268 0.0
153 269 5.59698011828e-05
153 270 0.0
153 271 0.0
153 272 0.0
153 273 0.0
153 274 0.0
153 275 0.0
153 276 0.0
153 277 5.59698011828e-05
153 278 0.0
153 279 2.48754671924e-05
153 280 0.0
153 281 6.21886679809e-06
153 282 0.0
153 283 0.000895516818925
153 284 0.0
153 285 0.00420395395551
153 286 0.0
153 287 0.000895516818925
153 288 0.0
153 289 0.0035820672757
153 290 0.0
153 291 0.000503728210645
153 292 0.0
153 293 9.95018687695e-05
153 294 0.0
153 295 6.21886679809e-06
153 296 0.0
153 297 0.0
153 298 0.0
153 299 6.21886679809e-06
153 300 0.0
153 301 0.000223879204731
153 302 0.0
153 303 0.000155471669952
153 304 0.0
153 305 5.59698011828e-05
153 306 0.0
153 307 0.00453355389581
153 308 0.0
153 309 0.00139924502957
153 310 0.0
153 311 0.000155471669952
153 312 0.0
153 313 0.0
153 314 0.0
153 315 6.21886679809e-06
153 316 0.0
153 317 2.48754671924e-05
153 318 0.0
153 319 6.21886679809e-06
153 320 0.0
153 321 2.48754671924e-05
153 322 0.0
153 323 6.21886679809e-06
153 324 0.0
153 325 0.00139924502957
153 326 0.0
153 327 0.00139924502957
153 328 0.0
153 329 9.95018687695e-05
153 330 0.0
153 331 6.21886679809e-06
153 332 0.0
153 333 2.48754671924e-05
153 334 0.0
153 335 0.0
153 336 0.0
153 337 0.0
153 338 0.0
153 339 0.0
153 340 0.0
153 341 0.000304724473107
153 342 0.0
153 343 0.00139924502957
153 344 0.0
153 345 0.000398007475078
153 346 0.0
153 347 0.000155471669952
153 348 0.0
153 349 0.000752482882569
153 350 0.0
153 351 0.000621886679809
153 352 0.0
153 353 9.95018687695e-05
153 354 0.0
153 355 6.21886679809e-06
153 356 0.0
153 357 6.21886679809e-06
153 358 0.0
153 359 0.0
153 360 0.0
153 361 0.0
153 362 0.0
153 363 2.48754671924e-05
153 364 0.0
153 365 6.21886679809e-06
153 366 0.0
153 367 0.000223879204731
153 368 0.0
153 369 9.95018687695e-05
153 370 0.0
153 371 0.000398007475078
153 372 0.0
153 373 0.000223879204731
153 374 0.0
153 375 2.48754671924e-05
153 376 0.0
153 377 2.48754671924e-05
153 378 0.0
153 379 0.0
153 380 0.0
153 381 5.59698011828e-05
153 382 0.0
153 383 2.48754671924e-05
153 384 0.0
153 385 5.59698011828e-05
153 386 0.0
153 387 2.48754671924e-05
153 388 0.0
153 389 0.0
153 390 0.0
153 391 0.000223879204731
153 392 0.0
153 393 6.21886679809e-06
153 394 0.0
153 395 5.59698011828e-05
153 396 0.0
153 397 9.95018687695e-05
153 398 0.0
153 399 6.21886679809e-06
153 400 0.0
154 0 0.0
154 1 2.48754671924e-05
154 2 0.0
154 3 2.48754671924e-05
154 4 0.0
154 5 0.000155471669952
154 6 0.0
154 7 0.000223879204731
154 8 0.0
154 9 2.48754671924e-05
154 10 0.0
154 11 0.000503728210645
154 12 0.0
154 13 5.59698011828e-05
154 14 0.0
154 15 2.48754671924e-05
154 16 0.0
154 17 0.000155471669952
154 18 0.0
154 19 6.21886679809e-06
154 20 0.0
154 21 2.48754671924e-05
154 22 0.0
154 23 6.21886679809e-06
154 24 0.0
154 25 6.21886679809e-06
154 26 0.0
154 27 6.21886679809e-06
154 28 0.0
154 29 0.000304724473107
154 30 0.0
154 31 9.95018687695e-05
154 32 0.0
154 33 2.48754671924e-05
154 34 0.0
154 35 6.21886679809e-06
154 36 0.0
154 37 0.000621886679809
154 38 0.0
154 39 0.000223879204731
154 40 0.0
154 41 6.21886679809e-06
154 42 0.0
154 43 5.59698011828e-05
154 44 0.0
154 45 0.0
154 46 0.0
154 47 6.21886679809e-06
154 48 0.0
154 49 0.0
154 50 0.0
154 51 0.0
154 52 0.0
154 53 0.0
154 54 0.0
154 55 6.21886679809e-06
154 56 0.0
154 57 6.21886679809e-06
154 58 0.0
154 59 0.000155471669952
154 60 0.0
154 61 0.000895516818925
154 62 0.0
154 63 0.000223879204731
154 64 0.0
154 65 0.000304724473107
154 66 0.0
154 67 0.000398007475078
154 68 0.0
154 69 9.95018687695e-05
154 70 0.0
154 71 6.21886679809e-06
154 72 0.0
154 73 2.48754671924e-05
154 74 0.0
154 75 0.0
154 76 0.0
154 77 6.21886679809e-06
154 78 0.0
154 79 0.0
154 80 0.0
154 81 0.0
154 82 0.0
154 83 0.0
154 84 0.0
154 85 0.000223879204731
154 86 0.0
154 87 0.000895516818925
154 88 0.0
154 89 0.00159202990031
154 90 0.0
154 91 9.95018687695e-05
154 92 0.0
154 93 0.000752482882569
154 94 0.0
154 95 0.00179725250465
154 96 0.0
154 97 5.59698011828e-05
154 98 0.0
154 99 0.0
154 100 0.0
154 101 6.21886679809e-06
154 102 0.0
154 103 6.21886679809e-06
154 104 0.0
154 105 0.0
154 106 0.0
154 107 0.0
154 108 0.0
154 109 0.000304724473107
154 110 0.0
154 111 0.000155471669952
154 112 0.0
154 113 2.48754671924e-05
154 114 0.0
154 115 0.00453355389581
154 116 0.0
154 117 0.00201491284258
154 118 0.0
154 119 0.000304724473107
154 120 0.0
154 121 0.0
154 122 0.0
154 123 0.0
154 124 0.0
154 125 0.0
154 126 0.0
154 127 0.00201491284258
154 128 0.0
154 129 0.00898004365644
154 130 0.0
154 131 0.0048755915697
154 132 0.0
154 133 0.00761811182766
154 134 0.0
154 135 0.000752482882569
154 136 0.0
154 137 6.21886679809e-06
154 138 0.0
154 139 0.0
154 140 0.0
154 141 0.0
154 142 0.0
154 143 0.0
154 144 0.0
154 145 0.0
154 146 0.0
154 147 0.0
154 148 0.0
154 149 0.0
154 150 0.0
154 151 0.00453355389581
154 152 0.0
154 153 0.00677234594312
154 154 0.0
154 155 0.0195023662788
154 156 0.0
154 157 6.21886679809e-06
154 158 0.0
154 159 0.0
154 160 0.0
154 161 6.21886679809e-06
154 162 0.0
154 163 0.0
154 164 0.0
154 165 0.0
154 166 0.0
154 167 0.000223879204731
154 168 0.0
154 169 0.00179725250465
154 170 0.0
154 171 0.0287560400744
154 172 0.0
154 173 0.00559698011828
154 174 0.0
154 175 0.0
154 176 0.0
154 177 0.0
154 178 0.0
154 179 0.0
154 180 0.0
154 181 0.0
154 182 0.0
154 183 0.0
154 184 0.0
154 185 0.0
154 186 0.0
154 187 0.0
154 188 0.0
154 189 0.0
154 190 0.0
154 191 0.0
154 192 0.0
154 193 0.0
154 194 0.0
154 195 0.0
154 196 0.0
154 197 0.0
154 198 0.0
154 199 0.0
154 200 0.0
154 201 0.0
154 202 0.0
154 203 0.0
154 204 0.0
154 205 0.0
154 206 0.0
154 207 0.0
154 208 0.0
154 209 0.0
154 210 0.0
154 211 0.0
154 212 0.0
154 213 0.0
154 214 0.0
154 215 0.0
154 216 0.0
154 217 0.0
154 218 0.0
154 219 0.0
154 220 0.0
154 221 0.0
154 222 0.0
154 223 0.0
154 224 0.0
154 225 0.0
154 226 0.0
154 227 0.0
154 228 0.0
154 229 0.0
154 230 0.0
154 231 0.0
154 232 0.0
154 233 0.0
154 234 0.0
154 235 0.0
154 236 0.0
154 237 0.0
154 238 0.0
154 239 0.0
154 240 0.0
154 241 0.0
154 242 0.0
154 243 0.0
154 244 0.0
154 245 0.0
154 246 0.0
154 247 0.00121889789243
154 248 0.0
154 249 0.020205098227
154 250 0.0
154 251 0.080820392908
154 252 0.0
154 253 0.013737476757
154 254 0.0
154 255 0.000398007475078
154 256 0.0
154 257 9.95018687695e-05
154 258 0.0
154 259 9.95018687695e-05
154 260 0.0
154 261 0.000895516818925
154 262 0.0
154 263 0.000621886679809
154 264 0.0
154 265 0.025472478405
154 266 0.0
154 267 0.0035820672757
154 268 0.0
154 269 5.59698011828e-05
154 270 0.0
154 271 0.0
154 272 0.0
154 273 0.0
154 274 0.0
154 275 0.0
154 276 0.0
154 277 5.59698011828e-05
154 278 0.0
154 279 2.48754671924e-05
154 280 0.0
154 281 6.21886679809e-06
154 282 0.0
154 283 0.000895516818925
154 284 0.0
154 285 0.00420395395551
154 286 0.0
154 287 0.000895516818925
154 288 0.0
154 289 0.0035820672757
154 290 0.0
154 291 0.000503728210645
154 292 0.0
154 293 9.95018687695e-05
154 294 0.0
154 295 6.21886679809e-06
154 296 0.0
154 297 0.0
154 298 0.0
154 299 6.21886679809e-06
154 300 0.0
154 301 0.000223879204731
154 302 0.0
154 303 0.000155471669952
154 304 0.0
154 305 5.59698011828e-05
154 306 0.0
154 307 0.00453355389581
154 308 0.0
154 309 0.00139924502957
154 310 0.0
154 311 0.000155471669952
154 312 0.0
154 313 0.0
154 314 0.0
154 315 6.21886679809e-06
154 316 0.0
154 317 2.48754671924e-05
154 318 0.0
154 319 6.21886679809e-06
154 320 0.0
154 321 2.48754671924e-05
154 322 0.0
154 323 6.21886679809e-06
154 324 0.0
154 325 0.00139924502957
154 326 0.0
154 327 0.00139924502957
154 328 0.0
154 329 9.95018687695e-05
154 330 0.0
154 331 6.21886679809e-06
154 332 0.0
154 333 2.48754671924e-05
154 334 0.0
154 335 0.0
154 336 0.0
154 337 0.0
154 338 0.0
154 339 0.0
154 340 0.0
154 341 0.000304724473107
154 342 0.0
154 343 0.00139924502957
154 344 0.0
154 345 0.000398007475078
154 346 0.0
154 347 0.000155471669952
154 348 0.0
154 349 0.000752482882569
154 350 0.0
154 351 0.000621886679809
154 352 0.0
154 353 9.95018687695e-05
154 354 0.0
154 355 6.21886679809e-06
154 356 0.0
154 357 6.21886679809e-06
154 358 0.0
154 359 0.0
154 360 0.0
154 361 0.0
154 362 0.0
154 363 2.48754671924e-05
154 364 0.0
154 365 6.21886679809e-06
154 366 0.0
154 367 0.000223879204731
154 368 0.0
154 369 9.95018687695e-05
154 370 0.0
154 371 0.000398007475078
154 372 0.0
154 373 0.000223879204731
154 374 0.0
154 375 2.48754671924e-05
154 376 0.0
154 377 2.48754671924e-05
154 378 0.0
154 379 0.0
154 380 0.0
154 381 5.59698011828e-05
154 382 0.0
154 383 2.48754671924e-05
154 384 0.0
154 385 5.59698011828e-05
154 386 0.0
154 387 2.48754671924e-05
154 388 0.0
154 389 0.0
154 390 0.0
154 391 0.000223879204731
154 392 0.0
154 393 6.21886679809e-06
154 394 0.0
154 395 5.59698011828e-05
154 396 0.0
154 397 9.95018687695e-05
154 398 0.0
154 399 6.21886679809e-06
154 400 0.0
155 0 0.0
155 1 2.48754671924e-05
155 2 0.0
155 3 2.48754671924e-05
155 4 0.0
155 5 0.000155471669952
155 6 0.0
155 7 0.000223879204731
155 8 0.0
155 9 2.48754671924e-05
155 10 0.0
155 11 0.000503728210645
155 12 0.0
155 13 5.59698011828e-05
155 14 0.0
155 15 2.48754671924e-05
155 16 0.0
155 17 0.000155471669952
155 18 0.0
155 19 6.21886679809e-06
155 20 0.0
155 21 2.48754671924e-05
155 22 0.0
155 23 6.21886679809e-06
155 24 0.0
155 25 6.21886679809e-06
155 26 0.0
155 27 6.21886679809e-06
155 28 0.0
155 29 0.000304724473107
155 30 0.0
155 31 9.95018687695e-05
155 32 0.0
155 33 2.48754671924e-05
155 34 0.0
155 35 6.21886679809e-06
155 36 0.0
155 37 0.000621886679809
155 38 0.0
155 39 0.000223879204731
155 40 0.0
155 41 6.21886679809e-06
155 42 0.0
155 43 5.59698011828e-05
155 44 0.0
155 45 0.0
155 46 0.0
155 47 6.21886679809e-06
155 48 0.0
155 49 0.0
155 50 0.0
155 51 0.0
155 52 0.0
155 53 0.0
155 54 0.0
155 55 6.21886679809e-06
155 56 0.0
155 57 6.21886679809e-06
155 58 0.0
155 59 0.000155471669952
155 60 0.0
155 61 0.000895516818925
155 62 0.0
155 63 0.000223879204731
155 64 0.0
155 65 0.000304724473107
155 66 0.0
155 67 0.000398007475078
155 68 0.0
155 69 9.95018687695e-05
155 70 0.0
155 71 6.21886679809e-06
155 72 0.0
155 73 2.48754671924e-05
155 74 0.0
155 75 0.0
155 76 0.0
155 77 6.21886679809e-06
155 78 0.0
155 79 0.0
155 80 0.0
155 81 0.0
155 82 0.0
155 83 0.0
155 84 0.0
155 85 0.000223879204731
155 86 0.0
155 87 0.000895516818925
155 88 0.0
155 89 0.00159202990031
155 90 0.0
155 91 9.95018687695e-05
155 92 0.0
155 93 0.000752482882569
155 94 0.0
155 95 0.00179725250465
155 96 0.0
155 97 5.59698011828e-05
155 98 0.0
155 99 0.0
155 100 0.0
155 101 6.21886679809e-06
155 102 0.0
155 103 6.21886679809e-06
155 104 0.0
155 105 0.0
155 106 0.0
155 107 0.0
155 108 0.0
155 109 0.000304724473107
155 110 0.0
155 111 0.000155471669952
155 112 0.0
155 113 2.48754671924e-05
155 114 0.0
155 115 0.00453355389581
155 116 0.0
155 117 0.00201491284258
155 118 0.0
155 119 0.000304724473107
155 120 0.0
155 121 0.0
155 122 0.0
155 123 0.0
155 124 0.0
155 125 0.0
155 126 0.0
155 127 0.00201491284258
155 128 0.0
155 129 0.00898004365644
155 130 0.0
155 131 0.0048755915697
155 132 0.0
155 133 0.00761811182766
155 134 6.21886679809e-06
155 135 0.000752482882569
155 136 0.0
155 137 6.21886679809e-06
155 138 0.0
155 139 0.0
155 140 0.0
155 141 0.0
155 142 0.0
155 143 0.0
155 144 0.0
155 145 0.0
155 146 0.0
155 147 0.0
155 148 0.0
155 149 0.0
155 150 0.0
155 151 0.00453355389581
155 152 0.0
155 153 0.00677234594312
155 154 0.0
155 155 0.0195023662788
155 156 0.0
155 157 6.21886679809e-06
155 158 0.0
155 159 0.0
155 160 0.0
155 161 6.21886679809e-06
155 162 0.0
155 163 0.0
155 164 6.21886679809e-06
155 165 6.21886679809e-06
155 166 6.21886679809e-06
155 167 0.000398007475078
155 168 6.21886679809e-06
155 169 0.00121889789243
155 170 0.00121889789243
155 171 0.0143282691028
155 172 0.00201491284258
155 173 0.0181342155832
155 174 0.00274252025796
155 175 0.00300993153028
155 176 0.00300993153028
155 177 0.00274252025796
155 178 0.00300993153028
155 179 0.00300993153028
155 180 0.00300993153028
155 181 0.00300993153028
155 182 0.00300993153028
155 183 0.00300993153028
155 184 0.00300993153028
155 185 0.00300993153028
155 186 0.00300993153028
155 187 0.00300993153028
155 188 0.00300993153028
155 189 0.00300993153028
155 190 0.00300993153028
155 191 0.00300993153028
155 192 0.00300993153028
155 193 0.00300993153028
155 194 0.00300993153028
155 195 0.00300993153028
155 196 0.00300993153028
155 197 0.00300993153028
155 198 0.00300993153028
155 199 0.00300993153028
155 200 0.00300993153028
155 201 0.00300993153028
155 202 0.00300993153028
155 203 0.00300993153028
155 204 0.00300993153028
155 205 0.00300993153028
155 206 0.00300993153028
155 207 0.00300993153028
155 208 0.00300993153028
155 209 0.00300993153028
155 210 0.00300993153028
155 211 0.00300993153028
155 212 0.00300993153028
155 213 0.00300993153028
155 214 0.00300993153028
155 215 0.00300993153028
155 216 0.00300993153028
155 217 0.00300993153028
155 218 0.00300993153028
155 219 0.00300993153028
155 220 0.00300993153028
155 221 0.00300993153028
155 222 0.00300993153028
155 223 0.00300993153028
155 224 0.00300993153028
155 225 0.00300993153028
155 226 0.00300993153028
155 227 0.00300993153028
155 228 0.00300993153028
155 229 0.00300993153028
155 230 0.00300993153028
155 231 0.00300993153028
155 232 0.00300993153028
155 233 0.00300993153028
155 234 0.00300993153028
155 235 0.00274252025796
155 236 0.00300993153028
155 237 0.00300993153028
155 238 0.00300993153028
155 239 0.00274252025796
155 240 0.00274252025796
155 241 0.00274252025796
155 242 0.00300993153028
155 243 0.00300993153028
155 244 0.00300993153028
155 245 0.00274252025796
155 246 0.00300993153028
155 247 0.00851362864659
155 248 0.00300993153028
155 249 0.00851362864659
155 250 0.00328978053619
155 251 0.0987307292865
155 252 0.0
155 253 0.0149314991822
155 254 9.95018687695e-05
155 255 0.000223879204731
155 256 6.21886679809e-06
155 257 9.95018687695e-05
155 258 0.0
155 259 9.95018687695e-05
155 260 0.0
155 261 0.000895516818925
155 262 0.0
155 263 0.000621886679809
155 264 0.0
155 265 0.025472478405
155 266 0.0
155 267 0.0035820672757
155 268 0.0
155 269 5.59698011828e-05
155 270 0.0
155 271 0.0
155 272 0.0
155 273 0.0
155 274 0.0
155 275 0.0
155 276 0.0
155 277 5.59698011828e-05
155 278 0.0
155 279 2.48754671924e-05
155 280 0.0
155 281 6.21886679809e-06
155 282 0.0
155 283 0.000895516818925
155 284 0.0
155 285 0.00420395395551
155 286 0.0
155 287 0.000752482882569
155 288 6.21886679809e-06
155 289 0.00388679174881
155 290 0.0
155 291 0.000621886679809
155 292 0.0
155 293 9.95018687695e-05
155 294 0.0
155 295 6.21886679809e-06
155 296 0.0
155 297 0.0
155 298 0.0
155 299 6.21886679809e-06
155 300 0.0
155 301 0.000223879204731
155 302 0.0
155 303 0.000155471669952
155 304 0.0
155 305 5.59698011828e-05
155 306 0.0
155 307 0.00453355389581
155 308 0.0
155 309 0.00139924502957
155 310 0.0
155 311 0.000155471669952
155 312 0.0
155 313 0.0
155 314 0.0
155 315 6.21886679809e-06
155 316 0.0
155 317 2.48754671924e-05
155 318 0.0
155 319 6.21886679809e-06
155 320 0.0
155 321 2.48754671924e-05
155 322 0.0
155 323 6.21886679809e-06
155 324 0.0
155 325 0.00139924502957
155 326 0.0
155 327 0.00139924502957
155 328 0.0
155 329 9.95018687695e-05
155 330 0.0
155 331 6.21886679809e-06
155 332 0.0
155 333 2.48754671924e-05
155 334 0.0
155 335 0.0
155 336 0.0
155 337 0.0
155 338 0.0
155 339 0.0
155 340 0.0
155 341 0.000304724473107
155 342 0.0
155 343 0.00139924502957
155 344 0.0
155 345 0.000398007475078
155 346 0.0
155 347 0.000155471669952
155 348 0.0
155 349 0.000621886679809
155 350 6.21886679809e-06
155 351 0.000752482882569
155 352 0.0
155 353 0.000155471669952
155 354 0.0
155 355 0.0
155 356 0.0
155 357 2.48754671924e-05
155 358 0.0
155 359 0.0
155 360 0.0
155 361 0.0
155 362 0.0
155 363 2.48754671924e-05
155 364 0.0
155 365 6.21886679809e-06
155 366 0.0
155 367 0.000223879204731
155 368 0.0
155 369 9.95018687695e-05
155 370 0.0
155 371 0.000304724473107
155 372 0.0
155 373 0.000155471669952
155 374 0.0
155 375 2.48754671924e-05
155 376 0.0
155 377 2.48754671924e-05
155 378 0.0
155 379 0.0
155 380 6.21886679809e-06
155 381 2.48754671924e-05
155 382 6.21886679809e-06
155 383 5.59698011828e-05
155 384 6.21886679809e-06
155 385 2.48754671924e-05
155 386 0.0
155 387 2.48754671924e-05
155 388 0.0
155 389 0.0
155 390 0.0
155 391 0.000223879204731
155 392 0.0
155 393 6.21886679809e-06
155 394 0.0
155 395 5.59698011828e-05
155 396 6.21886679809e-06
155 397 9.95018687695e-05
155 398 0.0
155 399 6.21886679809e-06
155 400 0.0
156 0 0.0
156 1 2.48754671924e-05
156 2 0.0
156 3 2.48754671924e-05
156 4 0.0
156 5 0.000155471669952
156 6 0.0
156 7 0.000223879204731
156 8 0.0
156 9 2.48754671924e-05
156 10 0.0
156 11 0.000503728210645
156 12 0.0
156 13 5.59698011828e-05
156 14 0.0
156 15 2.48754671924e-05
156 16 0.0
156 17 0.000155471669952
156 18 0.0
156 19 0.0
156 20 0.0
156 21 6.21886679809e-06
156 22 0.0
156 23 0.0
156 24 0.0
156 25 6.21886679809e-06
156 26 0.0
156 27 6.21886679809e-06
156 28 0.0
156 29 0.000304724473107
156 30 0.0
156 31 9.95018687695e-05
156 32 0.0
156 33 2.48754671924e-05
156 34 0.0
156 35 6.21886679809e-06
156 36 0.0
156 37 0.000621886679809
156 38 0.0
156 39 0.000304724473107
156 40 0.0
156 41 0.0
156 42 0.0
156 43 2.48754671924e-05
156 44 0.0
156 45 0.0
156 46 0.0
156 47 6.21886679809e-06
156 48 0.0
156 49 0.0
156 50 0.0
156 51 0.0
156 52 0.0
156 53 0.0
156 54 0.0
156 55 6.21886679809e-06
156 56 0.0
156 57 6.21886679809e-06
156 58 0.0
156 59 0.000155471669952
156 60 0.0
156 61 0.000895516818925
156 62 0.0
156 63 0.000223879204731
156 64 0.0
156 65 0.000304724473107
156 66 0.0
156 67 0.000398007475078
156 68 0.0
156 69 9.95018687695e-05
156 70 0.0
156 71 6.21886679809e-06
156 72 0.0
156 73 2.48754671924e-05
156 74 0.0
156 75 0.0
156 76 0.0
156 77 6.21886679809e-06
156 78 0.0
156 79 0.0
156 80 0.0
156 81 0.0
156 82 0.0
156 83 0.0
156 84 0.0
156 85 0.000155471669952
156 86 0.0
156 87 0.000752482882569
156 88 0.0
156 89 0.00159202990031
156 90 0.0
156 91 9.95018687695e-05
156 92 0.0
156 93 0.000752482882569
156 94 0.0
156 95 0.00179725250465
156 96 0.0
156 97 5.59698011828e-05
156 98 0.0
156 99 0.0
156 100 0.0
156 101 6.21886679809e-06
156 102 0.0
156 103 6.21886679809e-06
156 104 0.0
156 105 0.0
156 106 0.0
156 107 0.0
156 108 0.0
156 109 0.000304724473107
156 110 0.0
156 111 0.000155471669952
156 112 0.0
156 113 2.48754671924e-05
156 114 0.0
156 115 0.00453355389581
156 116 0.0
156 117 0.00201491284258
156 118 0.0
156 119 0.000304724473107
156 120 0.0
156 121 0.0
156 122 0.0
156 123 0.0
156 124 0.0
156 125 0.0
156 126 0.0
156 127 0.00201491284258
156 128 0.0
156 129 0.00898004365644
156 130 0.0
156 131 0.0048755915697
156 132 0.0
156 133 0.00761811182766
156 134 0.0
156 135 0.000752482882569
156 136 0.0
156 137 6.21886679809e-06
156 138 0.0
156 139 0.0
156 140 0.0
156 141 0.0
156 142 0.0
156 143 0.0
156 144 0.0
156 145 0.0
156 146 0.0
156 147 0.0
156 148 0.0
156 149 0.0
156 150 0.0
156 151 0.00453355389581
156 152 0.0
156 153 0.00677234594312
156 154 0.0
156 155 0.0195023662788
156 156 0.0
156 157 6.21886679809e-06
156 158 0.0
156 159 0.0
156 160 0.0
156 161 6.21886679809e-06
156 162 0.0
156 163 6.21886679809e-06
156 164 0.0
156 165 0.0
156 166 0.0
156 167 0.000398007475078
156 168 0.0
156 169 0.00224501091411
156 170 0.0
156 171 0.0223879204731
156 172 0.0
156 173 0.00677234594312
156 174 0.0
156 175 0.0
156 176 0.0
156 177 6.21886679809e-06
156 178 0.0
156 179 0.0
156 180 0.0
156 181 0.0
156 182 0.0
156 183 0.0
156 184 0.0
156 185 0.0
156 186 0.0
156 187 0.0
156 188 0.0
156 189 0.0
156 190 0.0
156 191 0.0
156 192 0.0
156 193 0.0
156 194 0.0
156 195 0.0
156 196 0.0
156 197 0.0
156 198 0.0
156 199 0.0
156 200 0.0
156 201 0.0
156 202 0.0
156 203 0.0
156 204 0.0
156 205 0.0
156 206 0.0
156 207 0.0
156 208 0.0
156 209 0.0
156 210 0.0
156 211 0.0
156 212 0.0
156 213 0.0
156 214 0.0
156 215 0.0
156 216 0.0
156 217 0.0
156 218 0.0
156 219 0.0
156 220 0.0
156 221 0.0
156 222 0.0
156 223 0.0
156 224 0.0
156 225 0.0
156 226 0.0
156 227 0.0
156 228 0.0
156 229 0.0
156 230 0.0
156 231 0.0
156 232 0.0
156 233 0.0
156 234 0.0
156 235 6.21886679809e-06
156 236 0.0
156 237 6.21886679809e-06
156 238 0.0
156 239 6.21886679809e-06
156 240 0.0
156 241 6.21886679809e-06
156 242 0.0
156 243 0.0
156 244 0.0
156 245 6.21886679809e-06
156 246 0.0
156 247 0.00139924502957
156 248 0.0
156 249 0.0223879204731
156 250 0.0
156 251 0.0752482882569
156 252 0.0
156 253 0.013737476757
156 254 0.0
156 255 0.000223879204731
156 256 0.0
156 257 9.95018687695e-05
156 258 0.0
156 259 9.95018687695e-05
156 260 0.0
156 261 0.000895516818925
156 262 0.0
156 263 0.000621886679809
156 264 0.0
156 265 0.025472478405
156 266 0.0
156 267 0.0035820672757
156 268 0.0
156 269 5.59698011828e-05
156 270 0.0
156 271 0.0
156 272 0.0
156 273 0.0
156 274 0.0
156 275 0.0
156 276 0.0
156 277 5.59698011828e-05
156 278 0.0
156 279 2.48754671924e-05
156 280 0.0
156 281 6.21886679809e-06
156 282 0.0
156 283 0.000895516818925
156 284 0.0
156 285 0.00420395395551
156 286 0.0
156 287 0.000752482882569
156 288 0.0
156 289 0.00388679174881
156 290 0.0
156 291 0.000621886679809
156 292 0.0
156 293 9.95018687695e-05
156 294 0.0
156 295 6.21886679809e-06
156 296 0.0
156 297 0.0
156 298 0.0
156 299 6.21886679809e-06
156 300 0.0
156 301 0.000223879204731
156 302 0.0
156 303 9.95018687695e-05
156 304 0.0
156 305 5.59698011828e-05
156 306 0.0
156 307 0.00453355389581
156 308 0.0
156 309 0.00139924502957
156 310 0.0
156 311 0.000155471669952
156 312 0.0
156 313 0.0
156 314 0.0
156 315 6.21886679809e-06
156 316 0.0
156 317 2.48754671924e-05
156 318 0.0
156 319 6.21886679809e-06
156 320 0.0
156 321 2.48754671924e-05
156 322 0.0
156 323 6.21886679809e-06
156 324 0.0
156 325 0.00139924502957
156 326 0.0
156 327 0.00139924502957
156 328 0.0
156 329 9.95018687695e-05
156 330 0.0
156 331 6.21886679809e-06
156 332 0.0
156 333 2.48754671924e-05
156 334 0.0
156 335 0.0
156 336 0.0
156 337 0.0
156 338 0.0
156 339 0.0
156 340 0.0
156 341 0.000304724473107
156 342 0.0
156 343 0.00139924502957
156 344 0.0
156 345 0.000398007475078
156 346 0.0
156 347 0.000155471669952
156 348 0.0
156 349 0.000752482882569
156 350 0.0
156 351 0.000752482882569
156 352 0.0
156 353 0.000155471669952
156 354 0.0
156 355 0.0
156 356 0.0
156 357 6.21886679809e-06
156 358 0.0
156 359 0.0
156 360 0.0
156 361 0.0
156 362 0.0
156 363 2.48754671924e-05
156 364 0.0
156 365 6.21886679809e-06
156 366 0.0
156 367 0.000223879204731
156 368 0.0
156 369 9.95018687695e-05
156 370 0.0
156 371 0.000398007475078
156 372 0.0
156 373 0.000223879204731
156 374 0.0
156 375 2.48754671924e-05
156 376 0.0
156 377 6.21886679809e-06
156 378 0.0
156 379 0.0
156 380 0.0
156 381 2.48754671924e-05
156 382 0.0
156 383 5.59698011828e-05
156 384 0.0
156 385 2.48754671924e-05
156 386 0.0
156 387 2.48754671924e-05
156 388 0.0
156 389 0.0
156 390 0.0
156 391 0.000223879204731
156 392 0.0
156 393 6.21886679809e-06
156 394 0.0
156 395 9.95018687695e-05
156 396 0.0
156 397 9.95018687695e-05
156 398 0.0
156 399 6.21886679809e-06
156 400 0.0
157 0 0.0
157 1 2.48754671924e-05
157 2 0.0
157 3 2.48754671924e-05
157 4 0.0
157 5 0.000155471669952
157 6 0.0
157 7 0.000304724473107
157 8 6.21886679809e-06
157 9 5.59698011828e-05
157 10 0.0
157 11 0.000398007475078
157 12 6.21886679809e-06
157 13 2.48754671924e-05
157 14 6.21886679809e-06
157 15 9.95018687695e-05
157 16 0.0
157 17 9.95018687695e-05
157 18 0.0
157 19 6.21886679809e-06
157 20 0.0
157 21 6.21886679809e-06
157 22 0.0
157 23 0.0
157 24 0.0
157 25 6.21886679809e-06
157 26 0.0
157 27 6.21886679809e-06
157 28 0.0
157 29 0.000304724473107
157 30 0.0
157 31 9.95018687695e-05
157 32 0.0
157 33 2.48754671924e-05
157 34 0.0
157 35 0.0
157 36 6.21886679809e-06
157 37 0.000503728210645
157 38 6.21886679809e-06
157 39 0.000398007475078
157 40 6.21886679809e-06
157 41 6.21886679809e-06
157 42 6.21886679809e-06
157 43 2.48754671924e-05
157 44 0.0
157 45 0.0
157 46 0.0
157 47 6.21886679809e-06
157 48 0.0
157 49 0.0
157 50 0.0
157 51 0.0
157 52 0.0
157 53 0.0
157 54 0.0
157 55 6.21886679809e-06
157 56 0.0
157 57 6.21886679809e-06
157 58 0.0
157 59 0.000155471669952
157 60 0.0
157 61 0.000895516818925
157 62 0.0
157 63 0.000223879204731
157 64 0.0
157 65 0.000304724473107
157 66 0.0
157 67 0.000398007475078
157 68 0.0
157 69 9.95018687695e-05
157 70 0.0
157 71 6.21886679809e-06
157 72 0.0
157 73 2.48754671924e-05
157 74 0.0
157 75 0.0
157 76 0.0
157 77 6.21886679809e-06
157 78 0.0
157 79 0.0
157 80 0.0
157 81 0.0
157 82 0.0
157 83 0.0
157 84 0.0
157 85 0.000223879204731
157 86 6.21886679809e-06
157 87 0.000752482882569
157 88 0.0
157 89 0.00179725250465
157 90 0.0
157 91 9.95018687695e-05
157 92 0.0
157 93 0.000752482882569
157 94 0.0
157 95 0.00179725250465
157 96 0.0
157 97 5.59698011828e-05
157 98 0.0
157 99 0.0
157 100 0.0
157 101 6.21886679809e-06
157 102 0.0
157 103 6.21886679809e-06
157 104 0.0
157 105 0.0
157 106 0.0
157 107 0.0
157 108 0.0
157 109 0.000304724473107
157 110 0.0
157 111 0.000155471669952
157 112 0.0
157 113 2.48754671924e-05
157 114 0.0
157 115 0.00453355389581
157 116 0.0
157 117 0.00201491284258
157 118 0.0
157 119 0.000304724473107
157 120 0.0
157 121 0.0
157 122 0.0
157 123 0.0
157 124 0.0
157 125 0.0
157 126 0.0
157 127 0.00201491284258
157 128 6.21886679809e-06
157 129 0.0094588963999
157 130 0.0
157 131 0.0048755915697
157 132 0.0
157 133 0.00761811182766
157 134 0.0
157 135 0.000752482882569
157 136 0.0
157 137 6.21886679809e-06
157 138 0.0
157 139 0.0
157 140 0.0
157 141 0.0
157 142 0.0
157 143 0.0
157 144 0.0
157 145 0.0
157 146 0.0
157 147 0.0
157 148 0.0
157 149 0.0
157 150 0.0
157 151 0.00453355389581
157 152 0.0
157 153 0.00677234594312
157 154 0.0
157 155 0.0195023662788
157 156 0.0
157 157 6.21886679809e-06
157 158 0.0
157 159 0.0
157 160 0.0
157 161 6.21886679809e-06
157 162 0.0
157 163 2.48754671924e-05
157 164 2.48754671924e-05
157 165 2.48754671924e-05
157 166 6.21886679809e-06
157 167 0.000304724473107
157 168 5.59698011828e-05
157 169 0.00201491284258
157 170 5.59698011828e-05
157 171 0.0209202679088
157 172 0.0
157 173 0.00677234594312
157 174 6.21886679809e-06
157 175 2.48754671924e-05
157 176 6.21886679809e-06
157 177 2.48754671924e-05
157 178 6.21886679809e-06
157 179 6.21886679809e-06
157 180 6.21886679809e-06
157 181 9.95018687695e-05
157 182 5.59698011828e-05
157 183 6.21886679809e-06
157 184 0.000155471669952
157 185 0.000155471669952
157 186 0.000155471669952
157 187 0.000155471669952
157 188 0.000155471669952
157 189 0.000155471669952
157 190 0.000155471669952
157 191 0.000155471669952
157 192 0.000155471669952
157 193 0.000155471669952
157 194 0.000155471669952
157 195 0.000155471669952
157 196 0.000155471669952
157 197 0.000155471669952
157 198 0.000155471669952
157 199 0.000155471669952
157 200 0.000155471669952
157 201 0.000155471669952
157 202 0.000155471669952
157 203 0.000155471669952
157 204 0.000155471669952
157 205 0.000155471669952
157 206 0.000155471669952
157 207 0.000155471669952
157 208 0.000155471669952
157 209 0.000155471669952
157 210 0.000155471669952
157 211 0.000155471669952
157 212 0.000155471669952
157 213 0.000155471669952
157 214 0.000155471669952
157 215 0.000155471669952
157 216 0.000155471669952
157 217 0.000155471669952
157 218 0.000155471669952
157 219 0.000155471669952
157 220 0.000155471669952
157 221 0.000155471669952
157 222 0.000155471669952
157 223 0.000155471669952
157 224 0.000155471669952
157 225 0.000155471669952
157 226 0.000155471669952
157 227 0.000155471669952
157 228 0.000155471669952
157 229 0.000155471669952
157 230 0.000155471669952
157 231 0.000155471669952
157 232 0.000155471669952
157 233 0.000155471669952
157 234 0.000155471669952
157 235 0.000223879204731
157 236 0.000223879204731
157 237 0.000503728210645
157 238 0.000155471669952
157 239 0.000304724473107
157 240 0.000752482882569
157 241 0.000155471669952
157 242 5.59698011828e-05
157 243 0.0
157 244 5.59698011828e-05
157 245 2.48754671924e-05
157 246 6.21886679809e-06
157 247 0.00159202990031
157 248 0.0
157 249 0.0231404033557
157 250 6.21886679809e-06
157 251 0.0752482882569
157 252 6.21886679809e-06
157 253 0.0149314991822
157 254 0.0
157 255 0.000223879204731
157 256 6.21886679809e-06
157 257 9.95018687695e-05
157 258 0.0
157 259 9.95018687695e-05
157 260 0.0
157 261 0.000895516818925
157 262 0.0
157 263 0.000621886679809
157 264 0.0
157 265 0.025472478405
157 266 0.0
157 267 0.0035820672757
157 268 0.0
157 269 5.59698011828e-05
157 270 0.0
157 271 0.0
157 272 0.0
157 273 0.0
157 274 0.0
157 275 0.0
157 276 0.0
157 277 5.59698011828e-05
157 278 0.0
157 279 2.48754671924e-05
157 280 0.0
157 281 6.21886679809e-06
157 282 0.0
157 283 0.000895516818925
157 284 0.0
157 285 0.00388679174881
157 286 0.0
157 287 0.000752482882569
157 288 0.0
157 289 0.0035820672757
157 290 0.0
157 291 0.000621886679809
157 292 6.21886679809e-06
157 293 9.95018687695e-05
157 294 0.0
157 295 6.21886679809e-06
157 296 0.0
157 297 0.0
157 298 0.0
157 299 6.21886679809e-06
157 300 0.0
157 301 9.95018687695e-05
157 302 6.21886679809e-06
157 303 9.95018687695e-05
157 304 0.0
157 305 2.48754671924e-05
157 306 6.21886679809e-06
157 307 0.00453355389581
157 308 0.0
157 309 0.00139924502957
157 310 0.0
157 311 0.000155471669952
157 312 0.0
157 313 0.0
157 314 0.0
157 315 6.21886679809e-06
157 316 0.0
157 317 2.48754671924e-05
157 318 0.0
157 319 6.21886679809e-06
157 320 0.0
157 321 2.48754671924e-05
157 322 0.0
157 323 6.21886679809e-06
157 324 0.0
157 325 0.00139924502957
157 326 0.0
157 327 0.00139924502957
157 328 0.0
157 329 9.95018687695e-05
157 330 0.0
157 331 6.21886679809e-06
157 332 0.0
157 333 2.48754671924e-05
157 334 0.0
157 335 0.0
157 336 0.0
157 337 0.0
157 338 0.0
157 339 0.0
157 340 0.0
157 341 0.000304724473107
157 342 0.0
157 343 0.00139924502957
157 344 0.0
157 345 0.000398007475078
157 346 0.0
157 347 0.000155471669952
157 348 6.21886679809e-06
157 349 0.000752482882569
157 350 0.0
157 351 0.000621886679809
157 352 0.0
157 353 0.000155471669952
157 354 0.0
157 355 6.21886679809e-06
157 356 6.21886679809e-06
157 357 6.21886679809e-06
157 358 0.0
157 359 0.0
157 360 0.0
157 361 0.0
157 362 0.0
157 363 2.48754671924e-05
157 364 0.0
157 365 6.21886679809e-06
157 366 0.0
157 367 0.000304724473107
157 368 0.0
157 369 9.95018687695e-05
157 370 0.0
157 371 0.000304724473107
157 372 2.48754671924e-05
157 373 0.000155471669952
157 374 6.21886679809e-06
157 375 0.000155471669952
157 376 6.21886679809e-06
157 377 2.48754671924e-05
157 378 0.0
157 379 6.21886679809e-06
157 380 0.0
157 381 9.95018687695e-05
157 382 6.21886679809e-06
157 383 2.48754671924e-05
157 384 6.21886679809e-06
157 385 2.48754671924e-05
157 386 0.0
157 387 2.48754671924e-05
157 388 0.0
157 389 0.0
157 390 0.0
157 391 9.95018687695e-05
157 392 0.0
157 393 2.48754671924e-05
157 394 6.21886679809e-06
157 395 0.000155471669952
157 396 6.21886679809e-06
157 397 5.59698011828e-05
157 398 0.0
157 399 6.21886679809e-06
157 400 0.0
158 0 0.0
158 1 2.48754671924e-05
158 2 0.0
158 3 2.48754671924e-05
158 4 0.0
158 5 0.000155471669952
158 6 0.0
158 7 0.000304724473107
158 8 0.0
158 9 2.48754671924e-05
158 10 0.0
158 11 0.000398007475078
158 12 0.0
158 13 5.59698011828e-05
158 14 0.0
158 15 5.59698011828e-05
158 16 0.0
158 17 9.95018687695e-05
158 18 0.0
158 19 6.21886679809e-06
158 20 0.0
158 21 6.21886679809e-06
158 22 0.0
158 23 0.0
158 24 0.0
158 25 6.21886679809e-06
158 26 0.0
158 27 6.21886679809e-06
158 28 0.0
158 29 0.000304724473107
158 30 0.0
158 31 9.95018687695e-05
158 32 0.0
158 33 2.48754671924e-05
158 34 0.0
158 35 0.0
158 36 0.0
158 37 0.000621886679809
158 38 0.0
158 39 0.000304724473107
158 40 0.0
158 41 0.0
158 42 0.0
158 43 2.48754671924e-05
158 44 0.0
158 45 0.0
158 46 0.0
158 47 6.21886679809e-06
158 48 0.0
158 49 0.0
158 50 0.0
158 51 0.0
158 52 0.0
158 53 0.0
158 54 0.0
158 55 6.21886679809e-06
158 56 0.0
158 57 6.21886679809e-06
158 58 0.0
158 59 0.000155471669952
158 60 0.0
158 61 0.000895516818925
158 62 0.0
158 63 0.000223879204731
158 64 0.0
158 65 0.000304724473107
158 66 0.0
158 67 0.000398007475078
158 68 0.0
158 69 9.95018687695e-05
158 70 0.0
158 71 6.21886679809e-06
158 72 0.0
158 73 2.48754671924e-05
158 74 0.0
158 75 0.0
158 76 0.0
158 77 6.21886679809e-06
158 78 0.0
158 79 0.0
158 80 0.0
158 81 0.0
158 82 0.0
158 83 0.0
158 84 0.0
158 85 0.000304724473107
158 86 0.0
158 87 0.000621886679809
158 88 0.0
158 89 0.00179725250465
158 90 0.0
158 91 9.95018687695e-05
158 92 0.0
158 93 0.000752482882569
158 94 0.0
158 95 0.00179725250465
158 96 0.0
158 97 5.59698011828e-05
158 98 0.0
158 99 0.0
158 100 0.0
158 101 6.21886679809e-06
158 102 0.0
158 103 6.21886679809e-06
158 104 0.0
158 105 0.0
158 106 0.0
158 107 0.0
158 108 0.0
158 109 0.000304724473107
158 110 0.0
158 111 0.000155471669952
158 112 0.0
158 113 2.48754671924e-05
158 114 0.0
158 115 0.00453355389581
158 116 0.0
158 117 0.00201491284258
158 118 0.0
158 119 0.000304724473107
158 120 0.0
158 121 0.0
158 122 0.0
158 123 0.0
158 124 0.0
158 125 0.0
158 126 0.0
158 127 0.00201491284258
158 128 0.0
158 129 0.00898004365644
158 130 0.0
158 131 0.0048755915697
158 132 0.0
158 133 0.00761811182766
158 134 0.0
158 135 0.000752482882569
158 136 0.0
158 137 6.21886679809e-06
158 138 0.0
158 139 0.0
158 140 0.0
158 141 0.0
158 142 0.0
158 143 0.0
158 144 0.0
158 145 0.0
158 146 0.0
158 147 0.0
158 148 0.0
158 149 0.0
158 150 0.0
158 151 0.00453355389581
158 152 0.0
158 153 0.00677234594312
158 154 0.0
158 155 0.0195023662788
158 156 0.0
158 157 6.21886679809e-06
158 158 0.0
158 159 0.0
158 160 0.0
158 161 6.21886679809e-06
158 162 0.0
158 163 5.59698011828e-05
158 164 0.0
158 165 2.48754671924e-05
158 166 0.0
158 167 0.000155471669952
158 168 0.0
158 169 0.00201491284258
158 170 0.0
158 171 0.0223879204731
158 172 0.0
158 173 0.00718901001859
158 174 0.0
158 175 0.0
158 176 0.0
158 177 6.21886679809e-06
158 178 0.0
158 179 6.21886679809e-06
158 180 0.0
158 181 6.21886679809e-06
158 182 0.0
158 183 5.59698011828e-05
158 184 0.0
158 185 0.0
158 186 0.0
158 187 0.0
158 188 0.0
158 189 0.0
158 190 0.0
158 191 0.0
158 192 0.0
158 193 0.0
158 194 0.0
158 195 0.0
158 196 0.0
158 197 0.0
158 198 0.0
158 199 0.0
158 200 0.0
158 201 0.0
158 202 0.0
158 203 0.0
158 204 0.0
158 205 0.0
158 206 0.0
158 207 0.0
158 208 0.0
158 209 0.0
158 210 0.0
158 211 0.0
158 212 0.0
158 213 0.0
158 214 0.0
158 215 0.0
158 216 0.0
158 217 0.0
158 218 0.0
158 219 0.0
158 220 0.0
158 221 0.0
158 222 0.0
158 223 0.0
158 224 0.0
158 225 0.0
158 226 0.0
158 227 0.0
158 228 0.0
158 229 0.0
158 230 0.0
158 231 0.0
158 232 0.0
158 233 0.0
158 234 0.0
158 235 2.48754671924e-05
158 236 0.0
158 237 2.48754671924e-05
158 238 0.0
158 239 2.48754671924e-05
158 240 0.0
158 241 6.21886679809e-06
158 242 0.0
158 243 2.48754671924e-05
158 244 0.0
158 245 5.59698011828e-05
158 246 0.0
158 247 0.00224501091411
158 248 0.0
158 249 0.0231404033557
158 250 0.0
158 251 0.0738863564281
158 252 0.0
158 253 0.0149314991822
158 254 0.0
158 255 0.000304724473107
158 256 0.0
158 257 5.59698011828e-05
158 258 0.0
158 259 9.95018687695e-05
158 260 0.0
158 261 0.000895516818925
158 262 0.0
158 263 0.000621886679809
158 264 0.0
158 265 0.025472478405
158 266 0.0
158 267 0.0035820672757
158 268 0.0
158 269 5.59698011828e-05
158 270 0.0
158 271 0.0
158 272 0.0
158 273 0.0
158 274 0.0
158 275 0.0
158 276 0.0
158 277 5.59698011828e-05
158 278 0.0
158 279 2.48754671924e-05
158 280 0.0
158 281 6.21886679809e-06
158 282 0.0
158 283 0.000895516818925
158 284 0.0
158 285 0.00388679174881
158 286 0.0
158 287 0.000752482882569
158 288 0.0
158 289 0.0035820672757
158 290 0.0
158 291 0.000621886679809
158 292 0.0
158 293 5.59698011828e-05
158 294 0.0
158 295 6.21886679809e-06
158 296 0.0
158 297 0.0
158 298 0.0
158 299 6.21886679809e-06
158 300 0.0
158 301 0.000155471669952
158 302 0.0
158 303 9.95018687695e-05
158 304 0.0
158 305 2.48754671924e-05
158 306 0.0
158 307 0.00453355389581
158 308 0.0
158 309 0.00139924502957
158 310 0.0
158 311 0.000155471669952
158 312 0.0
158 313 0.0
158 314 0.0
158 315 6.21886679809e-06
158 316 0.0
158 317 2.48754671924e-05
158 318 0.0
158 319 6.21886679809e-06
158 320 0.0
158 321 2.48754671924e-05
158 322 0.0
158 323 6.21886679809e-06
158 324 0.0
158 325 0.00139924502957
158 326 0.0
158 327 0.00139924502957
158 328 0.0
158 329 9.95018687695e-05
158 330 0.0
158 331 6.21886679809e-06
158 332 0.0
158 333 2.48754671924e-05
158 334 0.0
158 335 0.0
158 336 0.0
158 337 0.0
158 338 0.0
158 339 0.0
158 340 0.0
158 341 0.000304724473107
158 342 0.0
158 343 0.00139924502957
158 344 0.0
158 345 0.000304724473107
158 346 0.0
158 347 9.95018687695e-05
158 348 0.0
158 349 0.000895516818925
158 350 0.0
158 351 0.000621886679809
158 352 0.0
158 353 0.000155471669952
158 354 0.0
158 355 6.21886679809e-06
158 356 0.0
158 357 0.0
158 358 0.0
158 359 0.0
158 360 0.0
158 361 0.0
158 362 0.0
158 363 2.48754671924e-05
158 364 0.0
158 365 6.21886679809e-06
158 366 0.0
158 367 0.000304724473107
158 368 0.0
158 369 0.000155471669952
158 370 0.0
158 371 0.000398007475078
158 372 0.0
158 373 0.000155471669952
158 374 0.0
158 375 9.95018687695e-05
158 376 0.0
158 377 5.59698011828e-05
158 378 0.0
158 379 6.21886679809e-06
158 380 0.0
158 381 9.95018687695e-05
158 382 0.0
158 383 2.48754671924e-05
158 384 0.0
158 385 2.48754671924e-05
158 386 0.0
158 387 2.48754671924e-05
158 388 0.0
158 389 0.0
158 390 0.0
158 391 9.95018687695e-05
158 392 0.0
158 393 6.21886679809e-06
158 394 0.0
158 395 9.95018687695e-05
158 396 0.0
158 397 9.95018687695e-05
158 398 0.0
158 399 2.48754671924e-05
158 400 0.0
159 0 0.0
159 1 2.48754671924e-05
159 2 0.0
159 3 2.48754671924e-05
159 4 0.0
159 5 0.000155471669952
159 6 0.0
159 7 0.000398007475078
159 8 0.0
159 9 5.59698011828e-05
159 10 6.21886679809e-06
159 11 0.000398007475078
159 12 0.0
159 13 9.95018687695e-05
159 14 0.0
159 15 9.95018687695e-05
159 16 6.21886679809e-06
159 17 5.59698011828e-05
159 18 6.21886679809e-06
159 19 6.21886679809e-06
159 20 0.0
159 21 6.21886679809e-06
159 22 0.0
159 23 0.0
159 24 0.0
159 25 6.21886679809e-06
159 26 0.0
159 27 6.21886679809e-06
159 28 0.0
159 29 0.000304724473107
159 30 0.0
159 31 9.95018687695e-05
159 32 0.0
159 33 2.48754671924e-05
159 34 0.0
159 35 0.0
159 36 0.0
159 37 0.000621886679809
159 38 0.0
159 39 0.000304724473107
159 40 0.0
159 41 0.0
159 42 0.0
159 43 2.48754671924e-05
159 44 0.0
159 45 0.0
159 46 0.0
159 47 6.21886679809e-06
159 48 0.0
159 49 0.0
159 50 0.0
159 51 0.0
159 52 0.0
159 53 0.0
159 54 0.0
159 55 6.21886679809e-06
159 56 0.0
159 57 6.21886679809e-06
159 58 0.0
159 59 0.000155471669952
159 60 0.0
159 61 0.000895516818925
159 62 0.0
159 63 0.000223879204731
159 64 0.0
159 65 0.000304724473107
159 66 0.0
159 67 0.000398007475078
159 68 0.0
159 69 9.95018687695e-05
159 70 0.0
159 71 6.21886679809e-06
159 72 0.0
159 73 2.48754671924e-05
159 74 0.0
159 75 0.0
159 76 0.0
159 77 6.21886679809e-06
159 78 0.0
159 79 0.0
159 80 0.0
159 81 0.0
159 82 0.0
159 83 0.0
159 84 0.0
159 85 0.000304724473107
159 86 0.0
159 87 0.000752482882569
159 88 6.21886679809e-06
159 89 0.00159202990031
159 90 0.0
159 91 9.95018687695e-05
159 92 0.0
159 93 0.000752482882569
159 94 0.0
159 95 0.00179725250465
159 96 0.0
159 97 5.59698011828e-05
159 98 0.0
159 99 0.0
159 100 0.0
159 101 6.21886679809e-06
159 102 0.0
159 103 6.21886679809e-06
159 104 0.0
159 105 0.0
159 106 0.0
159 107 0.0
159 108 0.0
159 109 0.000304724473107
159 110 0.0
159 111 0.000155471669952
159 112 0.0
159 113 2.48754671924e-05
159 114 0.0
159 115 0.00453355389581
159 116 0.0
159 117 0.00201491284258
159 118 0.0
159 119 0.000304724473107
159 120 0.0
159 121 0.0
159 122 0.0
159 123 0.0
159 124 0.0
159 125 0.0
159 126 0.0
159 127 0.00201491284258
159 128 0.0
159 129 0.00898004365644
159 130 0.0
159 131 0.0048755915697
159 132 0.0
159 133 0.00718901001859
159 134 6.21886679809e-06
159 135 0.000895516818925
159 136 0.0
159 137 6.21886679809e-06
159 138 0.0
159 139 0.0
159 140 0.0
159 141 0.0
159 142 0.0
159 143 0.0
159 144 0.0
159 145 0.0
159 146 0.0
159 147 0.0
159 148 0.0
159 149 0.0
159 150 0.0
159 151 0.00453355389581
159 152 0.0
159 153 0.00677234594312
159 154 0.0
159 155 0.0195023662788
159 156 0.0
159 157 6.21886679809e-06
159 158 0.0
159 159 0.0
159 160 0.0
159 161 6.21886679809e-06
159 162 0.0
159 163 9.95018687695e-05
159 164 6.21886679809e-06
159 165 5.59698011828e-05
159 166 0.0
159 167 0.000155471669952
159 168 0.0
159 169 0.00224501091411
159 170 6.21886679809e-06
159 171 0.0223879204731
159 172 0.0
159 173 0.00718901001859
159 174 0.0
159 175 0.0
159 176 0.0
159 177 5.59698011828e-05
159 178 5.59698011828e-05
159 179 5.59698011828e-05
159 180 6.21886679809e-06
159 181 0.000223879204731
159 182 6.21886679809e-06
159 183 0.00105098848888
159 184 0.00453355389581
159 185 0.00597633099297
159 186 0.00453355389581
159 187 0.0048755915697
159 188 0.0048755915697
159 189 0.0052300669772
159 190 0.0048755915697
159 191 0.0048755915697
159 192 0.0048755915697
159 193 0.0048755915697
159 194 0.0048755915697
159 195 0.0048755915697
159 196 0.0048755915697
159 197 0.0048755915697
159 198 0.0048755915697
159 199 0.0048755915697
159 200 0.0048755915697
159 201 0.0048755915697
159 202 0.0048755915697
159 203 0.0048755915697
159 204 0.0048755915697
159 205 0.0048755915697
159 206 0.0048755915697
159 207 0.0048755915697
159 208 0.0048755915697
159 209 0.0048755915697
159 210 0.0048755915697
159 211 0.0048755915697
159 212 0.0048755915697
159 213 0.0048755915697
159 214 0.0048755915697
159 215 0.0048755915697
159 216 0.0048755915697
159 217 0.0048755915697
159 218 0.0048755915697
159 219 0.0048755915697
159 220 0.0048755915697
159 221 0.0048755915697
159 222 0.0048755915697
159 223 0.0048755915697
159 224 0.0048755915697
159 225 0.0048755915697
159 226 0.0048755915697
159 227 0.0048755915697
159 228 0.0048755915697
159 229 0.0048755915697
159 230 0.0048755915697
159 231 0.0052300669772
159 232 0.0048755915697
159 233 0.0048755915697
159 234 0.00453355389581
159 235 0.0048755915697
159 236 0.0048755915697
159 237 0.0052300669772
159 238 0.00559698011828
159 239 0.00636811960125
159 240 0.00636811960125
159 241 0.00328978053619
159 242 0.00139924502957
159 243 0.000621886679809
159 244 5.59698011828e-05
159 245 0.0
159 246 0.0
159 247 0.00201491284258
159 248 0.0
159 249 0.0239053239719
159 250 6.21886679809e-06
159 251 0.0725368623329
159 252 6.21886679809e-06
159 253 0.0161752725418
159 254 6.21886679809e-06
159 255 0.000223879204731
159 256 0.0
159 257 5.59698011828e-05
159 258 0.0
159 259 9.95018687695e-05
159 260 0.0
159 261 0.000895516818925
159 262 0.0
159 263 0.000621886679809
159 264 0.0
159 265 0.025472478405
159 266 0.0
159 267 0.0035820672757
159 268 0.0
159 269 5.59698011828e-05
159 270 0.0
159 271 0.0
159 272 0.0
159 273 0.0
159 274 0.0
159 275 0.0
159 276 0.0
159 277 5.59698011828e-05
159 278 0.0
159 279 2.48754671924e-05
159 280 0.0
159 281 6.21886679809e-06
159 282 0.0
159 283 0.000895516818925
159 284 0.0
159 285 0.00388679174881
159 286 0.0
159 287 0.000621886679809
159 288 6.21886679809e-06
159 289 0.00388679174881
159 290 0.0
159 291 0.000621886679809
159 292 0.0
159 293 5.59698011828e-05
159 294 0.0
159 295 6.21886679809e-06
159 296 0.0
159 297 0.0
159 298 0.0
159 299 6.21886679809e-06
159 300 0.0
159 301 0.000155471669952
159 302 0.0
159 303 9.95018687695e-05
159 304 6.21886679809e-06
159 305 6.21886679809e-06
159 306 0.0
159 307 0.00453355389581
159 308 0.0
159 309 0.00139924502957
159 310 0.0
159 311 0.000155471669952
159 312 0.0
159 313 0.0
159 314 0.0
159 315 6.21886679809e-06
159 316 0.0
159 317 2.48754671924e-05
159 318 0.0
159 319 6.21886679809e-06
159 320 0.0
159 321 2.48754671924e-05
159 322 0.0
159 323 6.21886679809e-06
159 324 0.0
159 325 0.00139924502957
159 326 0.0
159 327 0.00139924502957
159 328 0.0
159 329 9.95018687695e-05
159 330 0.0
159 331 6.21886679809e-06
159 332 0.0
159 333 2.48754671924e-05
159 334 0.0
159 335 0.0
159 336 0.0
159 337 0.0
159 338 0.0
159 339 0.0
159 340 0.0
159 341 0.000304724473107
159 342 0.0
159 343 0.00139924502957
159 344 0.0
159 345 0.000304724473107
159 346 0.0
159 347 9.95018687695e-05
159 348 0.0
159 349 0.000752482882569
159 350 6.21886679809e-06
159 351 0.000752482882569
159 352 0.0
159 353 0.000155471669952
159 354 0.0
159 355 6.21886679809e-06
159 356 0.0
159 357 0.0
159 358 0.0
159 359 0.0
159 360 0.0
159 361 0.0
159 362 0.0
159 363 2.48754671924e-05
159 364 0.0
159 365 6.21886679809e-06
159 366 0.0
159 367 0.000304724473107
159 368 0.0
159 369 0.000155471669952
159 370 6.21886679809e-06
159 371 0.000398007475078
159 372 0.0
159 373 9.95018687695e-05
159 374 6.21886679809e-06
159 375 0.000155471669952
159 376 0.0
159 377 5.59698011828e-05
159 378 6.21886679809e-06
159 379 0.0
159 380 0.0
159 381 5.59698011828e-05
159 382 6.21886679809e-06
159 383 5.59698011828e-05
159 384 0.0
159 385 2.48754671924e-05
159 386 0.0
159 387 2.48754671924e-05
159 388 0.0
159 389 0.0
159 390 0.0
159 391 5.59698011828e-05
159 392 6.21886679809e-06
159 393 2.48754671924e-05
159 394 0.0
159 395 9.95018687695e-05
159 396 0.0
159 397 9.95018687695e-05
159 398 0.0
159 399 2.48754671924e-05
159 400 0.0
160 0 0.0
160 1 2.48754671924e-05
160 2 0.0
160 3 2.48754671924e-05
160 4 0.0
160 5 0.000155471669952
160 6 0.0
160 7 0.000304724473107
160 8 0.0
160 9 2.48754671924e-05
160 10 0.0
160 11 0.000398007475078
160 12 0.0
160 13 5.59698011828e-05
160 14 0.0
160 15 5.59698011828e-05
160 16 0.0
160 17 9.95018687695e-05
160 18 0.0
160 19 6.21886679809e-06
160 20 0.0
160 21 6.21886679809e-06
160 22 0.0
160 23 0.0
160 24 0.0
160 25 6.21886679809e-06
160 26 0.0
160 27 6.21886679809e-06
160 28 0.0
160 29 0.000304724473107
160 30 0.0
160 31 9.95018687695e-05
160 32 0.0
160 33 2.48754671924e-05
160 34 0.0
160 35 0.0
160 36 0.0
160 37 0.000621886679809
160 38 0.0
160 39 0.000304724473107
160 40 0.0
160 41 0.0
160 42 0.0
160 43 2.48754671924e-05
160 44 0.0
160 45 0.0
160 46 0.0
160 47 6.21886679809e-06
160 48 0.0
160 49 0.0
160 50 0.0
160 51 0.0
160 52 0.0
160 53 0.0
160 54 0.0
160 55 6.21886679809e-06
160 56 0.0
160 57 6.21886679809e-06
160 58 0.0
160 59 0.000155471669952
160 60 0.0
160 61 0.000895516818925
160 62 0.0
160 63 0.000223879204731
160 64 0.0
160 65 0.000304724473107
160 66 0.0
160 67 0.000398007475078
160 68 0.0
160 69 9.95018687695e-05
160 70 0.0
160 71 6.21886679809e-06
160 72 0.0
160 73 2.48754671924e-05
160 74 0.0
160 75 0.0
160 76 0.0
160 77 6.21886679809e-06
160 78 0.0
160 79 0.0
160 80 0.0
160 81 0.0
160 82 0.0
160 83 0.0
160 84 0.0
160 85 0.000304724473107
160 86 0.0
160 87 0.000621886679809
160 88 0.0
160 89 0.00179725250465
160 90 0.0
160 91 9.95018687695e-05
160 92 0.0
160 93 0.000752482882569
160 94 0.0
160 95 0.00179725250465
160 96 0.0
160 97 5.59698011828e-05
160 98 0.0
160 99 0.0
160 100 0.0
160 101 6.21886679809e-06
160 102 0.0
160 103 6.21886679809e-06
160 104 0.0
160 105 0.0
160 106 0.0
160 107 0.0
160 108 0.0
160 109 0.000304724473107
160 110 0.0
160 111 0.000155471669952
160 112 0.0
160 113 2.48754671924e-05
160 114 0.0
160 115 0.00453355389581
160 116 0.0
160 117 0.00201491284258
160 118 0.0
160 119 0.000304724473107
160 120 0.0
160 121 0.0
160 122 0.0
160 123 0.0
160 124 0.0
160 125 0.0
160 126 0.0
160 127 0.00201491284258
160 128 0.0
160 129 0.00898004365644
160 130 0.0
160 131 0.0048755915697
160 132 0.0
160 133 0.00761811182766
160 134 0.0
160 135 0.000752482882569
160 136 0.0
160 137 6.21886679809e-06
160 138 0.0
160 139 0.0
160 140 0.0
160 141 0.0
160 142 0.0
160 143 0.0
160 144 0.0
160 145 0.0
160 146 0.0
160 147 0.0
160 148 0.0
160 149 0.0
160 150 0.0
160 151 0.00453355389581
160 152 0.0
160 153 0.00677234594312
160 154 0.0
160 155 0.0195023662788
160 156 0.0
160 157 6.21886679809e-06
160 158 0.0
160 159 0.0
160 160 0.0
160 161 6.21886679809e-06
160 162 0.0
160 163 5.59698011828e-05
160 164 0.0
160 165 2.48754671924e-05
160 166 0.0
160 167 0.000155471669952
160 168 0.0
160 169 0.00201491284258
160 170 0.0
160 171 0.0223879204731
160 172 0.0
160 173 0.00718901001859
160 174 0.0
160 175 0.0
160 176 0.0
160 177 5.59698011828e-05
160 178 0.0
160 179 6.21886679809e-06
160 180 0.0
160 181 6.21886679809e-06
160 182 0.0
160 183 0.000895516818925
160 184 0.0
160 185 9.95018687695e-05
160 186 0.0
160 187 0.0
160 188 0.0
160 189 6.21886679809e-06
160 190 0.0
160 191 0.0
160 192 0.0
160 193 0.0
160 194 0.0
160 195 0.0
160 196 0.0
160 197 0.0
160 198 0.0
160 199 0.0
160 200 0.0
160 201 0.0
160 202 0.0
160 203 0.0
160 204 0.0
160 205 0.0
160 206 0.0
160 207 0.0
160 208 0.0
160 209 0.0
160 210 0.0
160 211 0.0
160 212 0.0
160 213 0.0
160 214 0.0
160 215 0.0
160 216 0.0
160 217 0.0
160 218 0.0
160 219 0.0
160 220 0.0
160 221 0.0
160 222 0.0
160 223 0.0
160 224 0.0
160 225 0.0
160 226 0.0
160 227 0.0
160 228 0.0
160 229 0.0
160 230 0.0
160 231 6.21886679809e-06
160 232 0.0
160 233 0.0
160 234 0.0
160 235 6.21886679809e-06
160 236 0.0
160 237 0.0
160 238 0.0
160 239 6.21886679809e-06
160 240 0.0
160 241 0.0
160 242 0.0
160 243 0.00201491284258
160 244 0.0
160 245 9.95018687695e-05
160 246 0.0
160 247 0.00159202990031
160 248 0.0
160 249 0.0231404033557
160 250 0.0
160 251 0.0738863564281
160 252 0.0
160 253 0.0149314991822
160 254 0.0
160 255 0.000304724473107
160 256 0.0
160 257 5.59698011828e-05
160 258 0.0
160 259 9.95018687695e-05
160 260 0.0
160 261 0.000895516818925
160 262 0.0
160 263 0.000621886679809
160 264 0.0
160 265 0.025472478405
160 266 0.0
160 267 0.0035820672757
160 268 0.0
160 269 5.59698011828e-05
160 270 0.0
160 271 0.0
160 272 0.0
160 273 0.0
160 274 0.0
160 275 0.0
160 276 0.0
160 277 5.59698011828e-05
160 278 0.0
160 279 2.48754671924e-05
160 280 0.0
160 281 6.21886679809e-06
160 282 0.0
160 283 0.000895516818925
160 284 0.0
160 285 0.00388679174881
160 286 0.0
160 287 0.000752482882569
160 288 0.0
160 289 0.0035820672757
160 290 0.0
160 291 0.000621886679809
160 292 0.0
160 293 5.59698011828e-05
160 294 0.0
160 295 6.21886679809e-06
160 296 0.0
160 297 0.0
160 298 0.0
160 299 6.21886679809e-06
160 300 0.0
160 301 0.000155471669952
160 302 0.0
160 303 9.95018687695e-05
160 304 0.0
160 305 2.48754671924e-05
160 306 0.0
160 307 0.00453355389581
160 308 0.0
160 309 0.00139924502957
160 310 0.0
160 311 0.000155471669952
160 312 0.0
160 313 0.0
160 314 0.0
160 315 6.21886679809e-06
160 316 0.0
160 317 2.48754671924e-05
160 318 0.0
160 319 6.21886679809e-06
160 320 0.0
160 321 2.48754671924e-05
160 322 0.0
160 323 6.21886679809e-06
160 324 0.0
160 325 0.00139924502957
160 326 0.0
160 327 0.00139924502957
160 328 0.0
160 329 9.95018687695e-05
160 330 0.0
160 331 6.21886679809e-06
160 332 0.0
160 333 2.48754671924e-05
160 334 0.0
160 335 0.0
160 336 0.0
160 337 0.0
160 338 0.0
160 339 0.0
160 340 0.0
160 341 0.000304724473107
160 342 0.0
160 343 0.00139924502957
160 344 0.0
160 345 0.000304724473107
160 346 0.0
160 347 9.95018687695e-05
160 348 0.0
160 349 0.000895516818925
160 350 0.0
160 351 0.000621886679809
160 352 0.0
160 353 0.000155471669952
160 354 0.0
160 355 6.21886679809e-06
160 356 0.0
160 357 0.0
160 358 0.0
160 359 0.0
160 360 0.0
160 361 0.0
160 362 0.0
160 363 2.48754671924e-05
160 364 0.0
160 365 6.21886679809e-06
160 366 0.0
160 367 0.000304724473107
160 368 0.0
160 369 0.000155471669952
160 370 0.0
160 371 0.000398007475078
160 372 0.0
160 373 0.000155471669952
160 374 0.0
160 375 9.95018687695e-05
160 376 0.0
160 377 5.59698011828e-05
160 378 0.0
160 379 6.21886679809e-06
160 380 0.0
160 381 9.95018687695e-05
160 382 0.0
160 383 2.48754671924e-05
160 384 0.0
160 385 2.48754671924e-05
160 386 0.0
160 387 2.48754671924e-05
160 388 0.0
160 389 0.0
160 390 0.0
160 391 9.95018687695e-05
160 392 0.0
160 393 6.21886679809e-06
160 394 0.0
160 395 9.95018687695e-05
160 396 0.0
160 397 9.95018687695e-05
160 398 0.0
160 399 2.48754671924e-05
160 400 0.0
161 0 0.0
161 1 2.48754671924e-05
161 2 0.0
161 3 2.48754671924e-05
161 4 0.0
161 5 0.000155471669952
161 6 0.0
161 7 0.000304724473107
161 8 6.21886679809e-06
161 9 5.59698011828e-05
161 10 0.0
161 11 0.000398007475078
161 12 6.21886679809e-06
161 13 2.48754671924e-05
161 14 6.21886679809e-06
161 15 9.95018687695e-05
161 16 0.0
161 17 9.95018687695e-05
161 18 0.0
161 19 6.21886679809e-06
161 20 0.0
161 21 6.21886679809e-06
161 22 0.0
161 23 0.0
161 24 0.0
161 25 6.21886679809e-06
161 26 0.0
161 27 6.21886679809e-06
161 28 0.0
161 29 0.000304724473107
161 30 0.0
161 31 9.95018687695e-05
161 32 0.0
161 33 2.48754671924e-05
161 34 0.0
161 35 0.0
161 36 6.21886679809e-06
161 37 0.000503728210645
161 38 6.21886679809e-06
161 39 0.000398007475078
161 40 6.21886679809e-06
161 41 6.21886679809e-06
161 42 6.21886679809e-06
161 43 2.48754671924e-05
161 44 0.0
161 45 0.0
161 46 0.0
161 47 6.21886679809e-06
161 48 0.0
161 49 0.0
161 50 0.0
161 51 0.0
161 52 0.0
161 53 0.0
161 54 0.0
161 55 6.21886679809e-06
161 56 0.0
161 57 6.21886679809e-06
161 58 0.0
161 59 0.000155471669952
161 60 0.0
161 61 0.000895516818925
161 62 0.0
161 63 0.000223879204731
161 64 0.0
161 65 0.000304724473107
161 66 0.0
161 67 0.000398007475078
161 68 0.0
161 69 9.95018687695e-05
161 70 0.0
161 71 6.21886679809e-06
161 72 0.0
161 73 2.48754671924e-05
161 74 0.0
161 75 0.0
161 76 0.0
161 77 6.21886679809e-06
161 78 0.0
161 79 0.0
161 80 0.0
161 81 0.0
161 82 0.0
161 83 0.0
161 84 0.0
161 85 0.000223879204731
161 86 6.21886679809e-06
161 87 0.000752482882569
161 88 0.0
161 89 0.00179725250465
161 90 0.0
161 91 9.95018687695e-05
161 92 0.0
161 93 0.000752482882569
161 94 0.0
161 95 0.00179725250465
161 96 0.0
161 97 5.59698011828e-05
161 98 0.0
161 99 0.0
161 100 0.0
161 101 6.21886679809e-06
161 102 0.0
161 103 6.21886679809e-06
161 104 0.0
161 105 0.0
161 106 0.0
161 107 0.0
161 108 0.0
161 109 0.000304724473107
161 110 0.0
161 111 0.000155471669952
161 112 0.0
161 113 2.48754671924e-05
161 114 0.0
161 115 0.00453355389581
161 116 0.0
161 117 0.00201491284258
161 118 0.0
161 119 0.000304724473107
161 120 0.0
161 121 0.0
161 122 0.0
161 123 0.0
161 124 0.0
161 125 0.0
161 126 0.0
161 127 0.00201491284258
161 128 6.21886679809e-06
161 129 0.0094588963999
161 130 0.0
161 131 0.0048755915697
161 132 0.0
161 133 0.00761811182766
161 134 0.0
161 135 0.000752482882569
161 136 0.0
161 137 6.21886679809e-06
161 138 0.0
161 139 0.0
161 140 0.0
161 141 0.0
161 142 0.0
161 143 0.0
161 144 0.0
161 145 0.0
161 146 0.0
161 147 0.0
161 148 0.0
161 149 0.0
161 150 0.0
161 151 0.00453355389581
161 152 0.0
161 153 0.00677234594312
161 154 0.0
161 155 0.0195023662788
161 156 0.0
161 157 6.21886679809e-06
161 158 0.0
161 159 0.0
161 160 0.0
161 161 6.21886679809e-06
161 162 0.0
161 163 5.59698011828e-05
161 164 0.0
161 165 5.59698011828e-05
161 166 6.21886679809e-06
161 167 0.000223879204731
161 168 6.21886679809e-06
161 169 0.00224501091411
161 170 0.0
161 171 0.0216478753242
161 172 0.0
161 173 0.00718901001859
161 174 6.21886679809e-06
161 175 6.21886679809e-06
161 176 6.21886679809e-06
161 177 9.95018687695e-05
161 178 0.0
161 179 2.48754671924e-05
161 180 6.21886679809e-06
161 181 0.0048755915697
161 182 0.00677234594312
161 183 0.0956212958875
161 184 0.0940852357883
161 185 0.106721973122
161 186 0.118432099303
161 187 0.118432099303
161 188 0.118432099303
161 189 0.118432099303
161 190 0.118432099303
161 191 0.118432099303
161 192 0.118432099303
161 193 0.118432099303
161 194 0.118432099303
161 195 0.118432099303
161 196 0.118432099303
161 197 0.118432099303
161 198 0.118432099303
161 199 0.118432099303
161 200 0.118432099303
161 201 0.118432099303
161 202 0.118432099303
161 203 0.118432099303
161 204 0.118432099303
161 205 0.118432099303
161 206 0.118432099303
161 207 0.118432099303
161 208 0.118432099303
161 209 0.118432099303
161 210 0.118432099303
161 211 0.118432099303
161 212 0.118432099303
161 213 0.118432099303
161 214 0.118432099303
161 215 0.118432099303
161 216 0.118432099303
161 217 0.118432099303
161 218 0.118432099303
161 219 0.118432099303
161 220 0.118432099303
161 221 0.118432099303
161 222 0.118432099303
161 223 0.118432099303
161 224 0.118432099303
161 225 0.118432099303
161 226 0.118432099303
161 227 0.118432099303
161 228 0.118432099303
161 229 0.118432099303
161 230 0.118432099303
161 231 0.116721910933
161 232 0.118432099303
161 233 0.118432099303
161 234 0.120154725406
161 235 0.113338847395
161 236 0.118432099303
161 237 0.120154725406
161 238 0.103488162387
161 239 0.105098848888
161 240 0.100304102586
161 241 0.0621886679809
161 242 0.0174687968358
161 243 0.00597633099297
161 244 2.48754671924e-05
161 245 0.00105098848888
161 246 0.0
161 247 0.00159202990031
161 248 0.0
161 249 0.0231404033557
161 250 0.0
161 251 0.0738863564281
161 252 0.0
161 253 0.0149314991822
161 254 0.0
161 255 0.000223879204731
161 256 6.21886679809e-06
161 257 9.95018687695e-05
161 258 0.0
161 259 9.95018687695e-05
161 260 0.0
161 261 0.000895516818925
161 262 0.0
161 263 0.000621886679809
161 264 0.0
161 265 0.025472478405
161 266 0.0
161 267 0.0035820672757
161 268 0.0
161 269 5.59698011828e-05
161 270 0.0
161 271 0.0
161 272 0.0
161 273 0.0
161 274 0.0
161 275 0.0
161 276 0.0
161 277 5.59698011828e-05
161 278 0.0
161 279 2.48754671924e-05
161 280 0.0
161 281 6.21886679809e-06
161 282 0.0
161 283 0.000895516818925
161 284 0.0
161 285 0.00388679174881
161 286 0.0
161 287 0.000752482882569
161 288 0.0
161 289 0.0035820672757
161 290 0.0
161 291 0.000621886679809
161 292 6.21886679809e-06
161 293 9.95018687695e-05
161 294 0.0
161 295 6.21886679809e-06
161 296 0.0
161 297 0.0
161 298 0.0
161 299 6.21886679809e-06
161 300 0.0
161 301 9.95018687695e-05
161 302 6.21886679809e-06
161 303 9.95018687695e-05
161 304 0.0
161 305 2.48754671924e-05
161 306 6.21886679809e-06
161 307 0.00453355389581
161 308 0.0
161 309 0.00139924502957
161 310 0.0
161 311 0.000155471669952
161 312 0.0
161 313 0.0
161 314 0.0
161 315 6.21886679809e-06
161 316 0.0
161 317 2.48754671924e-05
161 318 0.0
161 319 6.21886679809e-06
161 320 0.0
161 321 2.48754671924e-05
161 322 0.0
161 323 6.21886679809e-06
161 324 0.0
161 325 0.00139924502957
161 326 0.0
161 327 0.00139924502957
161 328 0.0
161 329 9.95018687695e-05
161 330 0.0
161 331 6.21886679809e-06
161 332 0.0
161 333 2.48754671924e-05
161 334 0.0
161 335 0.0
161 336 0.0
161 337 0.0
161 338 0.0
161 339 0.0
161 340 0.0
161 341 0.000304724473107
161 342 0.0
161 343 0.00139924502957
161 344 0.0
161 345 0.000398007475078
161 346 0.0
161 347 0.000155471669952
161 348 6.21886679809e-06
161 349 0.000752482882569
161 350 0.0
161 351 0.000621886679809
161 352 0.0
161 353 0.000155471669952
161 354 0.0
161 355 0.0
161 356 6.21886679809e-06
161 357 6.21886679809e-06
161 358 0.0
161 359 0.0
161 360 0.0
161 361 0.0
161 362 0.0
161 363 2.48754671924e-05
161 364 0.0
161 365 6.21886679809e-06
161 366 0.0
161 367 0.000304724473107
161 368 0.0
161 369 0.000155471669952
161 370 0.0
161 371 0.000398007475078
161 372 6.21886679809e-06
161 373 9.95018687695e-05
161 374 0.0
161 375 0.000155471669952
161 376 6.21886679809e-06
161 377 2.48754671924e-05
161 378 0.0
161 379 6.21886679809e-06
161 380 0.0
161 381 9.95018687695e-05
161 382 0.0
161 383 2.48754671924e-05
161 384 0.0
161 385 2.48754671924e-05
161 386 0.0
161 387 2.48754671924e-05
161 388 0.0
161 389 0.0
161 390 0.0
161 391 9.95018687695e-05
161 392 0.0
161 393 2.48754671924e-05
161 394 6.21886679809e-06
161 395 0.000155471669952
161 396 6.21886679809e-06
161 397 5.59698011828e-05
161 398 0.0
161 399 6.21886679809e-06
161 400 0.0
162 0 0.0
162 1 2.48754671924e-05
162 2 0.0
162 3 2.48754671924e-05
162 4 0.0
162 5 0.000155471669952
162 6 0.0
162 7 0.000304724473107
162 8 0.0
162 9 2.48754671924e-05
162 10 0.0
162 11 0.000398007475078
162 12 0.0
162 13 5.59698011828e-05
162 14 0.0
162 15 5.59698011828e-05
162 16 0.0
162 17 9.95018687695e-05
162 18 0.0
162 19 6.21886679809e-06
162 20 0.0
162 21 6.21886679809e-06
162 22 0.0
162 23 0.0
162 24 0.0
162 25 6.21886679809e-06
162 26 0.0
162 27 6.21886679809e-06
162 28 0.0
162 29 0.000304724473107
162 30 0.0
162 31 9.95018687695e-05
162 32 0.0
162 33 2.48754671924e-05
162 34 0.0
162 35 0.0
162 36 0.0
162 37 0.000621886679809
162 38 0.0
162 39 0.000304724473107
162 40 0.0
162 41 0.0
162 42 0.0
162 43 2.48754671924e-05
162 44 0.0
162 45 0.0
162 46 0.0
162 47 6.21886679809e-06
162 48 0.0
162 49 0.0
162 50 0.0
162 51 0.0
162 52 0.0
162 53 0.0
162 54 0.0
162 55 6.21886679809e-06
162 56 0.0
162 57 6.21886679809e-06
162 58 0.0
162 59 0.000155471669952
162 60 0.0
162 61 0.000895516818925
162 62 0.0
162 63 0.000223879204731
162 64 0.0
162 65 0.000304724473107
162 66 0.0
162 67 0.000398007475078
162 68 0.0
162 69 9.95018687695e-05
162 70 0.0
162 71 6.21886679809e-06
162 72 0.0
162 73 2.48754671924e-05
162 74 0.0
162 75 0.0
162 76 0.0
162 77 6.21886679809e-06
162 78 0.0
162 79 0.0
162 80 0.0
162 81 0.0
162 82 0.0
162 83 0.0
162 84 0.0
162 85 0.000304724473107
162 86 0.0
162 87 0.000621886679809
162 88 0.0
162 89 0.00179725250465
162 90 0.0
162 91 9.95018687695e-05
162 92 0.0
162 93 0.000752482882569
162 94 0.0
162 95 0.00179725250465
162 96 0.0
162 97 5.59698011828e-05
162 98 0.0
162 99 0.0
162 100 0.0
162 101 6.21886679809e-06
162 102 0.0
162 103 6.21886679809e-06
162 104 0.0
162 105 0.0
162 106 0.0
162 107 0.0
162 108 0.0
162 109 0.000304724473107
162 110 0.0
162 111 0.000155471669952
162 112 0.0
162 113 2.48754671924e-05
162 114 0.0
162 115 0.00453355389581
162 116 0.0
162 117 0.00201491284258
162 118 0.0
162 119 0.000304724473107
162 120 0.0
162 121 0.0
162 122 0.0
162 123 0.0
162 124 0.0
162 125 0.0
162 126 0.0
162 127 0.00201491284258
162 128 0.0
162 129 0.00898004365644
162 130 0.0
162 131 0.0048755915697
162 132 0.0
162 133 0.00761811182766
162 134 0.0
162 135 0.000752482882569
162 136 0.0
162 137 6.21886679809e-06
162 138 0.0
162 139 0.0
162 140 0.0
162 141 0.0
162 142 0.0
162 143 0.0
162 144 0.0
162 145 0.0
162 146 0.0
162 147 0.0
162 148 0.0
162 149 0.0
162 150 0.0
162 151 0.00453355389581
162 152 0.0
162 153 0.00677234594312
162 154 0.0
162 155 0.0195023662788
162 156 0.0
162 157 6.21886679809e-06
162 158 0.0
162 159 0.0
162 160 0.0
162 161 6.21886679809e-06
162 162 0.0
162 163 5.59698011828e-05
162 164 0.0
162 165 2.48754671924e-05
162 166 0.0
162 167 0.000155471669952
162 168 0.0
162 169 0.00201491284258
162 170 0.0
162 171 0.0223879204731
162 172 0.0
162 173 0.00718901001859
162 174 0.0
162 175 0.0
162 176 0.0
162 177 5.59698011828e-05
162 178 0.0
162 179 5.59698011828e-05
162 180 0.0
162 181 0.0287560400744
162 182 0.0
162 183 0.0368716612459
162 184 0.0
162 185 0.000752482882569
162 186 0.0
162 187 0.0
162 188 0.0
162 189 0.0
162 190 0.0
162 191 0.0
162 192 0.0
162 193 0.0
162 194 0.0
162 195 0.0
162 196 0.0
162 197 0.0
162 198 0.0
162 199 0.0
162 200 0.0
162 201 0.0
162 202 0.0
162 203 0.0
162 204 0.0
162 205 0.0
162 206 0.0
162 207 0.0
162 208 0.0
162 209 0.0
162 210 0.0
162 211 0.0
162 212 0.0
162 213 0.0
162 214 0.0
162 215 0.0
162 216 0.0
162 217 0.0
162 218 0.0
162 219 0.0
162 220 0.0
162 221 0.0
162 222 0.0
162 223 0.0
162 224 0.0
162 225 0.0
162 226 0.0
162 227 0.0
162 228 0.0
162 229 0.0
162 230 0.0
162 231 6.21886679809e-06
162 232 0.0
162 233 0.0
162 234 0.0
162 235 2.48754671924e-05
162 236 0.0
162 237 0.000621886679809
162 238 0.0
162 239 9.95018687695e-05
162 240 0.0
162 241 0.00559698011828
162 242 0.0
162 243 0.0223879204731
162 244 0.0
162 245 0.00453355389581
162 246 0.0
162 247 0.00139924502957
162 248 0.0
162 249 0.0231404033557
162 250 0.0
162 251 0.0738863564281
162 252 0.0
162 253 0.0149314991822
162 254 0.0
162 255 0.000304724473107
162 256 0.0
162 257 5.59698011828e-05
162 258 0.0
162 259 9.95018687695e-05
162 260 0.0
162 261 0.000895516818925
162 262 0.0
162 263 0.000621886679809
162 264 0.0
162 265 0.025472478405
162 266 0.0
162 267 0.0035820672757
162 268 0.0
162 269 5.59698011828e-05
162 270 0.0
162 271 0.0
162 272 0.0
162 273 0.0
162 274 0.0
162 275 0.0
162 276 0.0
162 277 5.59698011828e-05
162 278 0.0
162 279 2.48754671924e-05
162 280 0.0
162 281 6.21886679809e-06
162 282 0.0
162 283 0.000895516818925
162 284 0.0
162 285 0.00388679174881
162 286 0.0
162 287 0.000752482882569
162 288 0.0
162 289 0.0035820672757
162 290 0.0
162 291 0.000621886679809
162 292 0.0
162 293 5.59698011828e-05
162 294 0.0
162 295 6.21886679809e-06
162 296 0.0
162 297 0.0
162 298 0.0
162 299 6.21886679809e-06
162 300 0.0
162 301 0.000155471669952
162 302 0.0
162 303 9.95018687695e-05
162 304 0.0
162 305 2.48754671924e-05
162 306 0.0
162 307 0.00453355389581
162 308 0.0
162 309 0.00139924502957
162 310 0.0
162 311 0.000155471669952
162 312 0.0
162 313 0.0
162 314 0.0
162 315 6.21886679809e-06
162 316 0.0
162 317 2.48754671924e-05
162 318 0.0
162 319 6.21886679809e-06
162 320 0.0
162 321 2.48754671924e-05
162 322 0.0
162 323 6.21886679809e-06
162 324 0.0
162 325 0.00139924502957
162 326 0.0
162 327 0.00139924502957
162 328 0.0
162 329 9.95018687695e-05
162 330 0.0
162 331 6.21886679809e-06
162 332 0.0
162 333 2.48754671924e-05
162 334 0.0
162 335 0.0
162 336 0.0
162 337 0.0
162 338 0.0
162 339 0.0
162 340 0.0
162 341 0.000304724473107
162 342 0.0
162 343 0.00139924502957
162 344 0.0
162 345 0.000304724473107
162 346 0.0
162 347 9.95018687695e-05
162 348 0.0
162 349 0.000895516818925
162 350 0.0
162 351 0.000621886679809
162 352 0.0
162 353 0.000155471669952
162 354 0.0
162 355 6.21886679809e-06
162 356 0.0
162 357 0.0
162 358 0.0
162 359 0.0
162 360 0.0
162 361 0.0
162 362 0.0
162 363 2.48754671924e-05
162 364 0.0
162 365 6.21886679809e-06
162 366 0.0
162 367 0.000304724473107
162 368 0.0
162 369 0.000155471669952
162 370 0.0
162 371 0.000398007475078
162 372 0.0
162 373 0.000155471669952
162 374 0.0
162 375 9.95018687695e-05
162 376 0.0
162 377 5.59698011828e-05
162 378 0.0
162 379 6.21886679809e-06
162 380 0.0
162 381 9.95018687695e-05
162 382 0.0
162 383 2.48754671924e-05
162 384 0.0
162 385 2.48754671924e-05
162 386 0.0
162 387 2.48754671924e-05
162 388 0.0
162 389 0.0
162 390 0.0
162 391 9.95018687695e-05
162 392 0.0
162 393 6.21886679809e-06
162 394 0.0
162 395 9.95018687695e-05
162 396 0.0
162 397 9.95018687695e-05
162 398 0.0
162 399 2.48754671924e-05
162 400 0.0
163 0 0.0
163 1 2.48754671924e-05
163 2 0.0
163 3 2.48754671924e-05
163 4 0.0
163 5 0.000155471669952
163 6 0.0
163 7 0.000304724473107
163 8 0.0
163 9 2.48754671924e-05
163 10 0.0
163 11 0.000398007475078
163 12 0.0
163 13 5.59698011828e-05
163 14 6.21886679809e-06
163 15 9.95018687695e-05
163 16 0.0
163 17 0.000155471669952
163 18 0.0
163 19 6.21886679809e-06
163 20 6.21886679809e-06
163 21 6.21886679809e-06
163 22 0.0
163 23 6.21886679809e-06
163 24 0.0
163 25 6.21886679809e-06
163 26 0.0
163 27 6.21886679809e-06
163 28 0.0
163 29 0.000304724473107
163 30 0.0
163 31 9.95018687695e-05
163 32 0.0
163 33 2.48754671924e-05
163 34 0.0
163 35 6.21886679809e-06
163 36 2.48754671924e-05
163 37 0.000503728210645
163 38 6.21886679809e-06
163 39 0.000398007475078
163 40 2.48754671924e-05
163 41 2.48754671924e-05
163 42 6.21886679809e-06
163 43 2.48754671924e-05
163 44 0.0
163 45 0.0
163 46 0.0
163 47 6.21886679809e-06
163 48 0.0
163 49 0.0
163 50 0.0
163 51 0.0
163 52 0.0
163 53 0.0
163 54 0.0
163 55 6.21886679809e-06
163 56 0.0
163 57 2.48754671924e-05
163 58 0.0
163 59 0.000223879204731
163 60 2.48754671924e-05
163 61 0.00139924502957
163 62 6.21886679809e-06
163 63 0.000155471669952
163 64 0.0
163 65 0.000304724473107
163 66 0.0
163 67 0.000398007475078
163 68 0.0
163 69 9.95018687695e-05
163 70 0.0
163 71 6.21886679809e-06
163 72 0.0
163 73 2.48754671924e-05
163 74 0.0
163 75 0.0
163 76 0.0
163 77 6.21886679809e-06
163 78 0.0
163 79 0.0
163 80 0.0
163 81 0.0
163 82 0.0
163 83 0.0
163 84 0.0
163 85 0.000304724473107
163 86 0.0
163 87 0.000621886679809
163 88 0.0
163 89 0.00179725250465
163 90 0.0
163 91 9.95018687695e-05
163 92 0.0
163 93 0.000752482882569
163 94 0.0
163 95 0.00179725250465
163 96 0.0
163 97 5.59698011828e-05
163 98 0.0
163 99 0.0
163 100 0.0
163 101 6.21886679809e-06
163 102 0.0
163 103 6.21886679809e-06
163 104 0.0
163 105 0.0
163 106 0.0
163 107 0.0
163 108 0.0
163 109 0.000304724473107
163 110 0.0
163 111 0.000155471669952
163 112 0.0
163 113 2.48754671924e-05
163 114 0.0
163 115 0.00453355389581
163 116 0.0
163 117 0.00201491284258
163 118 0.0
163 119 0.000304724473107
163 120 0.0
163 121 0.0
163 122 0.0
163 123 0.0
163 124 0.0
163 125 0.0
163 126 0.0
163 127 0.00201491284258
163 128 0.0
163 129 0.00898004365644
163 130 0.0
163 131 0.0048755915697
163 132 0.0
163 133 0.00761811182766
163 134 0.0
163 135 0.000752482882569
163 136 0.0
163 137 6.21886679809e-06
163 138 0.0
163 139 0.0
163 140 0.0
163 141 0.0
163 142 0.0
163 143 0.0
163 144 0.0
163 145 0.0
163 146 0.0
163 147 0.0
163 148 0.0
163 149 0.0
163 150 0.0
163 151 0.00453355389581
163 152 0.0
163 153 0.00677234594312
163 154 0.0
163 155 0.0195023662788
163 156 0.0
163 157 6.21886679809e-06
163 158 0.0
163 159 0.0
163 160 0.0
163 161 6.21886679809e-06
163 162 0.0
163 163 5.59698011828e-05
163 164 0.0
163 165 2.48754671924e-05
163 166 0.0
163 167 0.000155471669952
163 168 0.0
163 169 0.00201491284258
163 170 0.0
163 171 0.0223879204731
163 172 0.0
163 173 0.00718901001859
163 174 0.0
163 175 0.0
163 176 0.0
163 177 2.48754671924e-05
163 178 5.59698011828e-05
163 179 6.21886679809e-06
163 180 6.21886679809e-06
163 181 0.0418156603504
163 182 2.48754671924e-05
163 183 0.0438803241273
163 184 0.00718901001859
163 185 0.0155471669952
163 186 0.0114986847097
163 187 0.0114986847097
163 188 0.0114986847097
163 189 0.0114986847097
163 190 0.0114986847097
163 191 0.0114986847097
163 192 0.0114986847097
163 193 0.0114986847097
163 194 0.0114986847097
163 195 0.0114986847097
163 196 0.0114986847097
163 197 0.0114986847097
163 198 0.0114986847097
163 199 0.0114986847097
163 200 0.0114986847097
163 201 0.0114986847097
163 202 0.0114986847097
163 203 0.0114986847097
163 204 0.0114986847097
163 205 0.0114986847097
163 206 0.0114986847097
163 207 0.0114986847097
163 208 0.0114986847097
163 209 0.0114986847097
163 210 0.0114986847097
163 211 0.0114986847097
163 212 0.0114986847097
163 213 0.0114986847097
163 214 0.0114986847097
163 215 0.0114986847097
163 216 0.0114986847097
163 217 0.0114986847097
163 218 0.0114986847097
163 219 0.0114986847097
163 220 0.0114986847097
163 221 0.0114986847097
163 222 0.0114986847097
163 223 0.0114986847097
163 224 0.0114986847097
163 225 0.0114986847097
163 226 0.0114986847097
163 227 0.0114986847097
163 228 0.0114986847097
163 229 0.0114986847097
163 230 0.0114986847097
163 231 0.0114986847097
163 232 0.0114986847097
163 233 0.0114986847097
163 234 0.0114986847097
163 235 0.0109700810318
163 236 0.0120397261211
163 237 0.00761811182766
163 238 0.0109700810318
163 239 0.0104539150876
163 240 0.0114986847097
163 241 0.0270893837725
163 242 9.95018687695e-05
163 243 0.0313493075292
163 244 0.0
163 245 0.00636811960125
163 246 2.48754671924e-05
163 247 0.00121889789243
163 248 0.0
163 249 0.0231404033557
163 250 0.0
163 251 0.0738863564281
163 252 0.0
163 253 0.0149314991822
163 254 0.0
163 255 0.000304724473107
163 256 0.0
163 257 5.59698011828e-05
163 258 0.0
163 259 9.95018687695e-05
163 260 0.0
163 261 0.000895516818925
163 262 0.0
163 263 0.000621886679809
163 264 0.0
163 265 0.025472478405
163 266 0.0
163 267 0.0035820672757
163 268 0.0
163 269 5.59698011828e-05
163 270 0.0
163 271 0.0
163 272 0.0
163 273 0.0
163 274 0.0
163 275 0.0
163 276 0.0
163 277 5.59698011828e-05
163 278 0.0
163 279 2.48754671924e-05
163 280 0.0
163 281 6.21886679809e-06
163 282 0.0
163 283 0.000895516818925
163 284 0.0
163 285 0.00388679174881
163 286 0.0
163 287 0.000752482882569
163 288 6.21886679809e-06
163 289 0.0035820672757
163 290 0.0
163 291 0.000621886679809
163 292 6.21886679809e-06
163 293 9.95018687695e-05
163 294 0.0
163 295 6.21886679809e-06
163 296 0.0
163 297 0.0
163 298 0.0
163 299 6.21886679809e-06
163 300 0.0
163 301 0.000155471669952
163 302 0.0
163 303 9.95018687695e-05
163 304 0.0
163 305 2.48754671924e-05
163 306 0.0
163 307 0.00453355389581
163 308 0.0
163 309 0.00139924502957
163 310 0.0
163 311 0.000155471669952
163 312 0.0
163 313 0.0
163 314 0.0
163 315 6.21886679809e-06
163 316 0.0
163 317 2.48754671924e-05
163 318 0.0
163 319 6.21886679809e-06
163 320 0.0
163 321 2.48754671924e-05
163 322 0.0
163 323 6.21886679809e-06
163 324 0.0
163 325 0.00139924502957
163 326 0.0
163 327 0.00139924502957
163 328 0.0
163 329 9.95018687695e-05
163 330 0.0
163 331 6.21886679809e-06
163 332 0.0
163 333 2.48754671924e-05
163 334 0.0
163 335 0.0
163 336 0.0
163 337 0.0
163 338 0.0
163 339 0.0
163 340 0.0
163 341 0.000304724473107
163 342 0.0
163 343 0.00139924502957
163 344 0.0
163 345 0.000304724473107
163 346 0.0
163 347 9.95018687695e-05
163 348 0.0
163 349 0.000895516818925
163 350 6.21886679809e-06
163 351 0.000752482882569
163 352 0.0
163 353 9.95018687695e-05
163 354 6.21886679809e-06
163 355 6.21886679809e-06
163 356 0.0
163 357 0.0
163 358 0.0
163 359 6.21886679809e-06
163 360 0.0
163 361 0.0
163 362 0.0
163 363 2.48754671924e-05
163 364 6.21886679809e-06
163 365 2.48754671924e-05
163 366 6.21886679809e-06
163 367 0.000223879204731
163 368 0.0
163 369 0.000155471669952
163 370 0.0
163 371 0.000398007475078
163 372 0.0
163 373 9.95018687695e-05
163 374 6.21886679809e-06
163 375 9.95018687695e-05
163 376 6.21886679809e-06
163 377 9.95018687695e-05
163 378 0.0
163 379 0.0
163 380 0.0
163 381 9.95018687695e-05
163 382 6.21886679809e-06
163 383 6.21886679809e-06
163 384 0.0
163 385 2.48754671924e-05
163 386 0.0
163 387 2.48754671924e-05
163 388 0.0
163 389 0.0
163 390 0.0
163 391 9.95018687695e-05
163 392 6.21886679809e-06
163 393 5.59698011828e-05
163 394 6.21886679809e-06
163 395 9.95018687695e-05
163 396 0.0
163 397 9.95018687695e-05
163 398 0.0
163 399 2.48754671924e-05
163 400 0.0
164 0 0.0
164 1 2.48754671924e-05
164 2 0.0
164 3 2.48754671924e-05
164 4 0.0
164 5 0.000155471669952
164 6 0.0
164 7 0.000304724473107
164 8 0.0
164 9 2.48754671924e-05
164 10 0.0
164 11 0.000398007475078
164 12 0.0
164 13 5.59698011828e-05
164 14 0.0
164 15 2.48754671924e-05
164 16 0.0
164 17 0.000155471669952
164 18 0.0
164 19 6.21886679809e-06
164 20 0.0
164 21 2.48754671924e-05
164 22 0.0
164 23 6.21886679809e-06
164 24 0.0
164 25 6.21886679809e-06
164 26 0.0
164 27 6.21886679809e-06
164 28 0.0
164 29 0.000304724473107
164 30 0.0
164 31 9.95018687695e-05
164 32 0.0
164 33 2.48754671924e-05
164 34 0.0
164 35 6.21886679809e-06
164 36 0.0
164 37 0.000621886679809
164 38 0.0
164 39 0.000223879204731
164 40 0.0
164 41 6.21886679809e-06
164 42 0.0
164 43 2.48754671924e-05
164 44 0.0
164 45 0.0
164 46 0.0
164 47 6.21886679809e-06
164 48 0.0
164 49 0.0
164 50 0.0
164 51 0.0
164 52 0.0
164 53 0.0
164 54 0.0
164 55 6.21886679809e-06
164 56 0.0
164 57 9.95018687695e-05
164 58 0.0
164 59 0.000155471669952
164 60 0.0
164 61 0.00121889789243
164 62 0.0
164 63 0.000155471669952
164 64 0.0
164 65 0.000223879204731
164 66 0.0
164 67 0.000398007475078
164 68 0.0
164 69 9.95018687695e-05
164 70 0.0
164 71 6.21886679809e-06
164 72 0.0
164 73 2.48754671924e-05
164 74 0.0
164 75 0.0
164 76 0.0
164 77 6.21886679809e-06
164 78 0.0
164 79 0.0
164 80 0.0
164 81 0.0
164 82 0.0
164 83 0.0
164 84 0.0
164 85 0.000304724473107
164 86 0.0
164 87 0.000621886679809
164 88 0.0
164 89 0.00179725250465
164 90 0.0
164 91 9.95018687695e-05
164 92 0.0
164 93 0.000752482882569
164 94 0.0
164 95 0.00179725250465
164 96 0.0
164 97 5.59698011828e-05
164 98 0.0
164 99 0.0
164 100 0.0
164 101 6.21886679809e-06
164 102 0.0
164 103 6.21886679809e-06
164 104 0.0
164 105 0.0
164 106 0.0
164 107 0.0
164 108 0.0
164 109 0.000304724473107
164 110 0.0
164 111 0.000155471669952
164 112 0.0
164 113 2.48754671924e-05
164 114 0.0
164 115 0.00453355389581
164 116 0.0
164 117 0.00201491284258
164 118 0.0
164 119 0.000304724473107
164 120 0.0
164 121 0.0
164 122 0.0
164 123 0.0
164 124 0.0
164 125 0.0
164 126 0.0
164 127 0.00201491284258
164 128 0.0
164 129 0.00898004365644
164 130 0.0
164 131 0.0048755915697
164 132 0.0
164 133 0.00761811182766
164 134 0.0
164 135 0.000752482882569
164 136 0.0
164 137 6.21886679809e-06
164 138 0.0
164 139 0.0
164 140 0.0
164 141 0.0
164 142 0.0
164 143 0.0
164 144 0.0
164 145 0.0
164 146 0.0
164 147 0.0
164 148 0.0
164 149 0.0
164 150 0.0
164 151 0.00453355389581
164 152 0.0
164 153 0.00677234594312
164 154 0.0
164 155 0.0195023662788
164 156 0.0
164 157 6.21886679809e-06
164 158 0.0
164 159 0.0
164 160 0.0
164 161 6.21886679809e-06
164 162 0.0
164 163 5.59698011828e-05
164 164 0.0
164 165 2.48754671924e-05
164 166 0.0
164 167 0.000155471669952
164 168 0.0
164 169 0.00201491284258
164 170 0.0
164 171 0.0223879204731
164 172 0.0
164 173 0.00718901001859
164 174 0.0
164 175 6.21886679809e-06
164 176 0.0
164 177 6.21886679809e-06
164 178 0.0
164 179 0.0
164 180 0.0
164 181 0.0503728210645
164 182 0.0
164 183 0.0672632632882
164 184 0.0
164 185 9.95018687695e-05
164 186 0.0
164 187 0.0
164 188 0.0
164 189 0.0
164 190 0.0
164 191 0.0
164 192 0.0
164 193 0.0
164 194 0.0
164 195 0.0
164 196 0.0
164 197 0.0
164 198 0.0
164 199 0.0
164 200 0.0
164 201 0.0
164 202 0.0
164 203 0.0
164 204 0.0
164 205 0.0
164 206 0.0
164 207 0.0
164 208 0.0
164 209 0.0
164 210 0.0
164 211 0.0
164 212 0.0
164 213 0.0
164 214 0.0
164 215 0.0
164 216 0.0
164 217 0.0
164 218 0.0
164 219 0.0
164 220 0.0
164 221 0.0
164 222 0.0
164 223 0.0
164 224 0.0
164 225 0.0
164 226 0.0
164 227 0.0
164 228 0.0
164 229 0.0
164 230 0.0
164 231 0.0
164 232 0.0
164 233 0.0
164 234 0.0
164 235 5.59698011828e-05
164 236 0.0
164 237 6.21886679809e-06
164 238 0.0
164 239 6.21886679809e-06
164 240 0.0
164 241 0.0155471669952
164 242 0.0
164 243 0.0313493075292
164 244 0.0
164 245 0.0048755915697
164 246 0.0
164 247 0.00121889789243
164 248 0.0
164 249 0.0216478753242
164 250 0.0
164 251 0.0738863564281
164 252 0.0
164 253 0.0149314991822
164 254 0.0
164 255 0.000304724473107
164 256 0.0
164 257 5.59698011828e-05
164 258 0.0
164 259 9.95018687695e-05
164 260 0.0
164 261 0.000895516818925
164 262 0.0
164 263 0.000621886679809
164 264 0.0
164 265 0.025472478405
164 266 0.0
164 267 0.0035820672757
164 268 0.0
164 269 5.59698011828e-05
164 270 0.0
164 271 0.0
164 272 0.0
164 273 0.0
164 274 0.0
164 275 0.0
164 276 0.0
164 277 5.59698011828e-05
164 278 0.0
164 279 2.48754671924e-05
164 280 0.0
164 281 6.21886679809e-06
164 282 0.0
164 283 0.000895516818925
164 284 0.0
164 285 0.00420395395551
164 286 0.0
164 287 0.000895516818925
164 288 0.0
164 289 0.0035820672757
164 290 0.0
164 291 0.000503728210645
164 292 0.0
164 293 9.95018687695e-05
164 294 0.0
164 295 6.21886679809e-06
164 296 0.0
164 297 0.0
164 298 0.0
164 299 6.21886679809e-06
164 300 0.0
164 301 0.000155471669952
164 302 0.0
164 303 9.95018687695e-05
164 304 0.0
164 305 2.48754671924e-05
164 306 0.0
164 307 0.00453355389581
164 308 0.0
164 309 0.00139924502957
164 310 0.0
164 311 0.000155471669952
164 312 0.0
164 313 0.0
164 314 0.0
164 315 6.21886679809e-06
164 316 0.0
164 317 2.48754671924e-05
164 318 0.0
164 319 6.21886679809e-06
164 320 0.0
164 321 2.48754671924e-05
164 322 0.0
164 323 6.21886679809e-06
164 324 0.0
164 325 0.00139924502957
164 326 0.0
164 327 0.00139924502957
164 328 0.0
164 329 9.95018687695e-05
164 330 0.0
164 331 6.21886679809e-06
164 332 0.0
164 333 2.48754671924e-05
164 334 0.0
164 335 0.0
164 336 0.0
164 337 0.0
164 338 0.0
164 339 0.0
164 340 0.0
164 341 0.000304724473107
164 342 0.0
164 343 0.00139924502957
164 344 0.0
164 345 0.000304724473107
164 346 0.0
164 347 9.95018687695e-05
164 348 0.0
164 349 0.00105098848888
164 350 0.0
164 351 0.000895516818925
164 352 0.0
164 353 0.000155471669952
164 354 0.0
164 355 6.21886679809e-06
164 356 0.0
164 357 0.0
164 358 0.0
164 359 6.21886679809e-06
164 360 0.0
164 361 0.0
164 362 0.0
164 363 2.48754671924e-05
164 364 0.0
164 365 6.21886679809e-06
164 366 0.0
164 367 0.000223879204731
164 368 0.0
164 369 0.000155471669952
164 370 0.0
164 371 0.000398007475078
164 372 0.0
164 373 0.000223879204731
164 374 0.0
164 375 9.95018687695e-05
164 376 0.0
164 377 6.21886679809e-06
164 378 0.0
164 379 0.0
164 380 0.0
164 381 5.59698011828e-05
164 382 0.0
164 383 2.48754671924e-05
164 384 0.0
164 385 5.59698011828e-05
164 386 0.0
164 387 2.48754671924e-05
164 388 0.0
164 389 0.0
164 390 0.0
164 391 9.95018687695e-05
164 392 0.0
164 393 6.21886679809e-06
164 394 0.0
164 395 5.59698011828e-05
164 396 0.0
164 397 5.59698011828e-05
164 398 0.0
164 399 2.48754671924e-05
164 400 0.0
165 0 0.0
165 1 2.48754671924e-05
165 2 0.0
165 3 2.48754671924e-05
165 4 0.0
165 5 0.000155471669952
165 6 0.0
165 7 0.000304724473107
165 8 0.0
165 9 2.48754671924e-05
165 10 0.0
165 11 0.000398007475078
165 12 0.0
165 13 2.48754671924e-05
165 14 6.21886679809e-06
165 15 5.59698011828e-05
165 16 0.0
165 17 0.000155471669952
165 18 0.0
165 19 2.48754671924e-05
165 20 6.21886679809e-06
165 21 2.48754671924e-05
165 22 0.0
165 23 6.21886679809e-06
165 24 0.0
165 25 6.21886679809e-06
165 26 0.0
165 27 6.21886679809e-06
165 28 0.0
165 29 0.000304724473107
165 30 0.0
165 31 9.95018687695e-05
165 32 0.0
165 33 2.48754671924e-05
165 34 0.0
165 35 6.21886679809e-06
165 36 6.21886679809e-06
165 37 0.000503728210645
165 38 6.21886679809e-06
165 39 0.000304724473107
165 40 6.21886679809e-06
165 41 2.48754671924e-05
165 42 0.0
165 43 5.59698011828e-05
165 44 0.0
165 45 0.0
165 46 0.0
165 47 6.21886679809e-06
165 48 0.0
165 49 0.0
165 50 0.0
165 51 0.0
165 52 0.0
165 53 0.0
165 54 0.0
165 55 6.21886679809e-06
165 56 0.0
165 57 9.95018687695e-05
165 58 0.0
165 59 0.000155471669952
165 60 6.21886679809e-06
165 61 0.00159202990031
165 62 6.21886679809e-06
165 63 0.000155471669952
165 64 0.0
165 65 0.000223879204731
165 66 0.0
165 67 0.000398007475078
165 68 0.0
165 69 9.95018687695e-05
165 70 0.0
165 71 6.21886679809e-06
165 72 0.0
165 73 2.48754671924e-05
165 74 0.0
165 75 0.0
165 76 0.0
165 77 6.21886679809e-06
165 78 0.0
165 79 0.0
165 80 0.0
165 81 0.0
165 82 0.0
165 83 0.0
165 84 0.0
165 85 0.000304724473107
165 86 0.0
165 87 0.000621886679809
165 88 0.0
165 89 0.00179725250465
165 90 0.0
165 91 9.95018687695e-05
165 92 0.0
165 93 0.000752482882569
165 94 0.0
165 95 0.00179725250465
165 96 0.0
165 97 5.59698011828e-05
165 98 0.0
165 99 0.0
165 100 0.0
165 101 6.21886679809e-06
165 102 0.0
165 103 6.21886679809e-06
165 104 0.0
165 105 0.0
165 106 0.0
165 107 0.0
165 108 0.0
165 109 0.000304724473107
165 110 0.0
165 111 0.000155471669952
165 112 0.0
165 113 2.48754671924e-05
165 114 0.0
165 115 0.00453355389581
165 116 0.0
165 117 0.00201491284258
165 118 0.0
165 119 0.000304724473107
165 120 0.0
165 121 0.0
165 122 0.0
165 123 0.0
165 124 0.0
165 125 0.0
165 126 0.0
165 127 0.00201491284258
165 128 0.0
165 129 0.00898004365644
165 130 0.0
165 131 0.0048755915697
165 132 0.0
165 133 0.00761811182766
165 134 0.0
165 135 0.000752482882569
165 136 0.0
165 137 6.21886679809e-06
165 138 0.0
165 139 0.0
165 140 0.0
165 141 0.0
165 142 0.0
165 143 0.0
165 144 0.0
165 145 0.0
165 146 0.0
165 147 0.0
165 148 0.0
165 149 0.0
165 150 0.0
165 151 0.00453355389581
165 152 0.0
165 153 0.00677234594312
165 154 0.0
165 155 0.0195023662788
165 156 0.0
165 157 6.21886679809e-06
165 158 0.0
165 159 0.0
165 160 0.0
165 161 6.21886679809e-06
165 162 0.0
165 163 5.59698011828e-05
165 164 0.0
165 165 2.48754671924e-05
165 166 0.0
165 167 0.000155471669952
165 168 0.0
165 169 0.00201491284258
165 170 0.0
165 171 0.0223879204731
165 172 0.0
165 173 0.00718901001859
165 174 0.0
165 175 6.21886679809e-06
165 176 0.0
165 177 6.21886679809e-06
165 178 0.0
165 179 0.0
165 180 0.0
165 181 0.051498435955
165 182 6.21886679809e-06
165 183 0.0711998059714
165 184 0.000304724473107
165 185 0.000155471669952
165 186 0.000398007475078
165 187 0.000398007475078
165 188 0.000398007475078
165 189 0.000398007475078
165 190 0.000398007475078
165 191 0.000398007475078
165 192 0.000503728210645
165 193 0.000621886679809
165 194 0.000621886679809
165 195 0.000621886679809
165 196 0.000621886679809
165 197 0.000621886679809
165 198 0.000621886679809
165 199 0.000621886679809
165 200 0.000621886679809
165 201 0.000621886679809
165 202 0.000621886679809
165 203 0.000621886679809
165 204 0.000621886679809
165 205 0.000621886679809
165 206 0.000621886679809
165 207 0.000621886679809
165 208 0.000621886679809
165 209 0.000621886679809
165 210 0.000621886679809
165 211 0.000621886679809
165 212 0.000621886679809
165 213 0.000621886679809
165 214 0.000621886679809
165 215 0.000621886679809
165 216 0.000621886679809
165 217 0.000621886679809
165 218 0.000621886679809
165 219 0.000621886679809
165 220 0.000621886679809
165 221 0.000621886679809
165 222 0.000621886679809
165 223 0.000621886679809
165 224 0.000621886679809
165 225 0.000621886679809
165 226 0.000621886679809
165 227 0.000621886679809
165 228 0.000621886679809
165 229 0.000621886679809
165 230 0.000621886679809
165 231 0.000621886679809
165 232 0.000621886679809
165 233 0.000621886679809
165 234 0.000503728210645
165 235 0.000895516818925
165 236 0.000503728210645
165 237 0.000223879204731
165 238 0.000398007475078
165 239 0.000223879204731
165 240 0.000398007475078
165 241 0.013737476757
165 242 0.0
165 243 0.0313493075292
165 244 0.0
165 245 0.0048755915697
165 246 6.21886679809e-06
165 247 0.00105098848888
165 248 0.0
165 249 0.0216478753242
165 250 0.0
165 251 0.0738863564281
165 252 0.0
165 253 0.0149314991822
165 254 0.0
165 255 0.000304724473107
165 256 0.0
165 257 5.59698011828e-05
165 258 0.0
165 259 9.95018687695e-05
165 260 0.0
165 261 0.000895516818925
165 262 0.0
165 263 0.000621886679809
165 264 0.0
165 265 0.025472478405
165 266 0.0
165 267 0.0035820672757
165 268 0.0
165 269 5.59698011828e-05
165 270 0.0
165 271 0.0
165 272 0.0
165 273 0.0
165 274 0.0
165 275 0.0
165 276 0.0
165 277 5.59698011828e-05
165 278 0.0
165 279 2.48754671924e-05
165 280 0.0
165 281 6.21886679809e-06
165 282 0.0
165 283 0.000895516818925
165 284 0.0
165 285 0.00420395395551
165 286 0.0
165 287 0.000895516818925
165 288 0.0
165 289 0.0035820672757
165 290 0.0
165 291 0.000503728210645
165 292 6.21886679809e-06
165 293 0.000155471669952
165 294 0.0
165 295 6.21886679809e-06
165 296 0.0
165 297 0.0
165 298 0.0
165 299 6.21886679809e-06
165 300 0.0
165 301 0.000155471669952
165 302 0.0
165 303 9.95018687695e-05
165 304 0.0
165 305 2.48754671924e-05
165 306 0.0
165 307 0.00453355389581
165 308 0.0
165 309 0.00139924502957
165 310 0.0
165 311 0.000155471669952
165 312 0.0
165 313 0.0
165 314 0.0
165 315 6.21886679809e-06
165 316 0.0
165 317 2.48754671924e-05
165 318 0.0
165 319 6.21886679809e-06
165 320 0.0
165 321 2.48754671924e-05
165 322 0.0
165 323 6.21886679809e-06
165 324 0.0
165 325 0.00139924502957
165 326 0.0
165 327 0.00139924502957
165 328 0.0
165 329 9.95018687695e-05
165 330 0.0
165 331 6.21886679809e-06
165 332 0.0
165 333 2.48754671924e-05
165 334 0.0
165 335 0.0
165 336 0.0
165 337 0.0
165 338 0.0
165 339 0.0
165 340 0.0
165 341 0.000304724473107
165 342 0.0
165 343 0.00139924502957
165 344 0.0
165 345 0.000304724473107
165 346 0.0
165 347 9.95018687695e-05
165 348 0.0
165 349 0.00105098848888
165 350 0.0
165 351 0.000895516818925
165 352 0.0
165 353 0.000155471669952
165 354 6.21886679809e-06
165 355 6.21886679809e-06
165 356 0.0
165 357 0.0
165 358 0.0
165 359 6.21886679809e-06
165 360 0.0
165 361 0.0
165 362 0.0
165 363 5.59698011828e-05
165 364 6.21886679809e-06
165 365 2.48754671924e-05
165 366 6.21886679809e-06
165 367 0.000223879204731
165 368 0.0
165 369 0.000155471669952
165 370 0.0
165 371 0.000398007475078
165 372 0.0
165 373 0.000223879204731
165 374 0.0
165 375 9.95018687695e-05
165 376 0.0
165 377 6.21886679809e-06
165 378 0.0
165 379 0.0
165 380 0.0
165 381 5.59698011828e-05
165 382 0.0
165 383 2.48754671924e-05
165 384 0.0
165 385 5.59698011828e-05
165 386 0.0
165 387 2.48754671924e-05
165 388 0.0
165 389 0.0
165 390 0.0
165 391 5.59698011828e-05
165 392 6.21886679809e-06
165 393 2.48754671924e-05
165 394 6.21886679809e-06
165 395 9.95018687695e-05
165 396 0.0
165 397 9.95018687695e-05
165 398 0.0
165 399 2.48754671924e-05
165 400 0.0
166 0 0.0
166 1 2.48754671924e-05
166 2 0.0
166 3 2.48754671924e-05
166 4 0.0
166 5 0.000155471669952
166 6 0.0
166 7 0.000304724473107
166 8 0.0
166 9 2.48754671924e-05
166 10 0.0
166 11 0.000398007475078
166 12 0.0
166 13 5.59698011828e-05
166 14 0.0
166 15 2.48754671924e-05
166 16 0.0
166 17 0.000155471669952
166 18 0.0
166 19 6.21886679809e-06
166 20 0.0
166 21 2.48754671924e-05
166 22 0.0
166 23 6.21886679809e-06
166 24 0.0
166 25 6.21886679809e-06
166 26 0.0
166 27 6.21886679809e-06
166 28 0.0
166 29 0.000304724473107
166 30 0.0
166 31 9.95018687695e-05
166 32 0.0
166 33 2.48754671924e-05
166 34 0.0
166 35 6.21886679809e-06
166 36 0.0
166 37 0.000621886679809
166 38 0.0
166 39 0.000223879204731
166 40 0.0
166 41 6.21886679809e-06
166 42 0.0
166 43 5.59698011828e-05
166 44 0.0
166 45 0.0
166 46 0.0
166 47 6.21886679809e-06
166 48 0.0
166 49 0.0
166 50 0.0
166 51 0.0
166 52 0.0
166 53 0.0
166 54 0.0
166 55 6.21886679809e-06
166 56 0.0
166 57 9.95018687695e-05
166 58 0.0
166 59 0.000155471669952
166 60 0.0
166 61 0.00121889789243
166 62 0.0
166 63 0.000155471669952
166 64 0.0
166 65 0.000223879204731
166 66 0.0
166 67 0.000398007475078
166 68 0.0
166 69 9.95018687695e-05
166 70 0.0
166 71 6.21886679809e-06
166 72 0.0
166 73 2.48754671924e-05
166 74 0.0
166 75 0.0
166 76 0.0
166 77 6.21886679809e-06
166 78 0.0
166 79 0.0
166 80 0.0
166 81 0.0
166 82 0.0
166 83 0.0
166 84 0.0
166 85 0.000304724473107
166 86 0.0
166 87 0.000621886679809
166 88 0.0
166 89 0.00179725250465
166 90 0.0
166 91 9.95018687695e-05
166 92 0.0
166 93 0.000752482882569
166 94 0.0
166 95 0.00179725250465
166 96 0.0
166 97 5.59698011828e-05
166 98 0.0
166 99 0.0
166 100 0.0
166 101 6.21886679809e-06
166 102 0.0
166 103 6.21886679809e-06
166 104 0.0
166 105 0.0
166 106 0.0
166 107 0.0
166 108 0.0
166 109 0.000304724473107
166 110 0.0
166 111 0.000155471669952
166 112 0.0
166 113 2.48754671924e-05
166 114 0.0
166 115 0.00453355389581
166 116 0.0
166 117 0.00201491284258
166 118 0.0
166 119 0.000304724473107
166 120 0.0
166 121 0.0
166 122 0.0
166 123 0.0
166 124 0.0
166 125 0.0
166 126 0.0
166 127 0.00201491284258
166 128 0.0
166 129 0.00898004365644
166 130 0.0
166 131 0.0048755915697
166 132 0.0
166 133 0.00761811182766
166 134 0.0
166 135 0.000752482882569
166 136 0.0
166 137 6.21886679809e-06
166 138 0.0
166 139 0.0
166 140 0.0
166 141 0.0
166 142 0.0
166 143 0.0
166 144 0.0
166 145 0.0
166 146 0.0
166 147 0.0
166 148 0.0
166 149 0.0
166 150 0.0
166 151 0.00453355389581
166 152 0.0
166 153 0.00677234594312
166 154 0.0
166 155 0.0195023662788
166 156 0.0
166 157 6.21886679809e-06
166 158 0.0
166 159 0.0
166 160 0.0
166 161 6.21886679809e-06
166 162 0.0
166 163 5.59698011828e-05
166 164 0.0
166 165 2.48754671924e-05
166 166 0.0
166 167 0.000155471669952
166 168 0.0
166 169 0.00201491284258
166 170 0.0
166 171 0.0223879204731
166 172 0.0
166 173 0.00718901001859
166 174 0.0
166 175 6.21886679809e-06
166 176 0.0
166 177 6.21886679809e-06
166 178 0.0
166 179 0.0
166 180 0.0
166 181 0.0503728210645
166 182 0.0
166 183 0.0672632632882
166 184 0.0
166 185 9.95018687695e-05
166 186 0.0
166 187 0.0
166 188 0.0
166 189 0.0
166 190 0.0
166 191 0.0
166 192 0.0
166 193 0.0
166 194 0.0
166 195 0.0
166 196 0.0
166 197 0.0
166 198 0.0
166 199 0.0
166 200 0.0
166 201 0.0
166 202 0.0
166 203 0.0
166 204 0.0
166 205 0.0
166 206 0.0
166 207 0.0
166 208 0.0
166 209 0.0
166 210 0.0
166 211 0.0
166 212 0.0
166 213 0.0
166 214 0.0
166 215 0.0
166 216 0.0
166 217 0.0
166 218 0.0
166 219 0.0
166 220 0.0
166 221 0.0
166 222 0.0
166 223 0.0
166 224 0.0
166 225 0.0
166 226 0.0
166 227 0.0
166 228 0.0
166 229 0.0
166 230 0.0
166 231 0.0
166 232 0.0
166 233 0.0
166 234 0.0
166 235 2.48754671924e-05
166 236 0.0
166 237 2.48754671924e-05
166 238 0.0
166 239 2.48754671924e-05
166 240 0.0
166 241 0.0155471669952
166 242 0.0
166 243 0.0313493075292
166 244 0.0
166 245 0.0048755915697
166 246 0.0
166 247 0.00121889789243
166 248 0.0
166 249 0.0216478753242
166 250 0.0
166 251 0.0738863564281
166 252 0.0
166 253 0.0149314991822
166 254 0.0
166 255 0.000304724473107
166 256 0.0
166 257 5.59698011828e-05
166 258 0.0
166 259 9.95018687695e-05
166 260 0.0
166 261 0.000895516818925
166 262 0.0
166 263 0.000621886679809
166 264 0.0
166 265 0.025472478405
166 266 0.0
166 267 0.0035820672757
166 268 0.0
166 269 5.59698011828e-05
166 270 0.0
166 271 0.0
166 272 0.0
166 273 0.0
166 274 0.0
166 275 0.0
166 276 0.0
166 277 5.59698011828e-05
166 278 0.0
166 279 2.48754671924e-05
166 280 0.0
166 281 6.21886679809e-06
166 282 0.0
166 283 0.000895516818925
166 284 0.0
166 285 0.00420395395551
166 286 0.0
166 287 0.000895516818925
166 288 0.0
166 289 0.0035820672757
166 290 0.0
166 291 0.000503728210645
166 292 0.0
166 293 9.95018687695e-05
166 294 0.0
166 295 6.21886679809e-06
166 296 0.0
166 297 0.0
166 298 0.0
166 299 6.21886679809e-06
166 300 0.0
166 301 0.000155471669952
166 302 0.0
166 303 9.95018687695e-05
166 304 0.0
166 305 2.48754671924e-05
166 306 0.0
166 307 0.00453355389581
166 308 0.0
166 309 0.00139924502957
166 310 0.0
166 311 0.000155471669952
166 312 0.0
166 313 0.0
166 314 0.0
166 315 6.21886679809e-06
166 316 0.0
166 317 2.48754671924e-05
166 318 0.0
166 319 6.21886679809e-06
166 320 0.0
166 321 2.48754671924e-05
166 322 0.0
166 323 6.21886679809e-06
166 324 0.0
166 325 0.00139924502957
166 326 0.0
166 327 0.00139924502957
166 328 0.0
166 329 9.95018687695e-05
166 330 0.0
166 331 6.21886679809e-06
166 332 0.0
166 333 2.48754671924e-05
166 334 0.0
166 335 0.0
166 336 0.0
166 337 0.0
166 338 0.0
166 339 0.0
166 340 0.0
166 341 0.000304724473107
166 342 0.0
166 343 0.00139924502957
166 344 0.0
166 345 0.000304724473107
166 346 0.0
166 347 9.95018687695e-05
166 348 0.0
166 349 0.00105098848888
166 350 0.0
166 351 0.000895516818925
166 352 0.0
166 353 0.000155471669952
166 354 0.0
166 355 6.21886679809e-06
166 356 0.0
166 357 0.0
166 358 0.0
166 359 6.21886679809e-06
166 360 0.0
166 361 0.0
166 362 0.0
166 363 2.48754671924e-05
166 364 0.0
166 365 6.21886679809e-06
166 366 0.0
166 367 0.000223879204731
166 368 0.0
166 369 0.000155471669952
166 370 0.0
166 371 0.000398007475078
166 372 0.0
166 373 0.000223879204731
166 374 0.0
166 375 9.95018687695e-05
166 376 0.0
166 377 6.21886679809e-06
166 378 0.0
166 379 0.0
166 380 0.0
166 381 5.59698011828e-05
166 382 0.0
166 383 2.48754671924e-05
166 384 0.0
166 385 5.59698011828e-05
166 386 0.0
166 387 2.48754671924e-05
166 388 0.0
166 389 0.0
166 390 0.0
166 391 9.95018687695e-05
166 392 0.0
166 393 6.21886679809e-06
166 394 0.0
166 395 5.59698011828e-05
166 396 0.0
166 397 5.59698011828e-05
166 398 0.0
166 399 2.48754671924e-05
166 400 0.0
167 0 0.0
167 1 2.48754671924e-05
167 2 0.0
167 3 2.48754671924e-05
167 4 0.0
167 5 0.000155471669952
167 6 0.0
167 7 0.000304724473107
167 8 0.0
167 9 2.48754671924e-05
167 10 0.0
167 11 0.000398007475078
167 12 0.0
167 13 5.59698011828e-05
167 14 0.0
167 15 5.59698011828e-05
167 16 6.21886679809e-06
167 17 9.95018687695e-05
167 18 6.21886679809e-06
167 19 6.21886679809e-06
167 20 0.0
167 21 6.21886679809e-06
167 22 0.0
167 23 6.21886679809e-06
167 24 0.0
167 25 6.21886679809e-06
167 26 0.0
167 27 6.21886679809e-06
167 28 0.0
167 29 0.000304724473107
167 30 0.0
167 31 9.95018687695e-05
167 32 0.0
167 33 2.48754671924e-05
167 34 0.0
167 35 6.21886679809e-06
167 36 0.0
167 37 0.000621886679809
167 38 0.0
167 39 0.000223879204731
167 40 0.0
167 41 6.21886679809e-06
167 42 6.21886679809e-06
167 43 5.59698011828e-05
167 44 0.0
167 45 0.0
167 46 0.0
167 47 6.21886679809e-06
167 48 0.0
167 49 0.0
167 50 0.0
167 51 0.0
167 52 0.0
167 53 0.0
167 54 0.0
167 55 6.21886679809e-06
167 56 0.0
167 57 9.95018687695e-05
167 58 0.0
167 59 0.000155471669952
167 60 0.0
167 61 0.00121889789243
167 62 0.0
167 63 0.000155471669952
167 64 0.0
167 65 0.000223879204731
167 66 0.0
167 67 0.000398007475078
167 68 0.0
167 69 9.95018687695e-05
167 70 0.0
167 71 6.21886679809e-06
167 72 0.0
167 73 2.48754671924e-05
167 74 0.0
167 75 0.0
167 76 0.0
167 77 6.21886679809e-06
167 78 0.0
167 79 0.0
167 80 0.0
167 81 0.0
167 82 0.0
167 83 0.0
167 84 0.0
167 85 0.000304724473107
167 86 0.0
167 87 0.000621886679809
167 88 0.0
167 89 0.00179725250465
167 90 0.0
167 91 9.95018687695e-05
167 92 0.0
167 93 0.000752482882569
167 94 0.0
167 95 0.00179725250465
167 96 0.0
167 97 5.59698011828e-05
167 98 0.0
167 99 0.0
167 100 0.0
167 101 6.21886679809e-06
167 102 0.0
167 103 6.21886679809e-06
167 104 0.0
167 105 0.0
167 106 0.0
167 107 0.0
167 108 0.0
167 109 0.000304724473107
167 110 0.0
167 111 0.000155471669952
167 112 0.0
167 113 2.48754671924e-05
167 114 0.0
167 115 0.00453355389581
167 116 0.0
167 117 0.00201491284258
167 118 0.0
167 119 0.000304724473107
167 120 0.0
167 121 0.0
167 122 0.0
167 123 0.0
167 124 0.0
167 125 0.0
167 126 0.0
167 127 0.00201491284258
167 128 0.0
167 129 0.00898004365644
167 130 0.0
167 131 0.0048755915697
167 132 0.0
167 133 0.00761811182766
167 134 0.0
167 135 0.000752482882569
167 136 0.0
167 137 6.21886679809e-06
167 138 0.0
167 139 0.0
167 140 0.0
167 141 0.0
167 142 0.0
167 143 0.0
167 144 0.0
167 145 0.0
167 146 0.0
167 147 0.0
167 148 0.0
167 149 0.0
167 150 0.0
167 151 0.00453355389581
167 152 0.0
167 153 0.00677234594312
167 154 0.0
167 155 0.0195023662788
167 156 0.0
167 157 6.21886679809e-06
167 158 0.0
167 159 0.0
167 160 0.0
167 161 6.21886679809e-06
167 162 0.0
167 163 5.59698011828e-05
167 164 0.0
167 165 2.48754671924e-05
167 166 0.0
167 167 0.000155471669952
167 168 0.0
167 169 0.00201491284258
167 170 0.0
167 171 0.0223879204731
167 172 0.0
167 173 0.00718901001859
167 174 0.0
167 175 0.0
167 176 0.0
167 177 6.21886679809e-06
167 178 6.21886679809e-06
167 179 6.21886679809e-06
167 180 6.21886679809e-06
167 181 0.0503728210645
167 182 0.0
167 183 0.065975957861
167 184 5.59698011828e-05
167 185 0.000304724473107
167 186 5.59698011828e-05
167 187 5.59698011828e-05
167 188 5.59698011828e-05
167 189 5.59698011828e-05
167 190 5.59698011828e-05
167 191 5.59698011828e-05
167 192 5.59698011828e-05
167 193 2.48754671924e-05
167 194 2.48754671924e-05
167 195 2.48754671924e-05
167 196 2.48754671924e-05
167 197 2.48754671924e-05
167 198 2.48754671924e-05
167 199 2.48754671924e-05
167 200 2.48754671924e-05
167 201 2.48754671924e-05
167 202 2.48754671924e-05
167 203 2.48754671924e-05
167 204 2.48754671924e-05
167 205 2.48754671924e-05
167 206 2.48754671924e-05
167 207 2.48754671924e-05
167 208 2.48754671924e-05
167 209 2.48754671924e-05
167 210 2.48754671924e-05
167 211 2.48754671924e-05
167 212 2.48754671924e-05
167 213 2.48754671924e-05
167 214 2.48754671924e-05
167 215 2.48754671924e-05
167 216 2.48754671924e-05
167 217 2.48754671924e-05
167 218 2.48754671924e-05
167 219 2.48754671924e-05
167 220 2.48754671924e-05
167 221 2.48754671924e-05
167 222 2.48754671924e-05
167 223 2.48754671924e-05
167 224 2.48754671924e-05
167 225 2.48754671924e-05
167 226 2.48754671924e-05
167 227 2.48754671924e-05
167 228 2.48754671924e-05
167 229 2.48754671924e-05
167 230 2.48754671924e-05
167 231 2.48754671924e-05
167 232 2.48754671924e-05
167 233 2.48754671924e-05
167 234 5.59698011828e-05
167 235 6.21886679809e-06
167 236 5.59698011828e-05
167 237 0.000155471669952
167 238 5.59698011828e-05
167 239 0.000155471669952
167 240 5.59698011828e-05
167 241 0.016815815822
167 242 6.21886679809e-06
167 243 0.0313493075292
167 244 0.0
167 245 0.0048755915697
167 246 0.0
167 247 0.00121889789243
167 248 0.0
167 249 0.0223879204731
167 250 6.21886679809e-06
167 251 0.0738863564281
167 252 0.0
167 253 0.0149314991822
167 254 0.0
167 255 0.000304724473107
167 256 0.0
167 257 5.59698011828e-05
167 258 0.0
167 259 9.95018687695e-05
167 260 0.0
167 261 0.000895516818925
167 262 0.0
167 263 0.000621886679809
167 264 0.0
167 265 0.025472478405
167 266 0.0
167 267 0.0035820672757
167 268 0.0
167 269 5.59698011828e-05
167 270 0.0
167 271 0.0
167 272 0.0
167 273 0.0
167 274 0.0
167 275 0.0
167 276 0.0
167 277 5.59698011828e-05
167 278 0.0
167 279 2.48754671924e-05
167 280 0.0
167 281 6.21886679809e-06
167 282 0.0
167 283 0.000895516818925
167 284 0.0
167 285 0.00420395395551
167 286 0.0
167 287 0.000752482882569
167 288 6.21886679809e-06
167 289 0.00388679174881
167 290 0.0
167 291 0.000621886679809
167 292 0.0
167 293 9.95018687695e-05
167 294 0.0
167 295 6.21886679809e-06
167 296 0.0
167 297 0.0
167 298 0.0
167 299 6.21886679809e-06
167 300 0.0
167 301 0.000155471669952
167 302 0.0
167 303 9.95018687695e-05
167 304 0.0
167 305 2.48754671924e-05
167 306 0.0
167 307 0.00453355389581
167 308 0.0
167 309 0.00139924502957
167 310 0.0
167 311 0.000155471669952
167 312 0.0
167 313 0.0
167 314 0.0
167 315 6.21886679809e-06
167 316 0.0
167 317 2.48754671924e-05
167 318 0.0
167 319 6.21886679809e-06
167 320 0.0
167 321 2.48754671924e-05
167 322 0.0
167 323 6.21886679809e-06
167 324 0.0
167 325 0.00139924502957
167 326 0.0
167 327 0.00139924502957
167 328 0.0
167 329 9.95018687695e-05
167 330 0.0
167 331 6.21886679809e-06
167 332 0.0
167 333 2.48754671924e-05
167 334 0.0
167 335 0.0
167 336 0.0
167 337 0.0
167 338 0.0
167 339 0.0
167 340 0.0
167 341 0.000304724473107
167 342 0.0
167 343 0.00139924502957
167 344 0.0
167 345 0.000304724473107
167 346 0.0
167 347 9.95018687695e-05
167 348 0.0
167 349 0.000895516818925
167 350 6.21886679809e-06
167 351 0.00105098848888
167 352 0.0
167 353 0.000155471669952
167 354 0.0
167 355 6.21886679809e-06
167 356 0.0
167 357 0.0
167 358 0.0
167 359 6.21886679809e-06
167 360 0.0
167 361 0.0
167 362 0.0
167 363 2.48754671924e-05
167 364 0.0
167 365 6.21886679809e-06
167 366 0.0
167 367 0.000223879204731
167 368 0.0
167 369 0.000223879204731
167 370 6.21886679809e-06
167 371 0.000304724473107
167 372 0.0
167 373 0.000155471669952
167 374 6.21886679809e-06
167 375 0.000155471669952
167 376 6.21886679809e-06
167 377 0.0
167 378 6.21886679809e-06
167 379 6.21886679809e-06
167 380 6.21886679809e-06
167 381 2.48754671924e-05
167 382 6.21886679809e-06
167 383 5.59698011828e-05
167 384 6.21886679809e-06
167 385 2.48754671924e-05
167 386 0.0
167 387 2.48754671924e-05
167 388 0.0
167 389 0.0
167 390 0.0
167 391 9.95018687695e-05
167 392 0.0
167 393 6.21886679809e-06
167 394 0.0
167 395 9.95018687695e-05
167 396 6.21886679809e-06
167 397 5.59698011828e-05
167 398 0.0
167 399 2.48754671924e-05
167 400 0.0
168 0 0.0
168 1 2.48754671924e-05
168 2 0.0
168 3 2.48754671924e-05
168 4 0.0
168 5 0.000155471669952
168 6 0.0
168 7 0.000304724473107
168 8 0.0
168 9 2.48754671924e-05
168 10 0.0
168 11 0.000398007475078
168 12 0.0
168 13 5.59698011828e-05
168 14 0.0
168 15 2.48754671924e-05
168 16 0.0
168 17 0.000155471669952
168 18 0.0
168 19 6.21886679809e-06
168 20 0.0
168 21 2.48754671924e-05
168 22 0.0
168 23 6.21886679809e-06
168 24 0.0
168 25 6.21886679809e-06
168 26 0.0
168 27 6.21886679809e-06
168 28 0.0
168 29 0.000304724473107
168 30 0.0
168 31 9.95018687695e-05
168 32 0.0
168 33 2.48754671924e-05
168 34 0.0
168 35 6.21886679809e-06
168 36 0.0
168 37 0.000621886679809
168 38 0.0
168 39 0.000223879204731
168 40 0.0
168 41 6.21886679809e-06
168 42 0.0
168 43 5.59698011828e-05
168 44 0.0
168 45 0.0
168 46 0.0
168 47 6.21886679809e-06
168 48 0.0
168 49 0.0
168 50 0.0
168 51 0.0
168 52 0.0
168 53 0.0
168 54 0.0
168 55 6.21886679809e-06
168 56 0.0
168 57 9.95018687695e-05
168 58 0.0
168 59 0.000155471669952
168 60 0.0
168 61 0.00121889789243
168 62 0.0
168 63 0.000155471669952
168 64 0.0
168 65 0.000223879204731
168 66 0.0
168 67 0.000398007475078
168 68 0.0
168 69 9.95018687695e-05
168 70 0.0
168 71 6.21886679809e-06
168 72 0.0
168 73 2.48754671924e-05
168 74 0.0
168 75 0.0
168 76 0.0
168 77 6.21886679809e-06
168 78 0.0
168 79 0.0
168 80 0.0
168 81 0.0
168 82 0.0
168 83 0.0
168 84 0.0
168 85 0.000304724473107
168 86 0.0
168 87 0.000621886679809
168 88 0.0
168 89 0.00179725250465
168 90 0.0
168 91 9.95018687695e-05
168 92 0.0
168 93 0.000752482882569
168 94 0.0
168 95 0.00179725250465
168 96 0.0
168 97 5.59698011828e-05
168 98 0.0
168 99 0.0
168 100 0.0
168 101 6.21886679809e-06
168 102 0.0
168 103 6.21886679809e-06
168 104 0.0
168 105 0.0
168 106 0.0
168 107 0.0
168 108 0.0
168 109 0.000304724473107
168 110 0.0
168 111 0.000155471669952
168 112 0.0
168 113 2.48754671924e-05
168 114 0.0
168 115 0.00453355389581
168 116 0.0
168 117 0.00201491284258
168 118 0.0
168 119 0.000304724473107
168 120 0.0
168 121 0.0
168 122 0.0
168 123 0.0
168 124 0.0
168 125 0.0
168 126 0.0
168 127 0.00201491284258
168 128 0.0
168 129 0.00898004365644
168 130 0.0
168 131 0.0048755915697
168 132 0.0
168 133 0.00761811182766
168 134 0.0
168 135 0.000752482882569
168 136 0.0
168 137 6.21886679809e-06
168 138 0.0
168 139 0.0
168 140 0.0
168 141 0.0
168 142 0.0
168 143 0.0
168 144 0.0
168 145 0.0
168 146 0.0
168 147 0.0
168 148 0.0
168 149 0.0
168 150 0.0
168 151 0.00453355389581
168 152 0.0
168 153 0.00677234594312
168 154 0.0
168 155 0.0195023662788
168 156 0.0
168 157 6.21886679809e-06
168 158 0.0
168 159 0.0
168 160 0.0
168 161 6.21886679809e-06
168 162 0.0
168 163 5.59698011828e-05
168 164 0.0
168 165 2.48754671924e-05
168 166 0.0
168 167 0.000155471669952
168 168 0.0
168 169 0.00201491284258
168 170 0.0
168 171 0.0223879204731
168 172 0.0
168 173 0.00718901001859
168 174 0.0
168 175 6.21886679809e-06
168 176 0.0
168 177 6.21886679809e-06
168 178 0.0
168 179 0.0
168 180 0.0
168 181 0.0503728210645
168 182 0.0
168 183 0.0672632632882
168 184 0.0
168 185 9.95018687695e-05
168 186 0.0
168 187 0.0
168 188 0.0
168 189 0.0
168 190 0.0
168 191 0.0
168 192 0.0
168 193 0.0
168 194 0.0
168 195 0.0
168 196 0.0
168 197 0.0
168 198 0.0
168 199 0.0
168 200 0.0
168 201 0.0
168 202 0.0
168 203 0.0
168 204 0.0
168 205 0.0
168 206 0.0
168 207 0.0
168 208 0.0
168 209 0.0
168 210 0.0
168 211 0.0
168 212 0.0
168 213 0.0
168 214 0.0
168 215 0.0
168 216 0.0
168 217 0.0
168 218 0.0
168 219 0.0
168 220 0.0
168 221 0.0
168 222 0.0
168 223 0.0
168 224 0.0
168 225 0.0
168 226 0.0
168 227 0.0
168 228 0.0
168 229 0.0
168 230 0.0
168 231 0.0
168 232 0.0
168 233 0.0
168 234 0.0
168 235 2.48754671924e-05
168 236 0.0
168 237 2.48754671924e-05
168 238 0.0
168 239 2.48754671924e-05
168 240 0.0
168 241 0.0155471669952
168 242 0.0
168 243 0.0313493075292
168 244 0.0
168 245 0.0048755915697
168 246 0.0
168 247 0.00121889789243
168 248 0.0
168 249 0.0216478753242
168 250 0.0
168 251 0.0738863564281
168 252 0.0
168 253 0.0149314991822
168 254 0.0
168 255 0.000304724473107
168 256 0.0
168 257 5.59698011828e-05
168 258 0.0
168 259 9.95018687695e-05
168 260 0.0
168 261 0.000895516818925
168 262 0.0
168 263 0.000621886679809
168 264 0.0
168 265 0.025472478405
168 266 0.0
168 267 0.0035820672757
168 268 0.0
168 269 5.59698011828e-05
168 270 0.0
168 271 0.0
168 272 0.0
168 273 0.0
168 274 0.0
168 275 0.0
168 276 0.0
168 277 5.59698011828e-05
168 278 0.0
168 279 2.48754671924e-05
168 280 0.0
168 281 6.21886679809e-06
168 282 0.0
168 283 0.000895516818925
168 284 0.0
168 285 0.00420395395551
168 286 0.0
168 287 0.000895516818925
168 288 0.0
168 289 0.0035820672757
168 290 0.0
168 291 0.000503728210645
168 292 0.0
168 293 9.95018687695e-05
168 294 0.0
168 295 6.21886679809e-06
168 296 0.0
168 297 0.0
168 298 0.0
168 299 6.21886679809e-06
168 300 0.0
168 301 0.000155471669952
168 302 0.0
168 303 9.95018687695e-05
168 304 0.0
168 305 2.48754671924e-05
168 306 0.0
168 307 0.00453355389581
168 308 0.0
168 309 0.00139924502957
168 310 0.0
168 311 0.000155471669952
168 312 0.0
168 313 0.0
168 314 0.0
168 315 6.21886679809e-06
168 316 0.0
168 317 2.48754671924e-05
168 318 0.0
168 319 6.21886679809e-06
168 320 0.0
168 321 2.48754671924e-05
168 322 0.0
168 323 6.21886679809e-06
168 324 0.0
168 325 0.00139924502957
168 326 0.0
168 327 0.00139924502957
168 328 0.0
168 329 9.95018687695e-05
168 330 0.0
168 331 6.21886679809e-06
168 332 0.0
168 333 2.48754671924e-05
168 334 0.0
168 335 0.0
168 336 0.0
168 337 0.0
168 338 0.0
168 339 0.0
168 340 0.0
168 341 0.000304724473107
168 342 0.0
168 343 0.00139924502957
168 344 0.0
168 345 0.000304724473107
168 346 0.0
168 347 9.95018687695e-05
168 348 0.0
168 349 0.00105098848888
168 350 0.0
168 351 0.000895516818925
168 352 0.0
168 353 0.000155471669952
168 354 0.0
168 355 6.21886679809e-06
168 356 0.0
168 357 0.0
168 358 0.0
168 359 6.21886679809e-06
168 360 0.0
168 361 0.0
168 362 0.0
168 363 2.48754671924e-05
168 364 0.0
168 365 6.21886679809e-06
168 366 0.0
168 367 0.000223879204731
168 368 0.0
168 369 0.000155471669952
168 370 0.0
168 371 0.000398007475078
168 372 0.0
168 373 0.000223879204731
168 374 0.0
168 375 9.95018687695e-05
168 376 0.0
168 377 6.21886679809e-06
168 378 0.0
168 379 0.0
168 380 0.0
168 381 5.59698011828e-05
168 382 0.0
168 383 2.48754671924e-05
168 384 0.0
168 385 5.59698011828e-05
168 386 0.0
168 387 2.48754671924e-05
168 388 0.0
168 389 0.0
168 390 0.0
168 391 9.95018687695e-05
168 392 0.0
168 393 6.21886679809e-06
168 394 0.0
168 395 5.59698011828e-05
168 396 0.0
168 397 5.59698011828e-05
168 398 0.0
168 399 2.48754671924e-05
168 400 0.0
169 0 0.0
169 1 2.48754671924e-05
169 2 0.0
169 3 2.48754671924e-05
169 4 0.0
169 5 0.000155471669952
169 6 0.0
169 7 0.000304724473107
169 8 0.0
169 9 2.48754671924e-05
169 10 0.0
169 11 0.000398007475078
169 12 0.0
169 13 2.48754671924e-05
169 14 6.21886679809e-06
169 15 5.59698011828e-05
169 16 0.0
169 17 0.000155471669952
169 18 0.0
169 19 2.48754671924e-05
169 20 6.21886679809e-06
169 21 2.48754671924e-05
169 22 0.0
169 23 6.21886679809e-06
169 24 0.0
169 25 6.21886679809e-06
169 26 0.0
169 27 6.21886679809e-06
169 28 0.0
169 29 0.000304724473107
169 30 0.0
169 31 9.95018687695e-05
169 32 0.0
169 33 2.48754671924e-05
169 34 0.0
169 35 6.21886679809e-06
169 36 0.0
169 37 0.000621886679809
169 38 0.0
169 39 0.000223879204731
169 40 0.0
169 41 6.21886679809e-06
169 42 0.0
169 43 5.59698011828e-05
169 44 0.0
169 45 0.0
169 46 0.0
169 47 6.21886679809e-06
169 48 0.0
169 49 0.0
169 50 0.0
169 51 0.0
169 52 0.0
169 53 0.0
169 54 0.0
169 55 6.21886679809e-06
169 56 0.0
169 57 9.95018687695e-05
169 58 0.0
169 59 0.000155471669952
169 60 0.0
169 61 0.00121889789243
169 62 0.0
169 63 0.000155471669952
169 64 0.0
169 65 0.000223879204731
169 66 0.0
169 67 0.000398007475078
169 68 0.0
169 69 9.95018687695e-05
169 70 0.0
169 71 6.21886679809e-06
169 72 0.0
169 73 2.48754671924e-05
169 74 0.0
169 75 0.0
169 76 0.0
169 77 6.21886679809e-06
169 78 0.0
169 79 0.0
169 80 0.0
169 81 0.0
169 82 0.0
169 83 0.0
169 84 0.0
169 85 0.000304724473107
169 86 0.0
169 87 0.000621886679809
169 88 0.0
169 89 0.00179725250465
169 90 0.0
169 91 9.95018687695e-05
169 92 0.0
169 93 0.000752482882569
169 94 0.0
169 95 0.00179725250465
169 96 0.0
169 97 5.59698011828e-05
169 98 0.0
169 99 0.0
169 100 0.0
169 101 6.21886679809e-06
169 102 0.0
169 103 6.21886679809e-06
169 104 0.0
169 105 0.0
169 106 0.0
169 107 0.0
169 108 0.0
169 109 0.000304724473107
169 110 0.0
169 111 0.000155471669952
169 112 0.0
169 113 2.48754671924e-05
169 114 0.0
169 115 0.00453355389581
169 116 0.0
169 117 0.00201491284258
169 118 0.0
169 119 0.000304724473107
169 120 0.0
169 121 0.0
169 122 0.0
169 123 0.0
169 124 0.0
169 125 0.0
169 126 0.0
169 127 0.00201491284258
169 128 0.0
169 129 0.0094588963999
169 130 6.21886679809e-06
169 131 0.0048755915697
169 132 0.0
169 133 0.00718901001859
169 134 6.21886679809e-06
169 135 0.000895516818925
169 136 0.0
169 137 6.21886679809e-06
169 138 0.0
169 139 0.0
169 140 0.0
169 141 0.0
169 142 0.0
169 143 0.0
169 144 0.0
169 145 0.0
169 146 0.0
169 147 0.0
169 148 0.0
169 149 0.0
169 150 0.0
169 151 0.00453355389581
169 152 0.0
169 153 0.00677234594312
169 154 0.0
169 155 0.0195023662788
169 156 0.0
169 157 6.21886679809e-06
169 158 0.0
169 159 0.0
169 160 0.0
169 161 6.21886679809e-06
169 162 0.0
169 163 5.59698011828e-05
169 164 0.0
169 165 2.48754671924e-05
169 166 0.0
169 167 0.000155471669952
169 168 0.0
169 169 0.00201491284258
169 170 0.0
169 171 0.0223879204731
169 172 0.0
169 173 0.00718901001859
169 174 0.0
169 175 6.21886679809e-06
169 176 0.0
169 177 6.21886679809e-06
169 178 0.0
169 179 0.0
169 180 0.0
169 181 0.0503728210645
169 182 0.0
169 183 0.0672632632882
169 184 0.0
169 185 9.95018687695e-05
169 186 6.21886679809e-06
169 187 6.21886679809e-06
169 188 0.0
169 189 0.0
169 190 2.48754671924e-05
169 191 0.000304724473107
169 192 0.00139924502957
169 193 0.000155471669952
169 194 6.21886679809e-06
169 195 5.59698011828e-05
169 196 6.21886679809e-06
169 197 6.21886679809e-06
169 198 6.21886679809e-06
169 199 6.21886679809e-06
169 200 6.21886679809e-06
169 201 6.21886679809e-06
169 202 6.21886679809e-06
169 203 6.21886679809e-06
169 204 6.21886679809e-06
169 205 6.21886679809e-06
169 206 6.21886679809e-06
169 207 6.21886679809e-06
169 208 6.21886679809e-06
169 209 6.21886679809e-06
169 210 6.21886679809e-06
169 211 6.21886679809e-06
169 212 6.21886679809e-06
169 213 6.21886679809e-06
169 214 6.21886679809e-06
169 215 6.21886679809e-06
169 216 6.21886679809e-06
169 217 6.21886679809e-06
169 218 6.21886679809e-06
169 219 6.21886679809e-06
169 220 6.21886679809e-06
169 221 6.21886679809e-06
169 222 6.21886679809e-06
169 223 6.21886679809e-06
169 224 6.21886679809e-06
169 225 6.21886679809e-06
169 226 6.21886679809e-06
169 227 6.21886679809e-06
169 228 6.21886679809e-06
169 229 6.21886679809e-06
169 230 0.0
169 231 0.0
169 232 0.0
169 233 6.21886679809e-06
169 234 0.0
169 235 0.000503728210645
169 236 0.000398007475078
169 237 2.48754671924e-05
169 238 6.21886679809e-06
169 239 9.95018687695e-05
169 240 0.0
169 241 0.0161752725418
169 242 6.21886679809e-06
169 243 0.0313493075292
169 244 0.0
169 245 0.0048755915697
169 246 0.0
169 247 0.00121889789243
169 248 0.0
169 249 0.0216478753242
169 250 0.0
169 251 0.0738863564281
169 252 0.0
169 253 0.0149314991822
169 254 0.0
169 255 0.000304724473107
169 256 0.0
169 257 5.59698011828e-05
169 258 0.0
169 259 9.95018687695e-05
169 260 0.0
169 261 0.000895516818925
169 262 0.0
169 263 0.000621886679809
169 264 0.0
169 265 0.025472478405
169 266 0.0
169 267 0.0035820672757
169 268 0.0
169 269 5.59698011828e-05
169 270 0.0
169 271 0.0
169 272 0.0
169 273 0.0
169 274 0.0
169 275 0.0
169 276 0.0
169 277 5.59698011828e-05
169 278 0.0
169 279 2.48754671924e-05
169 280 0.0
169 281 6.21886679809e-06
169 282 0.0
169 283 0.000895516818925
169 284 0.0
169 285 0.00420395395551
169 286 0.0
169 287 0.000895516818925
169 288 0.0
169 289 0.0035820672757
169 290 0.0
169 291 0.000503728210645
169 292 6.21886679809e-06
169 293 0.000155471669952
169 294 0.0
169 295 6.21886679809e-06
169 296 0.0
169 297 0.0
169 298 0.0
169 299 6.21886679809e-06
169 300 0.0
169 301 0.000155471669952
169 302 0.0
169 303 9.95018687695e-05
169 304 6.21886679809e-06
169 305 6.21886679809e-06
169 306 0.0
169 307 0.00453355389581
169 308 0.0
169 309 0.00139924502957
169 310 0.0
169 311 0.000155471669952
169 312 0.0
169 313 0.0
169 314 0.0
169 315 6.21886679809e-06
169 316 0.0
169 317 2.48754671924e-05
169 318 0.0
169 319 6.21886679809e-06
169 320 0.0
169 321 2.48754671924e-05
169 322 0.0
169 323 6.21886679809e-06
169 324 0.0
169 325 0.00139924502957
169 326 0.0
169 327 0.00139924502957
169 328 0.0
169 329 9.95018687695e-05
169 330 0.0
169 331 6.21886679809e-06
169 332 0.0
169 333 2.48754671924e-05
169 334 0.0
169 335 0.0
169 336 0.0
169 337 0.0
169 338 0.0
169 339 0.0
169 340 0.0
169 341 0.000304724473107
169 342 0.0
169 343 0.00139924502957
169 344 0.0
169 345 0.000304724473107
169 346 0.0
169 347 9.95018687695e-05
169 348 0.0
169 349 0.00105098848888
169 350 0.0
169 351 0.000895516818925
169 352 0.0
169 353 0.000155471669952
169 354 6.21886679809e-06
169 355 6.21886679809e-06
169 356 0.0
169 357 0.0
169 358 0.0
169 359 6.21886679809e-06
169 360 0.0
169 361 0.0
169 362 0.0
169 363 5.59698011828e-05
169 364 6.21886679809e-06
169 365 2.48754671924e-05
169 366 6.21886679809e-06
169 367 0.000223879204731
169 368 0.0
169 369 0.000155471669952
169 370 0.0
169 371 0.000398007475078
169 372 0.0
169 373 0.000155471669952
169 374 6.21886679809e-06
169 375 9.95018687695e-05
169 376 0.0
169 377 6.21886679809e-06
169 378 0.0
169 379 0.0
169 380 0.0
169 381 5.59698011828e-05
169 382 0.0
169 383 2.48754671924e-05
169 384 0.0
169 385 5.59698011828e-05
169 386 0.0
169 387 2.48754671924e-05
169 388 0.0
169 389 0.0
169 390 0.0
169 391 9.95018687695e-05
169 392 0.0
169 393 6.21886679809e-06
169 394 6.21886679809e-06
169 395 9.95018687695e-05
169 396 0.0
169 397 9.95018687695e-05
169 398 0.0
169 399 2.48754671924e-05
169 400 0.0
170 0 0.0
170 1 2.48754671924e-05
170 2 0.0
170 3 2.48754671924e-05
170 4 0.0
170 5 0.000155471669952
170 6 0.0
170 7 0.000304724473107
170 8 0.0
170 9 2.48754671924e-05
170 10 0.0
170 11 0.000398007475078
170 12 0.0
170 13 5.59698011828e-05
170 14 0.0
170 15 2.48754671924e-05
170 16 0.0
170 17 0.000155471669952
170 18 0.0
170 19 6.21886679809e-06
170 20 0.0
170 21 2.48754671924e-05
170 22 0.0
170 23 6.21886679809e-06
170 24 0.0
170 25 6.21886679809e-06
170 26 0.0
170 27 6.21886679809e-06
170 28 0.0
170 29 0.000304724473107
170 30 0.0
170 31 9.95018687695e-05
170 32 0.0
170 33 2.48754671924e-05
170 34 0.0
170 35 6.21886679809e-06
170 36 0.0
170 37 0.000621886679809
170 38 0.0
170 39 0.000223879204731
170 40 0.0
170 41 6.21886679809e-06
170 42 0.0
170 43 5.59698011828e-05
170 44 0.0
170 45 0.0
170 46 0.0
170 47 6.21886679809e-06
170 48 0.0
170 49 0.0
170 50 0.0
170 51 0.0
170 52 0.0
170 53 0.0
170 54 0.0
170 55 6.21886679809e-06
170 56 0.0
170 57 9.95018687695e-05
170 58 0.0
170 59 0.000155471669952
170 60 0.0
170 61 0.00121889789243
170 62 0.0
170 63 0.000155471669952
170 64 0.0
170 65 0.000223879204731
170 66 0.0
170 67 0.000398007475078
170 68 0.0
170 69 9.95018687695e-05
170 70 0.0
170 71 6.21886679809e-06
170 72 0.0
170 73 2.48754671924e-05
170 74 0.0
170 75 0.0
170 76 0.0
170 77 6.21886679809e-06
170 78 0.0
170 79 0.0
170 80 0.0
170 81 0.0
170 82 0.0
170 83 0.0
170 84 0.0
170 85 0.000304724473107
170 86 0.0
170 87 0.000621886679809
170 88 0.0
170 89 0.00179725250465
170 90 0.0
170 91 9.95018687695e-05
170 92 0.0
170 93 0.000752482882569
170 94 0.0
170 95 0.00179725250465
170 96 0.0
170 97 5.59698011828e-05
170 98 0.0
170 99 0.0
170 100 0.0
170 101 6.21886679809e-06
170 102 0.0
170 103 6.21886679809e-06
170 104 0.0
170 105 0.0
170 106 0.0
170 107 0.0
170 108 0.0
170 109 0.000304724473107
170 110 0.0
170 111 0.000155471669952
170 112 0.0
170 113 2.48754671924e-05
170 114 0.0
170 115 0.00453355389581
170 116 0.0
170 117 0.00201491284258
170 118 0.0
170 119 0.000304724473107
170 120 0.0
170 121 0.0
170 122 0.0
170 123 0.0
170 124 0.0
170 125 0.0
170 126 0.0
170 127 0.00201491284258
170 128 0.0
170 129 0.00898004365644
170 130 0.0
170 131 0.0048755915697
170 132 0.0
170 133 0.00761811182766
170 134 0.0
170 135 0.000752482882569
170 136 0.0
170 137 6.21886679809e-06
170 138 0.0
170 139 0.0
170 140 0.0
170 141 0.0
170 142 0.0
170 143 0.0
170 144 0.0
170 145 0.0
170 146 0.0
170 147 0.0
170 148 0.0
170 149 0.0
170 150 0.0
170 151 0.00453355389581
170 152 0.0
170 153 0.00677234594312
170 154 0.0
170 155 0.0195023662788
170 156 0.0
170 157 6.21886679809e-06
170 158 0.0
170 159 0.0
170 160 0.0
170 161 6.21886679809e-06
170 162 0.0
170 163 5.59698011828e-05
170 164 0.0
170 165 2.48754671924e-05
170 166 0.0
170 167 0.000155471669952
170 168 0.0
170 169 0.00201491284258
170 170 0.0
170 171 0.0223879204731
170 172 0.0
170 173 0.00718901001859
170 174 0.0
170 175 6.21886679809e-06
170 176 0.0
170 177 6.21886679809e-06
170 178 0.0
170 179 0.0
170 180 0.0
170 181 0.0503728210645
170 182 0.0
170 183 0.0672632632882
170 184 0.0
170 185 9.95018687695e-05
170 186 0.0
170 187 6.21886679809e-06
170 188 0.0
170 189 0.0
170 190 0.0
170 191 5.59698011828e-05
170 192 0.0
170 193 9.95018687695e-05
170 194 0.0
170 195 6.21886679809e-06
170 196 0.0
170 197 0.0
170 198 0.0
170 199 0.0
170 200 0.0
170 201 0.0
170 202 0.0
170 203 0.0
170 204 0.0
170 205 0.0
170 206 0.0
170 207 0.0
170 208 0.0
170 209 0.0
170 210 0.0
170 211 0.0
170 212 0.0
170 213 0.0
170 214 0.0
170 215 0.0
170 216 0.0
170 217 0.0
170 218 0.0
170 219 0.0
170 220 0.0
170 221 0.0
170 222 0.0
170 223 0.0
170 224 0.0
170 225 0.0
170 226 0.0
170 227 0.0
170 228 0.0
170 229 6.21886679809e-06
170 230 0.0
170 231 0.0
170 232 0.0
170 233 6.21886679809e-06
170 234 0.0
170 235 5.59698011828e-05
170 236 0.0
170 237 0.0
170 238 0.0
170 239 2.48754671924e-05
170 240 0.0
170 241 0.0155471669952
170 242 0.0
170 243 0.0313493075292
170 244 0.0
170 245 0.0048755915697
170 246 0.0
170 247 0.00121889789243
170 248 0.0
170 249 0.0216478753242
170 250 0.0
170 251 0.0738863564281
170 252 0.0
170 253 0.0149314991822
170 254 0.0
170 255 0.000304724473107
170 256 0.0
170 257 5.59698011828e-05
170 258 0.0
170 259 9.95018687695e-05
170 260 0.0
170 261 0.000895516818925
170 262 0.0
170 263 0.000621886679809
170 264 0.0
170 265 0.025472478405
170 266 0.0
170 267 0.0035820672757
170 268 0.0
170 269 5.59698011828e-05
170 270 0.0
170 271 0.0
170 272 0.0
170 273 0.0
170 274 0.0
170 275 0.0
170 276 0.0
170 277 5.59698011828e-05
170 278 0.0
170 279 2.48754671924e-05
170 280 0.0
170 281 6.21886679809e-06
170 282 0.0
170 283 0.000895516818925
170 284 0.0
170 285 0.00420395395551
170 286 0.0
170 287 0.000895516818925
170 288 0.0
170 289 0.0035820672757
170 290 0.0
170 291 0.000503728210645
170 292 0.0
170 293 9.95018687695e-05
170 294 0.0
170 295 6.21886679809e-06
170 296 0.0
170 297 0.0
170 298 0.0
170 299 6.21886679809e-06
170 300 0.0
170 301 0.000155471669952
170 302 0.0
170 303 9.95018687695e-05
170 304 0.0
170 305 2.48754671924e-05
170 306 0.0
170 307 0.00453355389581
170 308 0.0
170 309 0.00139924502957
170 310 0.0
170 311 0.000155471669952
170 312 0.0
170 313 0.0
170 314 0.0
170 315 6.21886679809e-06
170 316 0.0
170 317 2.48754671924e-05
170 318 0.0
170 319 6.21886679809e-06
170 320 0.0
170 321 2.48754671924e-05
170 322 0.0
170 323 6.21886679809e-06
170 324 0.0
170 325 0.00139924502957
170 326 0.0
170 327 0.00139924502957
170 328 0.0
170 329 9.95018687695e-05
170 330 0.0
170 331 6.21886679809e-06
170 332 0.0
170 333 2.48754671924e-05
170 334 0.0
170 335 0.0
170 336 0.0
170 337 0.0
170 338 0.0
170 339 0.0
170 340 0.0
170 341 0.000304724473107
170 342 0.0
170 343 0.00139924502957
170 344 0.0
170 345 0.000304724473107
170 346 0.0
170 347 9.95018687695e-05
170 348 0.0
170 349 0.00105098848888
170 350 0.0
170 351 0.000895516818925
170 352 0.0
170 353 0.000155471669952
170 354 0.0
170 355 6.21886679809e-06
170 356 0.0
170 357 0.0
170 358 0.0
170 359 6.21886679809e-06
170 360 0.0
170 361 0.0
170 362 0.0
170 363 2.48754671924e-05
170 364 0.0
170 365 6.21886679809e-06
170 366 0.0
170 367 0.000223879204731
170 368 0.0
170 369 0.000223879204731
170 370 0.0
170 371 0.000398007475078
170 372 0.0
170 373 0.000223879204731
170 374 0.0
170 375 9.95018687695e-05
170 376 0.0
170 377 6.21886679809e-06
170 378 0.0
170 379 0.0
170 380 0.0
170 381 5.59698011828e-05
170 382 0.0
170 383 2.48754671924e-05
170 384 0.0
170 385 5.59698011828e-05
170 386 0.0
170 387 2.48754671924e-05
170 388 0.0
170 389 0.0
170 390 0.0
170 391 9.95018687695e-05
170 392 0.0
170 393 6.21886679809e-06
170 394 0.0
170 395 5.59698011828e-05
170 396 0.0
170 397 5.59698011828e-05
170 398 0.0
170 399 2.48754671924e-05
170 400 0.0
171 0 0.0
171 1 2.48754671924e-05
171 2 0.0
171 3 2.48754671924e-05
171 4 0.0
171 5 0.000155471669952
171 6 0.0
171 7 0.000304724473107
171 8 0.0
171 9 2.48754671924e-05
171 10 0.0
171 11 0.000398007475078
171 12 0.0
171 13 5.59698011828e-05
171 14 6.21886679809e-06
171 15 9.95018687695e-05
171 16 0.0
171 17 0.000155471669952
171 18 0.0
171 19 6.21886679809e-06
171 20 6.21886679809e-06
171 21 6.21886679809e-06
171 22 0.0
171 23 6.21886679809e-06
171 24 0.0
171 25 6.21886679809e-06
171 26 0.0
171 27 6.21886679809e-06
171 28 0.0
171 29 0.000304724473107
171 30 0.0
171 31 9.95018687695e-05
171 32 0.0
171 33 2.48754671924e-05
171 34 0.0
171 35 6.21886679809e-06
171 36 0.0
171 37 0.000621886679809
171 38 0.0
171 39 0.000223879204731
171 40 0.0
171 41 6.21886679809e-06
171 42 0.0
171 43 5.59698011828e-05
171 44 0.0
171 45 0.0
171 46 0.0
171 47 6.21886679809e-06
171 48 0.0
171 49 0.0
171 50 0.0
171 51 0.0
171 52 0.0
171 53 0.0
171 54 0.0
171 55 6.21886679809e-06
171 56 0.0
171 57 9.95018687695e-05
171 58 0.0
171 59 0.000155471669952
171 60 0.0
171 61 0.00121889789243
171 62 0.0
171 63 0.000155471669952
171 64 0.0
171 65 0.000223879204731
171 66 0.0
171 67 0.000398007475078
171 68 0.0
171 69 9.95018687695e-05
171 70 0.0
171 71 6.21886679809e-06
171 72 0.0
171 73 2.48754671924e-05
171 74 0.0
171 75 0.0
171 76 0.0
171 77 6.21886679809e-06
171 78 0.0
171 79 0.0
171 80 0.0
171 81 0.0
171 82 0.0
171 83 0.0
171 84 0.0
171 85 0.000304724473107
171 86 0.0
171 87 0.000621886679809
171 88 0.0
171 89 0.00179725250465
171 90 0.0
171 91 9.95018687695e-05
171 92 0.0
171 93 0.000752482882569
171 94 0.0
171 95 0.00179725250465
171 96 0.0
171 97 5.59698011828e-05
171 98 0.0
171 99 0.0
171 100 0.0
171 101 6.21886679809e-06
171 102 0.0
171 103 6.21886679809e-06
171 104 0.0
171 105 0.0
171 106 0.0
171 107 0.0
171 108 0.0
171 109 0.000304724473107
171 110 0.0
171 111 0.000155471669952
171 112 0.0
171 113 2.48754671924e-05
171 114 0.0
171 115 0.00453355389581
171 116 0.0
171 117 0.00201491284258
171 118 0.0
171 119 0.000304724473107
171 120 0.0
171 121 0.0
171 122 0.0
171 123 0.0
171 124 0.0
171 125 0.0
171 126 0.0
171 127 0.00201491284258
171 128 0.0
171 129 0.00898004365644
171 130 2.48754671924e-05
171 131 0.00453355389581
171 132 0.0
171 133 0.00805965137033
171 134 6.21886679809e-06
171 135 0.000752482882569
171 136 0.0
171 137 6.21886679809e-06
171 138 0.0
171 139 0.0
171 140 0.0
171 141 0.0
171 142 0.0
171 143 0.0
171 144 0.0
171 145 0.0
171 146 0.0
171 147 0.0
171 148 0.0
171 149 0.0
171 150 0.0
171 151 0.00453355389581
171 152 0.0
171 153 0.00677234594312
171 154 0.0
171 155 0.0195023662788
171 156 0.0
171 157 6.21886679809e-06
171 158 0.0
171 159 0.0
171 160 0.0
171 161 6.21886679809e-06
171 162 0.0
171 163 5.59698011828e-05
171 164 0.0
171 165 2.48754671924e-05
171 166 0.0
171 167 0.000155471669952
171 168 0.0
171 169 0.00201491284258
171 170 0.0
171 171 0.0223879204731
171 172 0.0
171 173 0.00718901001859
171 174 0.0
171 175 6.21886679809e-06
171 176 0.0
171 177 6.21886679809e-06
171 178 0.0
171 179 0.0
171 180 0.0
171 181 0.0503728210645
171 182 0.0
171 183 0.0672632632882
171 184 0.0
171 185 9.95018687695e-05
171 186 2.48754671924e-05
171 187 6.21886679809e-06
171 188 6.21886679809e-06
171 189 2.48754671924e-05
171 190 0.000155471669952
171 191 0.0418156603504
171 192 0.080820392908
171 193 0.10835753509
171 194 0.13075167443
171 195 0.13438349264
171 196 0.13075167443
171 197 0.128954421925
171 198 0.13075167443
171 199 0.128954421925
171 200 0.128954421925
171 201 0.128954421925
171 202 0.128954421925
171 203 0.127169607154
171 204 0.128954421925
171 205 0.128954421925
171 206 0.128954421925
171 207 0.128954421925
171 208 0.128954421925
171 209 0.128954421925
171 210 0.128954421925
171 211 0.128954421925
171 212 0.128954421925
171 213 0.128954421925
171 214 0.128954421925
171 215 0.128954421925
171 216 0.128954421925
171 217 0.128954421925
171 218 0.128954421925
171 219 0.128954421925
171 220 0.128954421925
171 221 0.128954421925
171 222 0.128954421925
171 223 0.128954421925
171 224 0.128954421925
171 225 0.128954421925
171 226 0.128954421925
171 227 0.128954421925
171 228 0.128954421925
171 229 0.123637290813
171 230 0.127169607154
171 231 0.120154725406
171 232 0.127169607154
171 233 0.118432099303
171 234 0.13438349264
171 235 0.139924502957
171 236 0.00105098848888
171 237 0.00159202990031
171 238 0.0
171 239 0.000155471669952
171 240 0.0
171 241 0.0143282691028
171 242 6.21886679809e-06
171 243 0.0304724473107
171 244 0.0
171 245 0.0048755915697
171 246 0.0
171 247 0.00121889789243
171 248 0.0
171 249 0.0216478753242
171 250 0.0
171 251 0.0738863564281
171 252 0.0
171 253 0.0149314991822
171 254 0.0
171 255 0.000304724473107
171 256 0.0
171 257 5.59698011828e-05
171 258 0.0
171 259 9.95018687695e-05
171 260 0.0
171 261 0.000895516818925
171 262 0.0
171 263 0.000621886679809
171 264 0.0
171 265 0.025472478405
171 266 0.0
171 267 0.0035820672757
171 268 0.0
171 269 5.59698011828e-05
171 270 0.0
171 271 0.0
171 272 0.0
171 273 0.0
171 274 0.0
171 275 0.0
171 276 0.0
171 277 5.59698011828e-05
171 278 0.0
171 279 2.48754671924e-05
171 280 0.0
171 281 6.21886679809e-06
171 282 0.0
171 283 0.000895516818925
171 284 0.0
171 285 0.00388679174881
171 286 0.0
171 287 0.000752482882569
171 288 6.21886679809e-06
171 289 0.0035820672757
171 290 0.0
171 291 0.000621886679809
171 292 6.21886679809e-06
171 293 9.95018687695e-05
171 294 0.0
171 295 6.21886679809e-06
171 296 0.0
171 297 0.0
171 298 0.0
171 299 6.21886679809e-06
171 300 0.0
171 301 0.000223879204731
171 302 0.0
171 303 0.000155471669952
171 304 2.48754671924e-05
171 305 2.48754671924e-05
171 306 0.0
171 307 0.00453355389581
171 308 0.0
171 309 0.00139924502957
171 310 0.0
171 311 0.000155471669952
171 312 0.0
171 313 0.0
171 314 0.0
171 315 6.21886679809e-06
171 316 0.0
171 317 2.48754671924e-05
171 318 0.0
171 319 6.21886679809e-06
171 320 0.0
171 321 2.48754671924e-05
171 322 0.0
171 323 6.21886679809e-06
171 324 0.0
171 325 0.00139924502957
171 326 0.0
171 327 0.00139924502957
171 328 0.0
171 329 9.95018687695e-05
171 330 0.0
171 331 6.21886679809e-06
171 332 0.0
171 333 2.48754671924e-05
171 334 0.0
171 335 0.0
171 336 0.0
171 337 0.0
171 338 0.0
171 339 0.0
171 340 0.0
171 341 0.000304724473107
171 342 0.0
171 343 0.00139924502957
171 344 0.0
171 345 0.000304724473107
171 346 0.0
171 347 9.95018687695e-05
171 348 0.0
171 349 0.000895516818925
171 350 6.21886679809e-06
171 351 0.000752482882569
171 352 0.0
171 353 9.95018687695e-05
171 354 6.21886679809e-06
171 355 6.21886679809e-06
171 356 0.0
171 357 0.0
171 358 0.0
171 359 6.21886679809e-06
171 360 0.0
171 361 0.0
171 362 0.0
171 363 2.48754671924e-05
171 364 6.21886679809e-06
171 365 6.21886679809e-06
171 366 6.21886679809e-06
171 367 0.000223879204731
171 368 0.0
171 369 9.95018687695e-05
171 370 0.0
171 371 0.000503728210645
171 372 2.48754671924e-05
171 373 9.95018687695e-05
171 374 2.48754671924e-05
171 375 5.59698011828e-05
171 376 2.48754671924e-05
171 377 6.21886679809e-06
171 378 0.0
171 379 6.21886679809e-06
171 380 0.0
171 381 5.59698011828e-05
171 382 0.0
171 383 2.48754671924e-05
171 384 6.21886679809e-06
171 385 2.48754671924e-05
171 386 0.0
171 387 2.48754671924e-05
171 388 0.0
171 389 0.0
171 390 0.0
171 391 9.95018687695e-05
171 392 0.0
171 393 0.000155471669952
171 394 2.48754671924e-05
171 395 6.21886679809e-06
171 396 6.21886679809e-06
171 397 6.21886679809e-06
171 398 0.0
171 399 2.48754671924e-05
171 400 0.0
172 0 0.0
172 1 2.48754671924e-05
172 2 0.0
172 3 2.48754671924e-05
172 4 0.0
172 5 0.000155471669952
172 6 0.0
172 7 0.000304724473107
172 8 0.0
172 9 2.48754671924e-05
172 10 0.0
172 11 0.000398007475078
172 12 0.0
172 13 5.59698011828e-05
172 14 0.0
172 15 5.59698011828e-05
172 16 0.0
172 17 9.95018687695e-05
172 18 0.0
172 19 6.21886679809e-06
172 20 0.0
172 21 6.21886679809e-06
172 22 0.0
172 23 0.0
172 24 0.0
172 25 6.21886679809e-06
172 26 0.0
172 27 6.21886679809e-06
172 28 0.0
172 29 0.000304724473107
172 30 0.0
172 31 9.95018687695e-05
172 32 0.0
172 33 2.48754671924e-05
172 34 0.0
172 35 6.21886679809e-06
172 36 0.0
172 37 0.000621886679809
172 38 0.0
172 39 0.000223879204731
172 40 0.0
172 41 6.21886679809e-06
172 42 0.0
172 43 5.59698011828e-05
172 44 0.0
172 45 0.0
172 46 0.0
172 47 6.21886679809e-06
172 48 0.0
172 49 0.0
172 50 0.0
172 51 0.0
172 52 0.0
172 53 0.0
172 54 0.0
172 55 6.21886679809e-06
172 56 0.0
172 57 9.95018687695e-05
172 58 0.0
172 59 0.000155471669952
172 60 0.0
172 61 0.00121889789243
172 62 0.0
172 63 0.000155471669952
172 64 0.0
172 65 0.000223879204731
172 66 0.0
172 67 0.000398007475078
172 68 0.0
172 69 9.95018687695e-05
172 70 0.0
172 71 6.21886679809e-06
172 72 0.0
172 73 2.48754671924e-05
172 74 0.0
172 75 0.0
172 76 0.0
172 77 6.21886679809e-06
172 78 0.0
172 79 0.0
172 80 0.0
172 81 0.0
172 82 0.0
172 83 0.0
172 84 0.0
172 85 0.000304724473107
172 86 0.0
172 87 0.000621886679809
172 88 0.0
172 89 0.00179725250465
172 90 0.0
172 91 9.95018687695e-05
172 92 0.0
172 93 0.000752482882569
172 94 0.0
172 95 0.00179725250465
172 96 0.0
172 97 5.59698011828e-05
172 98 0.0
172 99 0.0
172 100 0.0
172 101 6.21886679809e-06
172 102 0.0
172 103 6.21886679809e-06
172 104 0.0
172 105 0.0
172 106 0.0
172 107 0.0
172 108 0.0
172 109 0.000304724473107
172 110 0.0
172 111 0.000155471669952
172 112 0.0
172 113 2.48754671924e-05
172 114 0.0
172 115 0.00453355389581
172 116 0.0
172 117 0.00201491284258
172 118 0.0
172 119 0.000304724473107
172 120 0.0
172 121 0.0
172 122 0.0
172 123 0.0
172 124 0.0
172 125 0.0
172 126 0.0
172 127 0.00179725250465
172 128 0.0
172 129 0.00851362864659
172 130 0.0
172 131 0.0048755915697
172 132 0.0
172 133 0.00851362864659
172 134 0.0
172 135 0.000621886679809
172 136 0.0
172 137 6.21886679809e-06
172 138 0.0
172 139 0.0
172 140 0.0
172 141 0.0
172 142 0.0
172 143 0.0
172 144 0.0
172 145 0.0
172 146 0.0
172 147 0.0
172 148 0.0
172 149 0.0
172 150 0.0
172 151 0.00453355389581
172 152 0.0
172 153 0.00677234594312
172 154 0.0
172 155 0.0195023662788
172 156 0.0
172 157 6.21886679809e-06
172 158 0.0
172 159 0.0
172 160 0.0
172 161 6.21886679809e-06
172 162 0.0
172 163 5.59698011828e-05
172 164 0.0
172 165 2.48754671924e-05
172 166 0.0
172 167 0.000155471669952
172 168 0.0
172 169 0.00201491284258
172 170 0.0
172 171 0.0223879204731
172 172 0.0
172 173 0.00718901001859
172 174 0.0
172 175 6.21886679809e-06
172 176 0.0
172 177 6.21886679809e-06
172 178 0.0
172 179 0.0
172 180 0.0
172 181 0.0503728210645
172 182 0.0
172 183 0.0672632632882
172 184 0.0
172 185 9.95018687695e-05
172 186 0.0
172 187 6.21886679809e-06
172 188 0.0
172 189 5.59698011828e-05
172 190 0.0
172 191 0.0481589044844
172 192 0.0
172 193 0.0094588963999
172 194 0.0
172 195 0.000155471669952
172 196 0.0
172 197 2.48754671924e-05
172 198 0.0
172 199 0.0
172 200 0.0
172 201 0.0
172 202 0.0
172 203 6.21886679809e-06
172 204 0.0
172 205 0.0
172 206 0.0
172 207 0.0
172 208 0.0
172 209 0.0
172 210 0.0
172 211 0.0
172 212 0.0
172 213 0.0
172 214 0.0
172 215 0.0
172 216 0.0
172 217 0.0
172 218 0.0
172 219 0.0
172 220 0.0
172 221 0.0
172 222 0.0
172 223 0.0
172 224 0.0
172 225 0.0
172 226 0.0
172 227 0.0
172 228 0.0
172 229 2.48754671924e-05
172 230 0.0
172 231 0.000155471669952
172 232 0.0
172 233 9.95018687695e-05
172 234 0.0
172 235 0.0865915012966
172 236 0.0
172 237 0.00636811960125
172 238 0.0
172 239 0.000304724473107
172 240 0.0
172 241 0.016815815822
172 242 0.0
172 243 0.0296080248257
172 244 0.0
172 245 0.0048755915697
172 246 0.0
172 247 0.00121889789243
172 248 0.0
172 249 0.0216478753242
172 250 0.0
172 251 0.0738863564281
172 252 0.0
172 253 0.0149314991822
172 254 0.0
172 255 0.000304724473107
172 256 0.0
172 257 5.59698011828e-05
172 258 0.0
172 259 9.95018687695e-05
172 260 0.0
172 261 0.000895516818925
172 262 0.0
172 263 0.000621886679809
172 264 0.0
172 265 0.025472478405
172 266 0.0
172 267 0.0035820672757
172 268 0.0
172 269 5.59698011828e-05
172 270 0.0
172 271 0.0
172 272 0.0
172 273 0.0
172 274 0.0
172 275 0.0
172 276 0.0
172 277 5.59698011828e-05
172 278 0.0
172 279 2.48754671924e-05
172 280 0.0
172 281 6.21886679809e-06
172 282 0.0
172 283 0.000895516818925
172 284 0.0
172 285 0.00388679174881
172 286 0.0
172 287 0.000752482882569
172 288 0.0
172 289 0.0035820672757
172 290 0.0
172 291 0.000621886679809
172 292 0.0
172 293 5.59698011828e-05
172 294 0.0
172 295 6.21886679809e-06
172 296 0.0
172 297 0.0
172 298 0.0
172 299 6.21886679809e-06
172 300 0.0
172 301 0.000223879204731
172 302 0.0
172 303 0.000155471669952
172 304 0.0
172 305 5.59698011828e-05
172 306 0.0
172 307 0.00453355389581
172 308 0.0
172 309 0.00139924502957
172 310 0.0
172 311 0.000155471669952
172 312 0.0
172 313 0.0
172 314 0.0
172 315 6.21886679809e-06
172 316 0.0
172 317 2.48754671924e-05
172 318 0.0
172 319 6.21886679809e-06
172 320 0.0
172 321 2.48754671924e-05
172 322 0.0
172 323 6.21886679809e-06
172 324 0.0
172 325 0.00139924502957
172 326 0.0
172 327 0.00139924502957
172 328 0.0
172 329 9.95018687695e-05
172 330 0.0
172 331 6.21886679809e-06
172 332 0.0
172 333 2.48754671924e-05
172 334 0.0
172 335 0.0
172 336 0.0
172 337 0.0
172 338 0.0
172 339 0.0
172 340 0.0
172 341 0.000304724473107
172 342 0.0
172 343 0.00139924502957
172 344 0.0
172 345 0.000304724473107
172 346 0.0
172 347 9.95018687695e-05
172 348 0.0
172 349 0.000895516818925
172 350 0.0
172 351 0.000621886679809
172 352 0.0
172 353 0.000155471669952
172 354 0.0
172 355 6.21886679809e-06
172 356 0.0
172 357 0.0
172 358 0.0
172 359 0.0
172 360 0.0
172 361 0.0
172 362 0.0
172 363 2.48754671924e-05
172 364 0.0
172 365 6.21886679809e-06
172 366 0.0
172 367 0.000223879204731
172 368 0.0
172 369 9.95018687695e-05
172 370 0.0
172 371 0.000398007475078
172 372 0.0
172 373 0.000155471669952
172 374 0.0
172 375 5.59698011828e-05
172 376 0.0
172 377 6.21886679809e-06
172 378 0.0
172 379 6.21886679809e-06
172 380 0.0
172 381 5.59698011828e-05
172 382 0.0
172 383 5.59698011828e-05
172 384 0.0
172 385 2.48754671924e-05
172 386 0.0
172 387 2.48754671924e-05
172 388 0.0
172 389 0.0
172 390 0.0
172 391 5.59698011828e-05
172 392 0.0
172 393 5.59698011828e-05
172 394 0.0
172 395 6.21886679809e-06
172 396 0.0
172 397 6.21886679809e-06
172 398 0.0
172 399 2.48754671924e-05
172 400 0.0
173 0 0.0
173 1 2.48754671924e-05
173 2 0.0
173 3 2.48754671924e-05
173 4 0.0
173 5 0.000155471669952
173 6 0.0
173 7 0.000304724473107
173 8 0.0
173 9 2.48754671924e-05
173 10 0.0
173 11 0.000398007475078
173 12 0.0
173 13 9.95018687695e-05
173 14 0.0
173 15 9.95018687695e-05
173 16 6.21886679809e-06
173 17 5.59698011828e-05
173 18 6.21886679809e-06
173 19 6.21886679809e-06
173 20 0.0
173 21 6.21886679809e-06
173 22 0.0
173 23 0.0
173 24 0.0
173 25 6.21886679809e-06
173 26 0.0
173 27 6.21886679809e-06
173 28 0.0
173 29 0.000304724473107
173 30 0.0
173 31 9.95018687695e-05
173 32 0.0
173 33 2.48754671924e-05
173 34 0.0
173 35 6.21886679809e-06
173 36 0.0
173 37 0.000621886679809
173 38 0.0
173 39 0.000223879204731
173 40 0.0
173 41 6.21886679809e-06
173 42 0.0
173 43 5.59698011828e-05
173 44 0.0
173 45 0.0
173 46 0.0
173 47 6.21886679809e-06
173 48 0.0
173 49 0.0
173 50 0.0
173 51 0.0
173 52 0.0
173 53 0.0
173 54 0.0
173 55 6.21886679809e-06
173 56 0.0
173 57 9.95018687695e-05
173 58 0.0
173 59 0.000155471669952
173 60 0.0
173 61 0.00121889789243
173 62 0.0
173 63 0.000155471669952
173 64 0.0
173 65 0.000223879204731
173 66 0.0
173 67 0.000398007475078
173 68 0.0
173 69 9.95018687695e-05
173 70 0.0
173 71 6.21886679809e-06
173 72 0.0
173 73 2.48754671924e-05
173 74 0.0
173 75 0.0
173 76 0.0
173 77 6.21886679809e-06
173 78 0.0
173 79 0.0
173 80 0.0
173 81 0.0
173 82 0.0
173 83 0.0
173 84 0.0
173 85 0.000304724473107
173 86 0.0
173 87 0.000621886679809
173 88 0.0
173 89 0.00179725250465
173 90 0.0
173 91 9.95018687695e-05
173 92 0.0
173 93 0.000752482882569
173 94 0.0
173 95 0.00179725250465
173 96 0.0
173 97 5.59698011828e-05
173 98 0.0
173 99 0.0
173 100 0.0
173 101 6.21886679809e-06
173 102 0.0
173 103 6.21886679809e-06
173 104 0.0
173 105 0.0
173 106 0.0
173 107 0.0
173 108 0.0
173 109 0.000304724473107
173 110 0.0
173 111 0.000155471669952
173 112 0.0
173 113 2.48754671924e-05
173 114 0.0
173 115 0.00453355389581
173 116 0.0
173 117 0.00201491284258
173 118 0.0
173 119 0.000304724473107
173 120 0.0
173 121 0.0
173 122 0.0
173 123 0.0
173 124 0.0
173 125 0.0
173 126 0.0
173 127 0.00159202990031
173 128 6.21886679809e-06
173 129 0.00851362864659
173 130 0.0
173 131 0.00453355389581
173 132 6.21886679809e-06
173 133 0.00805965137033
173 134 0.0
173 135 0.000621886679809
173 136 0.0
173 137 6.21886679809e-06
173 138 0.0
173 139 0.0
173 140 0.0
173 141 0.0
173 142 0.0
173 143 0.0
173 144 0.0
173 145 0.0
173 146 0.0
173 147 0.0
173 148 0.0
173 149 0.0
173 150 0.0
173 151 0.00453355389581
173 152 0.0
173 153 0.00677234594312
173 154 0.0
173 155 0.0195023662788
173 156 0.0
173 157 6.21886679809e-06
173 158 0.0
173 159 0.0
173 160 0.0
173 161 6.21886679809e-06
173 162 0.0
173 163 5.59698011828e-05
173 164 0.0
173 165 2.48754671924e-05
173 166 0.0
173 167 0.000155471669952
173 168 0.0
173 169 0.00201491284258
173 170 0.0
173 171 0.0223879204731
173 172 0.0
173 173 0.00718901001859
173 174 0.0
173 175 6.21886679809e-06
173 176 0.0
173 177 6.21886679809e-06
173 178 0.0
173 179 0.0
173 180 0.0
173 181 0.0503728210645
173 182 0.0
173 183 0.0672632632882
173 184 0.0
173 185 0.000155471669952
173 186 6.21886679809e-06
173 187 0.0
173 188 6.21886679809e-06
173 189 0.000304724473107
173 190 0.0
173 191 0.0503728210645
173 192 0.00898004365644
173 193 0.0438803241273
173 194 0.0131591221448
173 195 0.0094588963999
173 196 0.0131591221448
173 197 0.0149314991822
173 198 0.0131591221448
173 199 0.0131591221448
173 200 0.0125932052661
173 201 0.0125932052661
173 202 0.0125932052661
173 203 0.0131591221448
173 204 0.0125932052661
173 205 0.0125932052661
173 206 0.0125932052661
173 207 0.0125932052661
173 208 0.0125932052661
173 209 0.0125932052661
173 210 0.0125932052661
173 211 0.0125932052661
173 212 0.0125932052661
173 213 0.0125932052661
173 214 0.0125932052661
173 215 0.0125932052661
173 216 0.0125932052661
173 217 0.0125932052661
173 218 0.0125932052661
173 219 0.0125932052661
173 220 0.0125932052661
173 221 0.0125932052661
173 222 0.0125932052661
173 223 0.0125932052661
173 224 0.0125932052661
173 225 0.0125932052661
173 226 0.0125932052661
173 227 0.0125932052661
173 228 0.0125932052661
173 229 0.0149314991822
173 230 0.013737476757
173 231 0.0143282691028
173 232 0.013737476757
173 233 0.016815815822
173 234 0.0131591221448
173 235 0.0752482882569
173 236 2.48754671924e-05
173 237 0.0094588963999
173 238 0.0
173 239 0.000398007475078
173 240 0.0
173 241 0.0161752725418
173 242 0.0
173 243 0.0304724473107
173 244 0.0
173 245 0.0048755915697
173 246 0.0
173 247 0.00121889789243
173 248 0.0
173 249 0.0216478753242
173 250 0.0
173 251 0.0738863564281
173 252 0.0
173 253 0.0149314991822
173 254 0.0
173 255 0.000304724473107
173 256 0.0
173 257 5.59698011828e-05
173 258 0.0
173 259 9.95018687695e-05
173 260 0.0
173 261 0.000895516818925
173 262 0.0
173 263 0.000621886679809
173 264 0.0
173 265 0.025472478405
173 266 0.0
173 267 0.0035820672757
173 268 0.0
173 269 5.59698011828e-05
173 270 0.0
173 271 0.0
173 272 0.0
173 273 0.0
173 274 0.0
173 275 0.0
173 276 0.0
173 277 5.59698011828e-05
173 278 0.0
173 279 2.48754671924e-05
173 280 0.0
173 281 6.21886679809e-06
173 282 0.0
173 283 0.000895516818925
173 284 0.0
173 285 0.00388679174881
173 286 0.0
173 287 0.000621886679809
173 288 6.21886679809e-06
173 289 0.00388679174881
173 290 0.0
173 291 0.000621886679809
173 292 0.0
173 293 5.59698011828e-05
173 294 0.0
173 295 6.21886679809e-06
173 296 0.0
173 297 0.0
173 298 0.0
173 299 6.21886679809e-06
173 300 0.0
173 301 0.000155471669952
173 302 6.21886679809e-06
173 303 0.000223879204731
173 304 0.0
173 305 5.59698011828e-05
173 306 6.21886679809e-06
173 307 0.00420395395551
173 308 0.0
173 309 0.00139924502957
173 310 0.0
173 311 0.000155471669952
173 312 0.0
173 313 0.0
173 314 0.0
173 315 6.21886679809e-06
173 316 0.0
173 317 2.48754671924e-05
173 318 0.0
173 319 6.21886679809e-06
173 320 0.0
173 321 2.48754671924e-05
173 322 0.0
173 323 6.21886679809e-06
173 324 0.0
173 325 0.00139924502957
173 326 0.0
173 327 0.00139924502957
173 328 0.0
173 329 9.95018687695e-05
173 330 0.0
173 331 6.21886679809e-06
173 332 0.0
173 333 2.48754671924e-05
173 334 0.0
173 335 0.0
173 336 0.0
173 337 0.0
173 338 0.0
173 339 0.0
173 340 0.0
173 341 0.000304724473107
173 342 0.0
173 343 0.00139924502957
173 344 0.0
173 345 0.000304724473107
173 346 0.0
173 347 9.95018687695e-05
173 348 0.0
173 349 0.000752482882569
173 350 6.21886679809e-06
173 351 0.000752482882569
173 352 0.0
173 353 0.000155471669952
173 354 0.0
173 355 6.21886679809e-06
173 356 0.0
173 357 0.0
173 358 0.0
173 359 0.0
173 360 0.0
173 361 0.0
173 362 0.0
173 363 2.48754671924e-05
173 364 0.0
173 365 6.21886679809e-06
173 366 0.0
173 367 0.000223879204731
173 368 0.0
173 369 9.95018687695e-05
173 370 0.0
173 371 0.000398007475078
173 372 6.21886679809e-06
173 373 0.000155471669952
173 374 0.0
173 375 5.59698011828e-05
173 376 6.21886679809e-06
173 377 5.59698011828e-05
173 378 6.21886679809e-06
173 379 0.0
173 380 6.21886679809e-06
173 381 5.59698011828e-05
173 382 6.21886679809e-06
173 383 5.59698011828e-05
173 384 6.21886679809e-06
173 385 2.48754671924e-05
173 386 0.0
173 387 2.48754671924e-05
173 388 0.0
173 389 0.0
173 390 0.0
173 391 5.59698011828e-05
173 392 0.0
173 393 5.59698011828e-05
173 394 0.0
173 395 6.21886679809e-06
173 396 6.21886679809e-06
173 397 6.21886679809e-06
173 398 6.21886679809e-06
173 399 5.59698011828e-05
173 400 0.0
174 0 0.0
174 1 2.48754671924e-05
174 2 0.0
174 3 2.48754671924e-05
174 4 0.0
174 5 0.000155471669952
174 6 0.0
174 7 0.000304724473107
174 8 0.0
174 9 2.48754671924e-05
174 10 0.0
174 11 0.000398007475078
174 12 0.0
174 13 5.59698011828e-05
174 14 0.0
174 15 5.59698011828e-05
174 16 0.0
174 17 9.95018687695e-05
174 18 0.0
174 19 6.21886679809e-06
174 20 0.0
174 21 6.21886679809e-06
174 22 0.0
174 23 0.0
174 24 0.0
174 25 6.21886679809e-06
174 26 0.0
174 27 6.21886679809e-06
174 28 0.0
174 29 0.000304724473107
174 30 0.0
174 31 9.95018687695e-05
174 32 0.0
174 33 2.48754671924e-05
174 34 0.0
174 35 6.21886679809e-06
174 36 0.0
174 37 0.000621886679809
174 38 0.0
174 39 0.000223879204731
174 40 0.0
174 41 6.21886679809e-06
174 42 0.0
174 43 5.59698011828e-05
174 44 0.0
174 45 0.0
174 46 0.0
174 47 6.21886679809e-06
174 48 0.0
174 49 0.0
174 50 0.0
174 51 0.0
174 52 0.0
174 53 0.0
174 54 0.0
174 55 6.21886679809e-06
174 56 0.0
174 57 9.95018687695e-05
174 58 0.0
174 59 0.000155471669952
174 60 0.0
174 61 0.00121889789243
174 62 0.0
174 63 0.000155471669952
174 64 0.0
174 65 0.000223879204731
174 66 0.0
174 67 0.000398007475078
174 68 0.0
174 69 9.95018687695e-05
174 70 0.0
174 71 6.21886679809e-06
174 72 0.0
174 73 2.48754671924e-05
174 74 0.0
174 75 0.0
174 76 0.0
174 77 6.21886679809e-06
174 78 0.0
174 79 0.0
174 80 0.0
174 81 0.0
174 82 0.0
174 83 0.0
174 84 0.0
174 85 0.000304724473107
174 86 0.0
174 87 0.000621886679809
174 88 0.0
174 89 0.00179725250465
174 90 0.0
174 91 9.95018687695e-05
174 92 0.0
174 93 0.000752482882569
174 94 0.0
174 95 0.00179725250465
174 96 0.0
174 97 5.59698011828e-05
174 98 0.0
174 99 0.0
174 100 0.0
174 101 6.21886679809e-06
174 102 0.0
174 103 6.21886679809e-06
174 104 0.0
174 105 0.0
174 106 0.0
174 107 0.0
174 108 0.0
174 109 0.000304724473107
174 110 0.0
174 111 0.000155471669952
174 112 0.0
174 113 2.48754671924e-05
174 114 0.0
174 115 0.00453355389581
174 116 0.0
174 117 0.00201491284258
174 118 0.0
174 119 0.000304724473107
174 120 0.0
174 121 0.0
174 122 0.0
174 123 0.0
174 124 0.0
174 125 0.0
174 126 0.0
174 127 0.00179725250465
174 128 0.0
174 129 0.00851362864659
174 130 0.0
174 131 0.0048755915697
174 132 0.0
174 133 0.00851362864659
174 134 0.0
174 135 0.000621886679809
174 136 0.0
174 137 6.21886679809e-06
174 138 0.0
174 139 0.0
174 140 0.0
174 141 0.0
174 142 0.0
174 143 0.0
174 144 0.0
174 145 0.0
174 146 0.0
174 147 0.0
174 148 0.0
174 149 0.0
174 150 0.0
174 151 0.00453355389581
174 152 0.0
174 153 0.00677234594312
174 154 0.0
174 155 0.0195023662788
174 156 0.0
174 157 6.21886679809e-06
174 158 0.0
174 159 0.0
174 160 0.0
174 161 6.21886679809e-06
174 162 0.0
174 163 5.59698011828e-05
174 164 0.0
174 165 2.48754671924e-05
174 166 0.0
174 167 0.000155471669952
174 168 0.0
174 169 0.00201491284258
174 170 0.0
174 171 0.0223879204731
174 172 0.0
174 173 0.00718901001859
174 174 0.0
174 175 6.21886679809e-06
174 176 0.0
174 177 6.21886679809e-06
174 178 0.0
174 179 0.0
174 180 0.0
174 181 0.0503728210645
174 182 0.0
174 183 0.068563006449
174 184 0.0
174 185 0.000304724473107
174 186 0.0
174 187 5.59698011828e-05
174 188 0.0
174 189 0.000621886679809
174 190 0.0
174 191 0.065975957861
174 192 0.0
174 193 0.0094588963999
174 194 0.0
174 195 0.000304724473107
174 196 0.0
174 197 5.59698011828e-05
174 198 0.0
174 199 0.0
174 200 0.0
174 201 0.0
174 202 0.0
174 203 0.0
174 204 0.0
174 205 0.0
174 206 0.0
174 207 0.0
174 208 0.0
174 209 0.0
174 210 0.0
174 211 0.0
174 212 0.0
174 213 0.0
174 214 0.0
174 215 0.0
174 216 0.0
174 217 0.0
174 218 0.0
174 219 0.0
174 220 0.0
174 221 0.0
174 222 0.0
174 223 0.0
174 224 0.0
174 225 0.0
174 226 0.0
174 227 0.0
174 228 0.0
174 229 5.59698011828e-05
174 230 0.0
174 231 6.21886679809e-06
174 232 0.0
174 233 0.000398007475078
174 234 0.0
174 235 0.10188991362
174 236 0.0
174 237 0.0094588963999
174 238 0.0
174 239 0.000503728210645
174 240 0.0
174 241 0.013737476757
174 242 0.0
174 243 0.0313493075292
174 244 0.0
174 245 0.0048755915697
174 246 0.0
174 247 0.00121889789243
174 248 0.0
174 249 0.0216478753242
174 250 0.0
174 251 0.0738863564281
174 252 0.0
174 253 0.0149314991822
174 254 0.0
174 255 0.000304724473107
174 256 0.0
174 257 5.59698011828e-05
174 258 0.0
174 259 9.95018687695e-05
174 260 0.0
174 261 0.000895516818925
174 262 0.0
174 263 0.000621886679809
174 264 0.0
174 265 0.025472478405
174 266 0.0
174 267 0.0035820672757
174 268 0.0
174 269 5.59698011828e-05
174 270 0.0
174 271 0.0
174 272 0.0
174 273 0.0
174 274 0.0
174 275 0.0
174 276 0.0
174 277 5.59698011828e-05
174 278 0.0
174 279 2.48754671924e-05
174 280 0.0
174 281 6.21886679809e-06
174 282 0.0
174 283 0.000895516818925
174 284 0.0
174 285 0.00388679174881
174 286 0.0
174 287 0.000752482882569
174 288 0.0
174 289 0.0035820672757
174 290 0.0
174 291 0.000621886679809
174 292 0.0
174 293 5.59698011828e-05
174 294 0.0
174 295 6.21886679809e-06
174 296 0.0
174 297 0.0
174 298 0.0
174 299 6.21886679809e-06
174 300 0.0
174 301 0.000223879204731
174 302 0.0
174 303 0.000155471669952
174 304 0.0
174 305 5.59698011828e-05
174 306 0.0
174 307 0.00453355389581
174 308 0.0
174 309 0.00139924502957
174 310 0.0
174 311 0.000155471669952
174 312 0.0
174 313 0.0
174 314 0.0
174 315 6.21886679809e-06
174 316 0.0
174 317 2.48754671924e-05
174 318 0.0
174 319 6.21886679809e-06
174 320 0.0
174 321 2.48754671924e-05
174 322 0.0
174 323 6.21886679809e-06
174 324 0.0
174 325 0.00139924502957
174 326 0.0
174 327 0.00139924502957
174 328 0.0
174 329 9.95018687695e-05
174 330 0.0
174 331 6.21886679809e-06
174 332 0.0
174 333 2.48754671924e-05
174 334 0.0
174 335 0.0
174 336 0.0
174 337 0.0
174 338 0.0
174 339 0.0
174 340 0.0
174 341 0.000304724473107
174 342 0.0
174 343 0.00139924502957
174 344 0.0
174 345 0.000304724473107
174 346 0.0
174 347 9.95018687695e-05
174 348 0.0
174 349 0.000895516818925
174 350 0.0
174 351 0.000621886679809
174 352 0.0
174 353 0.000155471669952
174 354 0.0
174 355 6.21886679809e-06
174 356 0.0
174 357 0.0
174 358 0.0
174 359 0.0
174 360 0.0
174 361 0.0
174 362 0.0
174 363 2.48754671924e-05
174 364 0.0
174 365 6.21886679809e-06
174 366 0.0
174 367 0.000223879204731
174 368 0.0
174 369 9.95018687695e-05
174 370 0.0
174 371 0.000398007475078
174 372 0.0
174 373 0.000155471669952
174 374 0.0
174 375 5.59698011828e-05
174 376 0.0
174 377 6.21886679809e-06
174 378 0.0
174 379 6.21886679809e-06
174 380 0.0
174 381 9.95018687695e-05
174 382 0.0
174 383 2.48754671924e-05
174 384 0.0
174 385 2.48754671924e-05
174 386 0.0
174 387 2.48754671924e-05
174 388 0.0
174 389 0.0
174 390 0.0
174 391 5.59698011828e-05
174 392 0.0
174 393 5.59698011828e-05
174 394 0.0
174 395 6.21886679809e-06
174 396 0.0
174 397 6.21886679809e-06
174 398 0.0
174 399 2.48754671924e-05
174 400 0.0
175 0 0.0
175 1 2.48754671924e-05
175 2 0.0
175 3 2.48754671924e-05
175 4 0.0
175 5 0.000155471669952
175 6 0.0
175 7 0.000398007475078
175 8 0.0
175 9 5.59698011828e-05
175 10 6.21886679809e-06
175 11 0.000398007475078
175 12 0.0
175 13 9.95018687695e-05
175 14 0.0
175 15 9.95018687695e-05
175 16 6.21886679809e-06
175 17 9.95018687695e-05
175 18 0.0
175 19 6.21886679809e-06
175 20 6.21886679809e-06
175 21 6.21886679809e-06
175 22 0.0
175 23 6.21886679809e-06
175 24 0.0
175 25 6.21886679809e-06
175 26 0.0
175 27 6.21886679809e-06
175 28 0.0
175 29 0.000304724473107
175 30 0.0
175 31 9.95018687695e-05
175 32 0.0
175 33 2.48754671924e-05
175 34 0.0
175 35 6.21886679809e-06
175 36 6.21886679809e-06
175 37 0.000503728210645
175 38 6.21886679809e-06
175 39 0.000304724473107
175 40 6.21886679809e-06
175 41 2.48754671924e-05
175 42 6.21886679809e-06
175 43 5.59698011828e-05
175 44 0.0
175 45 0.0
175 46 0.0
175 47 6.21886679809e-06
175 48 0.0
175 49 0.0
175 50 0.0
175 51 0.0
175 52 0.0
175 53 0.0
175 54 0.0
175 55 6.21886679809e-06
175 56 0.0
175 57 9.95018687695e-05
175 58 0.0
175 59 0.000155471669952
175 60 6.21886679809e-06
175 61 0.00159202990031
175 62 6.21886679809e-06
175 63 0.000155471669952
175 64 0.0
175 65 0.000223879204731
175 66 0.0
175 67 0.000398007475078
175 68 0.0
175 69 9.95018687695e-05
175 70 0.0
175 71 6.21886679809e-06
175 72 0.0
175 73 2.48754671924e-05
175 74 0.0
175 75 0.0
175 76 0.0
175 77 6.21886679809e-06
175 78 0.0
175 79 0.0
175 80 0.0
175 81 0.0
175 82 0.0
175 83 0.0
175 84 0.0
175 85 0.000304724473107
175 86 0.0
175 87 0.000621886679809
175 88 0.0
175 89 0.00179725250465
175 90 0.0
175 91 9.95018687695e-05
175 92 0.0
175 93 0.000752482882569
175 94 0.0
175 95 0.00179725250465
175 96 0.0
175 97 5.59698011828e-05
175 98 0.0
175 99 0.0
175 100 0.0
175 101 6.21886679809e-06
175 102 0.0
175 103 6.21886679809e-06
175 104 0.0
175 105 0.0
175 106 0.0
175 107 0.0
175 108 0.0
175 109 0.000304724473107
175 110 0.0
175 111 0.000155471669952
175 112 0.0
175 113 2.48754671924e-05
175 114 0.0
175 115 0.00453355389581
175 116 0.0
175 117 0.00201491284258
175 118 0.0
175 119 0.000304724473107
175 120 0.0
175 121 0.0
175 122 0.0
175 123 0.0
175 124 0.0
175 125 0.0
175 126 0.0
175 127 0.00159202990031
175 128 6.21886679809e-06
175 129 0.00851362864659
175 130 0.0
175 131 0.00453355389581
175 132 6.21886679809e-06
175 133 0.00805965137033
175 134 0.0
175 135 0.000621886679809
175 136 0.0
175 137 6.21886679809e-06
175 138 0.0
175 139 0.0
175 140 0.0
175 141 0.0
175 142 0.0
175 143 0.0
175 144 0.0
175 145 0.0
175 146 0.0
175 147 0.0
175 148 0.0
175 149 0.0
175 150 0.0
175 151 0.00453355389581
175 152 0.0
175 153 0.00677234594312
175 154 0.0
175 155 0.0195023662788
175 156 0.0
175 157 6.21886679809e-06
175 158 0.0
175 159 0.0
175 160 0.0
175 161 6.21886679809e-06
175 162 0.0
175 163 5.59698011828e-05
175 164 0.0
175 165 2.48754671924e-05
175 166 0.0
175 167 0.000155471669952
175 168 0.0
175 169 0.00201491284258
175 170 0.0
175 171 0.0223879204731
175 172 0.0
175 173 0.00718901001859
175 174 0.0
175 175 6.21886679809e-06
175 176 0.0
175 177 6.21886679809e-06
175 178 0.0
175 179 0.0
175 180 0.0
175 181 0.0503728210645
175 182 0.0
175 183 0.0672632632882
175 184 0.0
175 185 0.000223879204731
175 186 9.95018687695e-05
175 187 2.48754671924e-05
175 188 2.48754671924e-05
175 189 0.000895516818925
175 190 2.48754671924e-05
175 191 0.0711998059714
175 192 2.48754671924e-05
175 193 0.0094588963999
175 194 6.21886679809e-06
175 195 0.000398007475078
175 196 6.21886679809e-06
175 197 2.48754671924e-05
175 198 6.21886679809e-06
175 199 0.0
175 200 0.0
175 201 6.21886679809e-06
175 202 2.48754671924e-05
175 203 5.59698011828e-05
175 204 2.48754671924e-05
175 205 2.48754671924e-05
175 206 6.21886679809e-06
175 207 2.48754671924e-05
175 208 2.48754671924e-05
175 209 2.48754671924e-05
175 210 6.21886679809e-06
175 211 6.21886679809e-06
175 212 6.21886679809e-06
175 213 2.48754671924e-05
175 214 2.48754671924e-05
175 215 5.59698011828e-05
175 216 2.48754671924e-05
175 217 2.48754671924e-05
175 218 2.48754671924e-05
175 219 5.59698011828e-05
175 220 2.48754671924e-05
175 221 2.48754671924e-05
175 222 6.21886679809e-06
175 223 2.48754671924e-05
175 224 2.48754671924e-05
175 225 2.48754671924e-05
175 226 6.21886679809e-06
175 227 5.59698011828e-05
175 228 5.59698011828e-05
175 229 9.95018687695e-05
175 230 6.21886679809e-06
175 231 6.21886679809e-06
175 232 0.0
175 233 0.000503728210645
175 234 0.0
175 235 0.0987307292865
175 236 5.59698011828e-05
175 237 0.0109700810318
175 238 0.0
175 239 0.000398007475078
175 240 0.0
175 241 0.0149314991822
175 242 0.0
175 243 0.0313493075292
175 244 0.0
175 245 0.0048755915697
175 246 0.0
175 247 0.00121889789243
175 248 0.0
175 249 0.0216478753242
175 250 0.0
175 251 0.0738863564281
175 252 0.0
175 253 0.0149314991822
175 254 0.0
175 255 0.000304724473107
175 256 0.0
175 257 5.59698011828e-05
175 258 0.0
175 259 9.95018687695e-05
175 260 0.0
175 261 0.000895516818925
175 262 0.0
175 263 0.000621886679809
175 264 0.0
175 265 0.025472478405
175 266 0.0
175 267 0.0035820672757
175 268 0.0
175 269 5.59698011828e-05
175 270 0.0
175 271 0.0
175 272 0.0
175 273 0.0
175 274 0.0
175 275 0.0
175 276 0.0
175 277 5.59698011828e-05
175 278 0.0
175 279 2.48754671924e-05
175 280 0.0
175 281 6.21886679809e-06
175 282 0.0
175 283 0.000895516818925
175 284 0.0
175 285 0.00388679174881
175 286 0.0
175 287 0.000752482882569
175 288 0.0
175 289 0.0035820672757
175 290 0.0
175 291 0.000621886679809
175 292 0.0
175 293 5.59698011828e-05
175 294 0.0
175 295 6.21886679809e-06
175 296 0.0
175 297 0.0
175 298 0.0
175 299 6.21886679809e-06
175 300 0.0
175 301 0.000155471669952
175 302 6.21886679809e-06
175 303 0.000223879204731
175 304 0.0
175 305 5.59698011828e-05
175 306 6.21886679809e-06
175 307 0.00420395395551
175 308 0.0
175 309 0.00139924502957
175 310 0.0
175 311 0.000155471669952
175 312 0.0
175 313 0.0
175 314 0.0
175 315 6.21886679809e-06
175 316 0.0
175 317 2.48754671924e-05
175 318 0.0
175 319 6.21886679809e-06
175 320 0.0
175 321 2.48754671924e-05
175 322 0.0
175 323 6.21886679809e-06
175 324 0.0
175 325 0.00139924502957
175 326 0.0
175 327 0.00139924502957
175 328 0.0
175 329 9.95018687695e-05
175 330 0.0
175 331 6.21886679809e-06
175 332 0.0
175 333 2.48754671924e-05
175 334 0.0
175 335 0.0
175 336 0.0
175 337 0.0
175 338 0.0
175 339 0.0
175 340 0.0
175 341 0.000304724473107
175 342 0.0
175 343 0.00139924502957
175 344 0.0
175 345 0.000304724473107
175 346 0.0
175 347 9.95018687695e-05
175 348 0.0
175 349 0.000895516818925
175 350 0.0
175 351 0.000621886679809
175 352 0.0
175 353 0.000155471669952
175 354 0.0
175 355 6.21886679809e-06
175 356 0.0
175 357 0.0
175 358 0.0
175 359 0.0
175 360 0.0
175 361 0.0
175 362 0.0
175 363 2.48754671924e-05
175 364 0.0
175 365 6.21886679809e-06
175 366 0.0
175 367 0.000223879204731
175 368 0.0
175 369 9.95018687695e-05
175 370 0.0
175 371 0.000398007475078
175 372 0.0
175 373 0.000155471669952
175 374 0.0
175 375 5.59698011828e-05
175 376 6.21886679809e-06
175 377 2.48754671924e-05
175 378 0.0
175 379 6.21886679809e-06
175 380 0.0
175 381 9.95018687695e-05
175 382 0.0
175 383 2.48754671924e-05
175 384 0.0
175 385 2.48754671924e-05
175 386 0.0
175 387 2.48754671924e-05
175 388 0.0
175 389 0.0
175 390 0.0
175 391 5.59698011828e-05
175 392 0.0
175 393 5.59698011828e-05
175 394 0.0
175 395 2.48754671924e-05
175 396 6.21886679809e-06
175 397 0.0
175 398 0.0
175 399 2.48754671924e-05
175 400 0.0
176 0 0.0
176 1 2.48754671924e-05
176 2 0.0
176 3 2.48754671924e-05
176 4 0.0
176 5 0.000155471669952
176 6 0.0
176 7 0.000304724473107
176 8 0.0
176 9 2.48754671924e-05
176 10 0.0
176 11 0.000398007475078
176 12 0.0
176 13 5.59698011828e-05
176 14 0.0
176 15 5.59698011828e-05
176 16 0.0
176 17 9.95018687695e-05
176 18 0.0
176 19 6.21886679809e-06
176 20 0.0
176 21 6.21886679809e-06
176 22 0.0
176 23 0.0
176 24 0.0
176 25 6.21886679809e-06
176 26 0.0
176 27 6.21886679809e-06
176 28 0.0
176 29 0.000304724473107
176 30 0.0
176 31 9.95018687695e-05
176 32 0.0
176 33 2.48754671924e-05
176 34 0.0
176 35 6.21886679809e-06
176 36 0.0
176 37 0.000621886679809
176 38 0.0
176 39 0.000223879204731
176 40 0.0
176 41 6.21886679809e-06
176 42 0.0
176 43 5.59698011828e-05
176 44 0.0
176 45 0.0
176 46 0.0
176 47 6.21886679809e-06
176 48 0.0
176 49 0.0
176 50 0.0
176 51 0.0
176 52 0.0
176 53 0.0
176 54 0.0
176 55 6.21886679809e-06
176 56 0.0
176 57 9.95018687695e-05
176 58 0.0
176 59 0.000155471669952
176 60 0.0
176 61 0.00121889789243
176 62 0.0
176 63 0.000155471669952
176 64 0.0
176 65 0.000223879204731
176 66 0.0
176 67 0.000398007475078
176 68 0.0
176 69 9.95018687695e-05
176 70 0.0
176 71 6.21886679809e-06
176 72 0.0
176 73 2.48754671924e-05
176 74 0.0
176 75 0.0
176 76 0.0
176 77 6.21886679809e-06
176 78 0.0
176 79 0.0
176 80 0.0
176 81 0.0
176 82 0.0
176 83 0.0
176 84 0.0
176 85 0.000304724473107
176 86 0.0
176 87 0.000621886679809
176 88 0.0
176 89 0.00179725250465
176 90 0.0
176 91 9.95018687695e-05
176 92 0.0
176 93 0.000752482882569
176 94 0.0
176 95 0.00179725250465
176 96 0.0
176 97 5.59698011828e-05
176 98 0.0
176 99 0.0
176 100 0.0
176 101 6.21886679809e-06
176 102 0.0
176 103 6.21886679809e-06
176 104 0.0
176 105 0.0
176 106 0.0
176 107 0.0
176 108 0.0
176 109 0.000304724473107
176 110 0.0
176 111 0.000155471669952
176 112 0.0
176 113 2.48754671924e-05
176 114 0.0
176 115 0.00453355389581
176 116 0.0
176 117 0.00201491284258
176 118 0.0
176 119 0.000304724473107
176 120 0.0
176 121 0.0
176 122 0.0
176 123 0.0
176 124 0.0
176 125 0.0
176 126 0.0
176 127 0.00179725250465
176 128 0.0
176 129 0.00851362864659
176 130 0.0
176 131 0.0048755915697
176 132 0.0
176 133 0.00851362864659
176 134 0.0
176 135 0.000621886679809
176 136 0.0
176 137 6.21886679809e-06
176 138 0.0
176 139 0.0
176 140 0.0
176 141 0.0
176 142 0.0
176 143 0.0
176 144 0.0
176 145 0.0
176 146 0.0
176 147 0.0
176 148 0.0
176 149 0.0
176 150 0.0
176 151 0.00453355389581
176 152 0.0
176 153 0.00677234594312
176 154 0.0
176 155 0.0195023662788
176 156 0.0
176 157 6.21886679809e-06
176 158 0.0
176 159 0.0
176 160 0.0
176 161 6.21886679809e-06
176 162 0.0
176 163 5.59698011828e-05
176 164 0.0
176 165 2.48754671924e-05
176 166 0.0
176 167 0.000155471669952
176 168 0.0
176 169 0.00201491284258
176 170 0.0
176 171 0.0223879204731
176 172 0.0
176 173 0.00718901001859
176 174 0.0
176 175 6.21886679809e-06
176 176 0.0
176 177 6.21886679809e-06
176 178 0.0
176 179 0.0
176 180 0.0
176 181 0.0503728210645
176 182 0.0
176 183 0.0672632632882
176 184 0.0
176 185 0.000155471669952
176 186 0.0
176 187 6.21886679809e-06
176 188 0.0
176 189 0.000752482882569
176 190 0.0
176 191 0.0672632632882
176 192 0.0
176 193 0.00898004365644
176 194 0.0
176 195 0.000304724473107
176 196 0.0
176 197 5.59698011828e-05
176 198 0.0
176 199 0.0
176 200 0.0
176 201 0.0
176 202 0.0
176 203 6.21886679809e-06
176 204 0.0
176 205 0.0
176 206 0.0
176 207 0.0
176 208 0.0
176 209 0.0
176 210 0.0
176 211 0.0
176 212 0.0
176 213 0.0
176 214 0.0
176 215 0.0
176 216 0.0
176 217 0.0
176 218 0.0
176 219 0.0
176 220 0.0
176 221 0.0
176 222 0.0
176 223 6.21886679809e-06
176 224 0.0
176 225 0.0
176 226 0.0
176 227 6.21886679809e-06
176 228 0.0
176 229 9.95018687695e-05
176 230 0.0
176 231 0.0
176 232 0.0
176 233 0.000398007475078
176 234 0.0
176 235 0.103488162387
176 236 0.0
176 237 0.0104539150876
176 238 0.0
176 239 0.000304724473107
176 240 0.0
176 241 0.0174687968358
176 242 0.0
176 243 0.0296080248257
176 244 0.0
176 245 0.0048755915697
176 246 0.0
176 247 0.00121889789243
176 248 0.0
176 249 0.0216478753242
176 250 0.0
176 251 0.0738863564281
176 252 0.0
176 253 0.0149314991822
176 254 0.0
176 255 0.000304724473107
176 256 0.0
176 257 5.59698011828e-05
176 258 0.0
176 259 9.95018687695e-05
176 260 0.0
176 261 0.000895516818925
176 262 0.0
176 263 0.000621886679809
176 264 0.0
176 265 0.025472478405
176 266 0.0
176 267 0.0035820672757
176 268 0.0
176 269 5.59698011828e-05
176 270 0.0
176 271 0.0
176 272 0.0
176 273 0.0
176 274 0.0
176 275 0.0
176 276 0.0
176 277 5.59698011828e-05
176 278 0.0
176 279 2.48754671924e-05
176 280 0.0
176 281 6.21886679809e-06
176 282 0.0
176 283 0.000895516818925
176 284 0.0
176 285 0.00388679174881
176 286 0.0
176 287 0.000752482882569
176 288 0.0
176 289 0.0035820672757
176 290 0.0
176 291 0.000621886679809
176 292 0.0
176 293 5.59698011828e-05
176 294 0.0
176 295 6.21886679809e-06
176 296 0.0
176 297 0.0
176 298 0.0
176 299 6.21886679809e-06
176 300 0.0
176 301 0.000223879204731
176 302 0.0
176 303 0.000155471669952
176 304 0.0
176 305 5.59698011828e-05
176 306 0.0
176 307 0.00453355389581
176 308 0.0
176 309 0.00139924502957
176 310 0.0
176 311 0.000155471669952
176 312 0.0
176 313 0.0
176 314 0.0
176 315 6.21886679809e-06
176 316 0.0
176 317 2.48754671924e-05
176 318 0.0
176 319 6.21886679809e-06
176 320 0.0
176 321 2.48754671924e-05
176 322 0.0
176 323 6.21886679809e-06
176 324 0.0
176 325 0.00139924502957
176 326 0.0
176 327 0.00139924502957
176 328 0.0
176 329 9.95018687695e-05
176 330 0.0
176 331 6.21886679809e-06
176 332 0.0
176 333 2.48754671924e-05
176 334 0.0
176 335 0.0
176 336 0.0
176 337 0.0
176 338 0.0
176 339 0.0
176 340 0.0
176 341 0.000304724473107
176 342 0.0
176 343 0.00139924502957
176 344 0.0
176 345 0.000304724473107
176 346 0.0
176 347 9.95018687695e-05
176 348 0.0
176 349 0.000895516818925
176 350 0.0
176 351 0.000621886679809
176 352 0.0
176 353 0.000155471669952
176 354 0.0
176 355 6.21886679809e-06
176 356 0.0
176 357 0.0
176 358 0.0
176 359 0.0
176 360 0.0
176 361 0.0
176 362 0.0
176 363 2.48754671924e-05
176 364 0.0
176 365 6.21886679809e-06
176 366 0.0
176 367 0.000223879204731
176 368 0.0
176 369 9.95018687695e-05
176 370 0.0
176 371 0.000398007475078
176 372 0.0
176 373 0.000155471669952
176 374 0.0
176 375 5.59698011828e-05
176 376 0.0
176 377 6.21886679809e-06
176 378 0.0
176 379 6.21886679809e-06
176 380 0.0
176 381 9.95018687695e-05
176 382 0.0
176 383 2.48754671924e-05
176 384 0.0
176 385 2.48754671924e-05
176 386 0.0
176 387 2.48754671924e-05
176 388 0.0
176 389 0.0
176 390 0.0
176 391 5.59698011828e-05
176 392 0.0
176 393 5.59698011828e-05
176 394 0.0
176 395 6.21886679809e-06
176 396 0.0
176 397 6.21886679809e-06
176 398 0.0
176 399 2.48754671924e-05
176 400 0.0
177 0 0.0
177 1 2.48754671924e-05
177 2 0.0
177 3 2.48754671924e-05
177 4 0.0
177 5 0.000155471669952
177 6 0.0
177 7 0.000304724473107
177 8 6.21886679809e-06
177 9 5.59698011828e-05
177 10 0.0
177 11 0.000398007475078
177 12 6.21886679809e-06
177 13 2.48754671924e-05
177 14 6.21886679809e-06
177 15 9.95018687695e-05
177 16 0.0
177 17 9.95018687695e-05
177 18 6.21886679809e-06
177 19 6.21886679809e-06
177 20 0.0
177 21 6.21886679809e-06
177 22 0.0
177 23 0.0
177 24 0.0
177 25 6.21886679809e-06
177 26 0.0
177 27 6.21886679809e-06
177 28 0.0
177 29 0.000304724473107
177 30 0.0
177 31 9.95018687695e-05
177 32 0.0
177 33 2.48754671924e-05
177 34 0.0
177 35 0.0
177 36 0.0
177 37 0.000621886679809
177 38 0.0
177 39 0.000223879204731
177 40 0.0
177 41 6.21886679809e-06
177 42 0.0
177 43 5.59698011828e-05
177 44 0.0
177 45 0.0
177 46 0.0
177 47 6.21886679809e-06
177 48 0.0
177 49 0.0
177 50 0.0
177 51 0.0
177 52 0.0
177 53 0.0
177 54 0.0
177 55 6.21886679809e-06
177 56 0.0
177 57 9.95018687695e-05
177 58 0.0
177 59 0.000155471669952
177 60 0.0
177 61 0.00121889789243
177 62 0.0
177 63 0.000155471669952
177 64 0.0
177 65 0.000223879204731
177 66 0.0
177 67 0.000398007475078
177 68 0.0
177 69 9.95018687695e-05
177 70 0.0
177 71 6.21886679809e-06
177 72 0.0
177 73 2.48754671924e-05
177 74 0.0
177 75 0.0
177 76 0.0
177 77 6.21886679809e-06
177 78 0.0
177 79 0.0
177 80 0.0
177 81 0.0
177 82 0.0
177 83 0.0
177 84 0.0
177 85 0.000304724473107
177 86 0.0
177 87 0.000621886679809
177 88 0.0
177 89 0.00179725250465
177 90 0.0
177 91 9.95018687695e-05
177 92 0.0
177 93 0.000752482882569
177 94 0.0
177 95 0.00179725250465
177 96 0.0
177 97 5.59698011828e-05
177 98 0.0
177 99 0.0
177 100 0.0
177 101 6.21886679809e-06
177 102 0.0
177 103 6.21886679809e-06
177 104 0.0
177 105 0.0
177 106 0.0
177 107 0.0
177 108 0.0
177 109 0.000304724473107
177 110 0.0
177 111 0.000155471669952
177 112 0.0
177 113 2.48754671924e-05
177 114 0.0
177 115 0.00453355389581
177 116 0.0
177 117 0.00201491284258
177 118 0.0
177 119 0.000304724473107
177 120 0.0
177 121 0.0
177 122 0.0
177 123 0.0
177 124 0.0
177 125 0.0
177 126 0.0
177 127 0.00179725250465
177 128 0.0
177 129 0.00851362864659
177 130 6.21886679809e-06
177 131 0.00453355389581
177 132 0.0
177 133 0.00805965137033
177 134 6.21886679809e-06
177 135 0.000752482882569
177 136 0.0
177 137 6.21886679809e-06
177 138 0.0
177 139 0.0
177 140 0.0
177 141 0.0
177 142 0.0
177 143 0.0
177 144 0.0
177 145 0.0
177 146 0.0
177 147 0.0
177 148 0.0
177 149 0.0
177 150 0.0
177 151 0.00453355389581
177 152 0.0
177 153 0.00677234594312
177 154 0.0
177 155 0.0195023662788
177 156 0.0
177 157 6.21886679809e-06
177 158 0.0
177 159 0.0
177 160 0.0
177 161 6.21886679809e-06
177 162 0.0
177 163 5.59698011828e-05
177 164 0.0
177 165 2.48754671924e-05
177 166 0.0
177 167 0.000155471669952
177 168 0.0
177 169 0.00201491284258
177 170 0.0
177 171 0.0223879204731
177 172 0.0
177 173 0.00718901001859
177 174 0.0
177 175 6.21886679809e-06
177 176 0.0
177 177 6.21886679809e-06
177 178 0.0
177 179 0.0
177 180 0.0
177 181 0.0503728210645
177 182 0.0
177 183 0.0672632632882
177 184 0.0
177 185 0.000155471669952
177 186 6.21886679809e-06
177 187 6.21886679809e-06
177 188 2.48754671924e-05
177 189 0.000895516818925
177 190 0.0
177 191 0.0711998059714
177 192 0.0
177 193 0.00995018687695
177 194 6.21886679809e-06
177 195 0.000223879204731
177 196 6.21886679809e-06
177 197 5.59698011828e-05
177 198 0.0
177 199 5.59698011828e-05
177 200 5.59698011828e-05
177 201 2.48754671924e-05
177 202 0.000398007475078
177 203 0.000398007475078
177 204 0.000223879204731
177 205 0.000155471669952
177 206 0.000155471669952
177 207 0.000155471669952
177 208 0.000223879204731
177 209 0.000155471669952
177 210 0.000155471669952
177 211 9.95018687695e-05
177 212 0.000155471669952
177 213 0.000155471669952
177 214 0.000223879204731
177 215 0.000223879204731
177 216 0.000223879204731
177 217 0.000155471669952
177 218 0.000223879204731
177 219 0.000223879204731
177 220 0.000223879204731
177 221 0.000155471669952
177 222 0.000155471669952
177 223 0.000155471669952
177 224 0.000223879204731
177 225 0.000155471669952
177 226 0.000155471669952
177 227 9.95018687695e-05
177 228 0.000223879204731
177 229 5.59698011828e-05
177 230 5.59698011828e-05
177 231 2.48754671924e-05
177 232 6.21886679809e-06
177 233 0.000621886679809
177 234 0.0
177 235 0.10188991362
177 236 6.21886679809e-06
177 237 0.0104539150876
177 238 2.48754671924e-05
177 239 0.000304724473107
177 240 0.0
177 241 0.0161752725418
177 242 0.0
177 243 0.0304724473107
177 244 0.0
177 245 0.0048755915697
177 246 0.0
177 247 0.00121889789243
177 248 0.0
177 249 0.0216478753242
177 250 0.0
177 251 0.0738863564281
177 252 0.0
177 253 0.0149314991822
177 254 0.0
177 255 0.000304724473107
177 256 0.0
177 257 5.59698011828e-05
177 258 0.0
177 259 9.95018687695e-05
177 260 0.0
177 261 0.000895516818925
177 262 0.0
177 263 0.000621886679809
177 264 0.0
177 265 0.025472478405
177 266 0.0
177 267 0.0035820672757
177 268 0.0
177 269 5.59698011828e-05
177 270 0.0
177 271 0.0
177 272 0.0
177 273 0.0
177 274 0.0
177 275 0.0
177 276 0.0
177 277 5.59698011828e-05
177 278 0.0
177 279 2.48754671924e-05
177 280 0.0
177 281 6.21886679809e-06
177 282 0.0
177 283 0.000895516818925
177 284 0.0
177 285 0.00388679174881
177 286 0.0
177 287 0.000752482882569
177 288 0.0
177 289 0.0035820672757
177 290 0.0
177 291 0.000621886679809
177 292 0.0
177 293 5.59698011828e-05
177 294 0.0
177 295 6.21886679809e-06
177 296 0.0
177 297 0.0
177 298 0.0
177 299 6.21886679809e-06
177 300 0.0
177 301 0.000223879204731
177 302 0.0
177 303 0.000223879204731
177 304 6.21886679809e-06
177 305 2.48754671924e-05
177 306 0.0
177 307 0.00453355389581
177 308 0.0
177 309 0.00139924502957
177 310 0.0
177 311 0.000155471669952
177 312 0.0
177 313 0.0
177 314 0.0
177 315 6.21886679809e-06
177 316 0.0
177 317 2.48754671924e-05
177 318 0.0
177 319 6.21886679809e-06
177 320 0.0
177 321 2.48754671924e-05
177 322 0.0
177 323 6.21886679809e-06
177 324 0.0
177 325 0.00139924502957
177 326 0.0
177 327 0.00139924502957
177 328 0.0
177 329 9.95018687695e-05
177 330 0.0
177 331 6.21886679809e-06
177 332 0.0
177 333 2.48754671924e-05
177 334 0.0
177 335 0.0
177 336 0.0
177 337 0.0
177 338 0.0
177 339 0.0
177 340 0.0
177 341 0.000304724473107
177 342 0.0
177 343 0.00139924502957
177 344 0.0
177 345 0.000304724473107
177 346 0.0
177 347 9.95018687695e-05
177 348 0.0
177 349 0.000895516818925
177 350 0.0
177 351 0.000621886679809
177 352 0.0
177 353 9.95018687695e-05
177 354 0.0
177 355 6.21886679809e-06
177 356 6.21886679809e-06
177 357 0.0
177 358 0.0
177 359 0.0
177 360 0.0
177 361 0.0
177 362 0.0
177 363 2.48754671924e-05
177 364 0.0
177 365 6.21886679809e-06
177 366 0.0
177 367 0.000223879204731
177 368 0.0
177 369 9.95018687695e-05
177 370 0.0
177 371 0.000398007475078
177 372 0.0
177 373 0.000155471669952
177 374 6.21886679809e-06
177 375 5.59698011828e-05
177 376 0.0
177 377 6.21886679809e-06
177 378 0.0
177 379 6.21886679809e-06
177 380 0.0
177 381 9.95018687695e-05
177 382 0.0
177 383 2.48754671924e-05
177 384 0.0
177 385 2.48754671924e-05
177 386 0.0
177 387 2.48754671924e-05
177 388 0.0
177 389 0.0
177 390 0.0
177 391 2.48754671924e-05
177 392 2.48754671924e-05
177 393 0.000155471669952
177 394 6.21886679809e-06
177 395 6.21886679809e-06
177 396 0.0
177 397 6.21886679809e-06
177 398 0.0
177 399 2.48754671924e-05
177 400 0.0
178 0 0.0
178 1 2.48754671924e-05
178 2 0.0
178 3 2.48754671924e-05
178 4 0.0
178 5 0.000155471669952
178 6 0.0
178 7 0.000223879204731
178 8 0.0
178 9 2.48754671924e-05
178 10 0.0
178 11 0.000503728210645
178 12 0.0
178 13 2.48754671924e-05
178 14 0.0
178 15 2.48754671924e-05
178 16 0.0
178 17 9.95018687695e-05
178 18 0.0
178 19 6.21886679809e-06
178 20 0.0
178 21 6.21886679809e-06
178 22 0.0
178 23 0.0
178 24 0.0
178 25 6.21886679809e-06
178 26 0.0
178 27 6.21886679809e-06
178 28 0.0
178 29 0.000304724473107
178 30 0.0
178 31 9.95018687695e-05
178 32 0.0
178 33 2.48754671924e-05
178 34 0.0
178 35 0.0
178 36 0.0
178 37 0.000621886679809
178 38 0.0
178 39 0.000304724473107
178 40 0.0
178 41 0.0
178 42 0.0
178 43 2.48754671924e-05
178 44 0.0
178 45 0.0
178 46 0.0
178 47 6.21886679809e-06
178 48 0.0
178 49 0.0
178 50 0.0
178 51 0.0
178 52 0.0
178 53 0.0
178 54 0.0
178 55 6.21886679809e-06
178 56 0.0
178 57 6.21886679809e-06
178 58 0.0
178 59 0.000155471669952
178 60 0.0
178 61 0.00121889789243
178 62 0.0
178 63 0.000155471669952
178 64 0.0
178 65 0.000304724473107
178 66 0.0
178 67 0.000398007475078
178 68 0.0
178 69 9.95018687695e-05
178 70 0.0
178 71 6.21886679809e-06
178 72 0.0
178 73 2.48754671924e-05
178 74 0.0
178 75 0.0
178 76 0.0
178 77 6.21886679809e-06
178 78 0.0
178 79 0.0
178 80 0.0
178 81 0.0
178 82 0.0
178 83 0.0
178 84 0.0
178 85 0.000304724473107
178 86 0.0
178 87 0.000621886679809
178 88 0.0
178 89 0.00179725250465
178 90 0.0
178 91 9.95018687695e-05
178 92 0.0
178 93 0.000752482882569
178 94 0.0
178 95 0.00179725250465
178 96 0.0
178 97 5.59698011828e-05
178 98 0.0
178 99 0.0
178 100 0.0
178 101 6.21886679809e-06
178 102 0.0
178 103 6.21886679809e-06
178 104 0.0
178 105 0.0
178 106 0.0
178 107 0.0
178 108 0.0
178 109 0.000304724473107
178 110 0.0
178 111 0.000155471669952
178 112 0.0
178 113 2.48754671924e-05
178 114 0.0
178 115 0.00453355389581
178 116 0.0
178 117 0.00201491284258
178 118 0.0
178 119 0.000304724473107
178 120 0.0
178 121 0.0
178 122 0.0
178 123 0.0
178 124 0.0
178 125 0.0
178 126 0.0
178 127 0.00201491284258
178 128 0.0
178 129 0.00898004365644
178 130 0.0
178 131 0.0048755915697
178 132 0.0
178 133 0.00805965137033
178 134 0.0
178 135 0.000752482882569
178 136 0.0
178 137 6.21886679809e-06
178 138 0.0
178 139 0.0
178 140 0.0
178 141 0.0
178 142 0.0
178 143 0.0
178 144 0.0
178 145 0.0
178 146 0.0
178 147 0.0
178 148 0.0
178 149 0.0
178 150 0.0
178 151 0.00453355389581
178 152 0.0
178 153 0.00677234594312
178 154 0.0
178 155 0.0195023662788
178 156 0.0
178 157 6.21886679809e-06
178 158 0.0
178 159 0.0
178 160 0.0
178 161 6.21886679809e-06
178 162 0.0
178 163 5.59698011828e-05
178 164 0.0
178 165 2.48754671924e-05
178 166 0.0
178 167 0.000155471669952
178 168 0.0
178 169 0.00201491284258
178 170 0.0
178 171 0.0223879204731
178 172 0.0
178 173 0.00718901001859
178 174 0.0
178 175 6.21886679809e-06
178 176 0.0
178 177 6.21886679809e-06
178 178 0.0
178 179 0.0
178 180 0.0
178 181 0.0503728210645
178 182 0.0
178 183 0.0672632632882
178 184 0.0
178 185 9.95018687695e-05
178 186 0.0
178 187 0.0
178 188 0.0
178 189 0.000895516818925
178 190 0.0
178 191 0.0698751873434
178 192 0.0
178 193 0.00995018687695
178 194 0.0
178 195 0.000223879204731
178 196 0.0
178 197 5.59698011828e-05
178 198 0.0
178 199 6.21886679809e-06
178 200 0.0
178 201 5.59698011828e-05
178 202 0.0
178 203 0.0
178 204 0.0
178 205 0.0
178 206 0.0
178 207 2.48754671924e-05
178 208 0.0
178 209 0.0
178 210 0.0
178 211 0.0
178 212 0.0
178 213 0.0
178 214 0.0
178 215 0.0
178 216 0.0
178 217 0.0
178 218 0.0
178 219 0.0
178 220 0.0
178 221 0.0
178 222 0.0
178 223 0.0
178 224 0.0
178 225 2.48754671924e-05
178 226 0.0
178 227 2.48754671924e-05
178 228 0.0
178 229 0.000155471669952
178 230 0.0
178 231 2.48754671924e-05
178 232 0.0
178 233 0.000621886679809
178 234 0.0
178 235 0.10188991362
178 236 0.0
178 237 0.00898004365644
178 238 0.0
178 239 0.000398007475078
178 240 0.0
178 241 0.0155471669952
178 242 0.0
178 243 0.0304724473107
178 244 0.0
178 245 0.0048755915697
178 246 0.0
178 247 0.00121889789243
178 248 0.0
178 249 0.0216478753242
178 250 0.0
178 251 0.0738863564281
178 252 0.0
178 253 0.0149314991822
178 254 0.0
178 255 0.000304724473107
178 256 0.0
178 257 5.59698011828e-05
178 258 0.0
178 259 9.95018687695e-05
178 260 0.0
178 261 0.000895516818925
178 262 0.0
178 263 0.000621886679809
178 264 0.0
178 265 0.025472478405
178 266 0.0
178 267 0.0035820672757
178 268 0.0
178 269 5.59698011828e-05
178 270 0.0
178 271 0.0
178 272 0.0
178 273 0.0
178 274 0.0
178 275 0.0
178 276 0.0
178 277 5.59698011828e-05
178 278 0.0
178 279 2.48754671924e-05
178 280 0.0
178 281 6.21886679809e-06
178 282 0.0
178 283 0.000895516818925
178 284 0.0
178 285 0.00388679174881
178 286 0.0
178 287 0.000752482882569
178 288 0.0
178 289 0.0035820672757
178 290 0.0
178 291 0.000621886679809
178 292 0.0
178 293 5.59698011828e-05
178 294 0.0
178 295 6.21886679809e-06
178 296 0.0
178 297 0.0
178 298 0.0
178 299 6.21886679809e-06
178 300 0.0
178 301 0.000223879204731
178 302 0.0
178 303 9.95018687695e-05
178 304 0.0
178 305 5.59698011828e-05
178 306 0.0
178 307 0.00453355389581
178 308 0.0
178 309 0.00139924502957
178 310 0.0
178 311 0.000155471669952
178 312 0.0
178 313 0.0
178 314 0.0
178 315 6.21886679809e-06
178 316 0.0
178 317 2.48754671924e-05
178 318 0.0
178 319 6.21886679809e-06
178 320 0.0
178 321 2.48754671924e-05
178 322 0.0
178 323 6.21886679809e-06
178 324 0.0
178 325 0.00139924502957
178 326 0.0
178 327 0.00139924502957
178 328 0.0
178 329 9.95018687695e-05
178 330 0.0
178 331 6.21886679809e-06
178 332 0.0
178 333 2.48754671924e-05
178 334 0.0
178 335 0.0
178 336 0.0
178 337 0.0
178 338 0.0
178 339 0.0
178 340 0.0
178 341 0.000304724473107
178 342 0.0
178 343 0.00139924502957
178 344 0.0
178 345 0.000304724473107
178 346 0.0
178 347 9.95018687695e-05
178 348 0.0
178 349 0.000895516818925
178 350 0.0
178 351 0.000895516818925
178 352 0.0
178 353 0.000155471669952
178 354 0.0
178 355 0.0
178 356 0.0
178 357 0.0
178 358 0.0
178 359 0.0
178 360 0.0
178 361 0.0
178 362 0.0
178 363 2.48754671924e-05
178 364 0.0
178 365 6.21886679809e-06
178 366 0.0
178 367 0.000223879204731
178 368 0.0
178 369 9.95018687695e-05
178 370 0.0
178 371 0.000304724473107
178 372 0.0
178 373 0.000223879204731
178 374 0.0
178 375 2.48754671924e-05
178 376 0.0
178 377 2.48754671924e-05
178 378 0.0
178 379 6.21886679809e-06
178 380 0.0
178 381 9.95018687695e-05
178 382 0.0
178 383 2.48754671924e-05
178 384 0.0
178 385 2.48754671924e-05
178 386 0.0
178 387 2.48754671924e-05
178 388 0.0
178 389 0.0
178 390 0.0
178 391 6.21886679809e-06
178 392 0.0
178 393 9.95018687695e-05
178 394 0.0
178 395 6.21886679809e-06
178 396 0.0
178 397 6.21886679809e-06
178 398 0.0
178 399 2.48754671924e-05
178 400 0.0
179 0 0.0
179 1 2.48754671924e-05
179 2 0.0
179 3 2.48754671924e-05
179 4 0.0
179 5 0.000155471669952
179 6 0.0
179 7 0.000223879204731
179 8 6.21886679809e-06
179 9 5.59698011828e-05
179 10 0.0
179 11 0.000503728210645
179 12 6.21886679809e-06
179 13 2.48754671924e-05
179 14 6.21886679809e-06
179 15 5.59698011828e-05
179 16 0.0
179 17 9.95018687695e-05
179 18 6.21886679809e-06
179 19 6.21886679809e-06
179 20 0.0
179 21 6.21886679809e-06
179 22 0.0
179 23 6.21886679809e-06
179 24 0.0
179 25 6.21886679809e-06
179 26 0.0
179 27 6.21886679809e-06
179 28 0.0
179 29 0.000304724473107
179 30 0.0
179 31 9.95018687695e-05
179 32 0.0
179 33 2.48754671924e-05
179 34 0.0
179 35 0.0
179 36 6.21886679809e-06
179 37 0.000621886679809
179 38 0.0
179 39 0.000304724473107
179 40 0.0
179 41 0.0
179 42 0.0
179 43 2.48754671924e-05
179 44 0.0
179 45 0.0
179 46 0.0
179 47 6.21886679809e-06
179 48 0.0
179 49 0.0
179 50 0.0
179 51 0.0
179 52 0.0
179 53 0.0
179 54 0.0
179 55 6.21886679809e-06
179 56 0.0
179 57 6.21886679809e-06
179 58 0.0
179 59 0.000155471669952
179 60 6.21886679809e-06
179 61 0.00121889789243
179 62 6.21886679809e-06
179 63 0.000155471669952
179 64 0.0
179 65 0.000304724473107
179 66 0.0
179 67 0.000398007475078
179 68 0.0
179 69 9.95018687695e-05
179 70 0.0
179 71 6.21886679809e-06
179 72 0.0
179 73 2.48754671924e-05
179 74 0.0
179 75 0.0
179 76 0.0
179 77 6.21886679809e-06
179 78 0.0
179 79 0.0
179 80 0.0
179 81 0.0
179 82 0.0
179 83 0.0
179 84 0.0
179 85 0.000304724473107
179 86 0.0
179 87 0.000621886679809
179 88 0.0
179 89 0.00179725250465
179 90 0.0
179 91 9.95018687695e-05
179 92 0.0
179 93 0.000752482882569
179 94 0.0
179 95 0.00179725250465
179 96 0.0
179 97 5.59698011828e-05
179 98 0.0
179 99 0.0
179 100 0.0
179 101 6.21886679809e-06
179 102 0.0
179 103 6.21886679809e-06
179 104 0.0
179 105 0.0
179 106 0.0
179 107 0.0
179 108 0.0
179 109 0.000304724473107
179 110 0.0
179 111 0.000155471669952
179 112 0.0
179 113 2.48754671924e-05
179 114 0.0
179 115 0.00453355389581
179 116 0.0
179 117 0.00201491284258
179 118 0.0
179 119 0.000304724473107
179 120 0.0
179 121 0.0
179 122 0.0
179 123 0.0
179 124 0.0
179 125 0.0
179 126 0.0
179 127 0.00201491284258
179 128 0.0
179 129 0.0094588963999
179 130 6.21886679809e-06
179 131 0.00453355389581
179 132 6.21886679809e-06
179 133 0.00718901001859
179 134 6.21886679809e-06
179 135 0.000895516818925
179 136 0.0
179 137 6.21886679809e-06
179 138 0.0
179 139 0.0
179 140 0.0
179 141 0.0
179 142 0.0
179 143 0.0
179 144 0.0
179 145 0.0
179 146 0.0
179 147 0.0
179 148 0.0
179 149 0.0
179 150 0.0
179 151 0.00453355389581
179 152 0.0
179 153 0.00677234594312
179 154 0.0
179 155 0.0195023662788
179 156 0.0
179 157 6.21886679809e-06
179 158 0.0
179 159 0.0
179 160 0.0
179 161 6.21886679809e-06
179 162 0.0
179 163 5.59698011828e-05
179 164 0.0
179 165 2.48754671924e-05
179 166 0.0
179 167 0.000155471669952
179 168 0.0
179 169 0.00201491284258
179 170 0.0
179 171 0.0223879204731
179 172 0.0
179 173 0.00718901001859
179 174 0.0
179 175 6.21886679809e-06
179 176 0.0
179 177 6.21886679809e-06
179 178 0.0
179 179 0.0
179 180 0.0
179 181 0.0503728210645
179 182 0.0
179 183 0.0672632632882
179 184 0.0
179 185 9.95018687695e-05
179 186 0.0
179 187 0.0
179 188 6.21886679809e-06
179 189 0.000895516818925
179 190 6.21886679809e-06
179 191 0.0672632632882
179 192 6.21886679809e-06
179 193 0.0104539150876
179 194 6.21886679809e-06
179 195 0.000223879204731
179 196 0.0
179 197 5.59698011828e-05
179 198 0.0
179 199 9.95018687695e-05
179 200 5.59698011828e-05
179 201 0.00159202990031
179 202 0.0048755915697
179 203 0.00677234594312
179 204 0.0143282691028
179 205 0.016815815822
179 206 0.0149314991822
179 207 0.016815815822
179 208 0.0149314991822
179 209 0.0143282691028
179 210 0.0161752725418
179 211 0.0161752725418
179 212 0.020205098227
179 213 0.0181342155832
179 214 0.0125932052661
179 215 0.0125932052661
179 216 0.0131591221448
179 217 0.0131591221448
179 218 0.0131591221448
179 219 0.0125932052661
179 220 0.0131591221448
179 221 0.013737476757
179 222 0.0174687968358
179 223 0.0174687968358
179 224 0.013737476757
179 225 0.0131591221448
179 226 0.00995018687695
179 227 0.0155471669952
179 228 9.95018687695e-05
179 229 0.00274252025796
179 230 5.59698011828e-05
179 231 6.21886679809e-06
179 232 2.48754671924e-05
179 233 0.000752482882569
179 234 0.0
179 235 0.100304102586
179 236 0.0
179 237 0.00898004365644
179 238 0.0
179 239 0.000398007475078
179 240 0.0
179 241 0.0155471669952
179 242 6.21886679809e-06
179 243 0.0313493075292
179 244 0.0
179 245 0.0048755915697
179 246 0.0
179 247 0.00121889789243
179 248 0.0
179 249 0.0216478753242
179 250 0.0
179 251 0.0738863564281
179 252 0.0
179 253 0.0149314991822
179 254 0.0
179 255 0.000304724473107
179 256 0.0
179 257 5.59698011828e-05
179 258 0.0
179 259 9.95018687695e-05
179 260 0.0
179 261 0.000895516818925
179 262 0.0
179 263 0.000621886679809
179 264 0.0
179 265 0.025472478405
179 266 0.0
179 267 0.0035820672757
179 268 0.0
179 269 5.59698011828e-05
179 270 0.0
179 271 0.0
179 272 0.0
179 273 0.0
179 274 0.0
179 275 0.0
179 276 0.0
179 277 5.59698011828e-05
179 278 0.0
179 279 2.48754671924e-05
179 280 0.0
179 281 6.21886679809e-06
179 282 0.0
179 283 0.000895516818925
179 284 0.0
179 285 0.00388679174881
179 286 0.0
179 287 0.000752482882569
179 288 0.0
179 289 0.0035820672757
179 290 0.0
179 291 0.000621886679809
179 292 0.0
179 293 5.59698011828e-05
179 294 0.0
179 295 6.21886679809e-06
179 296 0.0
179 297 0.0
179 298 0.0
179 299 6.21886679809e-06
179 300 0.0
179 301 0.000155471669952
179 302 0.0
179 303 9.95018687695e-05
179 304 0.0
179 305 2.48754671924e-05
179 306 0.0
179 307 0.00453355389581
179 308 0.0
179 309 0.00139924502957
179 310 0.0
179 311 0.000155471669952
179 312 0.0
179 313 0.0
179 314 0.0
179 315 6.21886679809e-06
179 316 0.0
179 317 2.48754671924e-05
179 318 0.0
179 319 6.21886679809e-06
179 320 0.0
179 321 2.48754671924e-05
179 322 0.0
179 323 6.21886679809e-06
179 324 0.0
179 325 0.00139924502957
179 326 0.0
179 327 0.00139924502957
179 328 0.0
179 329 9.95018687695e-05
179 330 0.0
179 331 6.21886679809e-06
179 332 0.0
179 333 2.48754671924e-05
179 334 0.0
179 335 0.0
179 336 0.0
179 337 0.0
179 338 0.0
179 339 0.0
179 340 0.0
179 341 0.000304724473107
179 342 0.0
179 343 0.00139924502957
179 344 0.0
179 345 0.000304724473107
179 346 0.0
179 347 9.95018687695e-05
179 348 0.0
179 349 0.00105098848888
179 350 0.0
179 351 0.000895516818925
179 352 0.0
179 353 0.000223879204731
179 354 0.0
179 355 0.0
179 356 0.0
179 357 0.0
179 358 0.0
179 359 0.0
179 360 0.0
179 361 0.0
179 362 0.0
179 363 2.48754671924e-05
179 364 0.0
179 365 6.21886679809e-06
179 366 0.0
179 367 0.000223879204731
179 368 0.0
179 369 9.95018687695e-05
179 370 0.0
179 371 0.000304724473107
179 372 0.0
179 373 0.000223879204731
179 374 6.21886679809e-06
179 375 2.48754671924e-05
179 376 0.0
179 377 6.21886679809e-06
179 378 0.0
179 379 6.21886679809e-06
179 380 0.0
179 381 9.95018687695e-05
179 382 0.0
179 383 2.48754671924e-05
179 384 0.0
179 385 2.48754671924e-05
179 386 0.0
179 387 2.48754671924e-05
179 388 0.0
179 389 0.0
179 390 0.0
179 391 6.21886679809e-06
179 392 6.21886679809e-06
179 393 9.95018687695e-05
179 394 6.21886679809e-06
179 395 6.21886679809e-06
179 396 0.0
179 397 0.0
179 398 0.0
179 399 2.48754671924e-05
179 400 0.0
180 0 0.0
180 1 2.48754671924e-05
180 2 0.0
180 3 2.48754671924e-05
180 4 0.0
180 5 0.000155471669952
180 6 0.0
180 7 0.000223879204731
180 8 0.0
180 9 2.48754671924e-05
180 10 0.0
180 11 0.000503728210645
180 12 0.0
180 13 5.59698011828e-05
180 14 0.0
180 15 2.48754671924e-05
180 16 0.0
180 17 0.000155471669952
180 18 0.0
180 19 6.21886679809e-06
180 20 0.0
180 21 2.48754671924e-05
180 22 0.0
180 23 6.21886679809e-06
180 24 0.0
180 25 6.21886679809e-06
180 26 0.0
180 27 6.21886679809e-06
180 28 0.0
180 29 0.000304724473107
180 30 0.0
180 31 9.95018687695e-05
180 32 0.0
180 33 2.48754671924e-05
180 34 0.0
180 35 0.0
180 36 0.0
180 37 0.000621886679809
180 38 0.0
180 39 0.000304724473107
180 40 0.0
180 41 0.0
180 42 0.0
180 43 2.48754671924e-05
180 44 0.0
180 45 0.0
180 46 0.0
180 47 6.21886679809e-06
180 48 0.0
180 49 0.0
180 50 0.0
180 51 0.0
180 52 0.0
180 53 0.0
180 54 0.0
180 55 6.21886679809e-06
180 56 0.0
180 57 6.21886679809e-06
180 58 0.0
180 59 0.000155471669952
180 60 0.0
180 61 0.000895516818925
180 62 0.0
180 63 0.000223879204731
180 64 0.0
180 65 0.000304724473107
180 66 0.0
180 67 0.000398007475078
180 68 0.0
180 69 9.95018687695e-05
180 70 0.0
180 71 6.21886679809e-06
180 72 0.0
180 73 2.48754671924e-05
180 74 0.0
180 75 0.0
180 76 0.0
180 77 6.21886679809e-06
180 78 0.0
180 79 0.0
180 80 0.0
180 81 0.0
180 82 0.0
180 83 0.0
180 84 0.0
180 85 0.000304724473107
180 86 0.0
180 87 0.000621886679809
180 88 0.0
180 89 0.00179725250465
180 90 0.0
180 91 9.95018687695e-05
180 92 0.0
180 93 0.000752482882569
180 94 0.0
180 95 0.00179725250465
180 96 0.0
180 97 5.59698011828e-05
180 98 0.0
180 99 0.0
180 100 0.0
180 101 6.21886679809e-06
180 102 0.0
180 103 6.21886679809e-06
180 104 0.0
180 105 0.0
180 106 0.0
180 107 0.0
180 108 0.0
180 109 0.000304724473107
180 110 0.0
180 111 0.000155471669952
180 112 0.0
180 113 2.48754671924e-05
180 114 0.0
180 115 0.00453355389581
180 116 0.0
180 117 0.00201491284258
180 118 0.0
180 119 0.000304724473107
180 120 0.0
180 121 0.0
180 122 0.0
180 123 0.0
180 124 0.0
180 125 0.0
180 126 0.0
180 127 0.00201491284258
180 128 0.0
180 129 0.00898004365644
180 130 0.0
180 131 0.0048755915697
180 132 0.0
180 133 0.00761811182766
180 134 0.0
180 135 0.000752482882569
180 136 0.0
180 137 6.21886679809e-06
180 138 0.0
180 139 0.0
180 140 0.0
180 141 0.0
180 142 0.0
180 143 0.0
180 144 0.0
180 145 0.0
180 146 0.0
180 147 0.0
180 148 0.0
180 149 0.0
180 150 0.0
180 151 0.00453355389581
180 152 0.0
180 153 0.00677234594312
180 154 0.0
180 155 0.0195023662788
180 156 0.0
180 157 6.21886679809e-06
180 158 0.0
180 159 0.0
180 160 0.0
180 161 6.21886679809e-06
180 162 0.0
180 163 5.59698011828e-05
180 164 0.0
180 165 2.48754671924e-05
180 166 0.0
180 167 0.000155471669952
180 168 0.0
180 169 0.00201491284258
180 170 0.0
180 171 0.0223879204731
180 172 0.0
180 173 0.00718901001859
180 174 0.0
180 175 6.21886679809e-06
180 176 0.0
180 177 6.21886679809e-06
180 178 0.0
180 179 0.0
180 180 0.0
180 181 0.0503728210645
180 182 0.0
180 183 0.0672632632882
180 184 0.0
180 185 9.95018687695e-05
180 186 0.0
180 187 6.21886679809e-06
180 188 0.0
180 189 0.000752482882569
180 190 0.0
180 191 0.068563006449
180 192 0.0
180 193 0.00995018687695
180 194 0.0
180 195 0.000223879204731
180 196 0.0
180 197 5.59698011828e-05
180 198 0.0
180 199 0.00139924502957
180 200 0.0
180 201 0.00636811960125
180 202 0.0
180 203 0.00453355389581
180 204 0.0
180 205 0.0
180 206 0.0
180 207 2.48754671924e-05
180 208 0.0
180 209 6.21886679809e-06
180 210 0.0
180 211 9.95018687695e-05
180 212 0.0
180 213 6.21886679809e-06
180 214 0.0
180 215 6.21886679809e-06
180 216 0.0
180 217 6.21886679809e-06
180 218 0.0
180 219 0.0
180 220 0.0
180 221 0.000155471669952
180 222 0.0
180 223 9.95018687695e-05
180 224 0.0
180 225 2.48754671924e-05
180 226 0.0
180 227 0.00995018687695
180 228 0.0
180 229 0.00761811182766
180 230 0.0
180 231 0.000621886679809
180 232 0.0
180 233 0.000752482882569
180 234 0.0
180 235 0.100304102586
180 236 0.0
180 237 0.0094588963999
180 238 0.0
180 239 0.000398007475078
180 240 0.0
180 241 0.0155471669952
180 242 0.0
180 243 0.0304724473107
180 244 0.0
180 245 0.0048755915697
180 246 0.0
180 247 0.00121889789243
180 248 0.0
180 249 0.0216478753242
180 250 0.0
180 251 0.0738863564281
180 252 0.0
180 253 0.0149314991822
180 254 0.0
180 255 0.000304724473107
180 256 0.0
180 257 5.59698011828e-05
180 258 0.0
180 259 9.95018687695e-05
180 260 0.0
180 261 0.000895516818925
180 262 0.0
180 263 0.000621886679809
180 264 0.0
180 265 0.025472478405
180 266 0.0
180 267 0.0035820672757
180 268 0.0
180 269 5.59698011828e-05
180 270 0.0
180 271 0.0
180 272 0.0
180 273 0.0
180 274 0.0
180 275 0.0
180 276 0.0
180 277 5.59698011828e-05
180 278 0.0
180 279 2.48754671924e-05
180 280 0.0
180 281 6.21886679809e-06
180 282 0.0
180 283 0.000895516818925
180 284 0.0
180 285 0.00388679174881
180 286 0.0
180 287 0.000752482882569
180 288 0.0
180 289 0.0035820672757
180 290 0.0
180 291 0.000621886679809
180 292 0.0
180 293 5.59698011828e-05
180 294 0.0
180 295 6.21886679809e-06
180 296 0.0
180 297 0.0
180 298 0.0
180 299 6.21886679809e-06
180 300 0.0
180 301 0.000155471669952
180 302 0.0
180 303 9.95018687695e-05
180 304 0.0
180 305 2.48754671924e-05
180 306 0.0
180 307 0.00453355389581
180 308 0.0
180 309 0.00139924502957
180 310 0.0
180 311 0.000155471669952
180 312 0.0
180 313 0.0
180 314 0.0
180 315 6.21886679809e-06
180 316 0.0
180 317 2.48754671924e-05
180 318 0.0
180 319 6.21886679809e-06
180 320 0.0
180 321 2.48754671924e-05
180 322 0.0
180 323 6.21886679809e-06
180 324 0.0
180 325 0.00139924502957
180 326 0.0
180 327 0.00139924502957
180 328 0.0
180 329 9.95018687695e-05
180 330 0.0
180 331 6.21886679809e-06
180 332 0.0
180 333 2.48754671924e-05
180 334 0.0
180 335 0.0
180 336 0.0
180 337 0.0
180 338 0.0
180 339 0.0
180 340 0.0
180 341 0.000304724473107
180 342 0.0
180 343 0.00139924502957
180 344 0.0
180 345 0.000304724473107
180 346 0.0
180 347 9.95018687695e-05
180 348 0.0
180 349 0.00105098848888
180 350 0.0
180 351 0.000895516818925
180 352 0.0
180 353 0.000223879204731
180 354 0.0
180 355 0.0
180 356 0.0
180 357 0.0
180 358 0.0
180 359 0.0
180 360 0.0
180 361 0.0
180 362 0.0
180 363 2.48754671924e-05
180 364 0.0
180 365 6.21886679809e-06
180 366 0.0
180 367 0.000223879204731
180 368 0.0
180 369 9.95018687695e-05
180 370 0.0
180 371 0.000304724473107
180 372 0.0
180 373 0.000223879204731
180 374 0.0
180 375 2.48754671924e-05
180 376 0.0
180 377 2.48754671924e-05
180 378 0.0
180 379 6.21886679809e-06
180 380 0.0
180 381 9.95018687695e-05
180 382 0.0
180 383 2.48754671924e-05
180 384 0.0
180 385 2.48754671924e-05
180 386 0.0
180 387 2.48754671924e-05
180 388 0.0
180 389 0.0
180 390 0.0
180 391 6.21886679809e-06
180 392 0.0
180 393 5.59698011828e-05
180 394 0.0
180 395 0.0
180 396 0.0
180 397 0.0
180 398 0.0
180 399 2.48754671924e-05
180 400 0.0
181 0 0.0
181 1 2.48754671924e-05
181 2 0.0
181 3 2.48754671924e-05
181 4 0.0
181 5 0.000155471669952
181 6 0.0
181 7 0.000223879204731
181 8 0.0
181 9 2.48754671924e-05
181 10 0.0
181 11 0.000503728210645
181 12 0.0
181 13 5.59698011828e-05
181 14 0.0
181 15 2.48754671924e-05
181 16 0.0
181 17 0.000155471669952
181 18 0.0
181 19 6.21886679809e-06
181 20 0.0
181 21 2.48754671924e-05
181 22 0.0
181 23 6.21886679809e-06
181 24 0.0
181 25 6.21886679809e-06
181 26 0.0
181 27 6.21886679809e-06
181 28 0.0
181 29 0.000304724473107
181 30 0.0
181 31 9.95018687695e-05
181 32 0.0
181 33 2.48754671924e-05
181 34 0.0
181 35 0.0
181 36 6.21886679809e-06
181 37 0.000503728210645
181 38 6.21886679809e-06
181 39 0.000398007475078
181 40 6.21886679809e-06
181 41 6.21886679809e-06
181 42 6.21886679809e-06
181 43 2.48754671924e-05
181 44 0.0
181 45 0.0
181 46 0.0
181 47 6.21886679809e-06
181 48 0.0
181 49 0.0
181 50 0.0
181 51 0.0
181 52 0.0
181 53 0.0
181 54 0.0
181 55 6.21886679809e-06
181 56 0.0
181 57 6.21886679809e-06
181 58 0.0
181 59 0.000155471669952
181 60 0.0
181 61 0.000895516818925
181 62 0.0
181 63 0.000223879204731
181 64 0.0
181 65 0.000304724473107
181 66 0.0
181 67 0.000398007475078
181 68 0.0
181 69 9.95018687695e-05
181 70 0.0
181 71 6.21886679809e-06
181 72 0.0
181 73 2.48754671924e-05
181 74 0.0
181 75 0.0
181 76 0.0
181 77 6.21886679809e-06
181 78 0.0
181 79 0.0
181 80 0.0
181 81 0.0
181 82 0.0
181 83 0.0
181 84 0.0
181 85 0.000304724473107
181 86 0.0
181 87 0.000621886679809
181 88 0.0
181 89 0.00179725250465
181 90 0.0
181 91 9.95018687695e-05
181 92 0.0
181 93 0.000752482882569
181 94 0.0
181 95 0.00179725250465
181 96 0.0
181 97 5.59698011828e-05
181 98 0.0
181 99 0.0
181 100 0.0
181 101 6.21886679809e-06
181 102 0.0
181 103 6.21886679809e-06
181 104 0.0
181 105 0.0
181 106 0.0
181 107 0.0
181 108 0.0
181 109 0.000304724473107
181 110 0.0
181 111 0.000155471669952
181 112 0.0
181 113 2.48754671924e-05
181 114 0.0
181 115 0.00453355389581
181 116 0.0
181 117 0.00201491284258
181 118 0.0
181 119 0.000304724473107
181 120 0.0
181 121 0.0
181 122 0.0
181 123 0.0
181 124 0.0
181 125 0.0
181 126 0.0
181 127 0.00201491284258
181 128 0.0
181 129 0.00898004365644
181 130 0.0
181 131 0.0048755915697
181 132 0.0
181 133 0.00761811182766
181 134 0.0
181 135 0.000752482882569
181 136 0.0
181 137 6.21886679809e-06
181 138 0.0
181 139 0.0
181 140 0.0
181 141 0.0
181 142 0.0
181 143 0.0
181 144 0.0
181 145 0.0
181 146 0.0
181 147 0.0
181 148 0.0
181 149 0.0
181 150 0.0
181 151 0.00453355389581
181 152 0.0
181 153 0.00677234594312
181 154 0.0
181 155 0.0195023662788
181 156 0.0
181 157 6.21886679809e-06
181 158 0.0
181 159 0.0
181 160 0.0
181 161 6.21886679809e-06
181 162 0.0
181 163 5.59698011828e-05
181 164 0.0
181 165 2.48754671924e-05
181 166 0.0
181 167 0.000155471669952
181 168 0.0
181 169 0.00201491284258
181 170 0.0
181 171 0.0223879204731
181 172 0.0
181 173 0.00718901001859
181 174 0.0
181 175 0.0
181 176 0.0
181 177 2.48754671924e-05
181 178 6.21886679809e-06
181 179 6.21886679809e-06
181 180 0.0
181 181 0.0503728210645
181 182 6.21886679809e-06
181 183 0.0672632632882
181 184 0.0
181 185 9.95018687695e-05
181 186 0.0
181 187 6.21886679809e-06
181 188 0.0
181 189 0.000752482882569
181 190 0.0
181 191 0.068563006449
181 192 0.0
181 193 0.00995018687695
181 194 0.0
181 195 0.000223879204731
181 196 0.0
181 197 5.59698011828e-05
181 198 0.0
181 199 0.00105098848888
181 200 0.0
181 201 0.0120397261211
181 202 0.00159202990031
181 203 0.0322386054813
181 204 0.00761811182766
181 205 0.00805965137033
181 206 0.00805965137033
181 207 0.00761811182766
181 208 0.00677234594312
181 209 0.00559698011828
181 210 0.0048755915697
181 211 0.0052300669772
181 212 0.0052300669772
181 213 0.00597633099297
181 214 0.00597633099297
181 215 0.00636811960125
181 216 0.00597633099297
181 217 0.00597633099297
181 218 0.00597633099297
181 219 0.00636811960125
181 220 0.00597633099297
181 221 0.0048755915697
181 222 0.0052300669772
181 223 0.00805965137033
181 224 0.00805965137033
181 225 0.00559698011828
181 226 0.00677234594312
181 227 6.21886679809e-06
181 228 0.000621886679809
181 229 0.00851362864659
181 230 2.48754671924e-05
181 231 0.000895516818925
181 232 0.0
181 233 0.000752482882569
181 234 0.0
181 235 0.0987307292865
181 236 6.21886679809e-06
181 237 0.0094588963999
181 238 0.0
181 239 0.000398007475078
181 240 0.0
181 241 0.0155471669952
181 242 0.0
181 243 0.0304724473107
181 244 0.0
181 245 0.0048755915697
181 246 0.0
181 247 0.00121889789243
181 248 0.0
181 249 0.0216478753242
181 250 0.0
181 251 0.0738863564281
181 252 0.0
181 253 0.0149314991822
181 254 0.0
181 255 0.000304724473107
181 256 0.0
181 257 5.59698011828e-05
181 258 0.0
181 259 9.95018687695e-05
181 260 0.0
181 261 0.000895516818925
181 262 0.0
181 263 0.000621886679809
181 264 6.21886679809e-06
181 265 0.025472478405
181 266 0.0
181 267 0.00328978053619
181 268 0.0
181 269 5.59698011828e-05
181 270 6.21886679809e-06
181 271 6.21886679809e-06
181 272 0.0
181 273 0.0
181 274 0.0
181 275 6.21886679809e-06
181 276 0.0
181 277 5.59698011828e-05
181 278 0.0
181 279 5.59698011828e-05
181 280 6.21886679809e-06
181 281 0.0
181 282 0.0
181 283 0.00105098848888
181 284 6.21886679809e-06
181 285 0.0035820672757
181 286 0.0
181 287 0.000752482882569
181 288 0.0
181 289 0.0035820672757
181 290 0.0
181 291 0.000621886679809
181 292 0.0
181 293 5.59698011828e-05
181 294 0.0
181 295 6.21886679809e-06
181 296 0.0
181 297 0.0
181 298 0.0
181 299 6.21886679809e-06
181 300 0.0
181 301 0.000155471669952
181 302 0.0
181 303 9.95018687695e-05
181 304 0.0
181 305 2.48754671924e-05
181 306 0.0
181 307 0.00453355389581
181 308 0.0
181 309 0.00139924502957
181 310 0.0
181 311 0.000155471669952
181 312 0.0
181 313 0.0
181 314 0.0
181 315 6.21886679809e-06
181 316 0.0
181 317 2.48754671924e-05
181 318 0.0
181 319 6.21886679809e-06
181 320 0.0
181 321 2.48754671924e-05
181 322 0.0
181 323 6.21886679809e-06
181 324 0.0
181 325 0.00139924502957
181 326 0.0
181 327 0.00139924502957
181 328 0.0
181 329 9.95018687695e-05
181 330 0.0
181 331 6.21886679809e-06
181 332 0.0
181 333 2.48754671924e-05
181 334 0.0
181 335 0.0
181 336 0.0
181 337 0.0
181 338 0.0
181 339 0.0
181 340 0.0
181 341 0.000304724473107
181 342 0.0
181 343 0.00139924502957
181 344 0.0
181 345 0.000304724473107
181 346 0.0
181 347 9.95018687695e-05
181 348 0.0
181 349 0.00105098848888
181 350 0.0
181 351 0.000895516818925
181 352 0.0
181 353 0.000223879204731
181 354 0.0
181 355 6.21886679809e-06
181 356 6.21886679809e-06
181 357 6.21886679809e-06
181 358 0.0
181 359 0.0
181 360 0.0
181 361 0.0
181 362 0.0
181 363 2.48754671924e-05
181 364 0.0
181 365 6.21886679809e-06
181 366 0.0
181 367 0.000223879204731
181 368 0.0
181 369 9.95018687695e-05
181 370 6.21886679809e-06
181 371 0.000304724473107
181 372 0.0
181 373 0.000223879204731
181 374 6.21886679809e-06
181 375 2.48754671924e-05
181 376 0.0
181 377 6.21886679809e-06
181 378 0.0
181 379 6.21886679809e-06
181 380 0.0
181 381 9.95018687695e-05
181 382 0.0
181 383 2.48754671924e-05
181 384 0.0
181 385 2.48754671924e-05
181 386 0.0
181 387 2.48754671924e-05
181 388 0.0
181 389 0.0
181 390 0.0
181 391 6.21886679809e-06
181 392 0.0
181 393 5.59698011828e-05
181 394 0.0
181 395 0.0
181 396 0.0
181 397 0.0
181 398 0.0
181 399 2.48754671924e-05
181 400 0.0
182 0 0.0
182 1 2.48754671924e-05
182 2 0.0
182 3 2.48754671924e-05
182 4 0.0
182 5 0.000155471669952
182 6 0.0
182 7 0.000223879204731
182 8 0.0
182 9 2.48754671924e-05
182 10 0.0
182 11 0.000503728210645
182 12 0.0
182 13 5.59698011828e-05
182 14 0.0
182 15 2.48754671924e-05
182 16 0.0
182 17 0.000155471669952
182 18 0.0
182 19 6.21886679809e-06
182 20 0.0
182 21 2.48754671924e-05
182 22 0.0
182 23 6.21886679809e-06
182 24 0.0
182 25 6.21886679809e-06
182 26 0.0
182 27 6.21886679809e-06
182 28 0.0
182 29 0.000304724473107
182 30 0.0
182 31 9.95018687695e-05
182 32 0.0
182 33 2.48754671924e-05
182 34 0.0
182 35 0.0
182 36 0.0
182 37 0.000621886679809
182 38 0.0
182 39 0.000304724473107
182 40 0.0
182 41 0.0
182 42 0.0
182 43 2.48754671924e-05
182 44 0.0
182 45 0.0
182 46 0.0
182 47 6.21886679809e-06
182 48 0.0
182 49 0.0
182 50 0.0
182 51 0.0
182 52 0.0
182 53 0.0
182 54 0.0
182 55 6.21886679809e-06
182 56 0.0
182 57 6.21886679809e-06
182 58 0.0
182 59 0.000155471669952
182 60 0.0
182 61 0.000895516818925
182 62 0.0
182 63 0.000223879204731
182 64 0.0
182 65 0.000304724473107
182 66 0.0
182 67 0.000398007475078
182 68 0.0
182 69 9.95018687695e-05
182 70 0.0
182 71 6.21886679809e-06
182 72 0.0
182 73 2.48754671924e-05
182 74 0.0
182 75 0.0
182 76 0.0
182 77 6.21886679809e-06
182 78 0.0
182 79 0.0
182 80 0.0
182 81 0.0
182 82 0.0
182 83 0.0
182 84 0.0
182 85 0.000304724473107
182 86 0.0
182 87 0.000621886679809
182 88 0.0
182 89 0.00179725250465
182 90 0.0
182 91 9.95018687695e-05
182 92 0.0
182 93 0.000752482882569
182 94 0.0
182 95 0.00179725250465
182 96 0.0
182 97 5.59698011828e-05
182 98 0.0
182 99 0.0
182 100 0.0
182 101 6.21886679809e-06
182 102 0.0
182 103 6.21886679809e-06
182 104 0.0
182 105 0.0
182 106 0.0
182 107 0.0
182 108 0.0
182 109 0.000304724473107
182 110 0.0
182 111 0.000155471669952
182 112 0.0
182 113 2.48754671924e-05
182 114 0.0
182 115 0.00453355389581
182 116 0.0
182 117 0.00201491284258
182 118 0.0
182 119 0.000304724473107
182 120 0.0
182 121 0.0
182 122 0.0
182 123 0.0
182 124 0.0
182 125 0.0
182 126 0.0
182 127 0.00201491284258
182 128 0.0
182 129 0.00898004365644
182 130 0.0
182 131 0.0048755915697
182 132 0.0
182 133 0.00761811182766
182 134 0.0
182 135 0.000752482882569
182 136 0.0
182 137 6.21886679809e-06
182 138 0.0
182 139 0.0
182 140 0.0
182 141 0.0
182 142 0.0
182 143 0.0
182 144 0.0
182 145 0.0
182 146 0.0
182 147 0.0
182 148 0.0
182 149 0.0
182 150 0.0
182 151 0.00453355389581
182 152 0.0
182 153 0.00677234594312
182 154 0.0
182 155 0.0195023662788
182 156 0.0
182 157 6.21886679809e-06
182 158 0.0
182 159 0.0
182 160 0.0
182 161 6.21886679809e-06
182 162 0.0
182 163 5.59698011828e-05
182 164 0.0
182 165 2.48754671924e-05
182 166 0.0
182 167 0.000155471669952
182 168 0.0
182 169 0.00201491284258
182 170 0.0
182 171 0.0223879204731
182 172 0.0
182 173 0.00718901001859
182 174 0.0
182 175 6.21886679809e-06
182 176 0.0
182 177 6.21886679809e-06
182 178 0.0
182 179 0.0
182 180 0.0
182 181 0.0503728210645
182 182 0.0
182 183 0.0672632632882
182 184 0.0
182 185 9.95018687695e-05
182 186 0.0
182 187 6.21886679809e-06
182 188 0.0
182 189 0.000752482882569
182 190 0.0
182 191 0.068563006449
182 192 0.0
182 193 0.00995018687695
182 194 0.0
182 195 0.000223879204731
182 196 0.0
182 197 5.59698011828e-05
182 198 0.0
182 199 0.00121889789243
182 200 0.0
182 201 0.0239053239719
182 202 0.0
182 203 0.016815815822
182 204 0.0
182 205 2.48754671924e-05
182 206 0.0
182 207 0.0
182 208 0.0
182 209 0.0
182 210 0.0
182 211 6.21886679809e-06
182 212 0.0
182 213 6.21886679809e-06
182 214 0.0
182 215 6.21886679809e-06
182 216 0.0
182 217 0.0
182 218 0.0
182 219 0.0
182 220 0.0
182 221 0.000621886679809
182 222 0.0
182 223 6.21886679809e-06
182 224 0.0
182 225 0.000398007475078
182 226 0.0
182 227 0.00248754671924
182 228 0.0
182 229 0.0114986847097
182 230 0.0
182 231 0.00179725250465
182 232 0.0
182 233 0.000752482882569
182 234 0.0
182 235 0.100304102586
182 236 0.0
182 237 0.0094588963999
182 238 0.0
182 239 0.000398007475078
182 240 0.0
182 241 0.0155471669952
182 242 0.0
182 243 0.0304724473107
182 244 0.0
182 245 0.0048755915697
182 246 0.0
182 247 0.00121889789243
182 248 0.0
182 249 0.0216478753242
182 250 0.0
182 251 0.0738863564281
182 252 0.0
182 253 0.0149314991822
182 254 0.0
182 255 0.000304724473107
182 256 0.0
182 257 5.59698011828e-05
182 258 0.0
182 259 9.95018687695e-05
182 260 0.0
182 261 0.000895516818925
182 262 0.0
182 263 0.000621886679809
182 264 0.0
182 265 0.025472478405
182 266 0.0
182 267 0.0035820672757
182 268 0.0
182 269 5.59698011828e-05
182 270 0.0
182 271 0.0
182 272 0.0
182 273 0.0
182 274 0.0
182 275 0.0
182 276 0.0
182 277 5.59698011828e-05
182 278 0.0
182 279 2.48754671924e-05
182 280 0.0
182 281 6.21886679809e-06
182 282 0.0
182 283 0.000895516818925
182 284 0.0
182 285 0.00388679174881
182 286 0.0
182 287 0.000752482882569
182 288 0.0
182 289 0.0035820672757
182 290 0.0
182 291 0.000621886679809
182 292 0.0
182 293 5.59698011828e-05
182 294 0.0
182 295 6.21886679809e-06
182 296 0.0
182 297 0.0
182 298 0.0
182 299 6.21886679809e-06
182 300 0.0
182 301 0.000155471669952
182 302 0.0
182 303 9.95018687695e-05
182 304 0.0
182 305 2.48754671924e-05
182 306 0.0
182 307 0.00453355389581
182 308 0.0
182 309 0.00139924502957
182 310 0.0
182 311 0.000155471669952
182 312 0.0
182 313 0.0
182 314 0.0
182 315 6.21886679809e-06
182 316 0.0
182 317 2.48754671924e-05
182 318 0.0
182 319 6.21886679809e-06
182 320 0.0
182 321 2.48754671924e-05
182 322 0.0
182 323 6.21886679809e-06
182 324 0.0
182 325 0.00139924502957
182 326 0.0
182 327 0.00139924502957
182 328 0.0
182 329 9.95018687695e-05
182 330 0.0
182 331 6.21886679809e-06
182 332 0.0
182 333 2.48754671924e-05
182 334 0.0
182 335 0.0
182 336 0.0
182 337 0.0
182 338 0.0
182 339 0.0
182 340 0.0
182 341 0.000304724473107
182 342 0.0
182 343 0.00139924502957
182 344 0.0
182 345 0.000304724473107
182 346 0.0
182 347 9.95018687695e-05
182 348 0.0
182 349 0.00105098848888
182 350 0.0
182 351 0.000895516818925
182 352 0.0
182 353 0.000223879204731
182 354 0.0
182 355 0.0
182 356 0.0
182 357 0.0
182 358 0.0
182 359 0.0
182 360 0.0
182 361 0.0
182 362 0.0
182 363 2.48754671924e-05
182 364 0.0
182 365 6.21886679809e-06
182 366 0.0
182 367 0.000223879204731
182 368 0.0
182 369 9.95018687695e-05
182 370 0.0
182 371 0.000304724473107
182 372 0.0
182 373 0.000223879204731
182 374 0.0
182 375 2.48754671924e-05
182 376 0.0
182 377 2.48754671924e-05
182 378 0.0
182 379 6.21886679809e-06
182 380 0.0
182 381 9.95018687695e-05
182 382 0.0
182 383 2.48754671924e-05
182 384 0.0
182 385 2.48754671924e-05
182 386 0.0
182 387 2.48754671924e-05
182 388 0.0
182 389 0.0
182 390 0.0
182 391 6.21886679809e-06
182 392 0.0
182 393 5.59698011828e-05
182 394 0.0
182 395 0.0
182 396 0.0
182 397 0.0
182 398 0.0
182 399 2.48754671924e-05
182 400 0.0
183 0 0.0
183 1 2.48754671924e-05
183 2 0.0
183 3 2.48754671924e-05
183 4 0.0
183 5 0.000155471669952
183 6 0.0
183 7 0.000223879204731
183 8 0.0
183 9 2.48754671924e-05
183 10 0.0
183 11 0.000503728210645
183 12 0.0
183 13 5.59698011828e-05
183 14 0.0
183 15 2.48754671924e-05
183 16 0.0
183 17 0.000155471669952
183 18 0.0
183 19 6.21886679809e-06
183 20 0.0
183 21 2.48754671924e-05
183 22 0.0
183 23 6.21886679809e-06
183 24 0.0
183 25 6.21886679809e-06
183 26 0.0
183 27 6.21886679809e-06
183 28 0.0
183 29 0.000304724473107
183 30 0.0
183 31 9.95018687695e-05
183 32 0.0
183 33 2.48754671924e-05
183 34 0.0
183 35 0.0
183 36 0.0
183 37 0.000621886679809
183 38 0.0
183 39 0.000304724473107
183 40 0.0
183 41 0.0
183 42 0.0
183 43 2.48754671924e-05
183 44 0.0
183 45 0.0
183 46 0.0
183 47 6.21886679809e-06
183 48 0.0
183 49 0.0
183 50 0.0
183 51 0.0
183 52 0.0
183 53 0.0
183 54 0.0
183 55 6.21886679809e-06
183 56 0.0
183 57 6.21886679809e-06
183 58 0.0
183 59 0.000155471669952
183 60 0.0
183 61 0.000895516818925
183 62 0.0
183 63 0.000223879204731
183 64 0.0
183 65 0.000304724473107
183 66 0.0
183 67 0.000398007475078
183 68 0.0
183 69 9.95018687695e-05
183 70 0.0
183 71 6.21886679809e-06
183 72 0.0
183 73 2.48754671924e-05
183 74 0.0
183 75 0.0
183 76 0.0
183 77 6.21886679809e-06
183 78 0.0
183 79 0.0
183 80 0.0
183 81 0.0
183 82 0.0
183 83 0.0
183 84 0.0
183 85 0.000304724473107
183 86 0.0
183 87 0.000621886679809
183 88 0.0
183 89 0.00179725250465
183 90 0.0
183 91 9.95018687695e-05
183 92 0.0
183 93 0.000752482882569
183 94 0.0
183 95 0.00179725250465
183 96 0.0
183 97 5.59698011828e-05
183 98 0.0
183 99 0.0
183 100 0.0
183 101 6.21886679809e-06
183 102 0.0
183 103 6.21886679809e-06
183 104 0.0
183 105 0.0
183 106 0.0
183 107 0.0
183 108 0.0
183 109 0.000304724473107
183 110 0.0
183 111 0.000155471669952
183 112 0.0
183 113 2.48754671924e-05
183 114 0.0
183 115 0.00453355389581
183 116 0.0
183 117 0.00201491284258
183 118 0.0
183 119 0.000304724473107
183 120 0.0
183 121 0.0
183 122 0.0
183 123 0.0
183 124 0.0
183 125 0.0
183 126 0.0
183 127 0.00201491284258
183 128 0.0
183 129 0.00898004365644
183 130 0.0
183 131 0.0048755915697
183 132 0.0
183 133 0.00761811182766
183 134 0.0
183 135 0.000752482882569
183 136 0.0
183 137 6.21886679809e-06
183 138 0.0
183 139 0.0
183 140 0.0
183 141 0.0
183 142 0.0
183 143 0.0
183 144 0.0
183 145 0.0
183 146 0.0
183 147 0.0
183 148 0.0
183 149 0.0
183 150 0.0
183 151 0.00453355389581
183 152 0.0
183 153 0.00677234594312
183 154 0.0
183 155 0.0195023662788
183 156 0.0
183 157 6.21886679809e-06
183 158 0.0
183 159 0.0
183 160 0.0
183 161 6.21886679809e-06
183 162 0.0
183 163 5.59698011828e-05
183 164 0.0
183 165 2.48754671924e-05
183 166 0.0
183 167 0.000155471669952
183 168 0.0
183 169 0.00201491284258
183 170 0.0
183 171 0.0223879204731
183 172 0.0
183 173 0.00718901001859
183 174 0.0
183 175 6.21886679809e-06
183 176 0.0
183 177 6.21886679809e-06
183 178 0.0
183 179 0.0
183 180 0.0
183 181 0.0503728210645
183 182 0.0
183 183 0.0672632632882
183 184 0.0
183 185 9.95018687695e-05
183 186 0.0
183 187 6.21886679809e-06
183 188 0.0
183 189 0.000752482882569
183 190 0.0
183 191 0.068563006449
183 192 0.0
183 193 0.00995018687695
183 194 0.0
183 195 0.000223879204731
183 196 0.0
183 197 5.59698011828e-05
183 198 0.0
183 199 0.000621886679809
183 200 0.0
183 201 0.0209202679088
183 202 5.59698011828e-05
183 203 0.0125932052661
183 204 0.000503728210645
183 205 0.000155471669952
183 206 0.000155471669952
183 207 5.59698011828e-05
183 208 0.000223879204731
183 209 0.00105098848888
183 210 0.00224501091411
183 211 0.00179725250465
183 212 0.00139924502957
183 213 0.00179725250465
183 214 0.00201491284258
183 215 0.00224501091411
183 216 0.00201491284258
183 217 0.00224501091411
183 218 0.00201491284258
183 219 0.00201491284258
183 220 0.00201491284258
183 221 0.00224501091411
183 222 0.00224501091411
183 223 0.000155471669952
183 224 9.95018687695e-05
183 225 0.00201491284258
183 226 0.000223879204731
183 227 0.00388679174881
183 228 0.000398007475078
183 229 0.0114986847097
183 230 6.21886679809e-06
183 231 0.00139924502957
183 232 6.21886679809e-06
183 233 0.000895516818925
183 234 6.21886679809e-06
183 235 0.100304102586
183 236 0.0
183 237 0.00898004365644
183 238 0.0
183 239 0.000398007475078
183 240 0.0
183 241 0.0155471669952
183 242 0.0
183 243 0.0304724473107
183 244 0.0
183 245 0.0048755915697
183 246 0.0
183 247 0.00121889789243
183 248 0.0
183 249 0.0216478753242
183 250 0.0
183 251 0.0738863564281
183 252 0.0
183 253 0.0149314991822
183 254 0.0
183 255 0.000304724473107
183 256 0.0
183 257 5.59698011828e-05
183 258 0.0
183 259 9.95018687695e-05
183 260 0.0
183 261 0.000895516818925
183 262 0.0
183 263 0.000621886679809
183 264 0.0
183 265 0.025472478405
183 266 6.21886679809e-06
183 267 0.00388679174881
183 268 6.21886679809e-06
183 269 5.59698011828e-05
183 270 0.0
183 271 0.0
183 272 0.0
183 273 0.0
183 274 0.0
183 275 0.0
183 276 0.0
183 277 5.59698011828e-05
183 278 6.21886679809e-06
183 279 5.59698011828e-05
183 280 0.0
183 281 6.21886679809e-06
183 282 0.0
183 283 0.000895516818925
183 284 0.0
183 285 0.00388679174881
183 286 0.0
183 287 0.000752482882569
183 288 0.0
183 289 0.0035820672757
183 290 0.0
183 291 0.000621886679809
183 292 0.0
183 293 5.59698011828e-05
183 294 0.0
183 295 6.21886679809e-06
183 296 0.0
183 297 0.0
183 298 0.0
183 299 6.21886679809e-06
183 300 0.0
183 301 0.000155471669952
183 302 0.0
183 303 9.95018687695e-05
183 304 0.0
183 305 2.48754671924e-05
183 306 0.0
183 307 0.00453355389581
183 308 0.0
183 309 0.00139924502957
183 310 0.0
183 311 0.000155471669952
183 312 0.0
183 313 0.0
183 314 0.0
183 315 6.21886679809e-06
183 316 0.0
183 317 2.48754671924e-05
183 318 0.0
183 319 6.21886679809e-06
183 320 0.0
183 321 2.48754671924e-05
183 322 0.0
183 323 6.21886679809e-06
183 324 0.0
183 325 0.00139924502957
183 326 0.0
183 327 0.00139924502957
183 328 0.0
183 329 9.95018687695e-05
183 330 0.0
183 331 6.21886679809e-06
183 332 0.0
183 333 2.48754671924e-05
183 334 0.0
183 335 0.0
183 336 0.0
183 337 0.0
183 338 0.0
183 339 0.0
183 340 0.0
183 341 0.000304724473107
183 342 0.0
183 343 0.00139924502957
183 344 0.0
183 345 0.000304724473107
183 346 0.0
183 347 9.95018687695e-05
183 348 0.0
183 349 0.00105098848888
183 350 0.0
183 351 0.000895516818925
183 352 0.0
183 353 0.000223879204731
183 354 0.0
183 355 0.0
183 356 0.0
183 357 0.0
183 358 0.0
183 359 0.0
183 360 0.0
183 361 0.0
183 362 0.0
183 363 2.48754671924e-05
183 364 0.0
183 365 6.21886679809e-06
183 366 0.0
183 367 0.000223879204731
183 368 0.0
183 369 9.95018687695e-05
183 370 0.0
183 371 0.000304724473107
183 372 6.21886679809e-06
183 373 0.000223879204731
183 374 0.0
183 375 2.48754671924e-05
183 376 6.21886679809e-06
183 377 5.59698011828e-05
183 378 6.21886679809e-06
183 379 0.0
183 380 6.21886679809e-06
183 381 5.59698011828e-05
183 382 6.21886679809e-06
183 383 5.59698011828e-05
183 384 6.21886679809e-06
183 385 2.48754671924e-05
183 386 0.0
183 387 2.48754671924e-05
183 388 0.0
183 389 0.0
183 390 0.0
183 391 6.21886679809e-06
183 392 6.21886679809e-06
183 393 9.95018687695e-05
183 394 6.21886679809e-06
183 395 6.21886679809e-06
183 396 6.21886679809e-06
183 397 6.21886679809e-06
183 398 6.21886679809e-06
183 399 5.59698011828e-05
183 400 0.0
184 0 0.0
184 1 2.48754671924e-05
184 2 0.0
184 3 2.48754671924e-05
184 4 0.0
184 5 0.000155471669952
184 6 0.0
184 7 0.000223879204731
184 8 0.0
184 9 2.48754671924e-05
184 10 0.0
184 11 0.000503728210645
184 12 0.0
184 13 5.59698011828e-05
184 14 0.0
184 15 2.48754671924e-05
184 16 0.0
184 17 0.000155471669952
184 18 0.0
184 19 6.21886679809e-06
184 20 0.0
184 21 2.48754671924e-05
184 22 0.0
184 23 6.21886679809e-06
184 24 0.0
184 25 6.21886679809e-06
184 26 0.0
184 27 6.21886679809e-06
184 28 0.0
184 29 0.000304724473107
184 30 0.0
184 31 9.95018687695e-05
184 32 0.0
184 33 2.48754671924e-05
184 34 0.0
184 35 0.0
184 36 0.0
184 37 0.000503728210645
184 38 0.0
184 39 0.000304724473107
184 40 0.0
184 41 0.0
184 42 0.0
184 43 2.48754671924e-05
184 44 0.0
184 45 0.0
184 46 0.0
184 47 6.21886679809e-06
184 48 0.0
184 49 0.0
184 50 0.0
184 51 0.0
184 52 0.0
184 53 0.0
184 54 0.0
184 55 6.21886679809e-06
184 56 0.0
184 57 6.21886679809e-06
184 58 0.0
184 59 0.000155471669952
184 60 0.0
184 61 0.000895516818925
184 62 0.0
184 63 0.000223879204731
184 64 0.0
184 65 0.000304724473107
184 66 0.0
184 67 0.000398007475078
184 68 0.0
184 69 9.95018687695e-05
184 70 0.0
184 71 6.21886679809e-06
184 72 0.0
184 73 2.48754671924e-05
184 74 0.0
184 75 0.0
184 76 0.0
184 77 6.21886679809e-06
184 78 0.0
184 79 0.0
184 80 0.0
184 81 0.0
184 82 0.0
184 83 0.0
184 84 0.0
184 85 0.000304724473107
184 86 0.0
184 87 0.000621886679809
184 88 0.0
184 89 0.00179725250465
184 90 0.0
184 91 9.95018687695e-05
184 92 0.0
184 93 0.000752482882569
184 94 0.0
184 95 0.00179725250465
184 96 0.0
184 97 5.59698011828e-05
184 98 0.0
184 99 0.0
184 100 0.0
184 101 6.21886679809e-06
184 102 0.0
184 103 6.21886679809e-06
184 104 0.0
184 105 0.0
184 106 0.0
184 107 0.0
184 108 0.0
184 109 0.000304724473107
184 110 0.0
184 111 0.000155471669952
184 112 0.0
184 113 2.48754671924e-05
184 114 0.0
184 115 0.00453355389581
184 116 0.0
184 117 0.00201491284258
184 118 0.0
184 119 0.000304724473107
184 120 0.0
184 121 0.0
184 122 0.0
184 123 0.0
184 124 0.0
184 125 0.0
184 126 0.0
184 127 0.00201491284258
184 128 0.0
184 129 0.00898004365644
184 130 0.0
184 131 0.0048755915697
184 132 0.0
184 133 0.00761811182766
184 134 0.0
184 135 0.000752482882569
184 136 0.0
184 137 6.21886679809e-06
184 138 0.0
184 139 0.0
184 140 0.0
184 141 0.0
184 142 0.0
184 143 0.0
184 144 0.0
184 145 0.0
184 146 0.0
184 147 0.0
184 148 0.0
184 149 0.0
184 150 0.0
184 151 0.00453355389581
184 152 0.0
184 153 0.00677234594312
184 154 0.0
184 155 0.0195023662788
184 156 0.0
184 157 6.21886679809e-06
184 158 0.0
184 159 0.0
184 160 0.0
184 161 6.21886679809e-06
184 162 0.0
184 163 5.59698011828e-05
184 164 0.0
184 165 2.48754671924e-05
184 166 0.0
184 167 0.000155471669952
184 168 0.0
184 169 0.00201491284258
184 170 0.0
184 171 0.0223879204731
184 172 0.0
184 173 0.00718901001859
184 174 0.0
184 175 6.21886679809e-06
184 176 0.0
184 177 6.21886679809e-06
184 178 0.0
184 179 0.0
184 180 0.0
184 181 0.0492596439077
184 182 0.0
184 183 0.068563006449
184 184 0.0
184 185 9.95018687695e-05
184 186 0.0
184 187 6.21886679809e-06
184 188 0.0
184 189 0.000752482882569
184 190 0.0
184 191 0.068563006449
184 192 0.0
184 193 0.00995018687695
184 194 0.0
184 195 0.000223879204731
184 196 0.0
184 197 5.59698011828e-05
184 198 0.0
184 199 0.000621886679809
184 200 0.0
184 201 0.0188120720642
184 202 0.0
184 203 0.0149314991822
184 204 0.0
184 205 6.21886679809e-06
184 206 0.0
184 207 0.000621886679809
184 208 0.0
184 209 0.000621886679809
184 210 0.0
184 211 6.21886679809e-06
184 212 0.0
184 213 0.000155471669952
184 214 0.0
184 215 6.21886679809e-06
184 216 0.0
184 217 6.21886679809e-06
184 218 0.0
184 219 0.0
184 220 0.0
184 221 6.21886679809e-06
184 222 0.0
184 223 0.00105098848888
184 224 0.0
184 225 0.000503728210645
184 226 0.0
184 227 0.00224501091411
184 228 0.0
184 229 0.00898004365644
184 230 0.0
184 231 0.000752482882569
184 232 0.0
184 233 0.00105098848888
184 234 0.0
184 235 0.10188991362
184 236 0.0
184 237 0.00898004365644
184 238 0.0
184 239 0.000398007475078
184 240 0.0
184 241 0.0155471669952
184 242 0.0
184 243 0.0304724473107
184 244 0.0
184 245 0.0048755915697
184 246 0.0
184 247 0.00121889789243
184 248 0.0
184 249 0.0216478753242
184 250 0.0
184 251 0.0738863564281
184 252 0.0
184 253 0.0149314991822
184 254 0.0
184 255 0.000304724473107
184 256 0.0
184 257 5.59698011828e-05
184 258 0.0
184 259 9.95018687695e-05
184 260 0.0
184 261 0.000895516818925
184 262 0.0
184 263 0.000621886679809
184 264 0.0
184 265 0.025472478405
184 266 0.0
184 267 0.0035820672757
184 268 0.0
184 269 5.59698011828e-05
184 270 0.0
184 271 0.0
184 272 0.0
184 273 0.0
184 274 0.0
184 275 0.0
184 276 0.0
184 277 5.59698011828e-05
184 278 0.0
184 279 2.48754671924e-05
184 280 0.0
184 281 6.21886679809e-06
184 282 0.0
184 283 0.000895516818925
184 284 0.0
184 285 0.00388679174881
184 286 0.0
184 287 0.000752482882569
184 288 0.0
184 289 0.0035820672757
184 290 0.0
184 291 0.000621886679809
184 292 0.0
184 293 5.59698011828e-05
184 294 0.0
184 295 6.21886679809e-06
184 296 0.0
184 297 0.0
184 298 0.0
184 299 6.21886679809e-06
184 300 0.0
184 301 0.000155471669952
184 302 0.0
184 303 9.95018687695e-05
184 304 0.0
184 305 2.48754671924e-05
184 306 0.0
184 307 0.00453355389581
184 308 0.0
184 309 0.00139924502957
184 310 0.0
184 311 0.000155471669952
184 312 0.0
184 313 0.0
184 314 0.0
184 315 6.21886679809e-06
184 316 0.0
184 317 2.48754671924e-05
184 318 0.0
184 319 6.21886679809e-06
184 320 0.0
184 321 2.48754671924e-05
184 322 0.0
184 323 6.21886679809e-06
184 324 0.0
184 325 0.00139924502957
184 326 0.0
184 327 0.00139924502957
184 328 0.0
184 329 9.95018687695e-05
184 330 0.0
184 331 6.21886679809e-06
184 332 0.0
184 333 2.48754671924e-05
184 334 0.0
184 335 0.0
184 336 0.0
184 337 0.0
184 338 0.0
184 339 0.0
184 340 0.0
184 341 0.000304724473107
184 342 0.0
184 343 0.00139924502957
184 344 0.0
184 345 0.000304724473107
184 346 0.0
184 347 9.95018687695e-05
184 348 0.0
184 349 0.00105098848888
184 350 0.0
184 351 0.000895516818925
184 352 0.0
184 353 0.000223879204731
184 354 0.0
184 355 0.0
184 356 0.0
184 357 0.0
184 358 0.0
184 359 0.0
184 360 0.0
184 361 0.0
184 362 0.0
184 363 2.48754671924e-05
184 364 0.0
184 365 6.21886679809e-06
184 366 0.0
184 367 0.000223879204731
184 368 0.0
184 369 9.95018687695e-05
184 370 0.0
184 371 0.000304724473107
184 372 0.0
184 373 0.000223879204731
184 374 0.0
184 375 6.21886679809e-06
184 376 0.0
184 377 2.48754671924e-05
184 378 0.0
184 379 6.21886679809e-06
184 380 0.0
184 381 5.59698011828e-05
184 382 0.0
184 383 5.59698011828e-05
184 384 0.0
184 385 2.48754671924e-05
184 386 0.0
184 387 2.48754671924e-05
184 388 0.0
184 389 0.0
184 390 0.0
184 391 6.21886679809e-06
184 392 0.0
184 393 5.59698011828e-05
184 394 0.0
184 395 0.0
184 396 0.0
184 397 0.0
184 398 0.0
184 399 2.48754671924e-05
184 400 0.0
185 0 0.0
185 1 2.48754671924e-05
185 2 0.0
185 3 2.48754671924e-05
185 4 0.0
185 5 0.000155471669952
185 6 0.0
185 7 0.000223879204731
185 8 0.0
185 9 2.48754671924e-05
185 10 0.0
185 11 0.000503728210645
185 12 0.0
185 13 5.59698011828e-05
185 14 0.0
185 15 2.48754671924e-05
185 16 0.0
185 17 0.000155471669952
185 18 0.0
185 19 6.21886679809e-06
185 20 0.0
185 21 2.48754671924e-05
185 22 0.0
185 23 6.21886679809e-06
185 24 0.0
185 25 6.21886679809e-06
185 26 0.0
185 27 6.21886679809e-06
185 28 0.0
185 29 0.000304724473107
185 30 0.0
185 31 9.95018687695e-05
185 32 0.0
185 33 2.48754671924e-05
185 34 0.0
185 35 0.0
185 36 0.0
185 37 0.000621886679809
185 38 6.21886679809e-06
185 39 0.000304724473107
185 40 0.0
185 41 0.0
185 42 0.0
185 43 2.48754671924e-05
185 44 0.0
185 45 0.0
185 46 0.0
185 47 6.21886679809e-06
185 48 0.0
185 49 0.0
185 50 0.0
185 51 0.0
185 52 0.0
185 53 0.0
185 54 0.0
185 55 6.21886679809e-06
185 56 0.0
185 57 6.21886679809e-06
185 58 0.0
185 59 0.000155471669952
185 60 0.0
185 61 0.000895516818925
185 62 0.0
185 63 0.000223879204731
185 64 0.0
185 65 0.000304724473107
185 66 0.0
185 67 0.000398007475078
185 68 0.0
185 69 9.95018687695e-05
185 70 0.0
185 71 6.21886679809e-06
185 72 0.0
185 73 2.48754671924e-05
185 74 0.0
185 75 0.0
185 76 0.0
185 77 6.21886679809e-06
185 78 0.0
185 79 0.0
185 80 0.0
185 81 0.0
185 82 0.0
185 83 0.0
185 84 0.0
185 85 0.000304724473107
185 86 0.0
185 87 0.000621886679809
185 88 0.0
185 89 0.00179725250465
185 90 0.0
185 91 9.95018687695e-05
185 92 0.0
185 93 0.000752482882569
185 94 0.0
185 95 0.00179725250465
185 96 0.0
185 97 5.59698011828e-05
185 98 0.0
185 99 0.0
185 100 0.0
185 101 6.21886679809e-06
185 102 0.0
185 103 6.21886679809e-06
185 104 0.0
185 105 0.0
185 106 0.0
185 107 0.0
185 108 0.0
185 109 0.000304724473107
185 110 0.0
185 111 0.000155471669952
185 112 0.0
185 113 2.48754671924e-05
185 114 0.0
185 115 0.00453355389581
185 116 0.0
185 117 0.00201491284258
185 118 0.0
185 119 0.000304724473107
185 120 0.0
185 121 0.0
185 122 0.0
185 123 0.0
185 124 0.0
185 125 0.0
185 126 0.0
185 127 0.00201491284258
185 128 0.0
185 129 0.00898004365644
185 130 0.0
185 131 0.0048755915697
185 132 0.0
185 133 0.00761811182766
185 134 0.0
185 135 0.000752482882569
185 136 0.0
185 137 6.21886679809e-06
185 138 0.0
185 139 0.0
185 140 0.0
185 141 0.0
185 142 0.0
185 143 0.0
185 144 0.0
185 145 0.0
185 146 0.0
185 147 0.0
185 148 0.0
185 149 0.0
185 150 0.0
185 151 0.00453355389581
185 152 0.0
185 153 0.00677234594312
185 154 0.0
185 155 0.0195023662788
185 156 0.0
185 157 6.21886679809e-06
185 158 0.0
185 159 0.0
185 160 0.0
185 161 6.21886679809e-06
185 162 0.0
185 163 5.59698011828e-05
185 164 0.0
185 165 2.48754671924e-05
185 166 0.0
185 167 0.000155471669952
185 168 0.0
185 169 0.00201491284258
185 170 0.0
185 171 0.0223879204731
185 172 0.0
185 173 0.00718901001859
185 174 0.0
185 175 0.0
185 176 0.0
185 177 2.48754671924e-05
185 178 0.0
185 179 6.21886679809e-06
185 180 0.0
185 181 0.0481589044844
185 182 0.0
185 183 0.0647010901673
185 184 0.0
185 185 9.95018687695e-05
185 186 0.0
185 187 6.21886679809e-06
185 188 0.0
185 189 0.000752482882569
185 190 0.0
185 191 0.068563006449
185 192 0.0
185 193 0.00995018687695
185 194 0.0
185 195 0.000223879204731
185 196 0.0
185 197 5.59698011828e-05
185 198 0.0
185 199 0.000752482882569
185 200 0.0
185 201 0.0188120720642
185 202 2.48754671924e-05
185 203 0.0174687968358
185 204 5.59698011828e-05
185 205 0.0
185 206 2.48754671924e-05
185 207 0.00274252025796
185 208 0.000223879204731
185 209 0.000752482882569
185 210 0.000503728210645
185 211 0.000304724473107
185 212 0.000223879204731
185 213 5.59698011828e-05
185 214 9.95018687695e-05
185 215 0.0
185 216 5.59698011828e-05
185 217 6.21886679809e-06
185 218 5.59698011828e-05
185 219 0.000304724473107
185 220 0.000155471669952
185 221 0.000895516818925
185 222 6.21886679809e-06
185 223 0.0094588963999
185 224 0.000155471669952
185 225 0.000304724473107
185 226 2.48754671924e-05
185 227 0.00224501091411
185 228 2.48754671924e-05
185 229 0.0104539150876
185 230 6.21886679809e-06
185 231 0.000398007475078
185 232 6.21886679809e-06
185 233 0.00105098848888
185 234 2.48754671924e-05
185 235 0.0987307292865
185 236 0.0
185 237 0.00898004365644
185 238 0.0
185 239 0.000398007475078
185 240 0.0
185 241 0.0155471669952
185 242 0.0
185 243 0.0304724473107
185 244 0.0
185 245 0.0048755915697
185 246 0.0
185 247 0.00121889789243
185 248 0.0
185 249 0.0216478753242
185 250 0.0
185 251 0.0738863564281
185 252 0.0
185 253 0.0149314991822
185 254 0.0
185 255 0.000304724473107
185 256 0.0
185 257 5.59698011828e-05
185 258 0.0
185 259 9.95018687695e-05
185 260 0.0
185 261 0.000895516818925
185 262 0.0
185 263 0.000752482882569
185 264 0.0
185 265 0.025472478405
185 266 6.21886679809e-06
185 267 0.00388679174881
185 268 6.21886679809e-06
185 269 2.48754671924e-05
185 270 0.0
185 271 6.21886679809e-06
185 272 0.0
185 273 0.0
185 274 0.0
185 275 6.21886679809e-06
185 276 0.0
185 277 5.59698011828e-05
185 278 2.48754671924e-05
185 279 5.59698011828e-05
185 280 0.0
185 281 0.0
185 282 0.0
185 283 0.00121889789243
185 284 0.0
185 285 0.0035820672757
185 286 0.0
185 287 0.000752482882569
185 288 0.0
185 289 0.0035820672757
185 290 0.0
185 291 0.000621886679809
185 292 0.0
185 293 5.59698011828e-05
185 294 0.0
185 295 6.21886679809e-06
185 296 0.0
185 297 0.0
185 298 0.0
185 299 6.21886679809e-06
185 300 0.0
185 301 0.000155471669952
185 302 0.0
185 303 9.95018687695e-05
185 304 0.0
185 305 2.48754671924e-05
185 306 0.0
185 307 0.00453355389581
185 308 0.0
185 309 0.00139924502957
185 310 0.0
185 311 0.000155471669952
185 312 0.0
185 313 0.0
185 314 0.0
185 315 6.21886679809e-06
185 316 0.0
185 317 2.48754671924e-05
185 318 0.0
185 319 6.21886679809e-06
185 320 0.0
185 321 2.48754671924e-05
185 322 0.0
185 323 6.21886679809e-06
185 324 0.0
185 325 0.00139924502957
185 326 0.0
185 327 0.00139924502957
185 328 0.0
185 329 9.95018687695e-05
185 330 0.0
185 331 6.21886679809e-06
185 332 0.0
185 333 2.48754671924e-05
185 334 0.0
185 335 0.0
185 336 0.0
185 337 0.0
185 338 0.0
185 339 0.0
185 340 0.0
185 341 0.000304724473107
185 342 0.0
185 343 0.00139924502957
185 344 0.0
185 345 0.000304724473107
185 346 0.0
185 347 9.95018687695e-05
185 348 0.0
185 349 0.000895516818925
185 350 0.0
185 351 0.000752482882569
185 352 0.0
185 353 0.000155471669952
185 354 0.0
185 355 6.21886679809e-06
185 356 6.21886679809e-06
185 357 6.21886679809e-06
185 358 0.0
185 359 0.0
185 360 0.0
185 361 0.0
185 362 0.0
185 363 2.48754671924e-05
185 364 0.0
185 365 6.21886679809e-06
185 366 0.0
185 367 0.000223879204731
185 368 0.0
185 369 9.95018687695e-05
185 370 0.0
185 371 0.000398007475078
185 372 6.21886679809e-06
185 373 0.000155471669952
185 374 0.0
185 375 9.95018687695e-05
185 376 6.21886679809e-06
185 377 0.0
185 378 0.0
185 379 6.21886679809e-06
185 380 0.0
185 381 2.48754671924e-05
185 382 6.21886679809e-06
185 383 5.59698011828e-05
185 384 6.21886679809e-06
185 385 2.48754671924e-05
185 386 0.0
185 387 2.48754671924e-05
185 388 0.0
185 389 0.0
185 390 0.0
185 391 5.59698011828e-05
185 392 6.21886679809e-06
185 393 5.59698011828e-05
185 394 0.0
185 395 5.59698011828e-05
185 396 2.48754671924e-05
185 397 2.48754671924e-05
185 398 6.21886679809e-06
185 399 2.48754671924e-05
185 400 0.0
186 0 0.0
186 1 2.48754671924e-05
186 2 0.0
186 3 2.48754671924e-05
186 4 0.0
186 5 0.000155471669952
186 6 0.0
186 7 0.000223879204731
186 8 0.0
186 9 2.48754671924e-05
186 10 0.0
186 11 0.000503728210645
186 12 0.0
186 13 5.59698011828e-05
186 14 0.0
186 15 2.48754671924e-05
186 16 0.0
186 17 0.000155471669952
186 18 0.0
186 19 6.21886679809e-06
186 20 0.0
186 21 2.48754671924e-05
186 22 0.0
186 23 6.21886679809e-06
186 24 0.0
186 25 6.21886679809e-06
186 26 0.0
186 27 6.21886679809e-06
186 28 0.0
186 29 0.000304724473107
186 30 0.0
186 31 9.95018687695e-05
186 32 0.0
186 33 2.48754671924e-05
186 34 0.0
186 35 0.0
186 36 0.0
186 37 0.000621886679809
186 38 0.0
186 39 0.000223879204731
186 40 0.0
186 41 6.21886679809e-06
186 42 0.0
186 43 5.59698011828e-05
186 44 0.0
186 45 0.0
186 46 0.0
186 47 6.21886679809e-06
186 48 0.0
186 49 0.0
186 50 0.0
186 51 0.0
186 52 0.0
186 53 0.0
186 54 0.0
186 55 6.21886679809e-06
186 56 0.0
186 57 6.21886679809e-06
186 58 0.0
186 59 0.000155471669952
186 60 0.0
186 61 0.000895516818925
186 62 0.0
186 63 0.000223879204731
186 64 0.0
186 65 0.000304724473107
186 66 0.0
186 67 0.000398007475078
186 68 0.0
186 69 9.95018687695e-05
186 70 0.0
186 71 6.21886679809e-06
186 72 0.0
186 73 2.48754671924e-05
186 74 0.0
186 75 0.0
186 76 0.0
186 77 6.21886679809e-06
186 78 0.0
186 79 0.0
186 80 0.0
186 81 0.0
186 82 0.0
186 83 0.0
186 84 0.0
186 85 0.000304724473107
186 86 0.0
186 87 0.000621886679809
186 88 0.0
186 89 0.00179725250465
186 90 0.0
186 91 9.95018687695e-05
186 92 0.0
186 93 0.000752482882569
186 94 0.0
186 95 0.00179725250465
186 96 0.0
186 97 5.59698011828e-05
186 98 0.0
186 99 0.0
186 100 0.0
186 101 6.21886679809e-06
186 102 0.0
186 103 6.21886679809e-06
186 104 0.0
186 105 0.0
186 106 0.0
186 107 0.0
186 108 0.0
186 109 0.000304724473107
186 110 0.0
186 111 0.000155471669952
186 112 0.0
186 113 2.48754671924e-05
186 114 0.0
186 115 0.00453355389581
186 116 0.0
186 117 0.00201491284258
186 118 0.0
186 119 0.000304724473107
186 120 0.0
186 121 0.0
186 122 0.0
186 123 0.0
186 124 0.0
186 125 0.0
186 126 0.0
186 127 0.00201491284258
186 128 0.0
186 129 0.00898004365644
186 130 0.0
186 131 0.0048755915697
186 132 0.0
186 133 0.00761811182766
186 134 0.0
186 135 0.000752482882569
186 136 0.0
186 137 6.21886679809e-06
186 138 0.0
186 139 0.0
186 140 0.0
186 141 0.0
186 142 0.0
186 143 0.0
186 144 0.0
186 145 0.0
186 146 0.0
186 147 0.0
186 148 0.0
186 149 0.0
186 150 0.0
186 151 0.00453355389581
186 152 0.0
186 153 0.00677234594312
186 154 0.0
186 155 0.0195023662788
186 156 0.0
186 157 6.21886679809e-06
186 158 0.0
186 159 0.0
186 160 0.0
186 161 6.21886679809e-06
186 162 0.0
186 163 5.59698011828e-05
186 164 0.0
186 165 2.48754671924e-05
186 166 0.0
186 167 0.000155471669952
186 168 0.0
186 169 0.00201491284258
186 170 0.0
186 171 0.0223879204731
186 172 0.0
186 173 0.00718901001859
186 174 0.0
186 175 0.0
186 176 0.0
186 177 2.48754671924e-05
186 178 0.0
186 179 2.48754671924e-05
186 180 0.0
186 181 0.0470706027948
186 182 0.0
186 183 0.0634386602073
186 184 0.0
186 185 9.95018687695e-05
186 186 0.0
186 187 6.21886679809e-06
186 188 0.0
186 189 0.000752482882569
186 190 0.0
186 191 0.068563006449
186 192 0.0
186 193 0.00995018687695
186 194 0.0
186 195 0.000223879204731
186 196 0.0
186 197 5.59698011828e-05
186 198 0.0
186 199 0.000752482882569
186 200 0.0
186 201 0.0188120720642
186 202 0.0
186 203 0.0161752725418
186 204 0.0
186 205 0.000155471669952
186 206 0.0
186 207 0.0035820672757
186 208 0.0
186 209 9.95018687695e-05
186 210 0.0
186 211 0.0
186 212 0.0
186 213 0.0
186 214 0.0
186 215 6.21886679809e-06
186 216 0.0
186 217 6.21886679809e-06
186 218 0.0
186 219 0.0
186 220 0.0
186 221 0.00105098848888
186 222 0.0
186 223 0.0143282691028
186 224 0.0
186 225 0.000752482882569
186 226 0.0
186 227 0.00224501091411
186 228 0.0
186 229 0.0120397261211
186 230 0.0
186 231 0.000304724473107
186 232 0.0
186 233 0.000895516818925
186 234 0.0
186 235 0.100304102586
186 236 0.0
186 237 0.0094588963999
186 238 0.0
186 239 0.000398007475078
186 240 0.0
186 241 0.0155471669952
186 242 0.0
186 243 0.0304724473107
186 244 0.0
186 245 0.0048755915697
186 246 0.0
186 247 0.00121889789243
186 248 0.0
186 249 0.0216478753242
186 250 0.0
186 251 0.0738863564281
186 252 0.0
186 253 0.0149314991822
186 254 0.0
186 255 0.000304724473107
186 256 0.0
186 257 5.59698011828e-05
186 258 0.0
186 259 9.95018687695e-05
186 260 0.0
186 261 0.000895516818925
186 262 0.0
186 263 0.000752482882569
186 264 0.0
186 265 0.025472478405
186 266 0.0
186 267 0.0035820672757
186 268 0.0
186 269 5.59698011828e-05
186 270 0.0
186 271 6.21886679809e-06
186 272 0.0
186 273 0.0
186 274 0.0
186 275 6.21886679809e-06
186 276 0.0
186 277 6.21886679809e-06
186 278 0.0
186 279 2.48754671924e-05
186 280 0.0
186 281 6.21886679809e-06
186 282 0.0
186 283 0.00121889789243
186 284 0.0
186 285 0.0035820672757
186 286 0.0
186 287 0.000752482882569
186 288 0.0
186 289 0.0035820672757
186 290 0.0
186 291 0.000621886679809
186 292 0.0
186 293 5.59698011828e-05
186 294 0.0
186 295 6.21886679809e-06
186 296 0.0
186 297 0.0
186 298 0.0
186 299 6.21886679809e-06
186 300 0.0
186 301 0.000155471669952
186 302 0.0
186 303 9.95018687695e-05
186 304 0.0
186 305 2.48754671924e-05
186 306 0.0
186 307 0.00453355389581
186 308 0.0
186 309 0.00139924502957
186 310 0.0
186 311 0.000155471669952
186 312 0.0
186 313 0.0
186 314 0.0
186 315 6.21886679809e-06
186 316 0.0
186 317 2.48754671924e-05
186 318 0.0
186 319 6.21886679809e-06
186 320 0.0
186 321 2.48754671924e-05
186 322 0.0
186 323 6.21886679809e-06
186 324 0.0
186 325 0.00139924502957
186 326 0.0
186 327 0.00139924502957
186 328 0.0
186 329 9.95018687695e-05
186 330 0.0
186 331 6.21886679809e-06
186 332 0.0
186 333 2.48754671924e-05
186 334 0.0
186 335 0.0
186 336 0.0
186 337 0.0
186 338 0.0
186 339 0.0
186 340 0.0
186 341 0.000304724473107
186 342 0.0
186 343 0.00139924502957
186 344 0.0
186 345 0.000304724473107
186 346 0.0
186 347 9.95018687695e-05
186 348 0.0
186 349 0.000895516818925
186 350 0.0
186 351 0.000621886679809
186 352 0.0
186 353 9.95018687695e-05
186 354 0.0
186 355 0.0
186 356 0.0
186 357 6.21886679809e-06
186 358 0.0
186 359 0.0
186 360 0.0
186 361 0.0
186 362 0.0
186 363 2.48754671924e-05
186 364 0.0
186 365 6.21886679809e-06
186 366 0.0
186 367 0.000304724473107
186 368 0.0
186 369 9.95018687695e-05
186 370 0.0
186 371 0.000398007475078
186 372 0.0
186 373 0.000223879204731
186 374 0.0
186 375 9.95018687695e-05
186 376 0.0
186 377 2.48754671924e-05
186 378 0.0
186 379 0.0
186 380 0.0
186 381 5.59698011828e-05
186 382 0.0
186 383 2.48754671924e-05
186 384 0.0
186 385 5.59698011828e-05
186 386 0.0
186 387 2.48754671924e-05
186 388 0.0
186 389 0.0
186 390 0.0
186 391 0.000155471669952
186 392 0.0
186 393 6.21886679809e-06
186 394 0.0
186 395 9.95018687695e-05
186 396 0.0
186 397 9.95018687695e-05
186 398 0.0
186 399 2.48754671924e-05
186 400 0.0
187 0 0.0
187 1 2.48754671924e-05
187 2 0.0
187 3 2.48754671924e-05
187 4 0.0
187 5 0.000155471669952
187 6 0.0
187 7 0.000223879204731
187 8 0.0
187 9 2.48754671924e-05
187 10 0.0
187 11 0.000503728210645
187 12 0.0
187 13 5.59698011828e-05
187 14 0.0
187 15 5.59698011828e-05
187 16 6.21886679809e-06
187 17 5.59698011828e-05
187 18 6.21886679809e-06
187 19 6.21886679809e-06
187 20 0.0
187 21 6.21886679809e-06
187 22 0.0
187 23 6.21886679809e-06
187 24 0.0
187 25 6.21886679809e-06
187 26 0.0
187 27 6.21886679809e-06
187 28 0.0
187 29 0.000304724473107
187 30 0.0
187 31 9.95018687695e-05
187 32 0.0
187 33 2.48754671924e-05
187 34 0.0
187 35 6.21886679809e-06
187 36 0.0
187 37 0.000621886679809
187 38 0.0
187 39 0.000223879204731
187 40 0.0
187 41 6.21886679809e-06
187 42 0.0
187 43 5.59698011828e-05
187 44 0.0
187 45 0.0
187 46 0.0
187 47 6.21886679809e-06
187 48 0.0
187 49 0.0
187 50 0.0
187 51 0.0
187 52 0.0
187 53 0.0
187 54 0.0
187 55 6.21886679809e-06
187 56 0.0
187 57 6.21886679809e-06
187 58 0.0
187 59 0.000155471669952
187 60 0.0
187 61 0.000895516818925
187 62 0.0
187 63 0.000223879204731
187 64 0.0
187 65 0.000304724473107
187 66 0.0
187 67 0.000398007475078
187 68 0.0
187 69 9.95018687695e-05
187 70 0.0
187 71 6.21886679809e-06
187 72 0.0
187 73 2.48754671924e-05
187 74 0.0
187 75 0.0
187 76 0.0
187 77 6.21886679809e-06
187 78 0.0
187 79 0.0
187 80 0.0
187 81 0.0
187 82 0.0
187 83 0.0
187 84 0.0
187 85 0.000304724473107
187 86 0.0
187 87 0.000621886679809
187 88 0.0
187 89 0.00179725250465
187 90 0.0
187 91 9.95018687695e-05
187 92 0.0
187 93 0.000752482882569
187 94 0.0
187 95 0.00179725250465
187 96 0.0
187 97 5.59698011828e-05
187 98 0.0
187 99 0.0
187 100 0.0
187 101 6.21886679809e-06
187 102 0.0
187 103 6.21886679809e-06
187 104 0.0
187 105 0.0
187 106 0.0
187 107 0.0
187 108 0.0
187 109 0.000304724473107
187 110 0.0
187 111 0.000155471669952
187 112 0.0
187 113 2.48754671924e-05
187 114 0.0
187 115 0.00453355389581
187 116 0.0
187 117 0.00201491284258
187 118 0.0
187 119 0.000304724473107
187 120 0.0
187 121 0.0
187 122 0.0
187 123 0.0
187 124 0.0
187 125 0.0
187 126 0.0
187 127 0.00201491284258
187 128 0.0
187 129 0.00898004365644
187 130 0.0
187 131 0.0048755915697
187 132 6.21886679809e-06
187 133 0.00761811182766
187 134 0.0
187 135 0.000752482882569
187 136 0.0
187 137 6.21886679809e-06
187 138 0.0
187 139 0.0
187 140 0.0
187 141 0.0
187 142 0.0
187 143 0.0
187 144 0.0
187 145 0.0
187 146 0.0
187 147 0.0
187 148 0.0
187 149 0.0
187 150 0.0
187 151 0.00453355389581
187 152 0.0
187 153 0.00677234594312
187 154 0.0
187 155 0.0195023662788
187 156 0.0
187 157 6.21886679809e-06
187 158 0.0
187 159 0.0
187 160 0.0
187 161 6.21886679809e-06
187 162 0.0
187 163 5.59698011828e-05
187 164 0.0
187 165 2.48754671924e-05
187 166 0.0
187 167 0.000155471669952
187 168 0.0
187 169 0.00201491284258
187 170 0.0
187 171 0.0223879204731
187 172 0.0
187 173 0.00718901001859
187 174 0.0
187 175 0.0
187 176 0.0
187 177 2.48754671924e-05
187 178 0.0
187 179 2.48754671924e-05
187 180 0.0
187 181 0.0470706027948
187 182 0.0
187 183 0.0634386602073
187 184 0.0
187 185 9.95018687695e-05
187 186 0.0
187 187 6.21886679809e-06
187 188 0.0
187 189 0.000752482882569
187 190 0.0
187 191 0.068563006449
187 192 0.0
187 193 0.00995018687695
187 194 0.0
187 195 0.000223879204731
187 196 0.0
187 197 5.59698011828e-05
187 198 0.0
187 199 0.000752482882569
187 200 0.0
187 201 0.0188120720642
187 202 6.21886679809e-06
187 203 0.0161752725418
187 204 0.0
187 205 0.000155471669952
187 206 0.0
187 207 0.0035820672757
187 208 0.0
187 209 0.000223879204731
187 210 0.0
187 211 0.0
187 212 0.0
187 213 2.48754671924e-05
187 214 6.21886679809e-06
187 215 9.95018687695e-05
187 216 0.000223879204731
187 217 2.48754671924e-05
187 218 0.0
187 219 5.59698011828e-05
187 220 0.0
187 221 0.00179725250465
187 222 0.0
187 223 0.013737476757
187 224 0.0
187 225 0.000752482882569
187 226 0.0
187 227 0.00224501091411
187 228 0.0
187 229 0.0125932052661
187 230 0.0
187 231 0.000304724473107
187 232 0.0
187 233 0.000895516818925
187 234 0.0
187 235 0.100304102586
187 236 0.0
187 237 0.0094588963999
187 238 0.0
187 239 0.000398007475078
187 240 0.0
187 241 0.0155471669952
187 242 0.0
187 243 0.0304724473107
187 244 0.0
187 245 0.0048755915697
187 246 0.0
187 247 0.00121889789243
187 248 0.0
187 249 0.0216478753242
187 250 0.0
187 251 0.0738863564281
187 252 0.0
187 253 0.0149314991822
187 254 0.0
187 255 0.000304724473107
187 256 0.0
187 257 5.59698011828e-05
187 258 0.0
187 259 9.95018687695e-05
187 260 0.0
187 261 0.000895516818925
187 262 0.0
187 263 0.000752482882569
187 264 0.0
187 265 0.025472478405
187 266 0.0
187 267 0.0035820672757
187 268 0.0
187 269 5.59698011828e-05
187 270 0.0
187 271 6.21886679809e-06
187 272 0.0
187 273 0.0
187 274 0.0
187 275 6.21886679809e-06
187 276 0.0
187 277 2.48754671924e-05
187 278 6.21886679809e-06
187 279 5.59698011828e-05
187 280 0.0
187 281 6.21886679809e-06
187 282 0.0
187 283 0.00121889789243
187 284 6.21886679809e-06
187 285 0.0035820672757
187 286 0.0
187 287 0.000752482882569
187 288 0.0
187 289 0.0035820672757
187 290 0.0
187 291 0.000621886679809
187 292 0.0
187 293 5.59698011828e-05
187 294 0.0
187 295 6.21886679809e-06
187 296 0.0
187 297 0.0
187 298 0.0
187 299 6.21886679809e-06
187 300 0.0
187 301 0.000155471669952
187 302 0.0
187 303 9.95018687695e-05
187 304 0.0
187 305 2.48754671924e-05
187 306 0.0
187 307 0.00453355389581
187 308 0.0
187 309 0.00139924502957
187 310 0.0
187 311 0.000155471669952
187 312 0.0
187 313 0.0
187 314 0.0
187 315 6.21886679809e-06
187 316 0.0
187 317 2.48754671924e-05
187 318 0.0
187 319 6.21886679809e-06
187 320 0.0
187 321 2.48754671924e-05
187 322 0.0
187 323 6.21886679809e-06
187 324 0.0
187 325 0.00139924502957
187 326 0.0
187 327 0.00139924502957
187 328 0.0
187 329 9.95018687695e-05
187 330 0.0
187 331 6.21886679809e-06
187 332 0.0
187 333 2.48754671924e-05
187 334 0.0
187 335 0.0
187 336 0.0
187 337 0.0
187 338 0.0
187 339 0.0
187 340 0.0
187 341 0.000304724473107
187 342 0.0
187 343 0.00139924502957
187 344 0.0
187 345 0.000304724473107
187 346 0.0
187 347 9.95018687695e-05
187 348 0.0
187 349 0.000895516818925
187 350 0.0
187 351 0.000621886679809
187 352 0.0
187 353 0.000155471669952
187 354 0.0
187 355 0.0
187 356 6.21886679809e-06
187 357 6.21886679809e-06
187 358 0.0
187 359 0.0
187 360 0.0
187 361 0.0
187 362 0.0
187 363 2.48754671924e-05
187 364 0.0
187 365 6.21886679809e-06
187 366 0.0
187 367 0.000304724473107
187 368 0.0
187 369 9.95018687695e-05
187 370 0.0
187 371 0.000398007475078
187 372 0.0
187 373 0.000223879204731
187 374 0.0
187 375 9.95018687695e-05
187 376 0.0
187 377 6.21886679809e-06
187 378 6.21886679809e-06
187 379 6.21886679809e-06
187 380 6.21886679809e-06
187 381 2.48754671924e-05
187 382 6.21886679809e-06
187 383 5.59698011828e-05
187 384 6.21886679809e-06
187 385 2.48754671924e-05
187 386 0.0
187 387 2.48754671924e-05
187 388 0.0
187 389 0.0
187 390 0.0
187 391 9.95018687695e-05
187 392 0.0
187 393 6.21886679809e-06
187 394 0.0
187 395 9.95018687695e-05
187 396 6.21886679809e-06
187 397 5.59698011828e-05
187 398 0.0
187 399 6.21886679809e-06
187 400 0.0
188 0 0.0
188 1 2.48754671924e-05
188 2 0.0
188 3 2.48754671924e-05
188 4 0.0
188 5 0.000155471669952
188 6 0.0
188 7 0.000223879204731
188 8 0.0
188 9 2.48754671924e-05
188 10 0.0
188 11 0.000503728210645
188 12 0.0
188 13 5.59698011828e-05
188 14 0.0
188 15 2.48754671924e-05
188 16 0.0
188 17 0.000155471669952
188 18 0.0
188 19 6.21886679809e-06
188 20 0.0
188 21 2.48754671924e-05
188 22 0.0
188 23 6.21886679809e-06
188 24 0.0
188 25 6.21886679809e-06
188 26 0.0
188 27 6.21886679809e-06
188 28 0.0
188 29 0.000304724473107
188 30 0.0
188 31 9.95018687695e-05
188 32 0.0
188 33 2.48754671924e-05
188 34 0.0
188 35 6.21886679809e-06
188 36 0.0
188 37 0.000621886679809
188 38 0.0
188 39 0.000223879204731
188 40 0.0
188 41 6.21886679809e-06
188 42 0.0
188 43 5.59698011828e-05
188 44 0.0
188 45 0.0
188 46 0.0
188 47 6.21886679809e-06
188 48 0.0
188 49 0.0
188 50 0.0
188 51 0.0
188 52 0.0
188 53 0.0
188 54 0.0
188 55 6.21886679809e-06
188 56 0.0
188 57 6.21886679809e-06
188 58 0.0
188 59 0.000155471669952
188 60 0.0
188 61 0.000895516818925
188 62 0.0
188 63 0.000223879204731
188 64 0.0
188 65 0.000304724473107
188 66 0.0
188 67 0.000398007475078
188 68 0.0
188 69 9.95018687695e-05
188 70 0.0
188 71 6.21886679809e-06
188 72 0.0
188 73 2.48754671924e-05
188 74 0.0
188 75 0.0
188 76 0.0
188 77 6.21886679809e-06
188 78 0.0
188 79 0.0
188 80 0.0
188 81 0.0
188 82 0.0
188 83 0.0
188 84 0.0
188 85 0.000304724473107
188 86 0.0
188 87 0.000621886679809
188 88 0.0
188 89 0.00179725250465
188 90 0.0
188 91 9.95018687695e-05
188 92 0.0
188 93 0.000752482882569
188 94 0.0
188 95 0.00179725250465
188 96 0.0
188 97 5.59698011828e-05
188 98 0.0
188 99 0.0
188 100 0.0
188 101 6.21886679809e-06
188 102 0.0
188 103 6.21886679809e-06
188 104 0.0
188 105 0.0
188 106 0.0
188 107 0.0
188 108 0.0
188 109 0.000304724473107
188 110 0.0
188 111 0.000155471669952
188 112 0.0
188 113 2.48754671924e-05
188 114 0.0
188 115 0.00453355389581
188 116 0.0
188 117 0.00201491284258
188 118 0.0
188 119 0.000304724473107
188 120 0.0
188 121 0.0
188 122 0.0
188 123 0.0
188 124 0.0
188 125 0.0
188 126 0.0
188 127 0.00201491284258
188 128 0.0
188 129 0.00898004365644
188 130 0.0
188 131 0.0048755915697
188 132 0.0
188 133 0.00761811182766
188 134 0.0
188 135 0.000752482882569
188 136 0.0
188 137 6.21886679809e-06
188 138 0.0
188 139 0.0
188 140 0.0
188 141 0.0
188 142 0.0
188 143 0.0
188 144 0.0
188 145 0.0
188 146 0.0
188 147 0.0
188 148 0.0
188 149 0.0
188 150 0.0
188 151 0.00453355389581
188 152 0.0
188 153 0.00677234594312
188 154 0.0
188 155 0.0195023662788
188 156 0.0
188 157 6.21886679809e-06
188 158 0.0
188 159 0.0
188 160 0.0
188 161 6.21886679809e-06
188 162 0.0
188 163 5.59698011828e-05
188 164 0.0
188 165 2.48754671924e-05
188 166 0.0
188 167 0.000155471669952
188 168 0.0
188 169 0.00201491284258
188 170 0.0
188 171 0.0223879204731
188 172 0.0
188 173 0.00718901001859
188 174 0.0
188 175 0.0
188 176 0.0
188 177 2.48754671924e-05
188 178 0.0
188 179 2.48754671924e-05
188 180 0.0
188 181 0.0470706027948
188 182 0.0
188 183 0.0634386602073
188 184 0.0
188 185 9.95018687695e-05
188 186 0.0
188 187 6.21886679809e-06
188 188 0.0
188 189 0.000752482882569
188 190 0.0
188 191 0.068563006449
188 192 0.0
188 193 0.00995018687695
188 194 0.0
188 195 0.000223879204731
188 196 0.0
188 197 5.59698011828e-05
188 198 0.0
188 199 0.000752482882569
188 200 0.0
188 201 0.0195023662788
188 202 0.0
188 203 0.0161752725418
188 204 0.0
188 205 0.000155471669952
188 206 0.0
188 207 0.0035820672757
188 208 0.0
188 209 0.000223879204731
188 210 0.0
188 211 0.0
188 212 0.0
188 213 2.48754671924e-05
188 214 0.0
188 215 5.59698011828e-05
188 216 0.0
188 217 6.21886679809e-06
188 218 0.0
188 219 5.59698011828e-05
188 220 0.0
188 221 0.00201491284258
188 222 0.0
188 223 0.013737476757
188 224 0.0
188 225 0.000752482882569
188 226 0.0
188 227 0.00224501091411
188 228 0.0
188 229 0.0125932052661
188 230 0.0
188 231 0.000304724473107
188 232 0.0
188 233 0.000895516818925
188 234 0.0
188 235 0.100304102586
188 236 0.0
188 237 0.0094588963999
188 238 0.0
188 239 0.000398007475078
188 240 0.0
188 241 0.0155471669952
188 242 0.0
188 243 0.0304724473107
188 244 0.0
188 245 0.0048755915697
188 246 0.0
188 247 0.00121889789243
188 248 0.0
188 249 0.0216478753242
188 250 0.0
188 251 0.0738863564281
188 252 0.0
188 253 0.0149314991822
188 254 0.0
188 255 0.000304724473107
188 256 0.0
188 257 5.59698011828e-05
188 258 0.0
188 259 9.95018687695e-05
188 260 0.0
188 261 0.000895516818925
188 262 0.0
188 263 0.000752482882569
188 264 0.0
188 265 0.025472478405
188 266 0.0
188 267 0.0035820672757
188 268 0.0
188 269 5.59698011828e-05
188 270 0.0
188 271 6.21886679809e-06
188 272 0.0
188 273 0.0
188 274 0.0
188 275 6.21886679809e-06
188 276 0.0
188 277 6.21886679809e-06
188 278 0.0
188 279 2.48754671924e-05
188 280 0.0
188 281 6.21886679809e-06
188 282 0.0
188 283 0.00121889789243
188 284 0.0
188 285 0.0035820672757
188 286 0.0
188 287 0.000752482882569
188 288 0.0
188 289 0.0035820672757
188 290 0.0
188 291 0.000621886679809
188 292 0.0
188 293 5.59698011828e-05
188 294 0.0
188 295 6.21886679809e-06
188 296 0.0
188 297 0.0
188 298 0.0
188 299 6.21886679809e-06
188 300 0.0
188 301 0.000155471669952
188 302 0.0
188 303 9.95018687695e-05
188 304 0.0
188 305 2.48754671924e-05
188 306 0.0
188 307 0.00453355389581
188 308 0.0
188 309 0.00139924502957
188 310 0.0
188 311 0.000155471669952
188 312 0.0
188 313 0.0
188 314 0.0
188 315 6.21886679809e-06
188 316 0.0
188 317 2.48754671924e-05
188 318 0.0
188 319 6.21886679809e-06
188 320 0.0
188 321 2.48754671924e-05
188 322 0.0
188 323 6.21886679809e-06
188 324 0.0
188 325 0.00139924502957
188 326 0.0
188 327 0.00139924502957
188 328 0.0
188 329 9.95018687695e-05
188 330 0.0
188 331 6.21886679809e-06
188 332 0.0
188 333 2.48754671924e-05
188 334 0.0
188 335 0.0
188 336 0.0
188 337 0.0
188 338 0.0
188 339 0.0
188 340 0.0
188 341 0.000304724473107
188 342 0.0
188 343 0.00139924502957
188 344 0.0
188 345 0.000304724473107
188 346 0.0
188 347 9.95018687695e-05
188 348 0.0
188 349 0.000895516818925
188 350 0.0
188 351 0.000621886679809
188 352 0.0
188 353 0.000155471669952
188 354 0.0
188 355 6.21886679809e-06
188 356 0.0
188 357 0.0
188 358 0.0
188 359 0.0
188 360 0.0
188 361 0.0
188 362 0.0
188 363 2.48754671924e-05
188 364 0.0
188 365 6.21886679809e-06
188 366 0.0
188 367 0.000304724473107
188 368 0.0
188 369 9.95018687695e-05
188 370 0.0
188 371 0.000398007475078
188 372 0.0
188 373 0.000223879204731
188 374 0.0
188 375 9.95018687695e-05
188 376 0.0
188 377 2.48754671924e-05
188 378 0.0
188 379 0.0
188 380 0.0
188 381 5.59698011828e-05
188 382 0.0
188 383 2.48754671924e-05
188 384 0.0
188 385 5.59698011828e-05
188 386 0.0
188 387 2.48754671924e-05
188 388 0.0
188 389 0.0
188 390 0.0
188 391 9.95018687695e-05
188 392 0.0
188 393 6.21886679809e-06
188 394 0.0
188 395 9.95018687695e-05
188 396 0.0
188 397 9.95018687695e-05
188 398 0.0
188 399 2.48754671924e-05
188 400 0.0
189 0 0.0
189 1 2.48754671924e-05
189 2 0.0
189 3 2.48754671924e-05
189 4 0.0
189 5 0.000155471669952
189 6 0.0
189 7 0.000223879204731
189 8 0.0
189 9 2.48754671924e-05
189 10 0.0
189 11 0.000503728210645
189 12 0.0
189 13 5.59698011828e-05
189 14 6.21886679809e-06
189 15 5.59698011828e-05
189 16 0.0
189 17 0.000155471669952
189 18 0.0
189 19 2.48754671924e-05
189 20 6.21886679809e-06
189 21 2.48754671924e-05
189 22 0.0
189 23 6.21886679809e-06
189 24 0.0
189 25 6.21886679809e-06
189 26 0.0
189 27 6.21886679809e-06
189 28 0.0
189 29 0.000304724473107
189 30 0.0
189 31 9.95018687695e-05
189 32 0.0
189 33 2.48754671924e-05
189 34 0.0
189 35 6.21886679809e-06
189 36 0.0
189 37 0.000621886679809
189 38 0.0
189 39 0.000223879204731
189 40 0.0
189 41 6.21886679809e-06
189 42 0.0
189 43 5.59698011828e-05
189 44 0.0
189 45 0.0
189 46 0.0
189 47 6.21886679809e-06
189 48 0.0
189 49 0.0
189 50 0.0
189 51 0.0
189 52 0.0
189 53 0.0
189 54 0.0
189 55 6.21886679809e-06
189 56 0.0
189 57 6.21886679809e-06
189 58 0.0
189 59 0.000155471669952
189 60 0.0
189 61 0.000895516818925
189 62 0.0
189 63 0.000223879204731
189 64 0.0
189 65 0.000304724473107
189 66 0.0
189 67 0.000398007475078
189 68 0.0
189 69 9.95018687695e-05
189 70 0.0
189 71 6.21886679809e-06
189 72 0.0
189 73 2.48754671924e-05
189 74 0.0
189 75 0.0
189 76 0.0
189 77 6.21886679809e-06
189 78 0.0
189 79 0.0
189 80 0.0
189 81 0.0
189 82 0.0
189 83 0.0
189 84 0.0
189 85 0.000304724473107
189 86 0.0
189 87 0.000621886679809
189 88 0.0
189 89 0.00179725250465
189 90 0.0
189 91 9.95018687695e-05
189 92 0.0
189 93 0.000752482882569
189 94 0.0
189 95 0.00179725250465
189 96 0.0
189 97 5.59698011828e-05
189 98 0.0
189 99 0.0
189 100 0.0
189 101 6.21886679809e-06
189 102 0.0
189 103 6.21886679809e-06
189 104 0.0
189 105 0.0
189 106 0.0
189 107 0.0
189 108 0.0
189 109 0.000304724473107
189 110 0.0
189 111 0.000155471669952
189 112 0.0
189 113 2.48754671924e-05
189 114 0.0
189 115 0.00453355389581
189 116 0.0
189 117 0.00201491284258
189 118 0.0
189 119 0.000304724473107
189 120 0.0
189 121 0.0
189 122 0.0
189 123 0.0
189 124 0.0
189 125 0.0
189 126 0.0
189 127 0.00201491284258
189 128 0.0
189 129 0.0094588963999
189 130 6.21886679809e-06
189 131 0.0048755915697
189 132 0.0
189 133 0.00718901001859
189 134 6.21886679809e-06
189 135 0.000895516818925
189 136 0.0
189 137 6.21886679809e-06
189 138 0.0
189 139 0.0
189 140 0.0
189 141 0.0
189 142 0.0
189 143 0.0
189 144 0.0
189 145 0.0
189 146 0.0
189 147 0.0
189 148 0.0
189 149 0.0
189 150 0.0
189 151 0.00453355389581
189 152 0.0
189 153 0.00677234594312
189 154 0.0
189 155 0.0195023662788
189 156 0.0
189 157 6.21886679809e-06
189 158 0.0
189 159 0.0
189 160 0.0
189 161 6.21886679809e-06
189 162 0.0
189 163 5.59698011828e-05
189 164 0.0
189 165 2.48754671924e-05
189 166 0.0
189 167 0.000155471669952
189 168 0.0
189 169 0.00201491284258
189 170 0.0
189 171 0.0223879204731
189 172 0.0
189 173 0.00718901001859
189 174 0.0
189 175 0.0
189 176 0.0
189 177 5.59698011828e-05
189 178 6.21886679809e-06
189 179 5.59698011828e-05
189 180 0.0
189 181 0.0470706027948
189 182 0.0
189 183 0.0634386602073
189 184 0.0
189 185 9.95018687695e-05
189 186 0.0
189 187 6.21886679809e-06
189 188 0.0
189 189 0.000752482882569
189 190 0.0
189 191 0.068563006449
189 192 0.0
189 193 0.00995018687695
189 194 0.0
189 195 0.000223879204731
189 196 0.0
189 197 5.59698011828e-05
189 198 0.0
189 199 0.000752482882569
189 200 0.0
189 201 0.0195023662788
189 202 0.0
189 203 0.0161752725418
189 204 0.0
189 205 0.000155471669952
189 206 0.0
189 207 0.0035820672757
189 208 0.0
189 209 0.000223879204731
189 210 0.0
189 211 0.0
189 212 0.0
189 213 6.21886679809e-06
189 214 6.21886679809e-06
189 215 2.48754671924e-05
189 216 0.0
189 217 9.95018687695e-05
189 218 2.48754671924e-05
189 219 0.000155471669952
189 220 6.21886679809e-06
189 221 0.00179725250465
189 222 6.21886679809e-06
189 223 0.013737476757
189 224 0.0
189 225 0.000752482882569
189 226 0.0
189 227 0.00201491284258
189 228 6.21886679809e-06
189 229 0.0125932052661
189 230 0.0
189 231 0.000304724473107
189 232 0.0
189 233 0.000895516818925
189 234 0.0
189 235 0.100304102586
189 236 0.0
189 237 0.0094588963999
189 238 0.0
189 239 0.000398007475078
189 240 0.0
189 241 0.0155471669952
189 242 0.0
189 243 0.0304724473107
189 244 0.0
189 245 0.0048755915697
189 246 0.0
189 247 0.00121889789243
189 248 0.0
189 249 0.0216478753242
189 250 0.0
189 251 0.0738863564281
189 252 0.0
189 253 0.0149314991822
189 254 0.0
189 255 0.000304724473107
189 256 0.0
189 257 5.59698011828e-05
189 258 0.0
189 259 9.95018687695e-05
189 260 0.0
189 261 0.000895516818925
189 262 0.0
189 263 0.000621886679809
189 264 6.21886679809e-06
189 265 0.025472478405
189 266 0.0
189 267 0.0035820672757
189 268 0.0
189 269 2.48754671924e-05
189 270 6.21886679809e-06
189 271 6.21886679809e-06
189 272 0.0
189 273 0.0
189 274 0.0
189 275 6.21886679809e-06
189 276 0.0
189 277 6.21886679809e-06
189 278 0.0
189 279 5.59698011828e-05
189 280 6.21886679809e-06
189 281 6.21886679809e-06
189 282 0.0
189 283 0.00121889789243
189 284 0.0
189 285 0.0035820672757
189 286 0.0
189 287 0.000752482882569
189 288 0.0
189 289 0.0035820672757
189 290 0.0
189 291 0.000621886679809
189 292 0.0
189 293 5.59698011828e-05
189 294 0.0
189 295 6.21886679809e-06
189 296 0.0
189 297 0.0
189 298 0.0
189 299 6.21886679809e-06
189 300 0.0
189 301 0.000155471669952
189 302 0.0
189 303 9.95018687695e-05
189 304 0.0
189 305 2.48754671924e-05
189 306 0.0
189 307 0.00453355389581
189 308 0.0
189 309 0.00139924502957
189 310 0.0
189 311 0.000155471669952
189 312 0.0
189 313 0.0
189 314 0.0
189 315 6.21886679809e-06
189 316 0.0
189 317 2.48754671924e-05
189 318 0.0
189 319 6.21886679809e-06
189 320 0.0
189 321 2.48754671924e-05
189 322 0.0
189 323 6.21886679809e-06
189 324 0.0
189 325 0.00139924502957
189 326 0.0
189 327 0.00139924502957
189 328 0.0
189 329 9.95018687695e-05
189 330 0.0
189 331 6.21886679809e-06
189 332 0.0
189 333 2.48754671924e-05
189 334 0.0
189 335 0.0
189 336 0.0
189 337 0.0
189 338 0.0
189 339 0.0
189 340 0.0
189 341 0.000304724473107
189 342 0.0
189 343 0.00139924502957
189 344 0.0
189 345 0.000304724473107
189 346 0.0
189 347 9.95018687695e-05
189 348 0.0
189 349 0.000895516818925
189 350 0.0
189 351 0.000621886679809
189 352 0.0
189 353 0.000155471669952
189 354 0.0
189 355 6.21886679809e-06
189 356 0.0
189 357 0.0
189 358 0.0
189 359 0.0
189 360 0.0
189 361 0.0
189 362 0.0
189 363 2.48754671924e-05
189 364 0.0
189 365 6.21886679809e-06
189 366 0.0
189 367 0.000304724473107
189 368 0.0
189 369 0.000155471669952
189 370 6.21886679809e-06
189 371 0.000304724473107
189 372 6.21886679809e-06
189 373 0.000155471669952
189 374 6.21886679809e-06
189 375 0.000155471669952
189 376 0.0
189 377 2.48754671924e-05
189 378 0.0
189 379 0.0
189 380 0.0
189 381 5.59698011828e-05
189 382 0.0
189 383 2.48754671924e-05
189 384 0.0
189 385 5.59698011828e-05
189 386 0.0
189 387 2.48754671924e-05
189 388 0.0
189 389 0.0
189 390 0.0
189 391 5.59698011828e-05
189 392 6.21886679809e-06
189 393 2.48754671924e-05
189 394 0.0
189 395 9.95018687695e-05
189 396 0.0
189 397 9.95018687695e-05
189 398 0.0
189 399 2.48754671924e-05
189 400 0.0
190 0 0.0
190 1 2.48754671924e-05
190 2 0.0
190 3 2.48754671924e-05
190 4 0.0
190 5 0.000155471669952
190 6 0.0
190 7 0.000223879204731
190 8 0.0
190 9 2.48754671924e-05
190 10 0.0
190 11 0.000503728210645
190 12 0.0
190 13 5.59698011828e-05
190 14 0.0
190 15 2.48754671924e-05
190 16 0.0
190 17 0.000155471669952
190 18 0.0
190 19 6.21886679809e-06
190 20 0.0
190 21 2.48754671924e-05
190 22 0.0
190 23 6.21886679809e-06
190 24 0.0
190 25 6.21886679809e-06
190 26 0.0
190 27 6.21886679809e-06
190 28 0.0
190 29 0.000304724473107
190 30 0.0
190 31 9.95018687695e-05
190 32 0.0
190 33 2.48754671924e-05
190 34 0.0
190 35 6.21886679809e-06
190 36 0.0
190 37 0.000621886679809
190 38 0.0
190 39 0.000223879204731
190 40 0.0
190 41 6.21886679809e-06
190 42 0.0
190 43 5.59698011828e-05
190 44 0.0
190 45 0.0
190 46 0.0
190 47 6.21886679809e-06
190 48 0.0
190 49 0.0
190 50 0.0
190 51 0.0
190 52 0.0
190 53 0.0
190 54 0.0
190 55 6.21886679809e-06
190 56 0.0
190 57 6.21886679809e-06
190 58 0.0
190 59 0.000155471669952
190 60 0.0
190 61 0.000895516818925
190 62 0.0
190 63 0.000223879204731
190 64 0.0
190 65 0.000304724473107
190 66 0.0
190 67 0.000398007475078
190 68 0.0
190 69 9.95018687695e-05
190 70 0.0
190 71 6.21886679809e-06
190 72 0.0
190 73 2.48754671924e-05
190 74 0.0
190 75 0.0
190 76 0.0
190 77 6.21886679809e-06
190 78 0.0
190 79 0.0
190 80 0.0
190 81 0.0
190 82 0.0
190 83 0.0
190 84 0.0
190 85 0.000304724473107
190 86 0.0
190 87 0.000621886679809
190 88 0.0
190 89 0.00179725250465
190 90 0.0
190 91 9.95018687695e-05
190 92 0.0
190 93 0.000752482882569
190 94 0.0
190 95 0.00179725250465
190 96 0.0
190 97 5.59698011828e-05
190 98 0.0
190 99 0.0
190 100 0.0
190 101 6.21886679809e-06
190 102 0.0
190 103 6.21886679809e-06
190 104 0.0
190 105 0.0
190 106 0.0
190 107 0.0
190 108 0.0
190 109 0.000304724473107
190 110 0.0
190 111 0.000155471669952
190 112 0.0
190 113 2.48754671924e-05
190 114 0.0
190 115 0.00453355389581
190 116 0.0
190 117 0.00201491284258
190 118 0.0
190 119 0.000304724473107
190 120 0.0
190 121 0.0
190 122 0.0
190 123 0.0
190 124 0.0
190 125 0.0
190 126 0.0
190 127 0.00201491284258
190 128 0.0
190 129 0.00898004365644
190 130 0.0
190 131 0.0048755915697
190 132 0.0
190 133 0.00761811182766
190 134 0.0
190 135 0.000752482882569
190 136 0.0
190 137 6.21886679809e-06
190 138 0.0
190 139 0.0
190 140 0.0
190 141 0.0
190 142 0.0
190 143 0.0
190 144 0.0
190 145 0.0
190 146 0.0
190 147 0.0
190 148 0.0
190 149 0.0
190 150 0.0
190 151 0.00453355389581
190 152 0.0
190 153 0.00677234594312
190 154 0.0
190 155 0.0195023662788
190 156 0.0
190 157 6.21886679809e-06
190 158 0.0
190 159 0.0
190 160 0.0
190 161 6.21886679809e-06
190 162 0.0
190 163 5.59698011828e-05
190 164 0.0
190 165 2.48754671924e-05
190 166 0.0
190 167 0.000155471669952
190 168 0.0
190 169 0.00201491284258
190 170 0.0
190 171 0.0223879204731
190 172 0.0
190 173 0.00718901001859
190 174 0.0
190 175 0.0
190 176 0.0
190 177 2.48754671924e-05
190 178 0.0
190 179 2.48754671924e-05
190 180 0.0
190 181 0.0470706027948
190 182 0.0
190 183 0.0634386602073
190 184 0.0
190 185 9.95018687695e-05
190 186 0.0
190 187 6.21886679809e-06
190 188 0.0
190 189 0.000752482882569
190 190 0.0
190 191 0.068563006449
190 192 0.0
190 193 0.00995018687695
190 194 0.0
190 195 0.000223879204731
190 196 0.0
190 197 5.59698011828e-05
190 198 0.0
190 199 0.000752482882569
190 200 0.0
190 201 0.0195023662788
190 202 0.0
190 203 0.0161752725418
190 204 0.0
190 205 0.000155471669952
190 206 0.0
190 207 0.0035820672757
190 208 0.0
190 209 0.000223879204731
190 210 0.0
190 211 0.0
190 212 0.0
190 213 6.21886679809e-06
190 214 0.0
190 215 5.59698011828e-05
190 216 0.0
190 217 0.000304724473107
190 218 0.0
190 219 6.21886679809e-06
190 220 0.0
190 221 0.00121889789243
190 222 0.0
190 223 0.013737476757
190 224 0.0
190 225 0.000752482882569
190 226 0.0
190 227 0.00224501091411
190 228 0.0
190 229 0.0125932052661
190 230 0.0
190 231 0.000304724473107
190 232 0.0
190 233 0.000895516818925
190 234 0.0
190 235 0.100304102586
190 236 0.0
190 237 0.0094588963999
190 238 0.0
190 239 0.000398007475078
190 240 0.0
190 241 0.0155471669952
190 242 0.0
190 243 0.0304724473107
190 244 0.0
190 245 0.0048755915697
190 246 0.0
190 247 0.00121889789243
190 248 0.0
190 249 0.0216478753242
190 250 0.0
190 251 0.0738863564281
190 252 0.0
190 253 0.0149314991822
190 254 0.0
190 255 0.000304724473107
190 256 0.0
190 257 5.59698011828e-05
190 258 0.0
190 259 9.95018687695e-05
190 260 0.0
190 261 0.000895516818925
190 262 0.0
190 263 0.000752482882569
190 264 0.0
190 265 0.025472478405
190 266 0.0
190 267 0.0035820672757
190 268 0.0
190 269 5.59698011828e-05
190 270 0.0
190 271 6.21886679809e-06
190 272 0.0
190 273 0.0
190 274 0.0
190 275 6.21886679809e-06
190 276 0.0
190 277 6.21886679809e-06
190 278 0.0
190 279 2.48754671924e-05
190 280 0.0
190 281 6.21886679809e-06
190 282 0.0
190 283 0.00121889789243
190 284 0.0
190 285 0.0035820672757
190 286 0.0
190 287 0.000752482882569
190 288 0.0
190 289 0.0035820672757
190 290 0.0
190 291 0.000621886679809
190 292 0.0
190 293 5.59698011828e-05
190 294 0.0
190 295 6.21886679809e-06
190 296 0.0
190 297 0.0
190 298 0.0
190 299 6.21886679809e-06
190 300 0.0
190 301 0.000155471669952
190 302 0.0
190 303 9.95018687695e-05
190 304 0.0
190 305 2.48754671924e-05
190 306 0.0
190 307 0.00453355389581
190 308 0.0
190 309 0.00139924502957
190 310 0.0
190 311 0.000155471669952
190 312 0.0
190 313 0.0
190 314 0.0
190 315 6.21886679809e-06
190 316 0.0
190 317 2.48754671924e-05
190 318 0.0
190 319 6.21886679809e-06
190 320 0.0
190 321 2.48754671924e-05
190 322 0.0
190 323 6.21886679809e-06
190 324 0.0
190 325 0.00139924502957
190 326 0.0
190 327 0.00139924502957
190 328 0.0
190 329 9.95018687695e-05
190 330 0.0
190 331 6.21886679809e-06
190 332 0.0
190 333 2.48754671924e-05
190 334 0.0
190 335 0.0
190 336 0.0
190 337 0.0
190 338 0.0
190 339 0.0
190 340 0.0
190 341 0.000304724473107
190 342 0.0
190 343 0.00139924502957
190 344 0.0
190 345 0.000304724473107
190 346 0.0
190 347 9.95018687695e-05
190 348 0.0
190 349 0.000895516818925
190 350 0.0
190 351 0.000621886679809
190 352 0.0
190 353 0.000155471669952
190 354 0.0
190 355 6.21886679809e-06
190 356 0.0
190 357 0.0
190 358 0.0
190 359 0.0
190 360 0.0
190 361 0.0
190 362 0.0
190 363 2.48754671924e-05
190 364 0.0
190 365 6.21886679809e-06
190 366 0.0
190 367 0.000304724473107
190 368 0.0
190 369 9.95018687695e-05
190 370 0.0
190 371 0.000398007475078
190 372 0.0
190 373 0.000223879204731
190 374 0.0
190 375 9.95018687695e-05
190 376 0.0
190 377 2.48754671924e-05
190 378 0.0
190 379 0.0
190 380 0.0
190 381 5.59698011828e-05
190 382 0.0
190 383 2.48754671924e-05
190 384 0.0
190 385 5.59698011828e-05
190 386 0.0
190 387 2.48754671924e-05
190 388 0.0
190 389 0.0
190 390 0.0
190 391 9.95018687695e-05
190 392 0.0
190 393 6.21886679809e-06
190 394 0.0
190 395 9.95018687695e-05
190 396 0.0
190 397 9.95018687695e-05
190 398 0.0
190 399 2.48754671924e-05
190 400 0.0
191 0 0.0
191 1 2.48754671924e-05
191 2 0.0
191 3 2.48754671924e-05
191 4 0.0
191 5 0.000155471669952
191 6 0.0
191 7 0.000223879204731
191 8 0.0
191 9 2.48754671924e-05
191 10 0.0
191 11 0.000503728210645
191 12 0.0
191 13 5.59698011828e-05
191 14 0.0
191 15 5.59698011828e-05
191 16 6.21886679809e-06
191 17 5.59698011828e-05
191 18 6.21886679809e-06
191 19 6.21886679809e-06
191 20 0.0
191 21 6.21886679809e-06
191 22 0.0
191 23 6.21886679809e-06
191 24 0.0
191 25 6.21886679809e-06
191 26 0.0
191 27 6.21886679809e-06
191 28 0.0
191 29 0.000304724473107
191 30 0.0
191 31 9.95018687695e-05
191 32 0.0
191 33 2.48754671924e-05
191 34 0.0
191 35 6.21886679809e-06
191 36 0.0
191 37 0.000621886679809
191 38 0.0
191 39 0.000223879204731
191 40 0.0
191 41 6.21886679809e-06
191 42 0.0
191 43 5.59698011828e-05
191 44 0.0
191 45 0.0
191 46 0.0
191 47 6.21886679809e-06
191 48 0.0
191 49 0.0
191 50 0.0
191 51 0.0
191 52 0.0
191 53 0.0
191 54 0.0
191 55 6.21886679809e-06
191 56 0.0
191 57 6.21886679809e-06
191 58 0.0
191 59 0.000155471669952
191 60 0.0
191 61 0.000895516818925
191 62 0.0
191 63 0.000223879204731
191 64 0.0
191 65 0.000304724473107
191 66 0.0
191 67 0.000398007475078
191 68 0.0
191 69 9.95018687695e-05
191 70 0.0
191 71 6.21886679809e-06
191 72 0.0
191 73 2.48754671924e-05
191 74 0.0
191 75 0.0
191 76 0.0
191 77 6.21886679809e-06
191 78 0.0
191 79 0.0
191 80 0.0
191 81 0.0
191 82 0.0
191 83 0.0
191 84 0.0
191 85 0.000304724473107
191 86 0.0
191 87 0.000621886679809
191 88 0.0
191 89 0.00179725250465
191 90 0.0
191 91 9.95018687695e-05
191 92 0.0
191 93 0.000752482882569
191 94 0.0
191 95 0.00179725250465
191 96 0.0
191 97 5.59698011828e-05
191 98 0.0
191 99 0.0
191 100 0.0
191 101 6.21886679809e-06
191 102 0.0
191 103 6.21886679809e-06
191 104 0.0
191 105 0.0
191 106 0.0
191 107 0.0
191 108 0.0
191 109 0.000304724473107
191 110 0.0
191 111 0.000155471669952
191 112 0.0
191 113 2.48754671924e-05
191 114 0.0
191 115 0.00453355389581
191 116 0.0
191 117 0.00201491284258
191 118 0.0
191 119 0.000304724473107
191 120 0.0
191 121 0.0
191 122 0.0
191 123 0.0
191 124 0.0
191 125 0.0
191 126 0.0
191 127 0.00201491284258
191 128 0.0
191 129 0.00898004365644
191 130 0.0
191 131 0.0048755915697
191 132 6.21886679809e-06
191 133 0.00761811182766
191 134 0.0
191 135 0.000752482882569
191 136 0.0
191 137 6.21886679809e-06
191 138 0.0
191 139 0.0
191 140 0.0
191 141 0.0
191 142 0.0
191 143 0.0
191 144 0.0
191 145 0.0
191 146 0.0
191 147 0.0
191 148 0.0
191 149 0.0
191 150 0.0
191 151 0.00453355389581
191 152 0.0
191 153 0.00677234594312
191 154 0.0
191 155 0.0195023662788
191 156 0.0
191 157 6.21886679809e-06
191 158 0.0
191 159 0.0
191 160 0.0
191 161 6.21886679809e-06
191 162 0.0
191 163 5.59698011828e-05
191 164 0.0
191 165 2.48754671924e-05
191 166 0.0
191 167 0.000155471669952
191 168 0.0
191 169 0.00201491284258
191 170 0.0
191 171 0.0223879204731
191 172 0.0
191 173 0.00718901001859
191 174 0.0
191 175 0.0
191 176 0.0
191 177 2.48754671924e-05
191 178 0.0
191 179 2.48754671924e-05
191 180 0.0
191 181 0.0459947388387
191 182 0.0
191 183 0.0634386602073
191 184 0.0
191 185 9.95018687695e-05
191 186 0.0
191 187 6.21886679809e-06
191 188 0.0
191 189 0.000752482882569
191 190 0.0
191 191 0.068563006449
191 192 0.0
191 193 0.00995018687695
191 194 0.0
191 195 0.000223879204731
191 196 0.0
191 197 5.59698011828e-05
191 198 0.0
191 199 0.000752482882569
191 200 0.0
191 201 0.0188120720642
191 202 6.21886679809e-06
191 203 0.0161752725418
191 204 0.0
191 205 0.000155471669952
191 206 0.0
191 207 0.0035820672757
191 208 0.0
191 209 0.000223879204731
191 210 0.0
191 211 6.21886679809e-06
191 212 0.0
191 213 2.48754671924e-05
191 214 5.59698011828e-05
191 215 0.000223879204731
191 216 0.000503728210645
191 217 0.000621886679809
191 218 9.95018687695e-05
191 219 6.21886679809e-06
191 220 6.21886679809e-06
191 221 0.00121889789243
191 222 0.0
191 223 0.013737476757
191 224 0.0
191 225 0.000752482882569
191 226 0.0
191 227 0.00224501091411
191 228 0.0
191 229 0.0125932052661
191 230 0.0
191 231 0.000304724473107
191 232 0.0
191 233 0.000895516818925
191 234 0.0
191 235 0.100304102586
191 236 0.0
191 237 0.0094588963999
191 238 0.0
191 239 0.000398007475078
191 240 0.0
191 241 0.0155471669952
191 242 0.0
191 243 0.0304724473107
191 244 0.0
191 245 0.0048755915697
191 246 0.0
191 247 0.00121889789243
191 248 0.0
191 249 0.0216478753242
191 250 0.0
191 251 0.0738863564281
191 252 0.0
191 253 0.0149314991822
191 254 0.0
191 255 0.000304724473107
191 256 0.0
191 257 5.59698011828e-05
191 258 0.0
191 259 9.95018687695e-05
191 260 0.0
191 261 0.000895516818925
191 262 0.0
191 263 0.000752482882569
191 264 0.0
191 265 0.025472478405
191 266 0.0
191 267 0.0035820672757
191 268 0.0
191 269 5.59698011828e-05
191 270 0.0
191 271 6.21886679809e-06
191 272 0.0
191 273 0.0
191 274 0.0
191 275 6.21886679809e-06
191 276 0.0
191 277 2.48754671924e-05
191 278 6.21886679809e-06
191 279 5.59698011828e-05
191 280 0.0
191 281 6.21886679809e-06
191 282 0.0
191 283 0.00121889789243
191 284 0.0
191 285 0.0035820672757
191 286 0.0
191 287 0.000752482882569
191 288 0.0
191 289 0.0035820672757
191 290 0.0
191 291 0.000621886679809
191 292 0.0
191 293 5.59698011828e-05
191 294 0.0
191 295 6.21886679809e-06
191 296 0.0
191 297 0.0
191 298 0.0
191 299 6.21886679809e-06
191 300 0.0
191 301 0.000155471669952
191 302 0.0
191 303 9.95018687695e-05
191 304 0.0
191 305 2.48754671924e-05
191 306 0.0
191 307 0.00453355389581
191 308 0.0
191 309 0.00139924502957
191 310 0.0
191 311 0.000155471669952
191 312 0.0
191 313 0.0
191 314 0.0
191 315 6.21886679809e-06
191 316 0.0
191 317 2.48754671924e-05
191 318 0.0
191 319 6.21886679809e-06
191 320 0.0
191 321 2.48754671924e-05
191 322 0.0
191 323 6.21886679809e-06
191 324 0.0
191 325 0.00139924502957
191 326 0.0
191 327 0.00139924502957
191 328 0.0
191 329 9.95018687695e-05
191 330 0.0
191 331 6.21886679809e-06
191 332 0.0
191 333 2.48754671924e-05
191 334 0.0
191 335 0.0
191 336 0.0
191 337 0.0
191 338 0.0
191 339 0.0
191 340 0.0
191 341 0.000304724473107
191 342 0.0
191 343 0.00139924502957
191 344 0.0
191 345 0.000304724473107
191 346 0.0
191 347 9.95018687695e-05
191 348 0.0
191 349 0.000895516818925
191 350 0.0
191 351 0.000621886679809
191 352 0.0
191 353 0.000155471669952
191 354 0.0
191 355 0.0
191 356 6.21886679809e-06
191 357 6.21886679809e-06
191 358 0.0
191 359 0.0
191 360 0.0
191 361 0.0
191 362 0.0
191 363 2.48754671924e-05
191 364 0.0
191 365 6.21886679809e-06
191 366 0.0
191 367 0.000304724473107
191 368 0.0
191 369 9.95018687695e-05
191 370 0.0
191 371 0.000398007475078
191 372 0.0
191 373 0.000223879204731
191 374 0.0
191 375 9.95018687695e-05
191 376 0.0
191 377 6.21886679809e-06
191 378 6.21886679809e-06
191 379 6.21886679809e-06
191 380 6.21886679809e-06
191 381 2.48754671924e-05
191 382 6.21886679809e-06
191 383 5.59698011828e-05
191 384 6.21886679809e-06
191 385 2.48754671924e-05
191 386 0.0
191 387 2.48754671924e-05
191 388 0.0
191 389 0.0
191 390 0.0
191 391 9.95018687695e-05
191 392 0.0
191 393 6.21886679809e-06
191 394 0.0
191 395 9.95018687695e-05
191 396 6.21886679809e-06
191 397 5.59698011828e-05
191 398 6.21886679809e-06
191 399 6.21886679809e-06
191 400 0.0
192 0 0.0
192 1 2.48754671924e-05
192 2 0.0
192 3 2.48754671924e-05
192 4 0.0
192 5 0.000155471669952
192 6 0.0
192 7 0.000223879204731
192 8 0.0
192 9 2.48754671924e-05
192 10 0.0
192 11 0.000503728210645
192 12 0.0
192 13 9.95018687695e-05
192 14 0.0
192 15 2.48754671924e-05
192 16 0.0
192 17 5.59698011828e-05
192 18 0.0
192 19 6.21886679809e-06
192 20 0.0
192 21 6.21886679809e-06
192 22 0.0
192 23 0.0
192 24 0.0
192 25 6.21886679809e-06
192 26 0.0
192 27 6.21886679809e-06
192 28 0.0
192 29 0.000304724473107
192 30 0.0
192 31 9.95018687695e-05
192 32 0.0
192 33 2.48754671924e-05
192 34 0.0
192 35 6.21886679809e-06
192 36 0.0
192 37 0.000621886679809
192 38 0.0
192 39 0.000223879204731
192 40 0.0
192 41 6.21886679809e-06
192 42 0.0
192 43 5.59698011828e-05
192 44 0.0
192 45 0.0
192 46 0.0
192 47 6.21886679809e-06
192 48 0.0
192 49 0.0
192 50 0.0
192 51 0.0
192 52 0.0
192 53 0.0
192 54 0.0
192 55 6.21886679809e-06
192 56 0.0
192 57 6.21886679809e-06
192 58 0.0
192 59 0.000155471669952
192 60 0.0
192 61 0.000895516818925
192 62 0.0
192 63 0.000223879204731
192 64 0.0
192 65 0.000304724473107
192 66 0.0
192 67 0.000398007475078
192 68 0.0
192 69 9.95018687695e-05
192 70 0.0
192 71 6.21886679809e-06
192 72 0.0
192 73 2.48754671924e-05
192 74 0.0
192 75 0.0
192 76 0.0
192 77 6.21886679809e-06
192 78 0.0
192 79 0.0
192 80 0.0
192 81 0.0
192 82 0.0
192 83 0.0
192 84 0.0
192 85 0.000304724473107
192 86 0.0
192 87 0.000621886679809
192 88 0.0
192 89 0.00179725250465
192 90 0.0
192 91 9.95018687695e-05
192 92 0.0
192 93 0.000752482882569
192 94 0.0
192 95 0.00179725250465
192 96 0.0
192 97 5.59698011828e-05
192 98 0.0
192 99 0.0
192 100 0.0
192 101 6.21886679809e-06
192 102 0.0
192 103 6.21886679809e-06
192 104 0.0
192 105 0.0
192 106 0.0
192 107 0.0
192 108 0.0
192 109 0.000304724473107
192 110 0.0
192 111 0.000155471669952
192 112 0.0
192 113 2.48754671924e-05
192 114 0.0
192 115 0.00453355389581
192 116 0.0
192 117 0.00201491284258
192 118 0.0
192 119 0.000304724473107
192 120 0.0
192 121 0.0
192 122 0.0
192 123 0.0
192 124 0.0
192 125 0.0
192 126 0.0
192 127 0.00201491284258
192 128 0.0
192 129 0.00898004365644
192 130 0.0
192 131 0.0048755915697
192 132 0.0
192 133 0.00805965137033
192 134 0.0
192 135 0.000621886679809
192 136 0.0
192 137 6.21886679809e-06
192 138 0.0
192 139 0.0
192 140 0.0
192 141 0.0
192 142 0.0
192 143 0.0
192 144 0.0
192 145 0.0
192 146 0.0
192 147 0.0
192 148 0.0
192 149 0.0
192 150 0.0
192 151 0.00453355389581
192 152 0.0
192 153 0.00677234594312
192 154 0.0
192 155 0.0195023662788
192 156 0.0
192 157 6.21886679809e-06
192 158 0.0
192 159 0.0
192 160 0.0
192 161 6.21886679809e-06
192 162 0.0
192 163 5.59698011828e-05
192 164 0.0
192 165 2.48754671924e-05
192 166 0.0
192 167 0.000155471669952
192 168 0.0
192 169 0.00201491284258
192 170 0.0
192 171 0.0223879204731
192 172 0.0
192 173 0.00718901001859
192 174 0.0
192 175 0.0
192 176 0.0
192 177 2.48754671924e-05
192 178 0.0
192 179 6.21886679809e-06
192 180 0.0
192 181 0.0481589044844
192 182 0.0
192 183 0.0647010901673
192 184 0.0
192 185 9.95018687695e-05
192 186 0.0
192 187 6.21886679809e-06
192 188 0.0
192 189 0.000752482882569
192 190 0.0
192 191 0.068563006449
192 192 0.0
192 193 0.00995018687695
192 194 0.0
192 195 0.000223879204731
192 196 0.0
192 197 5.59698011828e-05
192 198 0.0
192 199 0.000752482882569
192 200 0.0
192 201 0.0195023662788
192 202 0.0
192 203 0.0161752725418
192 204 0.0
192 205 0.000155471669952
192 206 0.0
192 207 0.0035820672757
192 208 0.0
192 209 0.000223879204731
192 210 0.0
192 211 2.48754671924e-05
192 212 0.0
192 213 0.000223879204731
192 214 0.0
192 215 0.000752482882569
192 216 0.0
192 217 0.000895516818925
192 218 0.0
192 219 0.000304724473107
192 220 0.0
192 221 0.00121889789243
192 222 0.0
192 223 0.013737476757
192 224 0.0
192 225 0.000752482882569
192 226 0.0
192 227 0.00224501091411
192 228 0.0
192 229 0.0125932052661
192 230 0.0
192 231 0.000304724473107
192 232 0.0
192 233 0.000895516818925
192 234 0.0
192 235 0.100304102586
192 236 0.0
192 237 0.0094588963999
192 238 0.0
192 239 0.000398007475078
192 240 0.0
192 241 0.0155471669952
192 242 0.0
192 243 0.0304724473107
192 244 0.0
192 245 0.0048755915697
192 246 0.0
192 247 0.00121889789243
192 248 0.0
192 249 0.0216478753242
192 250 0.0
192 251 0.0738863564281
192 252 0.0
192 253 0.0149314991822
192 254 0.0
192 255 0.000304724473107
192 256 0.0
192 257 5.59698011828e-05
192 258 0.0
192 259 9.95018687695e-05
192 260 0.0
192 261 0.000895516818925
192 262 0.0
192 263 0.000752482882569
192 264 0.0
192 265 0.0262747122219
192 266 0.0
192 267 0.0035820672757
192 268 0.0
192 269 5.59698011828e-05
192 270 0.0
192 271 0.0
192 272 0.0
192 273 0.0
192 274 0.0
192 275 0.0
192 276 0.0
192 277 2.48754671924e-05
192 278 0.0
192 279 2.48754671924e-05
192 280 0.0
192 281 0.0
192 282 0.0
192 283 0.00121889789243
192 284 0.0
192 285 0.0035820672757
192 286 0.0
192 287 0.000752482882569
192 288 0.0
192 289 0.0035820672757
192 290 0.0
192 291 0.000621886679809
192 292 0.0
192 293 5.59698011828e-05
192 294 0.0
192 295 6.21886679809e-06
192 296 0.0
192 297 0.0
192 298 0.0
192 299 6.21886679809e-06
192 300 0.0
192 301 0.000155471669952
192 302 0.0
192 303 9.95018687695e-05
192 304 0.0
192 305 2.48754671924e-05
192 306 0.0
192 307 0.00453355389581
192 308 0.0
192 309 0.00139924502957
192 310 0.0
192 311 0.000155471669952
192 312 0.0
192 313 0.0
192 314 0.0
192 315 6.21886679809e-06
192 316 0.0
192 317 2.48754671924e-05
192 318 0.0
192 319 6.21886679809e-06
192 320 0.0
192 321 2.48754671924e-05
192 322 0.0
192 323 6.21886679809e-06
192 324 0.0
192 325 0.00139924502957
192 326 0.0
192 327 0.00139924502957
192 328 0.0
192 329 9.95018687695e-05
192 330 0.0
192 331 6.21886679809e-06
192 332 0.0
192 333 2.48754671924e-05
192 334 0.0
192 335 0.0
192 336 0.0
192 337 0.0
192 338 0.0
192 339 0.0
192 340 0.0
192 341 0.000304724473107
192 342 0.0
192 343 0.00139924502957
192 344 0.0
192 345 0.000304724473107
192 346 0.0
192 347 9.95018687695e-05
192 348 0.0
192 349 0.000895516818925
192 350 0.0
192 351 0.000621886679809
192 352 0.0
192 353 0.000155471669952
192 354 0.0
192 355 6.21886679809e-06
192 356 0.0
192 357 0.0
192 358 0.0
192 359 0.0
192 360 0.0
192 361 0.0
192 362 0.0
192 363 2.48754671924e-05
192 364 0.0
192 365 6.21886679809e-06
192 366 0.0
192 367 0.000223879204731
192 368 0.0
192 369 9.95018687695e-05
192 370 0.0
192 371 0.000398007475078
192 372 0.0
192 373 0.000155471669952
192 374 0.0
192 375 9.95018687695e-05
192 376 0.0
192 377 6.21886679809e-06
192 378 0.0
192 379 6.21886679809e-06
192 380 0.0
192 381 5.59698011828e-05
192 382 0.0
192 383 5.59698011828e-05
192 384 0.0
192 385 2.48754671924e-05
192 386 0.0
192 387 2.48754671924e-05
192 388 0.0
192 389 0.0
192 390 0.0
192 391 0.000223879204731
192 392 0.0
192 393 2.48754671924e-05
192 394 0.0
192 395 0.000155471669952
192 396 0.0
192 397 2.48754671924e-05
192 398 0.0
192 399 6.21886679809e-06
192 400 0.0
193 0 0.0
193 1 2.48754671924e-05
193 2 0.0
193 3 2.48754671924e-05
193 4 0.0
193 5 0.000155471669952
193 6 0.0
193 7 0.000223879204731
193 8 0.0
193 9 2.48754671924e-05
193 10 0.0
193 11 0.000503728210645
193 12 0.0
193 13 9.95018687695e-05
193 14 0.0
193 15 5.59698011828e-05
193 16 0.0
193 17 9.95018687695e-05
193 18 0.0
193 19 6.21886679809e-06
193 20 0.0
193 21 6.21886679809e-06
193 22 0.0
193 23 0.0
193 24 0.0
193 25 6.21886679809e-06
193 26 0.0
193 27 6.21886679809e-06
193 28 0.0
193 29 0.000304724473107
193 30 0.0
193 31 9.95018687695e-05
193 32 0.0
193 33 2.48754671924e-05
193 34 0.0
193 35 6.21886679809e-06
193 36 0.0
193 37 0.000621886679809
193 38 0.0
193 39 0.000223879204731
193 40 0.0
193 41 6.21886679809e-06
193 42 0.0
193 43 5.59698011828e-05
193 44 0.0
193 45 0.0
193 46 0.0
193 47 6.21886679809e-06
193 48 0.0
193 49 0.0
193 50 0.0
193 51 0.0
193 52 0.0
193 53 0.0
193 54 0.0
193 55 6.21886679809e-06
193 56 0.0
193 57 6.21886679809e-06
193 58 0.0
193 59 0.000155471669952
193 60 0.0
193 61 0.000895516818925
193 62 0.0
193 63 0.000223879204731
193 64 0.0
193 65 0.000304724473107
193 66 0.0
193 67 0.000398007475078
193 68 0.0
193 69 9.95018687695e-05
193 70 0.0
193 71 6.21886679809e-06
193 72 0.0
193 73 2.48754671924e-05
193 74 0.0
193 75 0.0
193 76 0.0
193 77 6.21886679809e-06
193 78 0.0
193 79 0.0
193 80 0.0
193 81 0.0
193 82 0.0
193 83 0.0
193 84 0.0
193 85 0.000304724473107
193 86 0.0
193 87 0.000621886679809
193 88 0.0
193 89 0.00179725250465
193 90 0.0
193 91 9.95018687695e-05
193 92 0.0
193 93 0.000752482882569
193 94 0.0
193 95 0.00179725250465
193 96 0.0
193 97 5.59698011828e-05
193 98 0.0
193 99 0.0
193 100 0.0
193 101 6.21886679809e-06
193 102 0.0
193 103 6.21886679809e-06
193 104 0.0
193 105 0.0
193 106 0.0
193 107 0.0
193 108 0.0
193 109 0.000304724473107
193 110 0.0
193 111 0.000155471669952
193 112 0.0
193 113 2.48754671924e-05
193 114 0.0
193 115 0.00453355389581
193 116 0.0
193 117 0.00201491284258
193 118 0.0
193 119 0.000304724473107
193 120 0.0
193 121 0.0
193 122 0.0
193 123 0.0
193 124 0.0
193 125 0.0
193 126 0.0
193 127 0.00179725250465
193 128 0.0
193 129 0.00851362864659
193 130 6.21886679809e-06
193 131 0.00453355389581
193 132 0.0
193 133 0.00851362864659
193 134 0.0
193 135 0.000621886679809
193 136 0.0
193 137 6.21886679809e-06
193 138 0.0
193 139 0.0
193 140 0.0
193 141 0.0
193 142 0.0
193 143 0.0
193 144 0.0
193 145 0.0
193 146 0.0
193 147 0.0
193 148 0.0
193 149 0.0
193 150 0.0
193 151 0.00453355389581
193 152 0.0
193 153 0.00677234594312
193 154 0.0
193 155 0.0195023662788
193 156 0.0
193 157 6.21886679809e-06
193 158 0.0
193 159 0.0
193 160 0.0
193 161 6.21886679809e-06
193 162 0.0
193 163 9.95018687695e-05
193 164 6.21886679809e-06
193 165 5.59698011828e-05
193 166 0.0
193 167 0.000155471669952
193 168 0.0
193 169 0.00201491284258
193 170 0.0
193 171 0.0223879204731
193 172 0.0
193 173 0.00718901001859
193 174 0.0
193 175 0.0
193 176 0.0
193 177 2.48754671924e-05
193 178 6.21886679809e-06
193 179 6.21886679809e-06
193 180 0.0
193 181 0.0503728210645
193 182 0.0
193 183 0.0672632632882
193 184 0.0
193 185 9.95018687695e-05
193 186 0.0
193 187 6.21886679809e-06
193 188 0.0
193 189 0.000752482882569
193 190 0.0
193 191 0.068563006449
193 192 0.0
193 193 0.00995018687695
193 194 0.0
193 195 0.000223879204731
193 196 0.0
193 197 5.59698011828e-05
193 198 0.0
193 199 0.000752482882569
193 200 0.0
193 201 0.0188120720642
193 202 6.21886679809e-06
193 203 0.0161752725418
193 204 0.0
193 205 0.000155471669952
193 206 0.0
193 207 0.0035820672757
193 208 0.0
193 209 0.000223879204731
193 210 0.0
193 211 6.21886679809e-06
193 212 0.0
193 213 2.48754671924e-05
193 214 9.95018687695e-05
193 215 9.95018687695e-05
193 216 0.000304724473107
193 217 0.000621886679809
193 218 6.21886679809e-06
193 219 6.21886679809e-06
193 220 6.21886679809e-06
193 221 0.00105098848888
193 222 0.0
193 223 0.013737476757
193 224 0.0
193 225 0.000752482882569
193 226 0.0
193 227 0.00224501091411
193 228 0.0
193 229 0.0125932052661
193 230 0.0
193 231 0.000304724473107
193 232 0.0
193 233 0.000895516818925
193 234 0.0
193 235 0.100304102586
193 236 0.0
193 237 0.0094588963999
193 238 0.0
193 239 0.000398007475078
193 240 0.0
193 241 0.0155471669952
193 242 0.0
193 243 0.0304724473107
193 244 0.0
193 245 0.0048755915697
193 246 0.0
193 247 0.00121889789243
193 248 0.0
193 249 0.0216478753242
193 250 0.0
193 251 0.0738863564281
193 252 0.0
193 253 0.0149314991822
193 254 0.0
193 255 0.000304724473107
193 256 0.0
193 257 5.59698011828e-05
193 258 0.0
193 259 9.95018687695e-05
193 260 0.0
193 261 0.000895516818925
193 262 0.0
193 263 0.000621886679809
193 264 0.0
193 265 0.025472478405
193 266 0.0
193 267 0.0035820672757
193 268 6.21886679809e-06
193 269 5.59698011828e-05
193 270 0.0
193 271 0.0
193 272 0.0
193 273 0.0
193 274 0.0
193 275 0.0
193 276 0.0
193 277 5.59698011828e-05
193 278 0.0
193 279 5.59698011828e-05
193 280 6.21886679809e-06
193 281 0.0
193 282 0.0
193 283 0.00105098848888
193 284 6.21886679809e-06
193 285 0.0035820672757
193 286 0.0
193 287 0.000752482882569
193 288 0.0
193 289 0.0035820672757
193 290 0.0
193 291 0.000621886679809
193 292 0.0
193 293 5.59698011828e-05
193 294 0.0
193 295 6.21886679809e-06
193 296 0.0
193 297 0.0
193 298 0.0
193 299 6.21886679809e-06
193 300 0.0
193 301 0.000155471669952
193 302 0.0
193 303 9.95018687695e-05
193 304 0.0
193 305 2.48754671924e-05
193 306 0.0
193 307 0.00453355389581
193 308 0.0
193 309 0.00139924502957
193 310 0.0
193 311 0.000155471669952
193 312 0.0
193 313 0.0
193 314 0.0
193 315 6.21886679809e-06
193 316 0.0
193 317 2.48754671924e-05
193 318 0.0
193 319 6.21886679809e-06
193 320 0.0
193 321 2.48754671924e-05
193 322 0.0
193 323 6.21886679809e-06
193 324 0.0
193 325 0.00139924502957
193 326 0.0
193 327 0.00139924502957
193 328 0.0
193 329 9.95018687695e-05
193 330 0.0
193 331 6.21886679809e-06
193 332 0.0
193 333 2.48754671924e-05
193 334 0.0
193 335 0.0
193 336 0.0
193 337 0.0
193 338 0.0
193 339 0.0
193 340 0.0
193 341 0.000304724473107
193 342 0.0
193 343 0.00139924502957
193 344 0.0
193 345 0.000304724473107
193 346 0.0
193 347 9.95018687695e-05
193 348 0.0
193 349 0.000895516818925
193 350 0.0
193 351 0.000621886679809
193 352 0.0
193 353 0.000155471669952
193 354 0.0
193 355 6.21886679809e-06
193 356 0.0
193 357 0.0
193 358 0.0
193 359 0.0
193 360 0.0
193 361 0.0
193 362 0.0
193 363 2.48754671924e-05
193 364 0.0
193 365 6.21886679809e-06
193 366 0.0
193 367 0.000223879204731
193 368 0.0
193 369 9.95018687695e-05
193 370 0.0
193 371 0.000223879204731
193 372 6.21886679809e-06
193 373 9.95018687695e-05
193 374 0.0
193 375 9.95018687695e-05
193 376 0.0
193 377 6.21886679809e-06
193 378 0.0
193 379 6.21886679809e-06
193 380 0.0
193 381 5.59698011828e-05
193 382 0.0
193 383 5.59698011828e-05
193 384 0.0
193 385 2.48754671924e-05
193 386 0.0
193 387 2.48754671924e-05
193 388 0.0
193 389 0.0
193 390 0.0
193 391 0.000223879204731
193 392 6.21886679809e-06
193 393 9.95018687695e-05
193 394 0.0
193 395 0.000223879204731
193 396 0.0
193 397 6.21886679809e-06
193 398 6.21886679809e-06
193 399 6.21886679809e-06
193 400 0.0
194 0 0.0
194 1 2.48754671924e-05
194 2 0.0
194 3 2.48754671924e-05
194 4 0.0
194 5 0.000155471669952
194 6 0.0
194 7 0.000223879204731
194 8 0.0
194 9 2.48754671924e-05
194 10 0.0
194 11 0.000503728210645
194 12 0.0
194 13 9.95018687695e-05
194 14 0.0
194 15 5.59698011828e-05
194 16 0.0
194 17 9.95018687695e-05
194 18 0.0
194 19 6.21886679809e-06
194 20 0.0
194 21 6.21886679809e-06
194 22 0.0
194 23 0.0
194 24 0.0
194 25 6.21886679809e-06
194 26 0.0
194 27 6.21886679809e-06
194 28 0.0
194 29 0.000304724473107
194 30 0.0
194 31 9.95018687695e-05
194 32 0.0
194 33 2.48754671924e-05
194 34 0.0
194 35 6.21886679809e-06
194 36 0.0
194 37 0.000621886679809
194 38 0.0
194 39 0.000223879204731
194 40 0.0
194 41 6.21886679809e-06
194 42 0.0
194 43 5.59698011828e-05
194 44 0.0
194 45 0.0
194 46 0.0
194 47 6.21886679809e-06
194 48 0.0
194 49 0.0
194 50 0.0
194 51 0.0
194 52 0.0
194 53 0.0
194 54 0.0
194 55 6.21886679809e-06
194 56 0.0
194 57 6.21886679809e-06
194 58 0.0
194 59 0.000155471669952
194 60 0.0
194 61 0.000895516818925
194 62 0.0
194 63 0.000223879204731
194 64 0.0
194 65 0.000304724473107
194 66 0.0
194 67 0.000398007475078
194 68 0.0
194 69 9.95018687695e-05
194 70 0.0
194 71 6.21886679809e-06
194 72 0.0
194 73 2.48754671924e-05
194 74 0.0
194 75 0.0
194 76 0.0
194 77 6.21886679809e-06
194 78 0.0
194 79 0.0
194 80 0.0
194 81 0.0
194 82 0.0
194 83 0.0
194 84 0.0
194 85 0.000304724473107
194 86 0.0
194 87 0.000621886679809
194 88 0.0
194 89 0.00179725250465
194 90 0.0
194 91 9.95018687695e-05
194 92 0.0
194 93 0.000752482882569
194 94 0.0
194 95 0.00179725250465
194 96 0.0
194 97 5.59698011828e-05
194 98 0.0
194 99 0.0
194 100 0.0
194 101 6.21886679809e-06
194 102 0.0
194 103 6.21886679809e-06
194 104 0.0
194 105 0.0
194 106 0.0
194 107 0.0
194 108 0.0
194 109 0.000304724473107
194 110 0.0
194 111 0.000155471669952
194 112 0.0
194 113 2.48754671924e-05
194 114 0.0
194 115 0.00453355389581
194 116 0.0
194 117 0.00201491284258
194 118 0.0
194 119 0.000304724473107
194 120 0.0
194 121 0.0
194 122 0.0
194 123 0.0
194 124 0.0
194 125 0.0
194 126 0.0
194 127 0.00179725250465
194 128 0.0
194 129 0.00851362864659
194 130 0.0
194 131 0.0048755915697
194 132 0.0
194 133 0.00851362864659
194 134 0.0
194 135 0.000621886679809
194 136 0.0
194 137 6.21886679809e-06
194 138 0.0
194 139 0.0
194 140 0.0
194 141 0.0
194 142 0.0
194 143 0.0
194 144 0.0
194 145 0.0
194 146 0.0
194 147 0.0
194 148 0.0
194 149 0.0
194 150 0.0
194 151 0.00453355389581
194 152 0.0
194 153 0.00677234594312
194 154 0.0
194 155 0.0195023662788
194 156 0.0
194 157 6.21886679809e-06
194 158 0.0
194 159 0.0
194 160 0.0
194 161 6.21886679809e-06
194 162 0.0
194 163 5.59698011828e-05
194 164 0.0
194 165 2.48754671924e-05
194 166 0.0
194 167 0.000155471669952
194 168 0.0
194 169 0.00201491284258
194 170 0.0
194 171 0.0223879204731
194 172 0.0
194 173 0.00718901001859
194 174 0.0
194 175 6.21886679809e-06
194 176 0.0
194 177 6.21886679809e-06
194 178 0.0
194 179 0.0
194 180 0.0
194 181 0.0503728210645
194 182 0.0
194 183 0.0672632632882
194 184 0.0
194 185 9.95018687695e-05
194 186 0.0
194 187 6.21886679809e-06
194 188 0.0
194 189 0.000752482882569
194 190 0.0
194 191 0.068563006449
194 192 0.0
194 193 0.00995018687695
194 194 0.0
194 195 0.000223879204731
194 196 0.0
194 197 5.59698011828e-05
194 198 0.0
194 199 0.000752482882569
194 200 0.0
194 201 0.0195023662788
194 202 0.0
194 203 0.0161752725418
194 204 0.0
194 205 0.000155471669952
194 206 0.0
194 207 0.0035820672757
194 208 0.0
194 209 0.000223879204731
194 210 0.0
194 211 0.0
194 212 0.0
194 213 6.21886679809e-06
194 214 0.0
194 215 9.95018687695e-05
194 216 0.0
194 217 0.000304724473107
194 218 0.0
194 219 6.21886679809e-06
194 220 0.0
194 221 0.00105098848888
194 222 0.0
194 223 0.013737476757
194 224 0.0
194 225 0.000752482882569
194 226 0.0
194 227 0.00224501091411
194 228 0.0
194 229 0.0125932052661
194 230 0.0
194 231 0.000304724473107
194 232 0.0
194 233 0.000895516818925
194 234 0.0
194 235 0.100304102586
194 236 0.0
194 237 0.0094588963999
194 238 0.0
194 239 0.000398007475078
194 240 0.0
194 241 0.0155471669952
194 242 0.0
194 243 0.0304724473107
194 244 0.0
194 245 0.0048755915697
194 246 0.0
194 247 0.00121889789243
194 248 0.0
194 249 0.0216478753242
194 250 0.0
194 251 0.0738863564281
194 252 0.0
194 253 0.0149314991822
194 254 0.0
194 255 0.000304724473107
194 256 0.0
194 257 5.59698011828e-05
194 258 0.0
194 259 9.95018687695e-05
194 260 0.0
194 261 0.000895516818925
194 262 0.0
194 263 0.000621886679809
194 264 0.0
194 265 0.025472478405
194 266 0.0
194 267 0.0035820672757
194 268 0.0
194 269 5.59698011828e-05
194 270 0.0
194 271 0.0
194 272 0.0
194 273 0.0
194 274 0.0
194 275 0.0
194 276 0.0
194 277 5.59698011828e-05
194 278 0.0
194 279 2.48754671924e-05
194 280 0.0
194 281 6.21886679809e-06
194 282 0.0
194 283 0.000895516818925
194 284 0.0
194 285 0.00388679174881
194 286 0.0
194 287 0.000752482882569
194 288 0.0
194 289 0.0035820672757
194 290 0.0
194 291 0.000621886679809
194 292 0.0
194 293 5.59698011828e-05
194 294 0.0
194 295 6.21886679809e-06
194 296 0.0
194 297 0.0
194 298 0.0
194 299 6.21886679809e-06
194 300 0.0
194 301 0.000155471669952
194 302 0.0
194 303 9.95018687695e-05
194 304 0.0
194 305 2.48754671924e-05
194 306 0.0
194 307 0.00453355389581
194 308 0.0
194 309 0.00139924502957
194 310 0.0
194 311 0.000155471669952
194 312 0.0
194 313 0.0
194 314 0.0
194 315 6.21886679809e-06
194 316 0.0
194 317 2.48754671924e-05
194 318 0.0
194 319 6.21886679809e-06
194 320 0.0
194 321 2.48754671924e-05
194 322 0.0
194 323 6.21886679809e-06
194 324 0.0
194 325 0.00139924502957
194 326 0.0
194 327 0.00139924502957
194 328 0.0
194 329 9.95018687695e-05
194 330 0.0
194 331 6.21886679809e-06
194 332 0.0
194 333 2.48754671924e-05
194 334 0.0
194 335 0.0
194 336 0.0
194 337 0.0
194 338 0.0
194 339 0.0
194 340 0.0
194 341 0.000304724473107
194 342 0.0
194 343 0.00139924502957
194 344 0.0
194 345 0.000304724473107
194 346 0.0
194 347 9.95018687695e-05
194 348 0.0
194 349 0.000895516818925
194 350 0.0
194 351 0.000621886679809
194 352 0.0
194 353 0.000155471669952
194 354 0.0
194 355 6.21886679809e-06
194 356 0.0
194 357 0.0
194 358 0.0
194 359 0.0
194 360 0.0
194 361 0.0
194 362 0.0
194 363 2.48754671924e-05
194 364 0.0
194 365 6.21886679809e-06
194 366 0.0
194 367 0.000223879204731
194 368 0.0
194 369 9.95018687695e-05
194 370 0.0
194 371 0.000304724473107
194 372 0.0
194 373 0.000155471669952
194 374 0.0
194 375 9.95018687695e-05
194 376 0.0
194 377 6.21886679809e-06
194 378 0.0
194 379 6.21886679809e-06
194 380 0.0
194 381 9.95018687695e-05
194 382 0.0
194 383 2.48754671924e-05
194 384 0.0
194 385 2.48754671924e-05
194 386 0.0
194 387 2.48754671924e-05
194 388 0.0
194 389 0.0
194 390 0.0
194 391 0.000304724473107
194 392 0.0
194 393 9.95018687695e-05
194 394 0.0
194 395 0.000223879204731
194 396 0.0
194 397 0.0
194 398 0.0
194 399 0.0
194 400 0.0
195 0 0.0
195 1 2.48754671924e-05
195 2 0.0
195 3 2.48754671924e-05
195 4 0.0
195 5 0.000155471669952
195 6 0.0
195 7 0.000223879204731
195 8 0.0
195 9 2.48754671924e-05
195 10 0.0
195 11 0.000503728210645
195 12 0.0
195 13 9.95018687695e-05
195 14 0.0
195 15 5.59698011828e-05
195 16 0.0
195 17 9.95018687695e-05
195 18 0.0
195 19 6.21886679809e-06
195 20 0.0
195 21 6.21886679809e-06
195 22 0.0
195 23 0.0
195 24 0.0
195 25 6.21886679809e-06
195 26 0.0
195 27 6.21886679809e-06
195 28 0.0
195 29 0.000304724473107
195 30 0.0
195 31 9.95018687695e-05
195 32 0.0
195 33 2.48754671924e-05
195 34 0.0
195 35 6.21886679809e-06
195 36 0.0
195 37 0.000621886679809
195 38 0.0
195 39 0.000223879204731
195 40 0.0
195 41 6.21886679809e-06
195 42 0.0
195 43 5.59698011828e-05
195 44 0.0
195 45 0.0
195 46 0.0
195 47 6.21886679809e-06
195 48 0.0
195 49 0.0
195 50 0.0
195 51 0.0
195 52 0.0
195 53 0.0
195 54 0.0
195 55 6.21886679809e-06
195 56 0.0
195 57 6.21886679809e-06
195 58 0.0
195 59 0.000155471669952
195 60 0.0
195 61 0.000895516818925
195 62 0.0
195 63 0.000223879204731
195 64 0.0
195 65 0.000304724473107
195 66 0.0
195 67 0.000398007475078
195 68 0.0
195 69 9.95018687695e-05
195 70 0.0
195 71 6.21886679809e-06
195 72 0.0
195 73 2.48754671924e-05
195 74 0.0
195 75 0.0
195 76 0.0
195 77 6.21886679809e-06
195 78 0.0
195 79 0.0
195 80 0.0
195 81 0.0
195 82 0.0
195 83 0.0
195 84 0.0
195 85 0.000304724473107
195 86 0.0
195 87 0.000621886679809
195 88 0.0
195 89 0.00179725250465
195 90 0.0
195 91 9.95018687695e-05
195 92 0.0
195 93 0.000752482882569
195 94 0.0
195 95 0.00179725250465
195 96 0.0
195 97 5.59698011828e-05
195 98 0.0
195 99 0.0
195 100 0.0
195 101 6.21886679809e-06
195 102 0.0
195 103 6.21886679809e-06
195 104 0.0
195 105 0.0
195 106 0.0
195 107 0.0
195 108 0.0
195 109 0.000304724473107
195 110 0.0
195 111 0.000155471669952
195 112 0.0
195 113 2.48754671924e-05
195 114 0.0
195 115 0.00453355389581
195 116 0.0
195 117 0.00201491284258
195 118 0.0
195 119 0.000304724473107
195 120 0.0
195 121 0.0
195 122 0.0
195 123 0.0
195 124 0.0
195 125 0.0
195 126 0.0
195 127 0.00159202990031
195 128 6.21886679809e-06
195 129 0.00851362864659
195 130 0.0
195 131 0.00453355389581
195 132 6.21886679809e-06
195 133 0.00805965137033
195 134 0.0
195 135 0.000621886679809
195 136 0.0
195 137 6.21886679809e-06
195 138 0.0
195 139 0.0
195 140 0.0
195 141 0.0
195 142 0.0
195 143 0.0
195 144 0.0
195 145 0.0
195 146 0.0
195 147 0.0
195 148 0.0
195 149 0.0
195 150 0.0
195 151 0.00453355389581
195 152 0.0
195 153 0.00677234594312
195 154 0.0
195 155 0.0195023662788
195 156 0.0
195 157 6.21886679809e-06
195 158 0.0
195 159 0.0
195 160 0.0
195 161 6.21886679809e-06
195 162 0.0
195 163 5.59698011828e-05
195 164 0.0
195 165 2.48754671924e-05
195 166 0.0
195 167 0.000223879204731
195 168 6.21886679809e-06
195 169 0.00224501091411
195 170 0.0
195 171 0.0223879204731
195 172 0.0
195 173 0.00718901001859
195 174 0.0
195 175 6.21886679809e-06
195 176 0.0
195 177 6.21886679809e-06
195 178 0.0
195 179 0.0
195 180 0.0
195 181 0.0503728210645
195 182 0.0
195 183 0.0672632632882
195 184 0.0
195 185 9.95018687695e-05
195 186 0.0
195 187 6.21886679809e-06
195 188 0.0
195 189 0.000752482882569
195 190 0.0
195 191 0.068563006449
195 192 0.0
195 193 0.00995018687695
195 194 0.0
195 195 0.000223879204731
195 196 0.0
195 197 5.59698011828e-05
195 198 0.0
195 199 0.000752482882569
195 200 0.0
195 201 0.0195023662788
195 202 0.0
195 203 0.0161752725418
195 204 0.0
195 205 0.000155471669952
195 206 0.0
195 207 0.0035820672757
195 208 0.0
195 209 0.000223879204731
195 210 0.0
195 211 0.0
195 212 0.0
195 213 0.0
195 214 0.0
195 215 9.95018687695e-05
195 216 0.0
195 217 9.95018687695e-05
195 218 9.95018687695e-05
195 219 0.000155471669952
195 220 6.21886679809e-06
195 221 0.00159202990031
195 222 6.21886679809e-06
195 223 0.013737476757
195 224 0.0
195 225 0.000752482882569
195 226 0.0
195 227 0.00201491284258
195 228 0.0
195 229 0.0125932052661
195 230 0.0
195 231 0.000304724473107
195 232 0.0
195 233 0.000895516818925
195 234 6.21886679809e-06
195 235 0.100304102586
195 236 0.0
195 237 0.00898004365644
195 238 0.0
195 239 0.000398007475078
195 240 0.0
195 241 0.0155471669952
195 242 0.0
195 243 0.0304724473107
195 244 0.0
195 245 0.0048755915697
195 246 0.0
195 247 0.00121889789243
195 248 0.0
195 249 0.0216478753242
195 250 0.0
195 251 0.0738863564281
195 252 0.0
195 253 0.0149314991822
195 254 0.0
195 255 0.000304724473107
195 256 0.0
195 257 5.59698011828e-05
195 258 0.0
195 259 9.95018687695e-05
195 260 0.0
195 261 0.000895516818925
195 262 0.0
195 263 0.000621886679809
195 264 0.0
195 265 0.0246826823216
195 266 6.21886679809e-06
195 267 0.0035820672757
195 268 0.0
195 269 5.59698011828e-05
195 270 0.0
195 271 0.0
195 272 0.0
195 273 0.0
195 274 0.0
195 275 0.0
195 276 0.0
195 277 5.59698011828e-05
195 278 6.21886679809e-06
195 279 5.59698011828e-05
195 280 0.0
195 281 6.21886679809e-06
195 282 0.0
195 283 0.000895516818925
195 284 0.0
195 285 0.00388679174881
195 286 0.0
195 287 0.000752482882569
195 288 0.0
195 289 0.0035820672757
195 290 0.0
195 291 0.000621886679809
195 292 0.0
195 293 5.59698011828e-05
195 294 0.0
195 295 6.21886679809e-06
195 296 0.0
195 297 0.0
195 298 0.0
195 299 6.21886679809e-06
195 300 0.0
195 301 0.000155471669952
195 302 0.0
195 303 9.95018687695e-05
195 304 0.0
195 305 2.48754671924e-05
195 306 0.0
195 307 0.00453355389581
195 308 0.0
195 309 0.00139924502957
195 310 0.0
195 311 0.000155471669952
195 312 0.0
195 313 0.0
195 314 0.0
195 315 6.21886679809e-06
195 316 0.0
195 317 2.48754671924e-05
195 318 0.0
195 319 6.21886679809e-06
195 320 0.0
195 321 2.48754671924e-05
195 322 0.0
195 323 6.21886679809e-06
195 324 0.0
195 325 0.00139924502957
195 326 0.0
195 327 0.00139924502957
195 328 0.0
195 329 9.95018687695e-05
195 330 0.0
195 331 6.21886679809e-06
195 332 0.0
195 333 2.48754671924e-05
195 334 0.0
195 335 0.0
195 336 0.0
195 337 0.0
195 338 0.0
195 339 0.0
195 340 0.0
195 341 0.000304724473107
195 342 0.0
195 343 0.00139924502957
195 344 0.0
195 345 0.000304724473107
195 346 0.0
195 347 9.95018687695e-05
195 348 0.0
195 349 0.000895516818925
195 350 0.0
195 351 0.000621886679809
195 352 0.0
195 353 0.000155471669952
195 354 0.0
195 355 6.21886679809e-06
195 356 0.0
195 357 0.0
195 358 0.0
195 359 0.0
195 360 0.0
195 361 0.0
195 362 0.0
195 363 2.48754671924e-05
195 364 0.0
195 365 6.21886679809e-06
195 366 0.0
195 367 0.000223879204731
195 368 0.0
195 369 9.95018687695e-05
195 370 0.0
195 371 0.000304724473107
195 372 0.0
195 373 0.000155471669952
195 374 0.0
195 375 9.95018687695e-05
195 376 0.0
195 377 6.21886679809e-06
195 378 0.0
195 379 6.21886679809e-06
195 380 0.0
195 381 9.95018687695e-05
195 382 0.0
195 383 2.48754671924e-05
195 384 0.0
195 385 2.48754671924e-05
195 386 0.0
195 387 2.48754671924e-05
195 388 0.0
195 389 0.0
195 390 0.0
195 391 0.000304724473107
195 392 0.0
195 393 9.95018687695e-05
195 394 6.21886679809e-06
195 395 0.000304724473107
195 396 6.21886679809e-06
195 397 0.0
195 398 0.0
195 399 0.0
195 400 0.0
196 0 0.0
196 1 2.48754671924e-05
196 2 0.0
196 3 2.48754671924e-05
196 4 0.0
196 5 0.000155471669952
196 6 0.0
196 7 0.000223879204731
196 8 0.0
196 9 2.48754671924e-05
196 10 0.0
196 11 0.000503728210645
196 12 0.0
196 13 9.95018687695e-05
196 14 0.0
196 15 5.59698011828e-05
196 16 0.0
196 17 9.95018687695e-05
196 18 0.0
196 19 6.21886679809e-06
196 20 0.0
196 21 6.21886679809e-06
196 22 0.0
196 23 0.0
196 24 0.0
196 25 6.21886679809e-06
196 26 0.0
196 27 6.21886679809e-06
196 28 0.0
196 29 0.000304724473107
196 30 0.0
196 31 9.95018687695e-05
196 32 0.0
196 33 2.48754671924e-05
196 34 0.0
196 35 6.21886679809e-06
196 36 0.0
196 37 0.000621886679809
196 38 0.0
196 39 0.000223879204731
196 40 0.0
196 41 6.21886679809e-06
196 42 0.0
196 43 5.59698011828e-05
196 44 0.0
196 45 0.0
196 46 0.0
196 47 6.21886679809e-06
196 48 0.0
196 49 0.0
196 50 0.0
196 51 0.0
196 52 0.0
196 53 0.0
196 54 0.0
196 55 6.21886679809e-06
196 56 0.0
196 57 6.21886679809e-06
196 58 0.0
196 59 0.000155471669952
196 60 0.0
196 61 0.000895516818925
196 62 0.0
196 63 0.000223879204731
196 64 0.0
196 65 0.000304724473107
196 66 0.0
196 67 0.000398007475078
196 68 0.0
196 69 9.95018687695e-05
196 70 0.0
196 71 6.21886679809e-06
196 72 0.0
196 73 2.48754671924e-05
196 74 0.0
196 75 0.0
196 76 0.0
196 77 6.21886679809e-06
196 78 0.0
196 79 0.0
196 80 0.0
196 81 0.0
196 82 0.0
196 83 0.0
196 84 0.0
196 85 0.000304724473107
196 86 0.0
196 87 0.000621886679809
196 88 0.0
196 89 0.00179725250465
196 90 0.0
196 91 9.95018687695e-05
196 92 0.0
196 93 0.000752482882569
196 94 0.0
196 95 0.00179725250465
196 96 0.0
196 97 5.59698011828e-05
196 98 0.0
196 99 0.0
196 100 0.0
196 101 6.21886679809e-06
196 102 0.0
196 103 6.21886679809e-06
196 104 0.0
196 105 0.0
196 106 0.0
196 107 0.0
196 108 0.0
196 109 0.000304724473107
196 110 0.0
196 111 0.000155471669952
196 112 0.0
196 113 2.48754671924e-05
196 114 0.0
196 115 0.00453355389581
196 116 0.0
196 117 0.00201491284258
196 118 0.0
196 119 0.000304724473107
196 120 0.0
196 121 0.0
196 122 0.0
196 123 0.0
196 124 0.0
196 125 0.0
196 126 0.0
196 127 0.00179725250465
196 128 0.0
196 129 0.00851362864659
196 130 0.0
196 131 0.0048755915697
196 132 0.0
196 133 0.00851362864659
196 134 0.0
196 135 0.000621886679809
196 136 0.0
196 137 6.21886679809e-06
196 138 0.0
196 139 0.0
196 140 0.0
196 141 0.0
196 142 0.0
196 143 0.0
196 144 0.0
196 145 0.0
196 146 0.0
196 147 0.0
196 148 0.0
196 149 0.0
196 150 0.0
196 151 0.00453355389581
196 152 0.0
196 153 0.00677234594312
196 154 0.0
196 155 0.0195023662788
196 156 0.0
196 157 6.21886679809e-06
196 158 0.0
196 159 0.0
196 160 0.0
196 161 6.21886679809e-06
196 162 0.0
196 163 5.59698011828e-05
196 164 0.0
196 165 2.48754671924e-05
196 166 0.0
196 167 0.000155471669952
196 168 0.0
196 169 0.00201491284258
196 170 0.0
196 171 0.0223879204731
196 172 0.0
196 173 0.00718901001859
196 174 0.0
196 175 6.21886679809e-06
196 176 0.0
196 177 6.21886679809e-06
196 178 0.0
196 179 0.0
196 180 0.0
196 181 0.0503728210645
196 182 0.0
196 183 0.0672632632882
196 184 0.0
196 185 9.95018687695e-05
196 186 0.0
196 187 6.21886679809e-06
196 188 0.0
196 189 0.000752482882569
196 190 0.0
196 191 0.068563006449
196 192 0.0
196 193 0.00995018687695
196 194 0.0
196 195 0.000223879204731
196 196 0.0
196 197 5.59698011828e-05
196 198 0.0
196 199 0.000752482882569
196 200 0.0
196 201 0.0195023662788
196 202 0.0
196 203 0.0161752725418
196 204 0.0
196 205 0.000155471669952
196 206 0.0
196 207 0.0035820672757
196 208 0.0
196 209 0.000223879204731
196 210 0.0
196 211 6.21886679809e-06
196 212 0.0
196 213 2.48754671924e-05
196 214 0.0
196 215 2.48754671924e-05
196 216 0.0
196 217 0.0
196 218 0.0
196 219 5.59698011828e-05
196 220 0.0
196 221 0.00201491284258
196 222 0.0
196 223 0.013737476757
196 224 0.0
196 225 0.000752482882569
196 226 0.0
196 227 0.00224501091411
196 228 0.0
196 229 0.0125932052661
196 230 0.0
196 231 0.000304724473107
196 232 0.0
196 233 0.000895516818925
196 234 0.0
196 235 0.100304102586
196 236 0.0
196 237 0.0094588963999
196 238 0.0
196 239 0.000398007475078
196 240 0.0
196 241 0.0155471669952
196 242 0.0
196 243 0.0304724473107
196 244 0.0
196 245 0.0048755915697
196 246 0.0
196 247 0.00121889789243
196 248 0.0
196 249 0.0216478753242
196 250 0.0
196 251 0.0738863564281
196 252 0.0
196 253 0.0149314991822
196 254 0.0
196 255 0.000304724473107
196 256 0.0
196 257 5.59698011828e-05
196 258 0.0
196 259 9.95018687695e-05
196 260 0.0
196 261 0.000895516818925
196 262 0.0
196 263 0.000621886679809
196 264 0.0
196 265 0.025472478405
196 266 0.0
196 267 0.0035820672757
196 268 0.0
196 269 5.59698011828e-05
196 270 0.0
196 271 0.0
196 272 0.0
196 273 0.0
196 274 0.0
196 275 0.0
196 276 0.0
196 277 5.59698011828e-05
196 278 0.0
196 279 2.48754671924e-05
196 280 0.0
196 281 6.21886679809e-06
196 282 0.0
196 283 0.000895516818925
196 284 0.0
196 285 0.00388679174881
196 286 0.0
196 287 0.000752482882569
196 288 0.0
196 289 0.0035820672757
196 290 0.0
196 291 0.000621886679809
196 292 0.0
196 293 5.59698011828e-05
196 294 0.0
196 295 6.21886679809e-06
196 296 0.0
196 297 0.0
196 298 0.0
196 299 6.21886679809e-06
196 300 0.0
196 301 0.000155471669952
196 302 0.0
196 303 9.95018687695e-05
196 304 0.0
196 305 2.48754671924e-05
196 306 0.0
196 307 0.00453355389581
196 308 0.0
196 309 0.00139924502957
196 310 0.0
196 311 0.000155471669952
196 312 0.0
196 313 0.0
196 314 0.0
196 315 6.21886679809e-06
196 316 0.0
196 317 2.48754671924e-05
196 318 0.0
196 319 6.21886679809e-06
196 320 0.0
196 321 2.48754671924e-05
196 322 0.0
196 323 6.21886679809e-06
196 324 0.0
196 325 0.00139924502957
196 326 0.0
196 327 0.00139924502957
196 328 0.0
196 329 9.95018687695e-05
196 330 0.0
196 331 6.21886679809e-06
196 332 0.0
196 333 2.48754671924e-05
196 334 0.0
196 335 0.0
196 336 0.0
196 337 0.0
196 338 0.0
196 339 0.0
196 340 0.0
196 341 0.000304724473107
196 342 0.0
196 343 0.00139924502957
196 344 0.0
196 345 0.000304724473107
196 346 0.0
196 347 9.95018687695e-05
196 348 0.0
196 349 0.000895516818925
196 350 0.0
196 351 0.000621886679809
196 352 0.0
196 353 0.000155471669952
196 354 0.0
196 355 6.21886679809e-06
196 356 0.0
196 357 0.0
196 358 0.0
196 359 0.0
196 360 0.0
196 361 0.0
196 362 0.0
196 363 2.48754671924e-05
196 364 0.0
196 365 6.21886679809e-06
196 366 0.0
196 367 0.000223879204731
196 368 0.0
196 369 9.95018687695e-05
196 370 0.0
196 371 0.000304724473107
196 372 0.0
196 373 0.000155471669952
196 374 0.0
196 375 9.95018687695e-05
196 376 0.0
196 377 6.21886679809e-06
196 378 0.0
196 379 6.21886679809e-06
196 380 0.0
196 381 9.95018687695e-05
196 382 0.0
196 383 2.48754671924e-05
196 384 0.0
196 385 2.48754671924e-05
196 386 0.0
196 387 2.48754671924e-05
196 388 0.0
196 389 0.0
196 390 0.0
196 391 0.000304724473107
196 392 0.0
196 393 9.95018687695e-05
196 394 0.0
196 395 0.000223879204731
196 396 0.0
196 397 0.0
196 398 0.0
196 399 0.0
196 400 0.0
197 0 0.0
197 1 2.48754671924e-05
197 2 0.0
197 3 2.48754671924e-05
197 4 0.0
197 5 0.000155471669952
197 6 0.0
197 7 0.000223879204731
197 8 0.0
197 9 2.48754671924e-05
197 10 0.0
197 11 0.000503728210645
197 12 0.0
197 13 9.95018687695e-05
197 14 0.0
197 15 5.59698011828e-05
197 16 0.0
197 17 9.95018687695e-05
197 18 0.0
197 19 6.21886679809e-06
197 20 0.0
197 21 6.21886679809e-06
197 22 0.0
197 23 0.0
197 24 0.0
197 25 6.21886679809e-06
197 26 0.0
197 27 6.21886679809e-06
197 28 0.0
197 29 0.000304724473107
197 30 0.0
197 31 9.95018687695e-05
197 32 0.0
197 33 2.48754671924e-05
197 34 0.0
197 35 6.21886679809e-06
197 36 0.0
197 37 0.000621886679809
197 38 0.0
197 39 0.000223879204731
197 40 0.0
197 41 6.21886679809e-06
197 42 0.0
197 43 5.59698011828e-05
197 44 0.0
197 45 0.0
197 46 0.0
197 47 6.21886679809e-06
197 48 0.0
197 49 0.0
197 50 0.0
197 51 0.0
197 52 0.0
197 53 0.0
197 54 0.0
197 55 6.21886679809e-06
197 56 0.0
197 57 6.21886679809e-06
197 58 0.0
197 59 0.000155471669952
197 60 0.0
197 61 0.000895516818925
197 62 0.0
197 63 0.000223879204731
197 64 0.0
197 65 0.000304724473107
197 66 0.0
197 67 0.000398007475078
197 68 0.0
197 69 9.95018687695e-05
197 70 0.0
197 71 6.21886679809e-06
197 72 0.0
197 73 2.48754671924e-05
197 74 0.0
197 75 0.0
197 76 0.0
197 77 6.21886679809e-06
197 78 0.0
197 79 0.0
197 80 0.0
197 81 0.0
197 82 0.0
197 83 0.0
197 84 0.0
197 85 0.000304724473107
197 86 0.0
197 87 0.000621886679809
197 88 0.0
197 89 0.00179725250465
197 90 0.0
197 91 9.95018687695e-05
197 92 0.0
197 93 0.000752482882569
197 94 0.0
197 95 0.00179725250465
197 96 0.0
197 97 5.59698011828e-05
197 98 0.0
197 99 0.0
197 100 0.0
197 101 6.21886679809e-06
197 102 0.0
197 103 6.21886679809e-06
197 104 0.0
197 105 0.0
197 106 0.0
197 107 0.0
197 108 0.0
197 109 0.000304724473107
197 110 0.0
197 111 0.000155471669952
197 112 0.0
197 113 2.48754671924e-05
197 114 0.0
197 115 0.00453355389581
197 116 0.0
197 117 0.00201491284258
197 118 0.0
197 119 0.000304724473107
197 120 0.0
197 121 0.0
197 122 0.0
197 123 0.0
197 124 0.0
197 125 0.0
197 126 0.0
197 127 0.00179725250465
197 128 0.0
197 129 0.00851362864659
197 130 6.21886679809e-06
197 131 0.00453355389581
197 132 0.0
197 133 0.00851362864659
197 134 0.0
197 135 0.000621886679809
197 136 0.0
197 137 6.21886679809e-06
197 138 0.0
197 139 0.0
197 140 0.0
197 141 0.0
197 142 0.0
197 143 0.0
197 144 0.0
197 145 0.0
197 146 0.0
197 147 0.0
197 148 0.0
197 149 0.0
197 150 0.0
197 151 0.00453355389581
197 152 0.0
197 153 0.00677234594312
197 154 0.0
197 155 0.0195023662788
197 156 0.0
197 157 6.21886679809e-06
197 158 0.0
197 159 0.0
197 160 0.0
197 161 6.21886679809e-06
197 162 0.0
197 163 9.95018687695e-05
197 164 6.21886679809e-06
197 165 5.59698011828e-05
197 166 0.0
197 167 0.000155471669952
197 168 0.0
197 169 0.00201491284258
197 170 0.0
197 171 0.0223879204731
197 172 0.0
197 173 0.00718901001859
197 174 0.0
197 175 0.0
197 176 0.0
197 177 2.48754671924e-05
197 178 6.21886679809e-06
197 179 6.21886679809e-06
197 180 0.0
197 181 0.0503728210645
197 182 0.0
197 183 0.0672632632882
197 184 0.0
197 185 9.95018687695e-05
197 186 0.0
197 187 6.21886679809e-06
197 188 0.0
197 189 0.000752482882569
197 190 0.0
197 191 0.068563006449
197 192 0.0
197 193 0.00995018687695
197 194 0.0
197 195 0.000223879204731
197 196 0.0
197 197 5.59698011828e-05
197 198 0.0
197 199 0.000752482882569
197 200 0.0
197 201 0.0188120720642
197 202 6.21886679809e-06
197 203 0.0161752725418
197 204 0.0
197 205 0.000155471669952
197 206 0.0
197 207 0.0035820672757
197 208 0.0
197 209 0.000223879204731
197 210 0.0
197 211 6.21886679809e-06
197 212 0.0
197 213 2.48754671924e-05
197 214 0.0
197 215 9.95018687695e-05
197 216 0.000304724473107
197 217 2.48754671924e-05
197 218 6.21886679809e-06
197 219 2.48754671924e-05
197 220 6.21886679809e-06
197 221 0.00179725250465
197 222 6.21886679809e-06
197 223 0.0143282691028
197 224 0.0
197 225 0.000752482882569
197 226 0.0
197 227 0.00224501091411
197 228 0.0
197 229 0.0125932052661
197 230 0.0
197 231 0.000304724473107
197 232 0.0
197 233 0.000895516818925
197 234 0.0
197 235 0.100304102586
197 236 0.0
197 237 0.0094588963999
197 238 0.0
197 239 0.000398007475078
197 240 0.0
197 241 0.0155471669952
197 242 0.0
197 243 0.0304724473107
197 244 0.0
197 245 0.0048755915697
197 246 0.0
197 247 0.00121889789243
197 248 0.0
197 249 0.0216478753242
197 250 0.0
197 251 0.0738863564281
197 252 0.0
197 253 0.0149314991822
197 254 0.0
197 255 0.000304724473107
197 256 0.0
197 257 5.59698011828e-05
197 258 0.0
197 259 9.95018687695e-05
197 260 0.0
197 261 0.000895516818925
197 262 0.0
197 263 0.000621886679809
197 264 0.0
197 265 0.025472478405
197 266 0.0
197 267 0.0035820672757
197 268 0.0
197 269 5.59698011828e-05
197 270 0.0
197 271 0.0
197 272 0.0
197 273 0.0
197 274 0.0
197 275 0.0
197 276 0.0
197 277 5.59698011828e-05
197 278 0.0
197 279 5.59698011828e-05
197 280 6.21886679809e-06
197 281 0.0
197 282 0.0
197 283 0.00105098848888
197 284 6.21886679809e-06
197 285 0.0035820672757
197 286 0.0
197 287 0.000752482882569
197 288 0.0
197 289 0.0035820672757
197 290 0.0
197 291 0.000621886679809
197 292 0.0
197 293 5.59698011828e-05
197 294 0.0
197 295 6.21886679809e-06
197 296 0.0
197 297 0.0
197 298 0.0
197 299 6.21886679809e-06
197 300 0.0
197 301 0.000155471669952
197 302 0.0
197 303 9.95018687695e-05
197 304 0.0
197 305 2.48754671924e-05
197 306 0.0
197 307 0.00453355389581
197 308 0.0
197 309 0.00139924502957
197 310 0.0
197 311 0.000155471669952
197 312 0.0
197 313 0.0
197 314 0.0
197 315 6.21886679809e-06
197 316 0.0
197 317 2.48754671924e-05
197 318 0.0
197 319 6.21886679809e-06
197 320 0.0
197 321 2.48754671924e-05
197 322 0.0
197 323 6.21886679809e-06
197 324 0.0
197 325 0.00139924502957
197 326 0.0
197 327 0.00139924502957
197 328 0.0
197 329 9.95018687695e-05
197 330 0.0
197 331 6.21886679809e-06
197 332 0.0
197 333 2.48754671924e-05
197 334 0.0
197 335 0.0
197 336 0.0
197 337 0.0
197 338 0.0
197 339 0.0
197 340 0.0
197 341 0.000304724473107
197 342 0.0
197 343 0.00139924502957
197 344 0.0
197 345 0.000304724473107
197 346 0.0
197 347 9.95018687695e-05
197 348 0.0
197 349 0.000895516818925
197 350 0.0
197 351 0.000621886679809
197 352 0.0
197 353 0.000155471669952
197 354 0.0
197 355 6.21886679809e-06
197 356 0.0
197 357 0.0
197 358 0.0
197 359 0.0
197 360 0.0
197 361 0.0
197 362 0.0
197 363 2.48754671924e-05
197 364 0.0
197 365 6.21886679809e-06
197 366 0.0
197 367 0.000223879204731
197 368 0.0
197 369 9.95018687695e-05
197 370 0.0
197 371 0.000304724473107
197 372 6.21886679809e-06
197 373 9.95018687695e-05
197 374 0.0
197 375 9.95018687695e-05
197 376 0.0
197 377 6.21886679809e-06
197 378 0.0
197 379 6.21886679809e-06
197 380 0.0
197 381 5.59698011828e-05
197 382 6.21886679809e-06
197 383 5.59698011828e-05
197 384 6.21886679809e-06
197 385 2.48754671924e-05
197 386 0.0
197 387 2.48754671924e-05
197 388 0.0
197 389 0.0
197 390 0.0
197 391 0.000223879204731
197 392 6.21886679809e-06
197 393 9.95018687695e-05
197 394 0.0
197 395 0.000223879204731
197 396 0.0
197 397 6.21886679809e-06
197 398 6.21886679809e-06
197 399 6.21886679809e-06
197 400 0.0
198 0 0.0
198 1 2.48754671924e-05
198 2 0.0
198 3 2.48754671924e-05
198 4 0.0
198 5 0.000155471669952
198 6 0.0
198 7 0.000304724473107
198 8 0.0
198 9 2.48754671924e-05
198 10 0.0
198 11 0.000503728210645
198 12 0.0
198 13 9.95018687695e-05
198 14 0.0
198 15 5.59698011828e-05
198 16 0.0
198 17 9.95018687695e-05
198 18 0.0
198 19 6.21886679809e-06
198 20 0.0
198 21 6.21886679809e-06
198 22 0.0
198 23 0.0
198 24 0.0
198 25 6.21886679809e-06
198 26 0.0
198 27 6.21886679809e-06
198 28 0.0
198 29 0.000304724473107
198 30 0.0
198 31 9.95018687695e-05
198 32 0.0
198 33 2.48754671924e-05
198 34 0.0
198 35 6.21886679809e-06
198 36 0.0
198 37 0.000621886679809
198 38 0.0
198 39 0.000223879204731
198 40 0.0
198 41 6.21886679809e-06
198 42 0.0
198 43 5.59698011828e-05
198 44 0.0
198 45 0.0
198 46 0.0
198 47 6.21886679809e-06
198 48 0.0
198 49 0.0
198 50 0.0
198 51 0.0
198 52 0.0
198 53 0.0
198 54 0.0
198 55 6.21886679809e-06
198 56 0.0
198 57 6.21886679809e-06
198 58 0.0
198 59 0.000155471669952
198 60 0.0
198 61 0.000895516818925
198 62 0.0
198 63 0.000223879204731
198 64 0.0
198 65 0.000304724473107
198 66 0.0
198 67 0.000398007475078
198 68 0.0
198 69 9.95018687695e-05
198 70 0.0
198 71 6.21886679809e-06
198 72 0.0
198 73 2.48754671924e-05
198 74 0.0
198 75 0.0
198 76 0.0
198 77 6.21886679809e-06
198 78 0.0
198 79 0.0
198 80 0.0
198 81 0.0
198 82 0.0
198 83 0.0
198 84 0.0
198 85 0.000304724473107
198 86 0.0
198 87 0.000621886679809
198 88 0.0
198 89 0.00179725250465
198 90 0.0
198 91 9.95018687695e-05
198 92 0.0
198 93 0.000752482882569
198 94 0.0
198 95 0.00179725250465
198 96 0.0
198 97 5.59698011828e-05
198 98 0.0
198 99 0.0
198 100 0.0
198 101 6.21886679809e-06
198 102 0.0
198 103 6.21886679809e-06
198 104 0.0
198 105 0.0
198 106 0.0
198 107 0.0
198 108 0.0
198 109 0.000304724473107
198 110 0.0
198 111 0.000155471669952
198 112 0.0
198 113 2.48754671924e-05
198 114 0.0
198 115 0.00453355389581
198 116 0.0
198 117 0.00201491284258
198 118 0.0
198 119 0.000304724473107
198 120 0.0
198 121 0.0
198 122 0.0
198 123 0.0
198 124 0.0
198 125 0.0
198 126 0.0
198 127 0.00179725250465
198 128 0.0
198 129 0.00851362864659
198 130 0.0
198 131 0.0048755915697
198 132 0.0
198 133 0.00851362864659
198 134 0.0
198 135 0.000621886679809
198 136 0.0
198 137 6.21886679809e-06
198 138 0.0
198 139 0.0
198 140 0.0
198 141 0.0
198 142 0.0
198 143 0.0
198 144 0.0
198 145 0.0
198 146 0.0
198 147 0.0
198 148 0.0
198 149 0.0
198 150 0.0
198 151 0.00453355389581
198 152 0.0
198 153 0.00677234594312
198 154 0.0
198 155 0.0195023662788
198 156 0.0
198 157 6.21886679809e-06
198 158 0.0
198 159 0.0
198 160 0.0
198 161 6.21886679809e-06
198 162 0.0
198 163 5.59698011828e-05
198 164 0.0
198 165 5.59698011828e-05
198 166 0.0
198 167 0.000155471669952
198 168 0.0
198 169 0.00201491284258
198 170 0.0
198 171 0.0223879204731
198 172 0.0
198 173 0.00718901001859
198 174 0.0
198 175 6.21886679809e-06
198 176 0.0
198 177 6.21886679809e-06
198 178 0.0
198 179 0.0
198 180 0.0
198 181 0.0503728210645
198 182 0.0
198 183 0.0672632632882
198 184 0.0
198 185 9.95018687695e-05
198 186 0.0
198 187 6.21886679809e-06
198 188 0.0
198 189 0.000752482882569
198 190 0.0
198 191 0.068563006449
198 192 0.0
198 193 0.00995018687695
198 194 0.0
198 195 0.000223879204731
198 196 0.0
198 197 5.59698011828e-05
198 198 0.0
198 199 0.000752482882569
198 200 0.0
198 201 0.0188120720642
198 202 0.0
198 203 0.0161752725418
198 204 0.0
198 205 0.000155471669952
198 206 0.0
198 207 0.0035820672757
198 208 0.0
198 209 9.95018687695e-05
198 210 0.0
198 211 0.0
198 212 0.0
198 213 0.0
198 214 0.0
198 215 6.21886679809e-06
198 216 0.0
198 217 6.21886679809e-06
198 218 0.0
198 219 0.0
198 220 0.0
198 221 0.000895516818925
198 222 0.0
198 223 0.0143282691028
198 224 0.0
198 225 0.000621886679809
198 226 0.0
198 227 0.00224501091411
198 228 0.0
198 229 0.0125932052661
198 230 0.0
198 231 0.000304724473107
198 232 0.0
198 233 0.000752482882569
198 234 0.0
198 235 0.10188991362
198 236 0.0
198 237 0.0094588963999
198 238 0.0
198 239 0.000398007475078
198 240 0.0
198 241 0.0155471669952
198 242 0.0
198 243 0.0304724473107
198 244 0.0
198 245 0.0048755915697
198 246 0.0
198 247 0.00121889789243
198 248 0.0
198 249 0.0216478753242
198 250 0.0
198 251 0.0738863564281
198 252 0.0
198 253 0.0149314991822
198 254 0.0
198 255 0.000304724473107
198 256 0.0
198 257 5.59698011828e-05
198 258 0.0
198 259 9.95018687695e-05
198 260 0.0
198 261 0.000895516818925
198 262 0.0
198 263 0.000621886679809
198 264 0.0
198 265 0.025472478405
198 266 0.0
198 267 0.0035820672757
198 268 0.0
198 269 5.59698011828e-05
198 270 0.0
198 271 0.0
198 272 0.0
198 273 0.0
198 274 0.0
198 275 0.0
198 276 0.0
198 277 5.59698011828e-05
198 278 0.0
198 279 2.48754671924e-05
198 280 0.0
198 281 6.21886679809e-06
198 282 0.0
198 283 0.000895516818925
198 284 0.0
198 285 0.00388679174881
198 286 0.0
198 287 0.000752482882569
198 288 0.0
198 289 0.0035820672757
198 290 0.0
198 291 0.000621886679809
198 292 0.0
198 293 5.59698011828e-05
198 294 0.0
198 295 6.21886679809e-06
198 296 0.0
198 297 0.0
198 298 0.0
198 299 6.21886679809e-06
198 300 0.0
198 301 0.000155471669952
198 302 0.0
198 303 9.95018687695e-05
198 304 0.0
198 305 2.48754671924e-05
198 306 0.0
198 307 0.00453355389581
198 308 0.0
198 309 0.00139924502957
198 310 0.0
198 311 0.000155471669952
198 312 0.0
198 313 0.0
198 314 0.0
198 315 6.21886679809e-06
198 316 0.0
198 317 2.48754671924e-05
198 318 0.0
198 319 6.21886679809e-06
198 320 0.0
198 321 2.48754671924e-05
198 322 0.0
198 323 6.21886679809e-06
198 324 0.0
198 325 0.00139924502957
198 326 0.0
198 327 0.00139924502957
198 328 0.0
198 329 9.95018687695e-05
198 330 0.0
198 331 6.21886679809e-06
198 332 0.0
198 333 2.48754671924e-05
198 334 0.0
198 335 0.0
198 336 0.0
198 337 0.0
198 338 0.0
198 339 0.0
198 340 0.0
198 341 0.000304724473107
198 342 0.0
198 343 0.00139924502957
198 344 0.0
198 345 0.000304724473107
198 346 0.0
198 347 9.95018687695e-05
198 348 0.0
198 349 0.000895516818925
198 350 0.0
198 351 0.000621886679809
198 352 0.0
198 353 0.000155471669952
198 354 0.0
198 355 6.21886679809e-06
198 356 0.0
198 357 0.0
198 358 0.0
198 359 0.0
198 360 0.0
198 361 0.0
198 362 0.0
198 363 2.48754671924e-05
198 364 0.0
198 365 6.21886679809e-06
198 366 0.0
198 367 0.000223879204731
198 368 0.0
198 369 9.95018687695e-05
198 370 0.0
198 371 0.000223879204731
198 372 0.0
198 373 0.000155471669952
198 374 0.0
198 375 9.95018687695e-05
198 376 0.0
198 377 6.21886679809e-06
198 378 0.0
198 379 6.21886679809e-06
198 380 0.0
198 381 5.59698011828e-05
198 382 0.0
198 383 5.59698011828e-05
198 384 0.0
198 385 2.48754671924e-05
198 386 0.0
198 387 2.48754671924e-05
198 388 0.0
198 389 0.0
198 390 0.0
198 391 0.000304724473107
198 392 0.0
198 393 0.000155471669952
198 394 0.0
198 395 0.000155471669952
198 396 0.0
198 397 0.0
198 398 0.0
198 399 0.0
198 400 0.0
199 0 0.0
199 1 2.48754671924e-05
199 2 0.0
199 3 2.48754671924e-05
199 4 0.0
199 5 0.000155471669952
199 6 0.0
199 7 0.000304724473107
199 8 0.0
199 9 5.59698011828e-05
199 10 6.21886679809e-06
199 11 0.000398007475078
199 12 6.21886679809e-06
199 13 2.48754671924e-05
199 14 6.21886679809e-06
199 15 9.95018687695e-05
199 16 0.0
199 17 5.59698011828e-05
199 18 0.0
199 19 6.21886679809e-06
199 20 6.21886679809e-06
199 21 6.21886679809e-06
199 22 0.0
199 23 6.21886679809e-06
199 24 0.0
199 25 6.21886679809e-06
199 26 0.0
199 27 6.21886679809e-06
199 28 0.0
199 29 0.000304724473107
199 30 0.0
199 31 9.95018687695e-05
199 32 0.0
199 33 2.48754671924e-05
199 34 0.0
199 35 6.21886679809e-06
199 36 0.0
199 37 0.000621886679809
199 38 0.0
199 39 0.000223879204731
199 40 0.0
199 41 6.21886679809e-06
199 42 0.0
199 43 5.59698011828e-05
199 44 0.0
199 45 0.0
199 46 0.0
199 47 6.21886679809e-06
199 48 0.0
199 49 0.0
199 50 0.0
199 51 0.0
199 52 0.0
199 53 0.0
199 54 0.0
199 55 6.21886679809e-06
199 56 0.0
199 57 5.59698011828e-05
199 58 0.0
199 59 0.000223879204731
199 60 6.21886679809e-06
199 61 0.00139924502957
199 62 6.21886679809e-06
199 63 0.000155471669952
199 64 0.0
199 65 0.000304724473107
199 66 0.0
199 67 0.000398007475078
199 68 0.0
199 69 9.95018687695e-05
199 70 0.0
199 71 6.21886679809e-06
199 72 0.0
199 73 2.48754671924e-05
199 74 0.0
199 75 0.0
199 76 0.0
199 77 6.21886679809e-06
199 78 0.0
199 79 0.0
199 80 0.0
199 81 0.0
199 82 0.0
199 83 0.0
199 84 0.0
199 85 0.000304724473107
199 86 0.0
199 87 0.000621886679809
199 88 0.0
199 89 0.00179725250465
199 90 0.0
199 91 9.95018687695e-05
199 92 0.0
199 93 0.000752482882569
199 94 0.0
199 95 0.00179725250465
199 96 0.0
199 97 5.59698011828e-05
199 98 0.0
199 99 0.0
199 100 0.0
199 101 6.21886679809e-06
199 102 0.0
199 103 6.21886679809e-06
199 104 0.0
199 105 0.0
199 106 0.0
199 107 0.0
199 108 0.0
199 109 0.000304724473107
199 110 0.0
199 111 0.000155471669952
199 112 0.0
199 113 2.48754671924e-05
199 114 0.0
199 115 0.00453355389581
199 116 0.0
199 117 0.00201491284258
199 118 0.0
199 119 0.000304724473107
199 120 0.0
199 121 0.0
199 122 0.0
199 123 0.0
199 124 0.0
199 125 0.0
199 126 0.0
199 127 0.00179725250465
199 128 0.0
199 129 0.00851362864659
199 130 0.0
199 131 0.0048755915697
199 132 0.0
199 133 0.00851362864659
199 134 0.0
199 135 0.000621886679809
199 136 0.0
199 137 6.21886679809e-06
199 138 0.0
199 139 0.0
199 140 0.0
199 141 0.0
199 142 0.0
199 143 0.0
199 144 0.0
199 145 0.0
199 146 0.0
199 147 0.0
199 148 0.0
199 149 0.0
199 150 0.0
199 151 0.00453355389581
199 152 0.0
199 153 0.00677234594312
199 154 0.0
199 155 0.0195023662788
199 156 0.0
199 157 6.21886679809e-06
199 158 0.0
199 159 0.0
199 160 0.0
199 161 6.21886679809e-06
199 162 0.0
199 163 9.95018687695e-05
199 164 6.21886679809e-06
199 165 5.59698011828e-05
199 166 0.0
199 167 0.000155471669952
199 168 0.0
199 169 0.00201491284258
199 170 0.0
199 171 0.0223879204731
199 172 0.0
199 173 0.00718901001859
199 174 0.0
199 175 6.21886679809e-06
199 176 0.0
199 177 6.21886679809e-06
199 178 0.0
199 179 0.0
199 180 0.0
199 181 0.0503728210645
199 182 0.0
199 183 0.0672632632882
199 184 0.0
199 185 9.95018687695e-05
199 186 0.0
199 187 6.21886679809e-06
199 188 0.0
199 189 0.000752482882569
199 190 0.0
199 191 0.068563006449
199 192 0.0
199 193 0.00995018687695
199 194 0.0
199 195 0.000223879204731
199 196 0.0
199 197 5.59698011828e-05
199 198 0.0
199 199 0.000752482882569
199 200 0.0
199 201 0.0181342155832
199 202 6.21886679809e-06
199 203 0.016815815822
199 204 5.59698011828e-05
199 205 5.59698011828e-05
199 206 2.48754671924e-05
199 207 0.00300993153028
199 208 0.000304724473107
199 209 0.00139924502957
199 210 5.59698011828e-05
199 211 0.0
199 212 6.21886679809e-06
199 213 2.48754671924e-05
199 214 0.0
199 215 0.000155471669952
199 216 2.48754671924e-05
199 217 2.48754671924e-05
199 218 0.0
199 219 2.48754671924e-05
199 220 0.0
199 221 0.000223879204731
199 222 0.000304724473107
199 223 0.00995018687695
199 224 0.000223879204731
199 225 0.000223879204731
199 226 5.59698011828e-05
199 227 0.00179725250465
199 228 0.0
199 229 0.0109700810318
199 230 6.21886679809e-06
199 231 0.000304724473107
199 232 0.0
199 233 0.00105098848888
199 234 6.21886679809e-06
199 235 0.10188991362
199 236 0.0
199 237 0.00898004365644
199 238 0.0
199 239 0.000398007475078
199 240 0.0
199 241 0.0155471669952
199 242 0.0
199 243 0.0304724473107
199 244 0.0
199 245 0.0048755915697
199 246 0.0
199 247 0.00121889789243
199 248 0.0
199 249 0.0216478753242
199 250 0.0
199 251 0.0738863564281
199 252 0.0
199 253 0.0149314991822
199 254 0.0
199 255 0.000304724473107
199 256 0.0
199 257 5.59698011828e-05
199 258 0.0
199 259 9.95018687695e-05
199 260 0.0
199 261 0.000895516818925
199 262 0.0
199 263 0.000621886679809
199 264 0.0
199 265 0.025472478405
199 266 0.0
199 267 0.0035820672757
199 268 0.0
199 269 5.59698011828e-05
199 270 0.0
199 271 0.0
199 272 0.0
199 273 0.0
199 274 0.0
199 275 0.0
199 276 0.0
199 277 5.59698011828e-05
199 278 0.0
199 279 2.48754671924e-05
199 280 0.0
199 281 6.21886679809e-06
199 282 0.0
199 283 0.000895516818925
199 284 0.0
199 285 0.00388679174881
199 286 0.0
199 287 0.000752482882569
199 288 0.0
199 289 0.0035820672757
199 290 0.0
199 291 0.000621886679809
199 292 0.0
199 293 5.59698011828e-05
199 294 0.0
199 295 6.21886679809e-06
199 296 0.0
199 297 0.0
199 298 0.0
199 299 6.21886679809e-06
199 300 0.0
199 301 0.000155471669952
199 302 0.0
199 303 9.95018687695e-05
199 304 0.0
199 305 2.48754671924e-05
199 306 0.0
199 307 0.00453355389581
199 308 0.0
199 309 0.00139924502957
199 310 0.0
199 311 0.000155471669952
199 312 0.0
199 313 0.0
199 314 0.0
199 315 6.21886679809e-06
199 316 0.0
199 317 2.48754671924e-05
199 318 0.0
199 319 6.21886679809e-06
199 320 0.0
199 321 2.48754671924e-05
199 322 0.0
199 323 6.21886679809e-06
199 324 0.0
199 325 0.00139924502957
199 326 0.0
199 327 0.00139924502957
199 328 0.0
199 329 9.95018687695e-05
199 330 0.0
199 331 6.21886679809e-06
199 332 0.0
199 333 2.48754671924e-05
199 334 0.0
199 335 0.0
199 336 0.0
199 337 0.0
199 338 0.0
199 339 0.0
199 340 0.0
199 341 0.000304724473107
199 342 0.0
199 343 0.00139924502957
199 344 0.0
199 345 0.000304724473107
199 346 0.0
199 347 9.95018687695e-05
199 348 0.0
199 349 0.000895516818925
199 350 0.0
199 351 0.000621886679809
199 352 0.0
199 353 0.000155471669952
199 354 0.0
199 355 6.21886679809e-06
199 356 0.0
199 357 0.0
199 358 0.0
199 359 0.0
199 360 0.0
199 361 0.0
199 362 0.0
199 363 2.48754671924e-05
199 364 0.0
199 365 6.21886679809e-06
199 366 0.0
199 367 0.000304724473107
199 368 0.0
199 369 0.000155471669952
199 370 6.21886679809e-06
199 371 0.000304724473107
199 372 6.21886679809e-06
199 373 9.95018687695e-05
199 374 6.21886679809e-06
199 375 9.95018687695e-05
199 376 0.0
199 377 6.21886679809e-06
199 378 0.0
199 379 6.21886679809e-06
199 380 0.0
199 381 5.59698011828e-05
199 382 0.0
199 383 5.59698011828e-05
199 384 0.0
199 385 2.48754671924e-05
199 386 0.0
199 387 2.48754671924e-05
199 388 0.0
199 389 0.0
199 390 0.0
199 391 9.95018687695e-05
199 392 2.48754671924e-05
199 393 6.21886679809e-06
199 394 0.0
199 395 0.000155471669952
199 396 0.0
199 397 6.21886679809e-06
199 398 6.21886679809e-06
199 399 2.48754671924e-05
199 400 0.0
200 0 0.0
200 1 2.48754671924e-05
200 2 0.0
200 3 2.48754671924e-05
200 4 0.0
200 5 0.000155471669952
200 6 0.0
200 7 0.000304724473107
200 8 0.0
200 9 2.48754671924e-05
200 10 0.0
200 11 0.000398007475078
200 12 0.0
200 13 2.48754671924e-05
200 14 0.0
200 15 2.48754671924e-05
200 16 0.0
200 17 0.000155471669952
200 18 0.0
200 19 6.21886679809e-06
200 20 0.0
200 21 2.48754671924e-05
200 22 0.0
200 23 6.21886679809e-06
200 24 0.0
200 25 6.21886679809e-06
200 26 0.0
200 27 6.21886679809e-06
200 28 0.0
200 29 0.000304724473107
200 30 0.0
200 31 9.95018687695e-05
200 32 0.0
200 33 2.48754671924e-05
200 34 0.0
200 35 6.21886679809e-06
200 36 0.0
200 37 0.000621886679809
200 38 0.0
200 39 0.000223879204731
200 40 0.0
200 41 6.21886679809e-06
200 42 0.0
200 43 5.59698011828e-05
200 44 0.0
200 45 0.0
200 46 0.0
200 47 6.21886679809e-06
200 48 0.0
200 49 0.0
200 50 0.0
200 51 0.0
200 52 0.0
200 53 0.0
200 54 0.0
200 55 6.21886679809e-06
200 56 0.0
200 57 9.95018687695e-05
200 58 0.0
200 59 0.000155471669952
200 60 0.0
200 61 0.00121889789243
200 62 0.0
200 63 0.000155471669952
200 64 0.0
200 65 0.000223879204731
200 66 0.0
200 67 0.000398007475078
200 68 0.0
200 69 9.95018687695e-05
200 70 0.0
200 71 6.21886679809e-06
200 72 0.0
200 73 2.48754671924e-05
200 74 0.0
200 75 0.0
200 76 0.0
200 77 6.21886679809e-06
200 78 0.0
200 79 0.0
200 80 0.0
200 81 0.0
200 82 0.0
200 83 0.0
200 84 0.0
200 85 0.000304724473107
200 86 0.0
200 87 0.000621886679809
200 88 0.0
200 89 0.00179725250465
200 90 0.0
200 91 9.95018687695e-05
200 92 0.0
200 93 0.000752482882569
200 94 0.0
200 95 0.00179725250465
200 96 0.0
200 97 5.59698011828e-05
200 98 0.0
200 99 0.0
200 100 0.0
200 101 6.21886679809e-06
200 102 0.0
200 103 6.21886679809e-06
200 104 0.0
200 105 0.0
200 106 0.0
200 107 0.0
200 108 0.0
200 109 0.000304724473107
200 110 0.0
200 111 0.000155471669952
200 112 0.0
200 113 2.48754671924e-05
200 114 0.0
200 115 0.00453355389581
200 116 0.0
200 117 0.00201491284258
200 118 0.0
200 119 0.000304724473107
200 120 0.0
200 121 0.0
200 122 0.0
200 123 0.0
200 124 0.0
200 125 0.0
200 126 0.0
200 127 0.00179725250465
200 128 0.0
200 129 0.00851362864659
200 130 0.0
200 131 0.0048755915697
200 132 0.0
200 133 0.00851362864659
200 134 0.0
200 135 0.000621886679809
200 136 0.0
200 137 6.21886679809e-06
200 138 0.0
200 139 0.0
200 140 0.0
200 141 0.0
200 142 0.0
200 143 0.0
200 144 0.0
200 145 0.0
200 146 0.0
200 147 0.0
200 148 0.0
200 149 0.0
200 150 0.0
200 151 0.00453355389581
200 152 0.0
200 153 0.00677234594312
200 154 0.0
200 155 0.0195023662788
200 156 0.0
200 157 6.21886679809e-06
200 158 0.0
200 159 0.0
200 160 0.0
200 161 6.21886679809e-06
200 162 0.0
200 163 5.59698011828e-05
200 164 0.0
200 165 2.48754671924e-05
200 166 0.0
200 167 0.000155471669952
200 168 0.0
200 169 0.00224501091411
200 170 0.0
200 171 0.0223879204731
200 172 0.0
200 173 0.00718901001859
200 174 0.0
200 175 6.21886679809e-06
200 176 0.0
200 177 6.21886679809e-06
200 178 0.0
200 179 0.0
200 180 0.0
200 181 0.0503728210645
200 182 0.0
200 183 0.0672632632882
200 184 0.0
200 185 9.95018687695e-05
200 186 0.0
200 187 6.21886679809e-06
200 188 0.0
200 189 0.000752482882569
200 190 0.0
200 191 0.068563006449
200 192 0.0
200 193 0.00995018687695
200 194 0.0
200 195 0.000223879204731
200 196 0.0
200 197 5.59698011828e-05
200 198 0.0
200 199 0.000752482882569
200 200 0.0
200 201 0.0181342155832
200 202 0.0
200 203 0.0161752725418
200 204 0.0
200 205 9.95018687695e-05
200 206 0.0
200 207 0.000621886679809
200 208 0.0
200 209 0.000503728210645
200 210 0.0
200 211 0.0
200 212 0.0
200 213 0.000304724473107
200 214 0.0
200 215 6.21886679809e-06
200 216 0.0
200 217 6.21886679809e-06
200 218 0.0
200 219 0.0
200 220 0.0
200 221 6.21886679809e-06
200 222 0.0
200 223 0.00105098848888
200 224 0.0
200 225 0.000398007475078
200 226 0.0
200 227 0.00224501091411
200 228 0.0
200 229 0.0094588963999
200 230 0.0
200 231 0.000752482882569
200 232 0.0
200 233 0.00105098848888
200 234 0.0
200 235 0.10188991362
200 236 0.0
200 237 0.00898004365644
200 238 0.0
200 239 0.000398007475078
200 240 0.0
200 241 0.0155471669952
200 242 0.0
200 243 0.0304724473107
200 244 0.0
200 245 0.0048755915697
200 246 0.0
200 247 0.00121889789243
200 248 0.0
200 249 0.0216478753242
200 250 0.0
200 251 0.0738863564281
200 252 0.0
200 253 0.0149314991822
200 254 0.0
200 255 0.000304724473107
200 256 0.0
200 257 5.59698011828e-05
200 258 0.0
200 259 9.95018687695e-05
200 260 0.0
200 261 0.000895516818925
200 262 0.0
200 263 0.000621886679809
200 264 0.0
200 265 0.025472478405
200 266 0.0
200 267 0.0035820672757
200 268 0.0
200 269 5.59698011828e-05
200 270 0.0
200 271 0.0
200 272 0.0
200 273 0.0
200 274 0.0
200 275 0.0
200 276 0.0
200 277 5.59698011828e-05
200 278 0.0
200 279 2.48754671924e-05
200 280 0.0
200 281 6.21886679809e-06
200 282 0.0
200 283 0.000895516818925
200 284 0.0
200 285 0.00388679174881
200 286 0.0
200 287 0.000752482882569
200 288 0.0
200 289 0.0035820672757
200 290 0.0
200 291 0.000621886679809
200 292 0.0
200 293 5.59698011828e-05
200 294 0.0
200 295 6.21886679809e-06
200 296 0.0
200 297 0.0
200 298 0.0
200 299 6.21886679809e-06
200 300 0.0
200 301 0.000155471669952
200 302 0.0
200 303 9.95018687695e-05
200 304 0.0
200 305 2.48754671924e-05
200 306 0.0
200 307 0.00453355389581
200 308 0.0
200 309 0.00139924502957
200 310 0.0
200 311 0.000155471669952
200 312 0.0
200 313 0.0
200 314 0.0
200 315 6.21886679809e-06
200 316 0.0
200 317 2.48754671924e-05
200 318 0.0
200 319 6.21886679809e-06
200 320 0.0
200 321 2.48754671924e-05
200 322 0.0
200 323 6.21886679809e-06
200 324 0.0
200 325 0.00139924502957
200 326 0.0
200 327 0.00139924502957
200 328 0.0
200 329 9.95018687695e-05
200 330 0.0
200 331 6.21886679809e-06
200 332 0.0
200 333 2.48754671924e-05
200 334 0.0
200 335 0.0
200 336 0.0
200 337 0.0
200 338 0.0
200 339 0.0
200 340 0.0
200 341 0.000304724473107
200 342 0.0
200 343 0.00139924502957
200 344 0.0
200 345 0.000304724473107
200 346 0.0
200 347 9.95018687695e-05
200 348 0.0
200 349 0.000895516818925
200 350 0.0
200 351 0.000621886679809
200 352 0.0
200 353 0.000155471669952
200 354 0.0
200 355 6.21886679809e-06
200 356 0.0
200 357 0.0
200 358 0.0
200 359 0.0
200 360 0.0
200 361 0.0
200 362 0.0
200 363 2.48754671924e-05
200 364 0.0
200 365 6.21886679809e-06
200 366 0.0
200 367 0.000304724473107
200 368 0.0
200 369 9.95018687695e-05
200 370 0.0
200 371 0.000398007475078
200 372 0.0
200 373 0.000223879204731
200 374 0.0
200 375 9.95018687695e-05
200 376 0.0
200 377 2.48754671924e-05
200 378 0.0
200 379 0.0
200 380 0.0
200 381 5.59698011828e-05
200 382 0.0
200 383 2.48754671924e-05
200 384 0.0
200 385 5.59698011828e-05
200 386 0.0
200 387 2.48754671924e-05
200 388 0.0
200 389 0.0
200 390 0.0
200 391 2.48754671924e-05
200 392 0.0
200 393 6.21886679809e-06
200 394 0.0
200 395 5.59698011828e-05
200 396 0.0
200 397 9.95018687695e-05
200 398 0.0
200 399 2.48754671924e-05
200 400 0.0
201 0 0.0
201 1 2.48754671924e-05
201 2 0.0
201 3 2.48754671924e-05
201 4 0.0
201 5 0.000155471669952
201 6 0.0
201 7 0.000398007475078
201 8 0.0
201 9 5.59698011828e-05
201 10 6.21886679809e-06
201 11 0.000398007475078
201 12 0.0
201 13 2.48754671924e-05
201 14 6.21886679809e-06
201 15 5.59698011828e-05
201 16 0.0
201 17 0.000155471669952
201 18 0.0
201 19 2.48754671924e-05
201 20 6.21886679809e-06
201 21 2.48754671924e-05
201 22 0.0
201 23 6.21886679809e-06
201 24 0.0
201 25 6.21886679809e-06
201 26 0.0
201 27 6.21886679809e-06
201 28 0.0
201 29 0.000304724473107
201 30 0.0
201 31 9.95018687695e-05
201 32 0.0
201 33 2.48754671924e-05
201 34 0.0
201 35 6.21886679809e-06
201 36 0.0
201 37 0.000621886679809
201 38 0.0
201 39 0.000223879204731
201 40 0.0
201 41 6.21886679809e-06
201 42 0.0
201 43 5.59698011828e-05
201 44 0.0
201 45 0.0
201 46 0.0
201 47 6.21886679809e-06
201 48 0.0
201 49 0.0
201 50 0.0
201 51 0.0
201 52 0.0
201 53 0.0
201 54 0.0
201 55 6.21886679809e-06
201 56 0.0
201 57 9.95018687695e-05
201 58 0.0
201 59 0.000155471669952
201 60 6.21886679809e-06
201 61 0.00159202990031
201 62 6.21886679809e-06
201 63 0.000155471669952
201 64 0.0
201 65 0.000223879204731
201 66 0.0
201 67 0.000398007475078
201 68 0.0
201 69 9.95018687695e-05
201 70 0.0
201 71 6.21886679809e-06
201 72 0.0
201 73 2.48754671924e-05
201 74 0.0
201 75 0.0
201 76 0.0
201 77 6.21886679809e-06
201 78 0.0
201 79 0.0
201 80 0.0
201 81 0.0
201 82 0.0
201 83 0.0
201 84 0.0
201 85 0.000304724473107
201 86 0.0
201 87 0.000621886679809
201 88 0.0
201 89 0.00179725250465
201 90 0.0
201 91 9.95018687695e-05
201 92 0.0
201 93 0.000752482882569
201 94 0.0
201 95 0.00179725250465
201 96 0.0
201 97 5.59698011828e-05
201 98 0.0
201 99 0.0
201 100 0.0
201 101 6.21886679809e-06
201 102 0.0
201 103 6.21886679809e-06
201 104 0.0
201 105 0.0
201 106 0.0
201 107 0.0
201 108 0.0
201 109 0.000304724473107
201 110 0.0
201 111 0.000155471669952
201 112 0.0
201 113 2.48754671924e-05
201 114 0.0
201 115 0.00453355389581
201 116 0.0
201 117 0.00201491284258
201 118 0.0
201 119 0.000304724473107
201 120 0.0
201 121 0.0
201 122 0.0
201 123 0.0
201 124 0.0
201 125 0.0
201 126 0.0
201 127 0.00179725250465
201 128 0.0
201 129 0.00851362864659
201 130 0.0
201 131 0.0048755915697
201 132 0.0
201 133 0.00851362864659
201 134 0.0
201 135 0.000621886679809
201 136 0.0
201 137 6.21886679809e-06
201 138 0.0
201 139 0.0
201 140 0.0
201 141 0.0
201 142 0.0
201 143 0.0
201 144 0.0
201 145 0.0
201 146 0.0
201 147 0.0
201 148 0.0
201 149 0.0
201 150 0.0
201 151 0.00453355389581
201 152 0.0
201 153 0.00677234594312
201 154 0.0
201 155 0.0195023662788
201 156 0.0
201 157 6.21886679809e-06
201 158 0.0
201 159 0.0
201 160 0.0
201 161 6.21886679809e-06
201 162 0.0
201 163 5.59698011828e-05
201 164 0.0
201 165 2.48754671924e-05
201 166 0.0
201 167 0.000223879204731
201 168 6.21886679809e-06
201 169 0.00248754671924
201 170 0.0
201 171 0.0223879204731
201 172 0.0
201 173 0.00718901001859
201 174 0.0
201 175 6.21886679809e-06
201 176 0.0
201 177 6.21886679809e-06
201 178 0.0
201 179 0.0
201 180 0.0
201 181 0.0503728210645
201 182 0.0
201 183 0.0672632632882
201 184 0.0
201 185 9.95018687695e-05
201 186 0.0
201 187 6.21886679809e-06
201 188 0.0
201 189 0.000752482882569
201 190 0.0
201 191 0.068563006449
201 192 0.0
201 193 0.00995018687695
201 194 0.0
201 195 0.000223879204731
201 196 0.0
201 197 5.59698011828e-05
201 198 0.0
201 199 0.000621886679809
201 200 0.0
201 201 0.0216478753242
201 202 9.95018687695e-05
201 203 0.0143282691028
201 204 0.000398007475078
201 205 0.000304724473107
201 206 0.000155471669952
201 207 9.95018687695e-05
201 208 0.000223879204731
201 209 0.00121889789243
201 210 0.00274252025796
201 211 0.00201491284258
201 212 0.00159202990031
201 213 0.00179725250465
201 214 0.00201491284258
201 215 0.00224501091411
201 216 0.00201491284258
201 217 0.00224501091411
201 218 0.00201491284258
201 219 0.00201491284258
201 220 0.00201491284258
201 221 0.00224501091411
201 222 0.00224501091411
201 223 0.000223879204731
201 224 9.95018687695e-05
201 225 0.00139924502957
201 226 0.000223879204731
201 227 0.00328978053619
201 228 9.95018687695e-05
201 229 0.0109700810318
201 230 2.48754671924e-05
201 231 0.00121889789243
201 232 2.48754671924e-05
201 233 0.00105098848888
201 234 0.000155471669952
201 235 0.0987307292865
201 236 0.0
201 237 0.00898004365644
201 238 0.0
201 239 0.000398007475078
201 240 0.0
201 241 0.0155471669952
201 242 0.0
201 243 0.0304724473107
201 244 0.0
201 245 0.0048755915697
201 246 0.0
201 247 0.00121889789243
201 248 0.0
201 249 0.0216478753242
201 250 0.0
201 251 0.0738863564281
201 252 0.0
201 253 0.0149314991822
201 254 0.0
201 255 0.000304724473107
201 256 0.0
201 257 5.59698011828e-05
201 258 0.0
201 259 9.95018687695e-05
201 260 0.0
201 261 0.000895516818925
201 262 0.0
201 263 0.000621886679809
201 264 0.0
201 265 0.025472478405
201 266 0.0
201 267 0.0035820672757
201 268 0.0
201 269 5.59698011828e-05
201 270 0.0
201 271 0.0
201 272 0.0
201 273 0.0
201 274 0.0
201 275 0.0
201 276 0.0
201 277 5.59698011828e-05
201 278 0.0
201 279 2.48754671924e-05
201 280 0.0
201 281 6.21886679809e-06
201 282 0.0
201 283 0.000895516818925
201 284 0.0
201 285 0.00388679174881
201 286 0.0
201 287 0.000752482882569
201 288 0.0
201 289 0.0035820672757
201 290 0.0
201 291 0.000621886679809
201 292 0.0
201 293 5.59698011828e-05
201 294 0.0
201 295 6.21886679809e-06
201 296 0.0
201 297 0.0
201 298 0.0
201 299 6.21886679809e-06
201 300 0.0
201 301 0.000155471669952
201 302 0.0
201 303 9.95018687695e-05
201 304 0.0
201 305 2.48754671924e-05
201 306 0.0
201 307 0.00453355389581
201 308 0.0
201 309 0.00139924502957
201 310 0.0
201 311 0.000155471669952
201 312 0.0
201 313 0.0
201 314 0.0
201 315 6.21886679809e-06
201 316 0.0
201 317 2.48754671924e-05
201 318 0.0
201 319 6.21886679809e-06
201 320 0.0
201 321 2.48754671924e-05
201 322 0.0
201 323 6.21886679809e-06
201 324 0.0
201 325 0.00139924502957
201 326 0.0
201 327 0.00139924502957
201 328 0.0
201 329 9.95018687695e-05
201 330 0.0
201 331 6.21886679809e-06
201 332 0.0
201 333 2.48754671924e-05
201 334 0.0
201 335 0.0
201 336 0.0
201 337 0.0
201 338 0.0
201 339 0.0
201 340 0.0
201 341 0.000304724473107
201 342 0.0
201 343 0.00139924502957
201 344 0.0
201 345 0.000304724473107
201 346 0.0
201 347 9.95018687695e-05
201 348 0.0
201 349 0.000895516818925
201 350 0.0
201 351 0.000621886679809
201 352 0.0
201 353 0.000155471669952
201 354 0.0
201 355 6.21886679809e-06
201 356 0.0
201 357 0.0
201 358 0.0
201 359 0.0
201 360 0.0
201 361 0.0
201 362 0.0
201 363 2.48754671924e-05
201 364 0.0
201 365 6.21886679809e-06
201 366 0.0
201 367 0.000304724473107
201 368 0.0
201 369 0.000155471669952
201 370 6.21886679809e-06
201 371 0.000304724473107
201 372 6.21886679809e-06
201 373 0.000155471669952
201 374 6.21886679809e-06
201 375 0.000155471669952
201 376 0.0
201 377 2.48754671924e-05
201 378 0.0
201 379 0.0
201 380 0.0
201 381 5.59698011828e-05
201 382 0.0
201 383 2.48754671924e-05
201 384 0.0
201 385 5.59698011828e-05
201 386 0.0
201 387 2.48754671924e-05
201 388 0.0
201 389 0.0
201 390 0.0
201 391 2.48754671924e-05
201 392 2.48754671924e-05
201 393 2.48754671924e-05
201 394 6.21886679809e-06
201 395 5.59698011828e-05
201 396 0.0
201 397 5.59698011828e-05
201 398 6.21886679809e-06
201 399 5.59698011828e-05
201 400 0.0
202 0 0.0
202 1 2.48754671924e-05
202 2 0.0
202 3 2.48754671924e-05
202 4 0.0
202 5 0.000155471669952
202 6 0.0
202 7 0.000304724473107
202 8 0.0
202 9 2.48754671924e-05
202 10 0.0
202 11 0.000398007475078
202 12 0.0
202 13 5.59698011828e-05
202 14 0.0
202 15 2.48754671924e-05
202 16 0.0
202 17 0.000155471669952
202 18 0.0
202 19 6.21886679809e-06
202 20 0.0
202 21 2.48754671924e-05
202 22 0.0
202 23 6.21886679809e-06
202 24 0.0
202 25 6.21886679809e-06
202 26 0.0
202 27 6.21886679809e-06
202 28 0.0
202 29 0.000304724473107
202 30 0.0
202 31 9.95018687695e-05
202 32 0.0
202 33 2.48754671924e-05
202 34 0.0
202 35 6.21886679809e-06
202 36 0.0
202 37 0.000621886679809
202 38 0.0
202 39 0.000223879204731
202 40 0.0
202 41 6.21886679809e-06
202 42 0.0
202 43 5.59698011828e-05
202 44 0.0
202 45 0.0
202 46 0.0
202 47 6.21886679809e-06
202 48 0.0
202 49 0.0
202 50 0.0
202 51 0.0
202 52 0.0
202 53 0.0
202 54 0.0
202 55 6.21886679809e-06
202 56 0.0
202 57 9.95018687695e-05
202 58 0.0
202 59 0.000155471669952
202 60 0.0
202 61 0.00121889789243
202 62 0.0
202 63 0.000155471669952
202 64 0.0
202 65 0.000223879204731
202 66 0.0
202 67 0.000398007475078
202 68 0.0
202 69 9.95018687695e-05
202 70 0.0
202 71 6.21886679809e-06
202 72 0.0
202 73 2.48754671924e-05
202 74 0.0
202 75 0.0
202 76 0.0
202 77 6.21886679809e-06
202 78 0.0
202 79 0.0
202 80 0.0
202 81 0.0
202 82 0.0
202 83 0.0
202 84 0.0
202 85 0.000304724473107
202 86 0.0
202 87 0.000621886679809
202 88 0.0
202 89 0.00179725250465
202 90 0.0
202 91 9.95018687695e-05
202 92 0.0
202 93 0.000752482882569
202 94 0.0
202 95 0.00179725250465
202 96 0.0
202 97 5.59698011828e-05
202 98 0.0
202 99 0.0
202 100 0.0
202 101 6.21886679809e-06
202 102 0.0
202 103 6.21886679809e-06
202 104 0.0
202 105 0.0
202 106 0.0
202 107 0.0
202 108 0.0
202 109 0.000304724473107
202 110 0.0
202 111 0.000155471669952
202 112 0.0
202 113 2.48754671924e-05
202 114 0.0
202 115 0.00453355389581
202 116 0.0
202 117 0.00201491284258
202 118 0.0
202 119 0.000304724473107
202 120 0.0
202 121 0.0
202 122 0.0
202 123 0.0
202 124 0.0
202 125 0.0
202 126 0.0
202 127 0.00179725250465
202 128 0.0
202 129 0.00851362864659
202 130 0.0
202 131 0.0048755915697
202 132 0.0
202 133 0.00851362864659
202 134 0.0
202 135 0.000621886679809
202 136 0.0
202 137 6.21886679809e-06
202 138 0.0
202 139 0.0
202 140 0.0
202 141 0.0
202 142 0.0
202 143 0.0
202 144 0.0
202 145 0.0
202 146 0.0
202 147 0.0
202 148 0.0
202 149 0.0
202 150 0.0
202 151 0.00453355389581
202 152 0.0
202 153 0.00677234594312
202 154 0.0
202 155 0.0195023662788
202 156 0.0
202 157 6.21886679809e-06
202 158 0.0
202 159 0.0
202 160 0.0
202 161 6.21886679809e-06
202 162 0.0
202 163 5.59698011828e-05
202 164 0.0
202 165 2.48754671924e-05
202 166 0.0
202 167 0.000155471669952
202 168 0.0
202 169 0.00224501091411
202 170 0.0
202 171 0.0223879204731
202 172 0.0
202 173 0.00718901001859
202 174 0.0
202 175 6.21886679809e-06
202 176 0.0
202 177 6.21886679809e-06
202 178 0.0
202 179 0.0
202 180 0.0
202 181 0.0503728210645
202 182 0.0
202 183 0.0672632632882
202 184 0.0
202 185 9.95018687695e-05
202 186 0.0
202 187 6.21886679809e-06
202 188 0.0
202 189 0.000752482882569
202 190 0.0
202 191 0.068563006449
202 192 0.0
202 193 0.00995018687695
202 194 0.0
202 195 0.000223879204731
202 196 0.0
202 197 5.59698011828e-05
202 198 0.0
202 199 0.00159202990031
202 200 0.0
202 201 0.0223879204731
202 202 0.0
202 203 0.0181342155832
202 204 0.0
202 205 6.21886679809e-06
202 206 0.0
202 207 6.21886679809e-06
202 208 0.0
202 209 6.21886679809e-06
202 210 0.0
202 211 2.48754671924e-05
202 212 0.0
202 213 2.48754671924e-05
202 214 0.0
202 215 0.0
202 216 0.0
202 217 6.21886679809e-06
202 218 0.0
202 219 0.0
202 220 0.0
202 221 0.000503728210645
202 222 0.0
202 223 0.0
202 224 0.0
202 225 0.000398007475078
202 226 0.0
202 227 0.00248754671924
202 228 0.0
202 229 0.0120397261211
202 230 0.0
202 231 0.00159202990031
202 232 0.0
202 233 0.000895516818925
202 234 0.0
202 235 0.0987307292865
202 236 0.0
202 237 0.00898004365644
202 238 0.0
202 239 0.000398007475078
202 240 0.0
202 241 0.0155471669952
202 242 0.0
202 243 0.0304724473107
202 244 0.0
202 245 0.0048755915697
202 246 0.0
202 247 0.00121889789243
202 248 0.0
202 249 0.0216478753242
202 250 0.0
202 251 0.0738863564281
202 252 0.0
202 253 0.0149314991822
202 254 0.0
202 255 0.000304724473107
202 256 0.0
202 257 5.59698011828e-05
202 258 0.0
202 259 9.95018687695e-05
202 260 0.0
202 261 0.000895516818925
202 262 0.0
202 263 0.000621886679809
202 264 0.0
202 265 0.025472478405
202 266 0.0
202 267 0.0035820672757
202 268 0.0
202 269 5.59698011828e-05
202 270 0.0
202 271 0.0
202 272 0.0
202 273 0.0
202 274 0.0
202 275 0.0
202 276 0.0
202 277 5.59698011828e-05
202 278 0.0
202 279 2.48754671924e-05
202 280 0.0
202 281 6.21886679809e-06
202 282 0.0
202 283 0.000895516818925
202 284 0.0
202 285 0.00388679174881
202 286 0.0
202 287 0.000752482882569
202 288 0.0
202 289 0.0035820672757
202 290 0.0
202 291 0.000621886679809
202 292 0.0
202 293 5.59698011828e-05
202 294 0.0
202 295 6.21886679809e-06
202 296 0.0
202 297 0.0
202 298 0.0
202 299 6.21886679809e-06
202 300 0.0
202 301 0.000155471669952
202 302 0.0
202 303 9.95018687695e-05
202 304 0.0
202 305 2.48754671924e-05
202 306 0.0
202 307 0.00453355389581
202 308 0.0
202 309 0.00139924502957
202 310 0.0
202 311 0.000155471669952
202 312 0.0
202 313 0.0
202 314 0.0
202 315 6.21886679809e-06
202 316 0.0
202 317 2.48754671924e-05
202 318 0.0
202 319 6.21886679809e-06
202 320 0.0
202 321 2.48754671924e-05
202 322 0.0
202 323 6.21886679809e-06
202 324 0.0
202 325 0.00139924502957
202 326 0.0
202 327 0.00139924502957
202 328 0.0
202 329 9.95018687695e-05
202 330 0.0
202 331 6.21886679809e-06
202 332 0.0
202 333 2.48754671924e-05
202 334 0.0
202 335 0.0
202 336 0.0
202 337 0.0
202 338 0.0
202 339 0.0
202 340 0.0
202 341 0.000304724473107
202 342 0.0
202 343 0.00139924502957
202 344 0.0
202 345 0.000304724473107
202 346 0.0
202 347 9.95018687695e-05
202 348 0.0
202 349 0.000895516818925
202 350 0.0
202 351 0.000621886679809
202 352 0.0
202 353 0.000155471669952
202 354 0.0
202 355 6.21886679809e-06
202 356 0.0
202 357 0.0
202 358 0.0
202 359 0.0
202 360 0.0
202 361 0.0
202 362 0.0
202 363 2.48754671924e-05
202 364 0.0
202 365 6.21886679809e-06
202 366 0.0
202 367 0.000304724473107
202 368 0.0
202 369 9.95018687695e-05
202 370 0.0
202 371 0.000398007475078
202 372 0.0
202 373 0.000223879204731
202 374 0.0
202 375 9.95018687695e-05
202 376 0.0
202 377 2.48754671924e-05
202 378 0.0
202 379 0.0
202 380 0.0
202 381 5.59698011828e-05
202 382 0.0
202 383 2.48754671924e-05
202 384 0.0
202 385 5.59698011828e-05
202 386 0.0
202 387 2.48754671924e-05
202 388 0.0
202 389 0.0
202 390 0.0
202 391 5.59698011828e-05
202 392 0.0
202 393 6.21886679809e-06
202 394 0.0
202 395 5.59698011828e-05
202 396 0.0
202 397 9.95018687695e-05
202 398 0.0
202 399 2.48754671924e-05
202 400 0.0
203 0 0.0
203 1 2.48754671924e-05
203 2 0.0
203 3 2.48754671924e-05
203 4 0.0
203 5 0.000155471669952
203 6 0.0
203 7 0.000304724473107
203 8 6.21886679809e-06
203 9 5.59698011828e-05
203 10 0.0
203 11 0.000398007475078
203 12 6.21886679809e-06
203 13 2.48754671924e-05
203 14 0.0
203 15 5.59698011828e-05
203 16 6.21886679809e-06
203 17 5.59698011828e-05
203 18 6.21886679809e-06
203 19 6.21886679809e-06
203 20 0.0
203 21 6.21886679809e-06
203 22 0.0
203 23 6.21886679809e-06
203 24 0.0
203 25 6.21886679809e-06
203 26 0.0
203 27 6.21886679809e-06
203 28 0.0
203 29 0.000304724473107
203 30 0.0
203 31 9.95018687695e-05
203 32 0.0
203 33 2.48754671924e-05
203 34 0.0
203 35 6.21886679809e-06
203 36 0.0
203 37 0.000621886679809
203 38 0.0
203 39 0.000223879204731
203 40 0.0
203 41 6.21886679809e-06
203 42 0.0
203 43 5.59698011828e-05
203 44 0.0
203 45 0.0
203 46 0.0
203 47 6.21886679809e-06
203 48 0.0
203 49 0.0
203 50 0.0
203 51 0.0
203 52 0.0
203 53 0.0
203 54 0.0
203 55 6.21886679809e-06
203 56 0.0
203 57 9.95018687695e-05
203 58 0.0
203 59 0.000155471669952
203 60 0.0
203 61 0.00121889789243
203 62 0.0
203 63 0.000155471669952
203 64 0.0
203 65 0.000223879204731
203 66 0.0
203 67 0.000398007475078
203 68 0.0
203 69 9.95018687695e-05
203 70 0.0
203 71 6.21886679809e-06
203 72 0.0
203 73 2.48754671924e-05
203 74 0.0
203 75 0.0
203 76 0.0
203 77 6.21886679809e-06
203 78 0.0
203 79 0.0
203 80 0.0
203 81 0.0
203 82 0.0
203 83 0.0
203 84 0.0
203 85 0.000304724473107
203 86 0.0
203 87 0.000621886679809
203 88 0.0
203 89 0.00179725250465
203 90 0.0
203 91 9.95018687695e-05
203 92 0.0
203 93 0.000752482882569
203 94 0.0
203 95 0.00179725250465
203 96 0.0
203 97 5.59698011828e-05
203 98 0.0
203 99 0.0
203 100 0.0
203 101 6.21886679809e-06
203 102 0.0
203 103 6.21886679809e-06
203 104 0.0
203 105 0.0
203 106 0.0
203 107 0.0
203 108 0.0
203 109 0.000304724473107
203 110 0.0
203 111 0.000155471669952
203 112 0.0
203 113 2.48754671924e-05
203 114 0.0
203 115 0.00453355389581
203 116 0.0
203 117 0.00201491284258
203 118 0.0
203 119 0.000304724473107
203 120 0.0
203 121 0.0
203 122 0.0
203 123 0.0
203 124 0.0
203 125 0.0
203 126 0.0
203 127 0.00179725250465
203 128 0.0
203 129 0.00851362864659
203 130 0.0
203 131 0.0048755915697
203 132 0.0
203 133 0.00851362864659
203 134 0.0
203 135 0.000621886679809
203 136 0.0
203 137 6.21886679809e-06
203 138 0.0
203 139 0.0
203 140 0.0
203 141 0.0
203 142 0.0
203 143 0.0
203 144 0.0
203 145 0.0
203 146 0.0
203 147 0.0
203 148 0.0
203 149 0.0
203 150 0.0
203 151 0.00453355389581
203 152 0.0
203 153 0.00677234594312
203 154 0.0
203 155 0.0195023662788
203 156 0.0
203 157 6.21886679809e-06
203 158 0.0
203 159 0.0
203 160 0.0
203 161 6.21886679809e-06
203 162 0.0
203 163 9.95018687695e-05
203 164 6.21886679809e-06
203 165 5.59698011828e-05
203 166 0.0
203 167 0.000155471669952
203 168 0.0
203 169 0.00224501091411
203 170 0.0
203 171 0.0223879204731
203 172 0.0
203 173 0.00718901001859
203 174 0.0
203 175 6.21886679809e-06
203 176 0.0
203 177 6.21886679809e-06
203 178 0.0
203 179 0.0
203 180 0.0
203 181 0.0503728210645
203 182 0.0
203 183 0.0672632632882
203 184 0.0
203 185 9.95018687695e-05
203 186 0.0
203 187 6.21886679809e-06
203 188 0.0
203 189 0.000752482882569
203 190 0.0
203 191 0.068563006449
203 192 0.0
203 193 0.00995018687695
203 194 0.0
203 195 0.000223879204731
203 196 0.0
203 197 5.59698011828e-05
203 198 0.0
203 199 0.00121889789243
203 200 0.0
203 201 0.0094588963999
203 202 0.00274252025796
203 203 0.0388119476869
203 204 0.0094588963999
203 205 0.0094588963999
203 206 0.00898004365644
203 207 0.00898004365644
203 208 0.00851362864659
203 209 0.00805965137033
203 210 0.00718901001859
203 211 0.00805965137033
203 212 0.00805965137033
203 213 0.00805965137033
203 214 0.00718901001859
203 215 0.00718901001859
203 216 0.00718901001859
203 217 0.00718901001859
203 218 0.00718901001859
203 219 0.00761811182766
203 220 0.00718901001859
203 221 0.00559698011828
203 222 0.00636811960125
203 223 0.00898004365644
203 224 0.0094588963999
203 225 0.00677234594312
203 226 0.00805965137033
203 227 2.48754671924e-05
203 228 0.000398007475078
203 229 0.00995018687695
203 230 2.48754671924e-05
203 231 0.000895516818925
203 232 0.0
203 233 0.000752482882569
203 234 2.48754671924e-05
203 235 0.0987307292865
203 236 6.21886679809e-06
203 237 0.0094588963999
203 238 0.0
203 239 0.000398007475078
203 240 0.0
203 241 0.0155471669952
203 242 0.0
203 243 0.0304724473107
203 244 0.0
203 245 0.0048755915697
203 246 0.0
203 247 0.00121889789243
203 248 0.0
203 249 0.0216478753242
203 250 0.0
203 251 0.0738863564281
203 252 0.0
203 253 0.0149314991822
203 254 0.0
203 255 0.000304724473107
203 256 0.0
203 257 5.59698011828e-05
203 258 0.0
203 259 9.95018687695e-05
203 260 0.0
203 261 0.000895516818925
203 262 0.0
203 263 0.000621886679809
203 264 0.0
203 265 0.025472478405
203 266 0.0
203 267 0.0035820672757
203 268 0.0
203 269 5.59698011828e-05
203 270 0.0
203 271 0.0
203 272 0.0
203 273 0.0
203 274 0.0
203 275 0.0
203 276 0.0
203 277 5.59698011828e-05
203 278 0.0
203 279 2.48754671924e-05
203 280 0.0
203 281 6.21886679809e-06
203 282 0.0
203 283 0.000895516818925
203 284 0.0
203 285 0.00388679174881
203 286 0.0
203 287 0.000752482882569
203 288 0.0
203 289 0.0035820672757
203 290 0.0
203 291 0.000621886679809
203 292 0.0
203 293 5.59698011828e-05
203 294 0.0
203 295 6.21886679809e-06
203 296 0.0
203 297 0.0
203 298 0.0
203 299 6.21886679809e-06
203 300 0.0
203 301 0.000155471669952
203 302 0.0
203 303 9.95018687695e-05
203 304 0.0
203 305 2.48754671924e-05
203 306 0.0
203 307 0.00453355389581
203 308 0.0
203 309 0.00139924502957
203 310 0.0
203 311 0.000155471669952
203 312 0.0
203 313 0.0
203 314 0.0
203 315 6.21886679809e-06
203 316 0.0
203 317 2.48754671924e-05
203 318 0.0
203 319 6.21886679809e-06
203 320 0.0
203 321 2.48754671924e-05
203 322 0.0
203 323 6.21886679809e-06
203 324 0.0
203 325 0.00139924502957
203 326 0.0
203 327 0.00139924502957
203 328 0.0
203 329 9.95018687695e-05
203 330 0.0
203 331 6.21886679809e-06
203 332 0.0
203 333 2.48754671924e-05
203 334 0.0
203 335 0.0
203 336 0.0
203 337 0.0
203 338 0.0
203 339 0.0
203 340 0.0
203 341 0.000304724473107
203 342 0.0
203 343 0.00139924502957
203 344 0.0
203 345 0.000304724473107
203 346 0.0
203 347 9.95018687695e-05
203 348 0.0
203 349 0.000895516818925
203 350 0.0
203 351 0.000621886679809
203 352 0.0
203 353 0.000155471669952
203 354 0.0
203 355 6.21886679809e-06
203 356 0.0
203 357 0.0
203 358 0.0
203 359 0.0
203 360 0.0
203 361 0.0
203 362 0.0
203 363 2.48754671924e-05
203 364 0.0
203 365 6.21886679809e-06
203 366 0.0
203 367 0.000304724473107
203 368 0.0
203 369 9.95018687695e-05
203 370 0.0
203 371 0.000398007475078
203 372 0.0
203 373 0.000223879204731
203 374 0.0
203 375 9.95018687695e-05
203 376 0.0
203 377 6.21886679809e-06
203 378 6.21886679809e-06
203 379 6.21886679809e-06
203 380 6.21886679809e-06
203 381 2.48754671924e-05
203 382 6.21886679809e-06
203 383 5.59698011828e-05
203 384 6.21886679809e-06
203 385 2.48754671924e-05
203 386 0.0
203 387 2.48754671924e-05
203 388 0.0
203 389 0.0
203 390 0.0
203 391 5.59698011828e-05
203 392 0.0
203 393 6.21886679809e-06
203 394 0.0
203 395 9.95018687695e-05
203 396 6.21886679809e-06
203 397 5.59698011828e-05
203 398 0.0
203 399 2.48754671924e-05
203 400 0.0
204 0 0.0
204 1 2.48754671924e-05
204 2 0.0
204 3 2.48754671924e-05
204 4 0.0
204 5 0.000155471669952
204 6 0.0
204 7 0.000304724473107
204 8 0.0
204 9 2.48754671924e-05
204 10 0.0
204 11 0.000398007475078
204 12 0.0
204 13 5.59698011828e-05
204 14 0.0
204 15 2.48754671924e-05
204 16 0.0
204 17 0.000155471669952
204 18 0.0
204 19 6.21886679809e-06
204 20 0.0
204 21 2.48754671924e-05
204 22 0.0
204 23 6.21886679809e-06
204 24 0.0
204 25 6.21886679809e-06
204 26 0.0
204 27 6.21886679809e-06
204 28 0.0
204 29 0.000304724473107
204 30 0.0
204 31 9.95018687695e-05
204 32 0.0
204 33 2.48754671924e-05
204 34 0.0
204 35 6.21886679809e-06
204 36 0.0
204 37 0.000621886679809
204 38 0.0
204 39 0.000223879204731
204 40 0.0
204 41 6.21886679809e-06
204 42 0.0
204 43 5.59698011828e-05
204 44 0.0
204 45 0.0
204 46 0.0
204 47 6.21886679809e-06
204 48 0.0
204 49 0.0
204 50 0.0
204 51 0.0
204 52 0.0
204 53 0.0
204 54 0.0
204 55 6.21886679809e-06
204 56 0.0
204 57 9.95018687695e-05
204 58 0.0
204 59 0.000155471669952
204 60 0.0
204 61 0.00121889789243
204 62 0.0
204 63 0.000155471669952
204 64 0.0
204 65 0.000223879204731
204 66 0.0
204 67 0.000398007475078
204 68 0.0
204 69 9.95018687695e-05
204 70 0.0
204 71 6.21886679809e-06
204 72 0.0
204 73 2.48754671924e-05
204 74 0.0
204 75 0.0
204 76 0.0
204 77 6.21886679809e-06
204 78 0.0
204 79 0.0
204 80 0.0
204 81 0.0
204 82 0.0
204 83 0.0
204 84 0.0
204 85 0.000304724473107
204 86 0.0
204 87 0.000621886679809
204 88 0.0
204 89 0.00179725250465
204 90 0.0
204 91 9.95018687695e-05
204 92 0.0
204 93 0.000752482882569
204 94 0.0
204 95 0.00179725250465
204 96 0.0
204 97 5.59698011828e-05
204 98 0.0
204 99 0.0
204 100 0.0
204 101 6.21886679809e-06
204 102 0.0
204 103 6.21886679809e-06
204 104 0.0
204 105 0.0
204 106 0.0
204 107 0.0
204 108 0.0
204 109 0.000304724473107
204 110 0.0
204 111 0.000155471669952
204 112 0.0
204 113 2.48754671924e-05
204 114 0.0
204 115 0.00453355389581
204 116 0.0
204 117 0.00201491284258
204 118 0.0
204 119 0.000304724473107
204 120 0.0
204 121 0.0
204 122 0.0
204 123 0.0
204 124 0.0
204 125 0.0
204 126 0.0
204 127 0.00179725250465
204 128 0.0
204 129 0.00851362864659
204 130 0.0
204 131 0.0048755915697
204 132 0.0
204 133 0.00851362864659
204 134 0.0
204 135 0.000621886679809
204 136 0.0
204 137 6.21886679809e-06
204 138 0.0
204 139 0.0
204 140 0.0
204 141 0.0
204 142 0.0
204 143 0.0
204 144 0.0
204 145 0.0
204 146 0.0
204 147 0.0
204 148 0.0
204 149 0.0
204 150 0.0
204 151 0.00453355389581
204 152 0.0
204 153 0.00677234594312
204 154 0.0
204 155 0.0195023662788
204 156 0.0
204 157 6.21886679809e-06
204 158 0.0
204 159 0.0
204 160 0.0
204 161 6.21886679809e-06
204 162 0.0
204 163 5.59698011828e-05
204 164 0.0
204 165 2.48754671924e-05
204 166 0.0
204 167 0.000155471669952
204 168 0.0
204 169 0.00224501091411
204 170 0.0
204 171 0.0223879204731
204 172 0.0
204 173 0.00718901001859
204 174 0.0
204 175 6.21886679809e-06
204 176 0.0
204 177 6.21886679809e-06
204 178 0.0
204 179 0.0
204 180 0.0
204 181 0.0503728210645
204 182 0.0
204 183 0.0672632632882
204 184 0.0
204 185 9.95018687695e-05
204 186 0.0
204 187 6.21886679809e-06
204 188 0.0
204 189 0.000752482882569
204 190 0.0
204 191 0.068563006449
204 192 0.0
204 193 0.00995018687695
204 194 0.0
204 195 0.000223879204731
204 196 0.0
204 197 5.59698011828e-05
204 198 0.0
204 199 0.00159202990031
204 200 0.0
204 201 0.0052300669772
204 202 0.0
204 203 0.00559698011828
204 204 0.0
204 205 9.95018687695e-05
204 206 0.0
204 207 0.0
204 208 0.0
204 209 0.0
204 210 0.0
204 211 0.000155471669952
204 212 0.0
204 213 6.21886679809e-06
204 214 0.0
204 215 0.0
204 216 0.0
204 217 0.0
204 218 0.0
204 219 6.21886679809e-06
204 220 0.0
204 221 0.000223879204731
204 222 0.0
204 223 9.95018687695e-05
204 224 0.0
204 225 5.59698011828e-05
204 226 0.0
204 227 0.00995018687695
204 228 0.0
204 229 0.00718901001859
204 230 0.0
204 231 0.000752482882569
204 232 0.0
204 233 0.000621886679809
204 234 0.0
204 235 0.10188991362
204 236 0.0
204 237 0.0094588963999
204 238 0.0
204 239 0.000398007475078
204 240 0.0
204 241 0.0155471669952
204 242 0.0
204 243 0.0304724473107
204 244 0.0
204 245 0.0048755915697
204 246 0.0
204 247 0.00121889789243
204 248 0.0
204 249 0.0216478753242
204 250 0.0
204 251 0.0738863564281
204 252 0.0
204 253 0.0149314991822
204 254 0.0
204 255 0.000304724473107
204 256 0.0
204 257 5.59698011828e-05
204 258 0.0
204 259 9.95018687695e-05
204 260 0.0
204 261 0.000895516818925
204 262 0.0
204 263 0.000621886679809
204 264 0.0
204 265 0.025472478405
204 266 0.0
204 267 0.0035820672757
204 268 0.0
204 269 5.59698011828e-05
204 270 0.0
204 271 0.0
204 272 0.0
204 273 0.0
204 274 0.0
204 275 0.0
204 276 0.0
204 277 5.59698011828e-05
204 278 0.0
204 279 2.48754671924e-05
204 280 0.0
204 281 6.21886679809e-06
204 282 0.0
204 283 0.000895516818925
204 284 0.0
204 285 0.00388679174881
204 286 0.0
204 287 0.000752482882569
204 288 0.0
204 289 0.0035820672757
204 290 0.0
204 291 0.000621886679809
204 292 0.0
204 293 5.59698011828e-05
204 294 0.0
204 295 6.21886679809e-06
204 296 0.0
204 297 0.0
204 298 0.0
204 299 6.21886679809e-06
204 300 0.0
204 301 0.000155471669952
204 302 0.0
204 303 9.95018687695e-05
204 304 0.0
204 305 2.48754671924e-05
204 306 0.0
204 307 0.00453355389581
204 308 0.0
204 309 0.00139924502957
204 310 0.0
204 311 0.000155471669952
204 312 0.0
204 313 0.0
204 314 0.0
204 315 6.21886679809e-06
204 316 0.0
204 317 2.48754671924e-05
204 318 0.0
204 319 6.21886679809e-06
204 320 0.0
204 321 2.48754671924e-05
204 322 0.0
204 323 6.21886679809e-06
204 324 0.0
204 325 0.00139924502957
204 326 0.0
204 327 0.00139924502957
204 328 0.0
204 329 9.95018687695e-05
204 330 0.0
204 331 6.21886679809e-06
204 332 0.0
204 333 2.48754671924e-05
204 334 0.0
204 335 0.0
204 336 0.0
204 337 0.0
204 338 0.0
204 339 0.0
204 340 0.0
204 341 0.000304724473107
204 342 0.0
204 343 0.00139924502957
204 344 0.0
204 345 0.000304724473107
204 346 0.0
204 347 9.95018687695e-05
204 348 0.0
204 349 0.000895516818925
204 350 0.0
204 351 0.000621886679809
204 352 0.0
204 353 0.000155471669952
204 354 0.0
204 355 6.21886679809e-06
204 356 0.0
204 357 0.0
204 358 0.0
204 359 0.0
204 360 0.0
204 361 0.0
204 362 0.0
204 363 2.48754671924e-05
204 364 0.0
204 365 6.21886679809e-06
204 366 0.0
204 367 0.000304724473107
204 368 0.0
204 369 9.95018687695e-05
204 370 0.0
204 371 0.000398007475078
204 372 0.0
204 373 0.000223879204731
204 374 0.0
204 375 9.95018687695e-05
204 376 0.0
204 377 2.48754671924e-05
204 378 0.0
204 379 0.0
204 380 0.0
204 381 5.59698011828e-05
204 382 0.0
204 383 2.48754671924e-05
204 384 0.0
204 385 5.59698011828e-05
204 386 0.0
204 387 2.48754671924e-05
204 388 0.0
204 389 0.0
204 390 0.0
204 391 5.59698011828e-05
204 392 0.0
204 393 6.21886679809e-06
204 394 0.0
204 395 5.59698011828e-05
204 396 0.0
204 397 9.95018687695e-05
204 398 0.0
204 399 2.48754671924e-05
204 400 0.0
205 0 0.0
205 1 2.48754671924e-05
205 2 0.0
205 3 2.48754671924e-05
205 4 0.0
205 5 0.000155471669952
205 6 0.0
205 7 0.000304724473107
205 8 0.0
205 9 2.48754671924e-05
205 10 0.0
205 11 0.000398007475078
205 12 0.0
205 13 5.59698011828e-05
205 14 0.0
205 15 2.48754671924e-05
205 16 0.0
205 17 0.000155471669952
205 18 0.0
205 19 6.21886679809e-06
205 20 0.0
205 21 2.48754671924e-05
205 22 0.0
205 23 6.21886679809e-06
205 24 0.0
205 25 6.21886679809e-06
205 26 0.0
205 27 6.21886679809e-06
205 28 0.0
205 29 0.000304724473107
205 30 0.0
205 31 9.95018687695e-05
205 32 0.0
205 33 2.48754671924e-05
205 34 0.0
205 35 6.21886679809e-06
205 36 0.0
205 37 0.000621886679809
205 38 0.0
205 39 0.000223879204731
205 40 0.0
205 41 6.21886679809e-06
205 42 0.0
205 43 5.59698011828e-05
205 44 0.0
205 45 0.0
205 46 0.0
205 47 6.21886679809e-06
205 48 0.0
205 49 0.0
205 50 0.0
205 51 0.0
205 52 0.0
205 53 0.0
205 54 0.0
205 55 6.21886679809e-06
205 56 0.0
205 57 9.95018687695e-05
205 58 0.0
205 59 0.000155471669952
205 60 6.21886679809e-06
205 61 0.00139924502957
205 62 0.0
205 63 0.000155471669952
205 64 0.0
205 65 0.000304724473107
205 66 0.0
205 67 0.000398007475078
205 68 0.0
205 69 9.95018687695e-05
205 70 0.0
205 71 6.21886679809e-06
205 72 0.0
205 73 2.48754671924e-05
205 74 0.0
205 75 0.0
205 76 0.0
205 77 6.21886679809e-06
205 78 0.0
205 79 0.0
205 80 0.0
205 81 0.0
205 82 0.0
205 83 0.0
205 84 0.0
205 85 0.000304724473107
205 86 0.0
205 87 0.000621886679809
205 88 0.0
205 89 0.00179725250465
205 90 0.0
205 91 9.95018687695e-05
205 92 0.0
205 93 0.000752482882569
205 94 0.0
205 95 0.00179725250465
205 96 0.0
205 97 5.59698011828e-05
205 98 0.0
205 99 0.0
205 100 0.0
205 101 6.21886679809e-06
205 102 0.0
205 103 6.21886679809e-06
205 104 0.0
205 105 0.0
205 106 0.0
205 107 0.0
205 108 0.0
205 109 0.000304724473107
205 110 0.0
205 111 0.000155471669952
205 112 0.0
205 113 2.48754671924e-05
205 114 0.0
205 115 0.00453355389581
205 116 0.0
205 117 0.00201491284258
205 118 0.0
205 119 0.000304724473107
205 120 0.0
205 121 0.0
205 122 0.0
205 123 0.0
205 124 0.0
205 125 0.0
205 126 0.0
205 127 0.00179725250465
205 128 0.0
205 129 0.00851362864659
205 130 0.0
205 131 0.0048755915697
205 132 0.0
205 133 0.00851362864659
205 134 0.0
205 135 0.000621886679809
205 136 0.0
205 137 6.21886679809e-06
205 138 0.0
205 139 0.0
205 140 0.0
205 141 0.0
205 142 0.0
205 143 0.0
205 144 0.0
205 145 0.0
205 146 0.0
205 147 0.0
205 148 0.0
205 149 0.0
205 150 0.0
205 151 0.00453355389581
205 152 0.0
205 153 0.00677234594312
205 154 0.0
205 155 0.0195023662788
205 156 0.0
205 157 6.21886679809e-06
205 158 0.0
205 159 0.0
205 160 0.0
205 161 6.21886679809e-06
205 162 0.0
205 163 5.59698011828e-05
205 164 0.0
205 165 2.48754671924e-05
205 166 0.0
205 167 0.000155471669952
205 168 0.0
205 169 0.00224501091411
205 170 0.0
205 171 0.0223879204731
205 172 0.0
205 173 0.00718901001859
205 174 0.0
205 175 6.21886679809e-06
205 176 0.0
205 177 6.21886679809e-06
205 178 0.0
205 179 0.0
205 180 0.0
205 181 0.0503728210645
205 182 0.0
205 183 0.0672632632882
205 184 0.0
205 185 9.95018687695e-05
205 186 0.0
205 187 0.0
205 188 6.21886679809e-06
205 189 0.000895516818925
205 190 0.0
205 191 0.068563006449
205 192 6.21886679809e-06
205 193 0.0104539150876
205 194 6.21886679809e-06
205 195 0.000155471669952
205 196 6.21886679809e-06
205 197 9.95018687695e-05
205 198 6.21886679809e-06
205 199 5.59698011828e-05
205 200 0.000155471669952
205 201 0.000223879204731
205 202 0.00274252025796
205 203 0.00300993153028
205 204 0.00995018687695
205 205 0.013737476757
205 206 0.00898004365644
205 207 0.00995018687695
205 208 0.00898004365644
205 209 0.00851362864659
205 210 0.0109700810318
205 211 0.0104539150876
205 212 0.0131591221448
205 213 0.0109700810318
205 214 0.00898004365644
205 215 0.00898004365644
205 216 0.00898004365644
205 217 0.00898004365644
205 218 0.00898004365644
205 219 0.00851362864659
205 220 0.00898004365644
205 221 0.00898004365644
205 222 0.0120397261211
205 223 0.0131591221448
205 224 0.0109700810318
205 225 0.0120397261211
205 226 0.00995018687695
205 227 0.0161752725418
205 228 0.000223879204731
205 229 0.00201491284258
205 230 0.0
205 231 2.48754671924e-05
205 232 2.48754671924e-05
205 233 0.000895516818925
205 234 5.59698011828e-05
205 235 0.100304102586
205 236 6.21886679809e-06
205 237 0.00898004365644
205 238 0.0
205 239 0.000398007475078
205 240 0.0
205 241 0.0155471669952
205 242 6.21886679809e-06
205 243 0.0313493075292
205 244 0.0
205 245 0.0048755915697
205 246 0.0
205 247 0.00121889789243
205 248 0.0
205 249 0.0216478753242
205 250 0.0
205 251 0.0738863564281
205 252 0.0
205 253 0.0149314991822
205 254 0.0
205 255 0.000304724473107
205 256 0.0
205 257 5.59698011828e-05
205 258 0.0
205 259 9.95018687695e-05
205 260 0.0
205 261 0.000895516818925
205 262 0.0
205 263 0.000621886679809
205 264 0.0
205 265 0.025472478405
205 266 0.0
205 267 0.0035820672757
205 268 0.0
205 269 5.59698011828e-05
205 270 0.0
205 271 0.0
205 272 0.0
205 273 0.0
205 274 0.0
205 275 0.0
205 276 0.0
205 277 5.59698011828e-05
205 278 0.0
205 279 2.48754671924e-05
205 280 0.0
205 281 6.21886679809e-06
205 282 0.0
205 283 0.000895516818925
205 284 0.0
205 285 0.00388679174881
205 286 0.0
205 287 0.000752482882569
205 288 0.0
205 289 0.0035820672757
205 290 0.0
205 291 0.000621886679809
205 292 0.0
205 293 5.59698011828e-05
205 294 0.0
205 295 6.21886679809e-06
205 296 0.0
205 297 0.0
205 298 0.0
205 299 6.21886679809e-06
205 300 0.0
205 301 0.000155471669952
205 302 0.0
205 303 9.95018687695e-05
205 304 0.0
205 305 2.48754671924e-05
205 306 0.0
205 307 0.00453355389581
205 308 0.0
205 309 0.00139924502957
205 310 0.0
205 311 0.000155471669952
205 312 0.0
205 313 0.0
205 314 0.0
205 315 6.21886679809e-06
205 316 0.0
205 317 2.48754671924e-05
205 318 0.0
205 319 6.21886679809e-06
205 320 0.0
205 321 2.48754671924e-05
205 322 0.0
205 323 6.21886679809e-06
205 324 0.0
205 325 0.00139924502957
205 326 0.0
205 327 0.00139924502957
205 328 0.0
205 329 9.95018687695e-05
205 330 0.0
205 331 6.21886679809e-06
205 332 0.0
205 333 2.48754671924e-05
205 334 0.0
205 335 0.0
205 336 0.0
205 337 0.0
205 338 0.0
205 339 0.0
205 340 0.0
205 341 0.000304724473107
205 342 0.0
205 343 0.00139924502957
205 344 0.0
205 345 0.000304724473107
205 346 0.0
205 347 9.95018687695e-05
205 348 0.0
205 349 0.000895516818925
205 350 0.0
205 351 0.000621886679809
205 352 0.0
205 353 0.000155471669952
205 354 0.0
205 355 6.21886679809e-06
205 356 0.0
205 357 0.0
205 358 0.0
205 359 0.0
205 360 0.0
205 361 0.0
205 362 0.0
205 363 2.48754671924e-05
205 364 0.0
205 365 6.21886679809e-06
205 366 0.0
205 367 0.000304724473107
205 368 0.0
205 369 0.000155471669952
205 370 6.21886679809e-06
205 371 0.000398007475078
205 372 0.0
205 373 0.000223879204731
205 374 0.0
205 375 0.000155471669952
205 376 6.21886679809e-06
205 377 6.21886679809e-06
205 378 0.0
205 379 0.0
205 380 0.0
205 381 5.59698011828e-05
205 382 0.0
205 383 2.48754671924e-05
205 384 0.0
205 385 2.48754671924e-05
205 386 0.0
205 387 2.48754671924e-05
205 388 0.0
205 389 6.21886679809e-06
205 390 6.21886679809e-06
205 391 2.48754671924e-05
205 392 0.0
205 393 2.48754671924e-05
205 394 6.21886679809e-06
205 395 9.95018687695e-05
205 396 6.21886679809e-06
205 397 5.59698011828e-05
205 398 6.21886679809e-06
205 399 5.59698011828e-05
205 400 0.0
206 0 0.0
206 1 2.48754671924e-05
206 2 0.0
206 3 2.48754671924e-05
206 4 0.0
206 5 0.000155471669952
206 6 0.0
206 7 0.000304724473107
206 8 0.0
206 9 2.48754671924e-05
206 10 0.0
206 11 0.000398007475078
206 12 0.0
206 13 5.59698011828e-05
206 14 0.0
206 15 2.48754671924e-05
206 16 0.0
206 17 0.000155471669952
206 18 0.0
206 19 6.21886679809e-06
206 20 0.0
206 21 2.48754671924e-05
206 22 0.0
206 23 6.21886679809e-06
206 24 0.0
206 25 6.21886679809e-06
206 26 0.0
206 27 6.21886679809e-06
206 28 0.0
206 29 0.000304724473107
206 30 0.0
206 31 9.95018687695e-05
206 32 0.0
206 33 2.48754671924e-05
206 34 0.0
206 35 6.21886679809e-06
206 36 0.0
206 37 0.000621886679809
206 38 0.0
206 39 0.000223879204731
206 40 0.0
206 41 6.21886679809e-06
206 42 0.0
206 43 5.59698011828e-05
206 44 0.0
206 45 0.0
206 46 0.0
206 47 6.21886679809e-06
206 48 0.0
206 49 0.0
206 50 0.0
206 51 0.0
206 52 0.0
206 53 0.0
206 54 0.0
206 55 6.21886679809e-06
206 56 0.0
206 57 5.59698011828e-05
206 58 0.0
206 59 0.000155471669952
206 60 0.0
206 61 0.00121889789243
206 62 0.0
206 63 0.000223879204731
206 64 0.0
206 65 0.000304724473107
206 66 0.0
206 67 0.000398007475078
206 68 0.0
206 69 9.95018687695e-05
206 70 0.0
206 71 6.21886679809e-06
206 72 0.0
206 73 2.48754671924e-05
206 74 0.0
206 75 0.0
206 76 0.0
206 77 6.21886679809e-06
206 78 0.0
206 79 0.0
206 80 0.0
206 81 0.0
206 82 0.0
206 83 0.0
206 84 0.0
206 85 0.000304724473107
206 86 0.0
206 87 0.000621886679809
206 88 0.0
206 89 0.00179725250465
206 90 0.0
206 91 9.95018687695e-05
206 92 0.0
206 93 0.000752482882569
206 94 0.0
206 95 0.00179725250465
206 96 0.0
206 97 5.59698011828e-05
206 98 0.0
206 99 0.0
206 100 0.0
206 101 6.21886679809e-06
206 102 0.0
206 103 6.21886679809e-06
206 104 0.0
206 105 0.0
206 106 0.0
206 107 0.0
206 108 0.0
206 109 0.000304724473107
206 110 0.0
206 111 0.000155471669952
206 112 0.0
206 113 2.48754671924e-05
206 114 0.0
206 115 0.00453355389581
206 116 0.0
206 117 0.00201491284258
206 118 0.0
206 119 0.000304724473107
206 120 0.0
206 121 0.0
206 122 0.0
206 123 0.0
206 124 0.0
206 125 0.0
206 126 0.0
206 127 0.00179725250465
206 128 0.0
206 129 0.00851362864659
206 130 0.0
206 131 0.0048755915697
206 132 0.0
206 133 0.00851362864659
206 134 0.0
206 135 0.000621886679809
206 136 0.0
206 137 6.21886679809e-06
206 138 0.0
206 139 0.0
206 140 0.0
206 141 0.0
206 142 0.0
206 143 0.0
206 144 0.0
206 145 0.0
206 146 0.0
206 147 0.0
206 148 0.0
206 149 0.0
206 150 0.0
206 151 0.00453355389581
206 152 0.0
206 153 0.00677234594312
206 154 0.0
206 155 0.0195023662788
206 156 0.0
206 157 6.21886679809e-06
206 158 0.0
206 159 0.0
206 160 0.0
206 161 6.21886679809e-06
206 162 0.0
206 163 5.59698011828e-05
206 164 0.0
206 165 2.48754671924e-05
206 166 0.0
206 167 0.000155471669952
206 168 0.0
206 169 0.00224501091411
206 170 0.0
206 171 0.0223879204731
206 172 0.0
206 173 0.00718901001859
206 174 0.0
206 175 6.21886679809e-06
206 176 0.0
206 177 6.21886679809e-06
206 178 0.0
206 179 0.0
206 180 0.0
206 181 0.0492596439077
206 182 0.0
206 183 0.065975957861
206 184 0.0
206 185 9.95018687695e-05
206 186 0.0
206 187 0.0
206 188 0.0
206 189 0.000895516818925
206 190 0.0
206 191 0.0698751873434
206 192 0.0
206 193 0.00995018687695
206 194 0.0
206 195 0.000223879204731
206 196 0.0
206 197 5.59698011828e-05
206 198 0.0
206 199 6.21886679809e-06
206 200 0.0
206 201 0.000155471669952
206 202 0.0
206 203 0.0
206 204 0.0
206 205 2.48754671924e-05
206 206 0.0
206 207 2.48754671924e-05
206 208 0.0
206 209 0.0
206 210 0.0
206 211 0.0
206 212 0.0
206 213 0.0
206 214 0.0
206 215 0.0
206 216 0.0
206 217 0.0
206 218 0.0
206 219 0.0
206 220 0.0
206 221 0.0
206 222 0.0
206 223 0.0
206 224 0.0
206 225 0.0
206 226 0.0
206 227 0.0
206 228 0.0
206 229 5.59698011828e-05
206 230 0.0
206 231 2.48754671924e-05
206 232 0.0
206 233 0.000752482882569
206 234 0.0
206 235 0.100304102586
206 236 0.0
206 237 0.00898004365644
206 238 0.0
206 239 0.000398007475078
206 240 0.0
206 241 0.0149314991822
206 242 0.0
206 243 0.0313493075292
206 244 0.0
206 245 0.0048755915697
206 246 0.0
206 247 0.00121889789243
206 248 0.0
206 249 0.0216478753242
206 250 0.0
206 251 0.0738863564281
206 252 0.0
206 253 0.0149314991822
206 254 0.0
206 255 0.000304724473107
206 256 0.0
206 257 5.59698011828e-05
206 258 0.0
206 259 9.95018687695e-05
206 260 0.0
206 261 0.000895516818925
206 262 0.0
206 263 0.000621886679809
206 264 0.0
206 265 0.025472478405
206 266 0.0
206 267 0.0035820672757
206 268 0.0
206 269 5.59698011828e-05
206 270 0.0
206 271 0.0
206 272 0.0
206 273 0.0
206 274 0.0
206 275 0.0
206 276 0.0
206 277 5.59698011828e-05
206 278 0.0
206 279 2.48754671924e-05
206 280 0.0
206 281 6.21886679809e-06
206 282 0.0
206 283 0.000895516818925
206 284 0.0
206 285 0.00388679174881
206 286 0.0
206 287 0.000752482882569
206 288 0.0
206 289 0.0035820672757
206 290 0.0
206 291 0.000621886679809
206 292 0.0
206 293 5.59698011828e-05
206 294 0.0
206 295 6.21886679809e-06
206 296 0.0
206 297 0.0
206 298 0.0
206 299 6.21886679809e-06
206 300 0.0
206 301 0.000223879204731
206 302 0.0
206 303 9.95018687695e-05
206 304 0.0
206 305 5.59698011828e-05
206 306 0.0
206 307 0.00453355389581
206 308 0.0
206 309 0.00139924502957
206 310 0.0
206 311 0.000155471669952
206 312 0.0
206 313 0.0
206 314 0.0
206 315 6.21886679809e-06
206 316 0.0
206 317 2.48754671924e-05
206 318 0.0
206 319 6.21886679809e-06
206 320 0.0
206 321 2.48754671924e-05
206 322 0.0
206 323 6.21886679809e-06
206 324 0.0
206 325 0.00139924502957
206 326 0.0
206 327 0.00139924502957
206 328 0.0
206 329 9.95018687695e-05
206 330 0.0
206 331 6.21886679809e-06
206 332 0.0
206 333 2.48754671924e-05
206 334 0.0
206 335 0.0
206 336 0.0
206 337 0.0
206 338 0.0
206 339 0.0
206 340 0.0
206 341 0.000304724473107
206 342 0.0
206 343 0.00139924502957
206 344 0.0
206 345 0.000304724473107
206 346 0.0
206 347 9.95018687695e-05
206 348 0.0
206 349 0.000895516818925
206 350 0.0
206 351 0.000621886679809
206 352 0.0
206 353 0.000155471669952
206 354 0.0
206 355 6.21886679809e-06
206 356 0.0
206 357 0.0
206 358 0.0
206 359 0.0
206 360 0.0
206 361 0.0
206 362 0.0
206 363 2.48754671924e-05
206 364 0.0
206 365 6.21886679809e-06
206 366 0.0
206 367 0.000304724473107
206 368 0.0
206 369 9.95018687695e-05
206 370 0.0
206 371 0.000304724473107
206 372 0.0
206 373 0.000223879204731
206 374 0.0
206 375 9.95018687695e-05
206 376 0.0
206 377 6.21886679809e-06
206 378 0.0
206 379 0.0
206 380 0.0
206 381 5.59698011828e-05
206 382 0.0
206 383 2.48754671924e-05
206 384 0.0
206 385 5.59698011828e-05
206 386 0.0
206 387 6.21886679809e-06
206 388 0.0
206 389 0.0
206 390 0.0
206 391 5.59698011828e-05
206 392 0.0
206 393 2.48754671924e-05
206 394 0.0
206 395 9.95018687695e-05
206 396 0.0
206 397 9.95018687695e-05
206 398 0.0
206 399 2.48754671924e-05
206 400 0.0
207 0 0.0
207 1 2.48754671924e-05
207 2 0.0
207 3 2.48754671924e-05
207 4 0.0
207 5 0.000155471669952
207 6 0.0
207 7 0.000304724473107
207 8 0.0
207 9 2.48754671924e-05
207 10 0.0
207 11 0.000398007475078
207 12 0.0
207 13 5.59698011828e-05
207 14 0.0
207 15 2.48754671924e-05
207 16 0.0
207 17 0.000155471669952
207 18 0.0
207 19 6.21886679809e-06
207 20 0.0
207 21 2.48754671924e-05
207 22 0.0
207 23 6.21886679809e-06
207 24 0.0
207 25 6.21886679809e-06
207 26 0.0
207 27 6.21886679809e-06
207 28 0.0
207 29 0.000304724473107
207 30 0.0
207 31 9.95018687695e-05
207 32 0.0
207 33 2.48754671924e-05
207 34 0.0
207 35 6.21886679809e-06
207 36 0.0
207 37 0.000621886679809
207 38 0.0
207 39 0.000223879204731
207 40 0.0
207 41 6.21886679809e-06
207 42 0.0
207 43 5.59698011828e-05
207 44 0.0
207 45 0.0
207 46 0.0
207 47 6.21886679809e-06
207 48 0.0
207 49 0.0
207 50 0.0
207 51 0.0
207 52 0.0
207 53 0.0
207 54 0.0
207 55 6.21886679809e-06
207 56 0.0
207 57 2.48754671924e-05
207 58 0.0
207 59 0.000223879204731
207 60 2.48754671924e-05
207 61 0.00121889789243
207 62 6.21886679809e-06
207 63 0.000155471669952
207 64 0.0
207 65 0.000304724473107
207 66 0.0
207 67 0.000398007475078
207 68 0.0
207 69 9.95018687695e-05
207 70 0.0
207 71 6.21886679809e-06
207 72 0.0
207 73 2.48754671924e-05
207 74 0.0
207 75 0.0
207 76 0.0
207 77 6.21886679809e-06
207 78 0.0
207 79 0.0
207 80 0.0
207 81 0.0
207 82 0.0
207 83 0.0
207 84 0.0
207 85 0.000304724473107
207 86 0.0
207 87 0.000621886679809
207 88 0.0
207 89 0.00179725250465
207 90 0.0
207 91 9.95018687695e-05
207 92 0.0
207 93 0.000752482882569
207 94 0.0
207 95 0.00179725250465
207 96 0.0
207 97 5.59698011828e-05
207 98 0.0
207 99 0.0
207 100 0.0
207 101 6.21886679809e-06
207 102 0.0
207 103 6.21886679809e-06
207 104 0.0
207 105 0.0
207 106 0.0
207 107 0.0
207 108 0.0
207 109 0.000304724473107
207 110 0.0
207 111 0.000155471669952
207 112 0.0
207 113 2.48754671924e-05
207 114 0.0
207 115 0.00453355389581
207 116 0.0
207 117 0.00201491284258
207 118 0.0
207 119 0.000304724473107
207 120 0.0
207 121 0.0
207 122 0.0
207 123 0.0
207 124 0.0
207 125 0.0
207 126 0.0
207 127 0.00179725250465
207 128 0.0
207 129 0.00851362864659
207 130 0.0
207 131 0.0048755915697
207 132 0.0
207 133 0.00851362864659
207 134 0.0
207 135 0.000621886679809
207 136 0.0
207 137 6.21886679809e-06
207 138 0.0
207 139 0.0
207 140 0.0
207 141 0.0
207 142 0.0
207 143 0.0
207 144 0.0
207 145 0.0
207 146 0.0
207 147 0.0
207 148 0.0
207 149 0.0
207 150 0.0
207 151 0.00453355389581
207 152 0.0
207 153 0.00677234594312
207 154 0.0
207 155 0.0195023662788
207 156 0.0
207 157 6.21886679809e-06
207 158 0.0
207 159 0.0
207 160 0.0
207 161 6.21886679809e-06
207 162 0.0
207 163 5.59698011828e-05
207 164 0.0
207 165 2.48754671924e-05
207 166 0.0
207 167 0.000155471669952
207 168 0.0
207 169 0.00224501091411
207 170 0.0
207 171 0.0223879204731
207 172 0.0
207 173 0.00718901001859
207 174 0.0
207 175 0.0
207 176 0.0
207 177 2.48754671924e-05
207 178 6.21886679809e-06
207 179 6.21886679809e-06
207 180 0.0
207 181 0.0470706027948
207 182 0.0
207 183 0.0634386602073
207 184 0.0
207 185 9.95018687695e-05
207 186 0.0
207 187 6.21886679809e-06
207 188 2.48754671924e-05
207 189 0.000895516818925
207 190 2.48754671924e-05
207 191 0.0698751873434
207 192 6.21886679809e-06
207 193 0.0094588963999
207 194 6.21886679809e-06
207 195 0.000223879204731
207 196 6.21886679809e-06
207 197 5.59698011828e-05
207 198 0.0
207 199 0.000155471669952
207 200 0.000155471669952
207 201 6.21886679809e-06
207 202 0.000398007475078
207 203 0.000398007475078
207 204 0.000223879204731
207 205 0.000155471669952
207 206 0.000223879204731
207 207 0.000223879204731
207 208 0.000304724473107
207 209 0.000304724473107
207 210 0.000304724473107
207 211 0.000304724473107
207 212 0.000304724473107
207 213 0.000223879204731
207 214 0.000223879204731
207 215 0.000155471669952
207 216 0.000223879204731
207 217 0.000223879204731
207 218 0.000223879204731
207 219 0.000223879204731
207 220 0.000223879204731
207 221 0.000223879204731
207 222 0.000223879204731
207 223 0.000223879204731
207 224 0.000304724473107
207 225 0.000223879204731
207 226 0.000223879204731
207 227 0.000223879204731
207 228 0.000398007475078
207 229 0.0
207 230 5.59698011828e-05
207 231 6.21886679809e-06
207 232 0.0
207 233 0.000752482882569
207 234 2.48754671924e-05
207 235 0.0971697937202
207 236 2.48754671924e-05
207 237 0.0094588963999
207 238 6.21886679809e-06
207 239 0.000398007475078
207 240 0.0
207 241 0.0149314991822
207 242 0.0
207 243 0.0304724473107
207 244 0.0
207 245 0.0048755915697
207 246 0.0
207 247 0.00121889789243
207 248 0.0
207 249 0.0216478753242
207 250 0.0
207 251 0.0738863564281
207 252 0.0
207 253 0.0149314991822
207 254 0.0
207 255 0.000304724473107
207 256 0.0
207 257 5.59698011828e-05
207 258 0.0
207 259 9.95018687695e-05
207 260 0.0
207 261 0.000895516818925
207 262 0.0
207 263 0.000621886679809
207 264 0.0
207 265 0.025472478405
207 266 0.0
207 267 0.0035820672757
207 268 0.0
207 269 5.59698011828e-05
207 270 0.0
207 271 0.0
207 272 0.0
207 273 0.0
207 274 0.0
207 275 0.0
207 276 0.0
207 277 5.59698011828e-05
207 278 0.0
207 279 2.48754671924e-05
207 280 0.0
207 281 6.21886679809e-06
207 282 0.0
207 283 0.000895516818925
207 284 0.0
207 285 0.00388679174881
207 286 0.0
207 287 0.000752482882569
207 288 0.0
207 289 0.0035820672757
207 290 0.0
207 291 0.000621886679809
207 292 0.0
207 293 5.59698011828e-05
207 294 0.0
207 295 6.21886679809e-06
207 296 0.0
207 297 0.0
207 298 0.0
207 299 6.21886679809e-06
207 300 0.0
207 301 0.000223879204731
207 302 0.0
207 303 0.000223879204731
207 304 6.21886679809e-06
207 305 2.48754671924e-05
207 306 0.0
207 307 0.00453355389581
207 308 0.0
207 309 0.00139924502957
207 310 0.0
207 311 0.000155471669952
207 312 0.0
207 313 0.0
207 314 0.0
207 315 6.21886679809e-06
207 316 0.0
207 317 2.48754671924e-05
207 318 0.0
207 319 6.21886679809e-06
207 320 0.0
207 321 2.48754671924e-05
207 322 0.0
207 323 6.21886679809e-06
207 324 0.0
207 325 0.00139924502957
207 326 0.0
207 327 0.00139924502957
207 328 0.0
207 329 9.95018687695e-05
207 330 0.0
207 331 6.21886679809e-06
207 332 0.0
207 333 2.48754671924e-05
207 334 0.0
207 335 0.0
207 336 0.0
207 337 0.0
207 338 0.0
207 339 0.0
207 340 0.0
207 341 0.000304724473107
207 342 0.0
207 343 0.00139924502957
207 344 0.0
207 345 0.000304724473107
207 346 0.0
207 347 9.95018687695e-05
207 348 0.0
207 349 0.000895516818925
207 350 0.0
207 351 0.000621886679809
207 352 0.0
207 353 0.000155471669952
207 354 0.0
207 355 6.21886679809e-06
207 356 0.0
207 357 0.0
207 358 0.0
207 359 0.0
207 360 0.0
207 361 0.0
207 362 0.0
207 363 2.48754671924e-05
207 364 0.0
207 365 6.21886679809e-06
207 366 0.0
207 367 0.000304724473107
207 368 0.0
207 369 9.95018687695e-05
207 370 6.21886679809e-06
207 371 0.000223879204731
207 372 6.21886679809e-06
207 373 0.000155471669952
207 374 6.21886679809e-06
207 375 5.59698011828e-05
207 376 0.0
207 377 2.48754671924e-05
207 378 0.0
207 379 0.0
207 380 0.0
207 381 5.59698011828e-05
207 382 0.0
207 383 5.59698011828e-05
207 384 0.0
207 385 5.59698011828e-05
207 386 0.0
207 387 5.59698011828e-05
207 388 0.0
207 389 2.48754671924e-05
207 390 6.21886679809e-06
207 391 2.48754671924e-05
207 392 5.59698011828e-05
207 393 9.95018687695e-05
207 394 2.48754671924e-05
207 395 0.000155471669952
207 396 6.21886679809e-06
207 397 5.59698011828e-05
207 398 6.21886679809e-06
207 399 2.48754671924e-05
207 400 0.0
208 0 0.0
208 1 2.48754671924e-05
208 2 0.0
208 3 2.48754671924e-05
208 4 0.0
208 5 0.000155471669952
208 6 0.0
208 7 0.000304724473107
208 8 0.0
208 9 2.48754671924e-05
208 10 0.0
208 11 0.000398007475078
208 12 0.0
208 13 5.59698011828e-05
208 14 0.0
208 15 2.48754671924e-05
208 16 0.0
208 17 0.000155471669952
208 18 0.0
208 19 6.21886679809e-06
208 20 0.0
208 21 2.48754671924e-05
208 22 0.0
208 23 6.21886679809e-06
208 24 0.0
208 25 6.21886679809e-06
208 26 0.0
208 27 6.21886679809e-06
208 28 0.0
208 29 0.000304724473107
208 30 0.0
208 31 9.95018687695e-05
208 32 0.0
208 33 2.48754671924e-05
208 34 0.0
208 35 6.21886679809e-06
208 36 0.0
208 37 0.000621886679809
208 38 0.0
208 39 0.000223879204731
208 40 0.0
208 41 6.21886679809e-06
208 42 0.0
208 43 5.59698011828e-05
208 44 0.0
208 45 0.0
208 46 0.0
208 47 6.21886679809e-06
208 48 0.0
208 49 0.0
208 50 0.0
208 51 0.0
208 52 0.0
208 53 0.0
208 54 0.0
208 55 6.21886679809e-06
208 56 0.0
208 57 6.21886679809e-06
208 58 0.0
208 59 0.000155471669952
208 60 0.0
208 61 0.000895516818925
208 62 0.0
208 63 0.000223879204731
208 64 0.0
208 65 0.000304724473107
208 66 0.0
208 67 0.000398007475078
208 68 0.0
208 69 9.95018687695e-05
208 70 0.0
208 71 6.21886679809e-06
208 72 0.0
208 73 2.48754671924e-05
208 74 0.0
208 75 0.0
208 76 0.0
208 77 6.21886679809e-06
208 78 0.0
208 79 0.0
208 80 0.0
208 81 0.0
208 82 0.0
208 83 0.0
208 84 0.0
208 85 0.000304724473107
208 86 0.0
208 87 0.000621886679809
208 88 0.0
208 89 0.00179725250465
208 90 0.0
208 91 9.95018687695e-05
208 92 0.0
208 93 0.000752482882569
208 94 0.0
208 95 0.00179725250465
208 96 0.0
208 97 5.59698011828e-05
208 98 0.0
208 99 0.0
208 100 0.0
208 101 6.21886679809e-06
208 102 0.0
208 103 6.21886679809e-06
208 104 0.0
208 105 0.0
208 106 0.0
208 107 0.0
208 108 0.0
208 109 0.000304724473107
208 110 0.0
208 111 0.000155471669952
208 112 0.0
208 113 2.48754671924e-05
208 114 0.0
208 115 0.00453355389581
208 116 0.0
208 117 0.00201491284258
208 118 0.0
208 119 0.000304724473107
208 120 0.0
208 121 0.0
208 122 0.0
208 123 0.0
208 124 0.0
208 125 0.0
208 126 0.0
208 127 0.00179725250465
208 128 0.0
208 129 0.00851362864659
208 130 0.0
208 131 0.0048755915697
208 132 0.0
208 133 0.00851362864659
208 134 0.0
208 135 0.000621886679809
208 136 0.0
208 137 6.21886679809e-06
208 138 0.0
208 139 0.0
208 140 0.0
208 141 0.0
208 142 0.0
208 143 0.0
208 144 0.0
208 145 0.0
208 146 0.0
208 147 0.0
208 148 0.0
208 149 0.0
208 150 0.0
208 151 0.00453355389581
208 152 0.0
208 153 0.00677234594312
208 154 0.0
208 155 0.0195023662788
208 156 0.0
208 157 6.21886679809e-06
208 158 0.0
208 159 0.0
208 160 0.0
208 161 6.21886679809e-06
208 162 0.0
208 163 5.59698011828e-05
208 164 0.0
208 165 2.48754671924e-05
208 166 0.0
208 167 0.000155471669952
208 168 0.0
208 169 0.00224501091411
208 170 0.0
208 171 0.0223879204731
208 172 0.0
208 173 0.00718901001859
208 174 0.0
208 175 0.0
208 176 0.0
208 177 2.48754671924e-05
208 178 0.0
208 179 2.48754671924e-05
208 180 0.0
208 181 0.0470706027948
208 182 0.0
208 183 0.0634386602073
208 184 0.0
208 185 9.95018687695e-05
208 186 0.0
208 187 0.0
208 188 0.0
208 189 0.00105098848888
208 190 0.0
208 191 0.068563006449
208 192 0.0
208 193 0.00898004365644
208 194 0.0
208 195 0.000304724473107
208 196 0.0
208 197 5.59698011828e-05
208 198 0.0
208 199 6.21886679809e-06
208 200 0.0
208 201 6.21886679809e-06
208 202 0.0
208 203 0.0
208 204 0.0
208 205 0.0
208 206 0.0
208 207 0.0
208 208 0.0
208 209 6.21886679809e-06
208 210 0.0
208 211 0.0
208 212 0.0
208 213 6.21886679809e-06
208 214 0.0
208 215 6.21886679809e-06
208 216 0.0
208 217 0.0
208 218 0.0
208 219 6.21886679809e-06
208 220 0.0
208 221 6.21886679809e-06
208 222 0.0
208 223 0.0
208 224 0.0
208 225 0.0
208 226 0.0
208 227 0.0
208 228 0.0
208 229 2.48754671924e-05
208 230 0.0
208 231 0.0
208 232 0.0
208 233 0.000503728210645
208 234 0.0
208 235 0.103488162387
208 236 0.0
208 237 0.00995018687695
208 238 0.0
208 239 0.000304724473107
208 240 0.0
208 241 0.0174687968358
208 242 0.0
208 243 0.0296080248257
208 244 0.0
208 245 0.0048755915697
208 246 0.0
208 247 0.00121889789243
208 248 0.0
208 249 0.0216478753242
208 250 0.0
208 251 0.0738863564281
208 252 0.0
208 253 0.0149314991822
208 254 0.0
208 255 0.000304724473107
208 256 0.0
208 257 5.59698011828e-05
208 258 0.0
208 259 9.95018687695e-05
208 260 0.0
208 261 0.000895516818925
208 262 0.0
208 263 0.000621886679809
208 264 0.0
208 265 0.025472478405
208 266 0.0
208 267 0.0035820672757
208 268 0.0
208 269 5.59698011828e-05
208 270 0.0
208 271 0.0
208 272 0.0
208 273 0.0
208 274 0.0
208 275 0.0
208 276 0.0
208 277 5.59698011828e-05
208 278 0.0
208 279 2.48754671924e-05
208 280 0.0
208 281 6.21886679809e-06
208 282 0.0
208 283 0.000895516818925
208 284 0.0
208 285 0.00388679174881
208 286 0.0
208 287 0.000752482882569
208 288 0.0
208 289 0.0035820672757
208 290 0.0
208 291 0.000621886679809
208 292 0.0
208 293 5.59698011828e-05
208 294 0.0
208 295 6.21886679809e-06
208 296 0.0
208 297 0.0
208 298 0.0
208 299 6.21886679809e-06
208 300 0.0
208 301 0.000223879204731
208 302 0.0
208 303 0.000155471669952
208 304 0.0
208 305 5.59698011828e-05
208 306 0.0
208 307 0.00453355389581
208 308 0.0
208 309 0.00139924502957
208 310 0.0
208 311 0.000155471669952
208 312 0.0
208 313 0.0
208 314 0.0
208 315 6.21886679809e-06
208 316 0.0
208 317 2.48754671924e-05
208 318 0.0
208 319 6.21886679809e-06
208 320 0.0
208 321 2.48754671924e-05
208 322 0.0
208 323 6.21886679809e-06
208 324 0.0
208 325 0.00139924502957
208 326 0.0
208 327 0.00139924502957
208 328 0.0
208 329 9.95018687695e-05
208 330 0.0
208 331 6.21886679809e-06
208 332 0.0
208 333 2.48754671924e-05
208 334 0.0
208 335 0.0
208 336 0.0
208 337 0.0
208 338 0.0
208 339 0.0
208 340 0.0
208 341 0.000304724473107
208 342 0.0
208 343 0.00139924502957
208 344 0.0
208 345 0.000304724473107
208 346 0.0
208 347 9.95018687695e-05
208 348 0.0
208 349 0.000895516818925
208 350 0.0
208 351 0.000621886679809
208 352 0.0
208 353 0.000155471669952
208 354 0.0
208 355 6.21886679809e-06
208 356 0.0
208 357 0.0
208 358 0.0
208 359 0.0
208 360 0.0
208 361 0.0
208 362 0.0
208 363 2.48754671924e-05
208 364 0.0
208 365 6.21886679809e-06
208 366 0.0
208 367 0.000223879204731
208 368 0.0
208 369 9.95018687695e-05
208 370 0.0
208 371 0.000304724473107
208 372 0.0
208 373 0.000223879204731
208 374 0.0
208 375 2.48754671924e-05
208 376 0.0
208 377 2.48754671924e-05
208 378 0.0
208 379 0.0
208 380 0.0
208 381 5.59698011828e-05
208 382 0.0
208 383 5.59698011828e-05
208 384 0.0
208 385 5.59698011828e-05
208 386 0.0
208 387 5.59698011828e-05
208 388 0.0
208 389 6.21886679809e-06
208 390 0.0
208 391 9.95018687695e-05
208 392 0.0
208 393 6.21886679809e-06
208 394 0.0
208 395 9.95018687695e-05
208 396 0.0
208 397 9.95018687695e-05
208 398 0.0
208 399 2.48754671924e-05
208 400 0.0
209 0 0.0
209 1 2.48754671924e-05
209 2 0.0
209 3 2.48754671924e-05
209 4 0.0
209 5 0.000155471669952
209 6 0.0
209 7 0.000304724473107
209 8 0.0
209 9 2.48754671924e-05
209 10 0.0
209 11 0.000398007475078
209 12 0.0
209 13 5.59698011828e-05
209 14 0.0
209 15 2.48754671924e-05
209 16 0.0
209 17 0.000155471669952
209 18 0.0
209 19 6.21886679809e-06
209 20 0.0
209 21 2.48754671924e-05
209 22 0.0
209 23 6.21886679809e-06
209 24 0.0
209 25 6.21886679809e-06
209 26 0.0
209 27 6.21886679809e-06
209 28 0.0
209 29 0.000304724473107
209 30 0.0
209 31 9.95018687695e-05
209 32 0.0
209 33 2.48754671924e-05
209 34 0.0
209 35 6.21886679809e-06
209 36 0.0
209 37 0.000621886679809
209 38 0.0
209 39 0.000223879204731
209 40 0.0
209 41 6.21886679809e-06
209 42 0.0
209 43 5.59698011828e-05
209 44 0.0
209 45 0.0
209 46 0.0
209 47 6.21886679809e-06
209 48 0.0
209 49 0.0
209 50 0.0
209 51 0.0
209 52 0.0
209 53 0.0
209 54 0.0
209 55 6.21886679809e-06
209 56 0.0
209 57 6.21886679809e-06
209 58 0.0
209 59 0.000155471669952
209 60 0.0
209 61 0.000895516818925
209 62 0.0
209 63 0.000223879204731
209 64 0.0
209 65 0.000304724473107
209 66 0.0
209 67 0.000398007475078
209 68 0.0
209 69 9.95018687695e-05
209 70 0.0
209 71 6.21886679809e-06
209 72 0.0
209 73 2.48754671924e-05
209 74 0.0
209 75 0.0
209 76 0.0
209 77 6.21886679809e-06
209 78 0.0
209 79 0.0
209 80 0.0
209 81 0.0
209 82 0.0
209 83 0.0
209 84 0.0
209 85 0.000304724473107
209 86 0.0
209 87 0.000621886679809
209 88 0.0
209 89 0.00179725250465
209 90 0.0
209 91 9.95018687695e-05
209 92 0.0
209 93 0.000752482882569
209 94 0.0
209 95 0.00179725250465
209 96 0.0
209 97 5.59698011828e-05
209 98 0.0
209 99 0.0
209 100 0.0
209 101 6.21886679809e-06
209 102 0.0
209 103 6.21886679809e-06
209 104 0.0
209 105 0.0
209 106 0.0
209 107 0.0
209 108 0.0
209 109 0.000304724473107
209 110 0.0
209 111 0.000155471669952
209 112 0.0
209 113 2.48754671924e-05
209 114 0.0
209 115 0.00453355389581
209 116 0.0
209 117 0.00201491284258
209 118 0.0
209 119 0.000304724473107
209 120 0.0
209 121 0.0
209 122 0.0
209 123 0.0
209 124 0.0
209 125 0.0
209 126 0.0
209 127 0.00179725250465
209 128 0.0
209 129 0.00851362864659
209 130 0.0
209 131 0.0048755915697
209 132 0.0
209 133 0.00851362864659
209 134 0.0
209 135 0.000621886679809
209 136 0.0
209 137 6.21886679809e-06
209 138 0.0
209 139 0.0
209 140 0.0
209 141 0.0
209 142 0.0
209 143 0.0
209 144 0.0
209 145 0.0
209 146 0.0
209 147 0.0
209 148 0.0
209 149 0.0
209 150 0.0
209 151 0.00453355389581
209 152 0.0
209 153 0.00677234594312
209 154 0.0
209 155 0.0195023662788
209 156 0.0
209 157 6.21886679809e-06
209 158 0.0
209 159 0.0
209 160 0.0
209 161 6.21886679809e-06
209 162 0.0
209 163 5.59698011828e-05
209 164 0.0
209 165 2.48754671924e-05
209 166 0.0
209 167 0.000155471669952
209 168 0.0
209 169 0.00224501091411
209 170 0.0
209 171 0.0223879204731
209 172 0.0
209 173 0.00718901001859
209 174 0.0
209 175 0.0
209 176 0.0
209 177 5.59698011828e-05
209 178 6.21886679809e-06
209 179 5.59698011828e-05
209 180 0.0
209 181 0.0470706027948
209 182 0.0
209 183 0.0634386602073
209 184 0.0
209 185 0.000155471669952
209 186 2.48754671924e-05
209 187 0.0
209 188 2.48754671924e-05
209 189 0.00105098848888
209 190 5.59698011828e-05
209 191 0.068563006449
209 192 6.21886679809e-06
209 193 0.00898004365644
209 194 6.21886679809e-06
209 195 0.000398007475078
209 196 6.21886679809e-06
209 197 2.48754671924e-05
209 198 6.21886679809e-06
209 199 6.21886679809e-06
209 200 6.21886679809e-06
209 201 6.21886679809e-06
209 202 5.59698011828e-05
209 203 9.95018687695e-05
209 204 2.48754671924e-05
209 205 2.48754671924e-05
209 206 2.48754671924e-05
209 207 6.21886679809e-06
209 208 6.21886679809e-06
209 209 6.21886679809e-06
209 210 6.21886679809e-06
209 211 6.21886679809e-06
209 212 6.21886679809e-06
209 213 6.21886679809e-06
209 214 2.48754671924e-05
209 215 2.48754671924e-05
209 216 2.48754671924e-05
209 217 2.48754671924e-05
209 218 2.48754671924e-05
209 219 2.48754671924e-05
209 220 2.48754671924e-05
209 221 6.21886679809e-06
209 222 6.21886679809e-06
209 223 6.21886679809e-06
209 224 6.21886679809e-06
209 225 6.21886679809e-06
209 226 6.21886679809e-06
209 227 6.21886679809e-06
209 228 2.48754671924e-05
209 229 5.59698011828e-05
209 230 2.48754671924e-05
209 231 0.0
209 232 6.21886679809e-06
209 233 0.000503728210645
209 234 5.59698011828e-05
209 235 0.100304102586
209 236 2.48754671924e-05
209 237 0.00995018687695
209 238 6.21886679809e-06
209 239 0.000398007475078
209 240 0.0
209 241 0.0155471669952
209 242 0.0
209 243 0.0304724473107
209 244 0.0
209 245 0.0048755915697
209 246 0.0
209 247 0.00121889789243
209 248 0.0
209 249 0.0216478753242
209 250 0.0
209 251 0.0738863564281
209 252 0.0
209 253 0.0149314991822
209 254 0.0
209 255 0.000304724473107
209 256 0.0
209 257 5.59698011828e-05
209 258 0.0
209 259 9.95018687695e-05
209 260 0.0
209 261 0.000895516818925
209 262 0.0
209 263 0.000621886679809
209 264 0.0
209 265 0.025472478405
209 266 0.0
209 267 0.0035820672757
209 268 0.0
209 269 5.59698011828e-05
209 270 0.0
209 271 0.0
209 272 0.0
209 273 0.0
209 274 0.0
209 275 0.0
209 276 0.0
209 277 5.59698011828e-05
209 278 0.0
209 279 2.48754671924e-05
209 280 0.0
209 281 6.21886679809e-06
209 282 0.0
209 283 0.000895516818925
209 284 0.0
209 285 0.00388679174881
209 286 0.0
209 287 0.000752482882569
209 288 0.0
209 289 0.0035820672757
209 290 0.0
209 291 0.000621886679809
209 292 0.0
209 293 5.59698011828e-05
209 294 0.0
209 295 6.21886679809e-06
209 296 0.0
209 297 0.0
209 298 0.0
209 299 6.21886679809e-06
209 300 0.0
209 301 0.000155471669952
209 302 6.21886679809e-06
209 303 0.000223879204731
209 304 0.0
209 305 5.59698011828e-05
209 306 6.21886679809e-06
209 307 0.00420395395551
209 308 0.0
209 309 0.00139924502957
209 310 0.0
209 311 0.000155471669952
209 312 0.0
209 313 0.0
209 314 0.0
209 315 6.21886679809e-06
209 316 0.0
209 317 2.48754671924e-05
209 318 0.0
209 319 6.21886679809e-06
209 320 0.0
209 321 2.48754671924e-05
209 322 0.0
209 323 6.21886679809e-06
209 324 0.0
209 325 0.00139924502957
209 326 0.0
209 327 0.00139924502957
209 328 0.0
209 329 9.95018687695e-05
209 330 0.0
209 331 6.21886679809e-06
209 332 0.0
209 333 2.48754671924e-05
209 334 0.0
209 335 0.0
209 336 0.0
209 337 0.0
209 338 0.0
209 339 0.0
209 340 0.0
209 341 0.000304724473107
209 342 0.0
209 343 0.00139924502957
209 344 0.0
209 345 0.000304724473107
209 346 0.0
209 347 9.95018687695e-05
209 348 0.0
209 349 0.000895516818925
209 350 0.0
209 351 0.000621886679809
209 352 0.0
209 353 0.000155471669952
209 354 0.0
209 355 6.21886679809e-06
209 356 0.0
209 357 0.0
209 358 0.0
209 359 0.0
209 360 0.0
209 361 0.0
209 362 0.0
209 363 2.48754671924e-05
209 364 0.0
209 365 6.21886679809e-06
209 366 0.0
209 367 0.000223879204731
209 368 0.0
209 369 9.95018687695e-05
209 370 0.0
209 371 0.000223879204731
209 372 6.21886679809e-06
209 373 0.000223879204731
209 374 0.0
209 375 5.59698011828e-05
209 376 6.21886679809e-06
209 377 5.59698011828e-05
209 378 0.0
209 379 0.0
209 380 0.0
209 381 5.59698011828e-05
209 382 0.0
209 383 5.59698011828e-05
209 384 6.21886679809e-06
209 385 2.48754671924e-05
209 386 6.21886679809e-06
209 387 5.59698011828e-05
209 388 0.0
209 389 6.21886679809e-06
209 390 0.0
209 391 9.95018687695e-05
209 392 0.0
209 393 6.21886679809e-06
209 394 0.0
209 395 9.95018687695e-05
209 396 0.0
209 397 9.95018687695e-05
209 398 0.0
209 399 2.48754671924e-05
209 400 0.0
210 0 0.0
210 1 2.48754671924e-05
210 2 0.0
210 3 2.48754671924e-05
210 4 0.0
210 5 0.000155471669952
210 6 0.0
210 7 0.000304724473107
210 8 0.0
210 9 2.48754671924e-05
210 10 0.0
210 11 0.000398007475078
210 12 0.0
210 13 5.59698011828e-05
210 14 0.0
210 15 2.48754671924e-05
210 16 0.0
210 17 0.000155471669952
210 18 0.0
210 19 6.21886679809e-06
210 20 0.0
210 21 2.48754671924e-05
210 22 0.0
210 23 6.21886679809e-06
210 24 0.0
210 25 6.21886679809e-06
210 26 0.0
210 27 6.21886679809e-06
210 28 0.0
210 29 0.000304724473107
210 30 0.0
210 31 9.95018687695e-05
210 32 0.0
210 33 2.48754671924e-05
210 34 0.0
210 35 6.21886679809e-06
210 36 0.0
210 37 0.000621886679809
210 38 0.0
210 39 0.000223879204731
210 40 0.0
210 41 6.21886679809e-06
210 42 0.0
210 43 5.59698011828e-05
210 44 0.0
210 45 0.0
210 46 0.0
210 47 6.21886679809e-06
210 48 0.0
210 49 0.0
210 50 0.0
210 51 0.0
210 52 0.0
210 53 0.0
210 54 0.0
210 55 6.21886679809e-06
210 56 0.0
210 57 6.21886679809e-06
210 58 0.0
210 59 0.000155471669952
210 60 0.0
210 61 0.000895516818925
210 62 0.0
210 63 0.000223879204731
210 64 0.0
210 65 0.000304724473107
210 66 0.0
210 67 0.000398007475078
210 68 0.0
210 69 9.95018687695e-05
210 70 0.0
210 71 6.21886679809e-06
210 72 0.0
210 73 2.48754671924e-05
210 74 0.0
210 75 0.0
210 76 0.0
210 77 6.21886679809e-06
210 78 0.0
210 79 0.0
210 80 0.0
210 81 0.0
210 82 0.0
210 83 0.0
210 84 0.0
210 85 0.000304724473107
210 86 0.0
210 87 0.000621886679809
210 88 0.0
210 89 0.00179725250465
210 90 0.0
210 91 9.95018687695e-05
210 92 0.0
210 93 0.000752482882569
210 94 0.0
210 95 0.00179725250465
210 96 0.0
210 97 5.59698011828e-05
210 98 0.0
210 99 0.0
210 100 0.0
210 101 6.21886679809e-06
210 102 0.0
210 103 6.21886679809e-06
210 104 0.0
210 105 0.0
210 106 0.0
210 107 0.0
210 108 0.0
210 109 0.000304724473107
210 110 0.0
210 111 0.000155471669952
210 112 0.0
210 113 2.48754671924e-05
210 114 0.0
210 115 0.00453355389581
210 116 0.0
210 117 0.00201491284258
210 118 0.0
210 119 0.000304724473107
210 120 0.0
210 121 0.0
210 122 0.0
210 123 0.0
210 124 0.0
210 125 0.0
210 126 0.0
210 127 0.00179725250465
210 128 0.0
210 129 0.00851362864659
210 130 0.0
210 131 0.0048755915697
210 132 0.0
210 133 0.00851362864659
210 134 0.0
210 135 0.000621886679809
210 136 0.0
210 137 6.21886679809e-06
210 138 0.0
210 139 0.0
210 140 0.0
210 141 0.0
210 142 0.0
210 143 0.0
210 144 0.0
210 145 0.0
210 146 0.0
210 147 0.0
210 148 0.0
210 149 0.0
210 150 0.0
210 151 0.00453355389581
210 152 0.0
210 153 0.00677234594312
210 154 0.0
210 155 0.0195023662788
210 156 0.0
210 157 6.21886679809e-06
210 158 0.0
210 159 0.0
210 160 0.0
210 161 6.21886679809e-06
210 162 0.0
210 163 5.59698011828e-05
210 164 0.0
210 165 2.48754671924e-05
210 166 0.0
210 167 0.000155471669952
210 168 0.0
210 169 0.00224501091411
210 170 0.0
210 171 0.0223879204731
210 172 0.0
210 173 0.00718901001859
210 174 0.0
210 175 0.0
210 176 0.0
210 177 2.48754671924e-05
210 178 0.0
210 179 2.48754671924e-05
210 180 0.0
210 181 0.0470706027948
210 182 0.0
210 183 0.0634386602073
210 184 0.0
210 185 0.000155471669952
210 186 0.0
210 187 2.48754671924e-05
210 188 0.0
210 189 0.000752482882569
210 190 0.0
210 191 0.0634386602073
210 192 0.0
210 193 0.00898004365644
210 194 0.0
210 195 0.000304724473107
210 196 0.0
210 197 5.59698011828e-05
210 198 0.0
210 199 0.0
210 200 0.0
210 201 0.0
210 202 0.0
210 203 6.21886679809e-06
210 204 0.0
210 205 0.0
210 206 0.0
210 207 0.0
210 208 0.0
210 209 6.21886679809e-06
210 210 0.0
210 211 6.21886679809e-06
210 212 0.0
210 213 0.0
210 214 0.0
210 215 0.0
210 216 0.0
210 217 6.21886679809e-06
210 218 0.0
210 219 0.0
210 220 0.0
210 221 0.0
210 222 0.0
210 223 0.0
210 224 0.0
210 225 6.21886679809e-06
210 226 0.0
210 227 0.0
210 228 0.0
210 229 5.59698011828e-05
210 230 0.0
210 231 6.21886679809e-06
210 232 0.0
210 233 0.000503728210645
210 234 0.0
210 235 0.100304102586
210 236 0.0
210 237 0.00851362864659
210 238 0.0
210 239 0.000398007475078
210 240 0.0
210 241 0.013737476757
210 242 0.0
210 243 0.0313493075292
210 244 0.0
210 245 0.0048755915697
210 246 0.0
210 247 0.00121889789243
210 248 0.0
210 249 0.0216478753242
210 250 0.0
210 251 0.0738863564281
210 252 0.0
210 253 0.0149314991822
210 254 0.0
210 255 0.000304724473107
210 256 0.0
210 257 5.59698011828e-05
210 258 0.0
210 259 9.95018687695e-05
210 260 0.0
210 261 0.000895516818925
210 262 0.0
210 263 0.000621886679809
210 264 0.0
210 265 0.025472478405
210 266 0.0
210 267 0.0035820672757
210 268 0.0
210 269 5.59698011828e-05
210 270 0.0
210 271 0.0
210 272 0.0
210 273 0.0
210 274 0.0
210 275 0.0
210 276 0.0
210 277 5.59698011828e-05
210 278 0.0
210 279 2.48754671924e-05
210 280 0.0
210 281 6.21886679809e-06
210 282 0.0
210 283 0.000895516818925
210 284 0.0
210 285 0.00388679174881
210 286 0.0
210 287 0.000752482882569
210 288 0.0
210 289 0.0035820672757
210 290 0.0
210 291 0.000621886679809
210 292 0.0
210 293 5.59698011828e-05
210 294 0.0
210 295 6.21886679809e-06
210 296 0.0
210 297 0.0
210 298 0.0
210 299 6.21886679809e-06
210 300 0.0
210 301 0.000223879204731
210 302 0.0
210 303 0.000155471669952
210 304 0.0
210 305 5.59698011828e-05
210 306 0.0
210 307 0.00453355389581
210 308 0.0
210 309 0.00139924502957
210 310 0.0
210 311 0.000155471669952
210 312 0.0
210 313 0.0
210 314 0.0
210 315 6.21886679809e-06
210 316 0.0
210 317 2.48754671924e-05
210 318 0.0
210 319 6.21886679809e-06
210 320 0.0
210 321 2.48754671924e-05
210 322 0.0
210 323 6.21886679809e-06
210 324 0.0
210 325 0.00139924502957
210 326 0.0
210 327 0.00139924502957
210 328 0.0
210 329 9.95018687695e-05
210 330 0.0
210 331 6.21886679809e-06
210 332 0.0
210 333 2.48754671924e-05
210 334 0.0
210 335 0.0
210 336 0.0
210 337 0.0
210 338 0.0
210 339 0.0
210 340 0.0
210 341 0.000304724473107
210 342 0.0
210 343 0.00139924502957
210 344 0.0
210 345 0.000304724473107
210 346 0.0
210 347 9.95018687695e-05
210 348 0.0
210 349 0.000895516818925
210 350 0.0
210 351 0.000621886679809
210 352 0.0
210 353 0.000155471669952
210 354 0.0
210 355 6.21886679809e-06
210 356 0.0
210 357 0.0
210 358 0.0
210 359 0.0
210 360 0.0
210 361 0.0
210 362 0.0
210 363 2.48754671924e-05
210 364 0.0
210 365 6.21886679809e-06
210 366 0.0
210 367 0.000223879204731
210 368 0.0
210 369 9.95018687695e-05
210 370 0.0
210 371 0.000304724473107
210 372 0.0
210 373 0.000223879204731
210 374 0.0
210 375 2.48754671924e-05
210 376 0.0
210 377 2.48754671924e-05
210 378 0.0
210 379 0.0
210 380 0.0
210 381 5.59698011828e-05
210 382 0.0
210 383 5.59698011828e-05
210 384 0.0
210 385 5.59698011828e-05
210 386 0.0
210 387 5.59698011828e-05
210 388 0.0
210 389 6.21886679809e-06
210 390 0.0
210 391 9.95018687695e-05
210 392 0.0
210 393 6.21886679809e-06
210 394 0.0
210 395 9.95018687695e-05
210 396 0.0
210 397 9.95018687695e-05
210 398 0.0
210 399 2.48754671924e-05
210 400 0.0
211 0 0.0
211 1 2.48754671924e-05
211 2 0.0
211 3 2.48754671924e-05
211 4 0.0
211 5 0.000155471669952
211 6 0.0
211 7 0.000304724473107
211 8 0.0
211 9 2.48754671924e-05
211 10 0.0
211 11 0.000398007475078
211 12 0.0
211 13 5.59698011828e-05
211 14 0.0
211 15 2.48754671924e-05
211 16 0.0
211 17 0.000155471669952
211 18 0.0
211 19 6.21886679809e-06
211 20 0.0
211 21 2.48754671924e-05
211 22 0.0
211 23 6.21886679809e-06
211 24 0.0
211 25 6.21886679809e-06
211 26 0.0
211 27 6.21886679809e-06
211 28 0.0
211 29 0.000304724473107
211 30 0.0
211 31 9.95018687695e-05
211 32 0.0
211 33 2.48754671924e-05
211 34 0.0
211 35 6.21886679809e-06
211 36 0.0
211 37 0.000621886679809
211 38 0.0
211 39 0.000223879204731
211 40 0.0
211 41 6.21886679809e-06
211 42 0.0
211 43 5.59698011828e-05
211 44 0.0
211 45 0.0
211 46 0.0
211 47 6.21886679809e-06
211 48 0.0
211 49 0.0
211 50 0.0
211 51 0.0
211 52 0.0
211 53 0.0
211 54 0.0
211 55 6.21886679809e-06
211 56 0.0
211 57 6.21886679809e-06
211 58 0.0
211 59 0.000155471669952
211 60 0.0
211 61 0.000895516818925
211 62 0.0
211 63 0.000155471669952
211 64 6.21886679809e-06
211 65 0.000398007475078
211 66 6.21886679809e-06
211 67 0.000304724473107
211 68 0.0
211 69 9.95018687695e-05
211 70 0.0
211 71 2.48754671924e-05
211 72 0.0
211 73 2.48754671924e-05
211 74 0.0
211 75 0.0
211 76 0.0
211 77 6.21886679809e-06
211 78 0.0
211 79 0.0
211 80 0.0
211 81 0.0
211 82 0.0
211 83 0.0
211 84 0.0
211 85 0.000304724473107
211 86 0.0
211 87 0.000621886679809
211 88 0.0
211 89 0.00179725250465
211 90 0.0
211 91 9.95018687695e-05
211 92 0.0
211 93 0.000752482882569
211 94 0.0
211 95 0.00179725250465
211 96 0.0
211 97 5.59698011828e-05
211 98 0.0
211 99 0.0
211 100 0.0
211 101 6.21886679809e-06
211 102 0.0
211 103 6.21886679809e-06
211 104 0.0
211 105 0.0
211 106 0.0
211 107 0.0
211 108 0.0
211 109 0.000304724473107
211 110 0.0
211 111 0.000155471669952
211 112 0.0
211 113 2.48754671924e-05
211 114 0.0
211 115 0.00453355389581
211 116 0.0
211 117 0.00201491284258
211 118 0.0
211 119 0.000304724473107
211 120 0.0
211 121 0.0
211 122 0.0
211 123 0.0
211 124 0.0
211 125 0.0
211 126 0.0
211 127 0.00179725250465
211 128 0.0
211 129 0.00851362864659
211 130 0.0
211 131 0.0048755915697
211 132 0.0
211 133 0.00851362864659
211 134 0.0
211 135 0.000621886679809
211 136 0.0
211 137 6.21886679809e-06
211 138 0.0
211 139 0.0
211 140 0.0
211 141 0.0
211 142 0.0
211 143 0.0
211 144 0.0
211 145 0.0
211 146 0.0
211 147 0.0
211 148 0.0
211 149 0.0
211 150 0.0
211 151 0.00453355389581
211 152 0.0
211 153 0.00677234594312
211 154 0.0
211 155 0.0195023662788
211 156 0.0
211 157 6.21886679809e-06
211 158 0.0
211 159 0.0
211 160 0.0
211 161 6.21886679809e-06
211 162 0.0
211 163 5.59698011828e-05
211 164 0.0
211 165 2.48754671924e-05
211 166 0.0
211 167 0.000155471669952
211 168 0.0
211 169 0.00224501091411
211 170 0.0
211 171 0.0223879204731
211 172 0.0
211 173 0.00718901001859
211 174 0.0
211 175 0.0
211 176 0.0
211 177 2.48754671924e-05
211 178 0.0
211 179 2.48754671924e-05
211 180 0.0
211 181 0.0470706027948
211 182 0.0
211 183 0.0634386602073
211 184 0.0
211 185 0.000155471669952
211 186 6.21886679809e-06
211 187 6.21886679809e-06
211 188 6.21886679809e-06
211 189 0.000398007475078
211 190 2.48754671924e-05
211 191 0.0438803241273
211 192 0.0143282691028
211 193 0.0573130764112
211 194 0.0223879204731
211 195 0.0181342155832
211 196 0.0223879204731
211 197 0.0246826823216
211 198 0.0223879204731
211 199 0.0223879204731
211 200 0.0216478753242
211 201 0.0216478753242
211 202 0.0216478753242
211 203 0.0223879204731
211 204 0.0216478753242
211 205 0.0216478753242
211 206 0.0216478753242
211 207 0.0223879204731
211 208 0.0223879204731
211 209 0.0231404033557
211 210 0.0223879204731
211 211 0.0231404033557
211 212 0.0223879204731
211 213 0.0223879204731
211 214 0.0216478753242
211 215 0.0216478753242
211 216 0.0216478753242
211 217 0.0223879204731
211 218 0.0216478753242
211 219 0.0216478753242
211 220 0.0216478753242
211 221 0.0223879204731
211 222 0.0223879204731
211 223 0.0223879204731
211 224 0.0223879204731
211 225 0.0223879204731
211 226 0.0223879204731
211 227 0.0223879204731
211 228 0.0223879204731
211 229 0.0246826823216
211 230 0.0239053239719
211 231 0.0239053239719
211 232 0.0231404033557
211 233 0.0279164930566
211 234 0.0231404033557
211 235 0.0609511134881
211 236 0.000304724473107
211 237 0.00995018687695
211 238 0.0
211 239 0.000304724473107
211 240 0.0
211 241 0.016815815822
211 242 0.0
211 243 0.0304724473107
211 244 0.0
211 245 0.0048755915697
211 246 0.0
211 247 0.00121889789243
211 248 0.0
211 249 0.0216478753242
211 250 0.0
211 251 0.0738863564281
211 252 0.0
211 253 0.0149314991822
211 254 0.0
211 255 0.000304724473107
211 256 0.0
211 257 5.59698011828e-05
211 258 0.0
211 259 9.95018687695e-05
211 260 0.0
211 261 0.000895516818925
211 262 0.0
211 263 0.000621886679809
211 264 0.0
211 265 0.025472478405
211 266 0.0
211 267 0.0035820672757
211 268 0.0
211 269 5.59698011828e-05
211 270 0.0
211 271 0.0
211 272 0.0
211 273 0.0
211 274 0.0
211 275 0.0
211 276 0.0
211 277 5.59698011828e-05
211 278 0.0
211 279 2.48754671924e-05
211 280 0.0
211 281 6.21886679809e-06
211 282 0.0
211 283 0.000895516818925
211 284 0.0
211 285 0.00388679174881
211 286 0.0
211 287 0.000752482882569
211 288 0.0
211 289 0.0035820672757
211 290 0.0
211 291 0.000621886679809
211 292 0.0
211 293 5.59698011828e-05
211 294 0.0
211 295 6.21886679809e-06
211 296 0.0
211 297 0.0
211 298 0.0
211 299 6.21886679809e-06
211 300 0.0
211 301 0.000223879204731
211 302 0.0
211 303 0.000155471669952
211 304 0.0
211 305 5.59698011828e-05
211 306 0.0
211 307 0.00453355389581
211 308 0.0
211 309 0.00139924502957
211 310 0.0
211 311 0.000155471669952
211 312 0.0
211 313 0.0
211 314 0.0
211 315 6.21886679809e-06
211 316 0.0
211 317 2.48754671924e-05
211 318 0.0
211 319 6.21886679809e-06
211 320 0.0
211 321 2.48754671924e-05
211 322 0.0
211 323 6.21886679809e-06
211 324 0.0
211 325 0.00139924502957
211 326 0.0
211 327 0.00139924502957
211 328 0.0
211 329 9.95018687695e-05
211 330 0.0
211 331 6.21886679809e-06
211 332 0.0
211 333 2.48754671924e-05
211 334 0.0
211 335 0.0
211 336 0.0
211 337 0.0
211 338 0.0
211 339 0.0
211 340 0.0
211 341 0.000304724473107
211 342 0.0
211 343 0.00139924502957
211 344 0.0
211 345 0.000304724473107
211 346 0.0
211 347 9.95018687695e-05
211 348 0.0
211 349 0.000895516818925
211 350 0.0
211 351 0.000621886679809
211 352 0.0
211 353 0.000155471669952
211 354 0.0
211 355 6.21886679809e-06
211 356 0.0
211 357 0.0
211 358 0.0
211 359 0.0
211 360 0.0
211 361 0.0
211 362 0.0
211 363 2.48754671924e-05
211 364 0.0
211 365 6.21886679809e-06
211 366 0.0
211 367 0.000223879204731
211 368 0.0
211 369 9.95018687695e-05
211 370 0.0
211 371 0.000223879204731
211 372 2.48754671924e-05
211 373 0.000155471669952
211 374 0.0
211 375 5.59698011828e-05
211 376 6.21886679809e-06
211 377 5.59698011828e-05
211 378 0.0
211 379 0.0
211 380 0.0
211 381 5.59698011828e-05
211 382 0.0
211 383 5.59698011828e-05
211 384 0.0
211 385 2.48754671924e-05
211 386 6.21886679809e-06
211 387 5.59698011828e-05
211 388 0.0
211 389 6.21886679809e-06
211 390 0.0
211 391 9.95018687695e-05
211 392 0.0
211 393 6.21886679809e-06
211 394 0.0
211 395 9.95018687695e-05
211 396 0.0
211 397 9.95018687695e-05
211 398 0.0
211 399 2.48754671924e-05
211 400 0.0
212 0 0.0
212 1 2.48754671924e-05
212 2 0.0
212 3 2.48754671924e-05
212 4 0.0
212 5 0.000155471669952
212 6 0.0
212 7 0.000304724473107
212 8 0.0
212 9 2.48754671924e-05
212 10 0.0
212 11 0.000398007475078
212 12 0.0
212 13 5.59698011828e-05
212 14 0.0
212 15 2.48754671924e-05
212 16 0.0
212 17 0.000155471669952
212 18 0.0
212 19 6.21886679809e-06
212 20 0.0
212 21 2.48754671924e-05
212 22 0.0
212 23 6.21886679809e-06
212 24 0.0
212 25 6.21886679809e-06
212 26 0.0
212 27 6.21886679809e-06
212 28 0.0
212 29 0.000304724473107
212 30 0.0
212 31 9.95018687695e-05
212 32 0.0
212 33 2.48754671924e-05
212 34 0.0
212 35 6.21886679809e-06
212 36 0.0
212 37 0.000621886679809
212 38 0.0
212 39 0.000223879204731
212 40 0.0
212 41 6.21886679809e-06
212 42 0.0
212 43 5.59698011828e-05
212 44 0.0
212 45 0.0
212 46 0.0
212 47 6.21886679809e-06
212 48 0.0
212 49 0.0
212 50 0.0
212 51 0.0
212 52 0.0
212 53 0.0
212 54 0.0
212 55 6.21886679809e-06
212 56 0.0
212 57 6.21886679809e-06
212 58 0.0
212 59 0.000155471669952
212 60 0.0
212 61 0.000895516818925
212 62 0.0
212 63 0.000223879204731
212 64 0.0
212 65 0.000304724473107
212 66 0.0
212 67 0.000398007475078
212 68 0.0
212 69 9.95018687695e-05
212 70 0.0
212 71 6.21886679809e-06
212 72 0.0
212 73 2.48754671924e-05
212 74 0.0
212 75 0.0
212 76 0.0
212 77 6.21886679809e-06
212 78 0.0
212 79 0.0
212 80 0.0
212 81 0.0
212 82 0.0
212 83 0.0
212 84 0.0
212 85 0.000304724473107
212 86 0.0
212 87 0.000621886679809
212 88 0.0
212 89 0.00179725250465
212 90 0.0
212 91 9.95018687695e-05
212 92 0.0
212 93 0.000752482882569
212 94 0.0
212 95 0.00179725250465
212 96 0.0
212 97 5.59698011828e-05
212 98 0.0
212 99 0.0
212 100 0.0
212 101 6.21886679809e-06
212 102 0.0
212 103 6.21886679809e-06
212 104 0.0
212 105 0.0
212 106 0.0
212 107 0.0
212 108 0.0
212 109 0.000304724473107
212 110 0.0
212 111 0.000155471669952
212 112 0.0
212 113 2.48754671924e-05
212 114 0.0
212 115 0.00453355389581
212 116 0.0
212 117 0.00201491284258
212 118 0.0
212 119 0.000304724473107
212 120 0.0
212 121 0.0
212 122 0.0
212 123 0.0
212 124 0.0
212 125 0.0
212 126 0.0
212 127 0.00179725250465
212 128 0.0
212 129 0.00851362864659
212 130 0.0
212 131 0.0048755915697
212 132 0.0
212 133 0.00851362864659
212 134 0.0
212 135 0.000621886679809
212 136 0.0
212 137 6.21886679809e-06
212 138 0.0
212 139 0.0
212 140 0.0
212 141 0.0
212 142 0.0
212 143 0.0
212 144 0.0
212 145 0.0
212 146 0.0
212 147 0.0
212 148 0.0
212 149 0.0
212 150 0.0
212 151 0.00453355389581
212 152 0.0
212 153 0.00677234594312
212 154 0.0
212 155 0.0195023662788
212 156 0.0
212 157 6.21886679809e-06
212 158 0.0
212 159 0.0
212 160 0.0
212 161 6.21886679809e-06
212 162 0.0
212 163 5.59698011828e-05
212 164 0.0
212 165 2.48754671924e-05
212 166 0.0
212 167 0.000155471669952
212 168 0.0
212 169 0.00224501091411
212 170 0.0
212 171 0.0223879204731
212 172 0.0
212 173 0.00718901001859
212 174 0.0
212 175 0.0
212 176 0.0
212 177 2.48754671924e-05
212 178 0.0
212 179 2.48754671924e-05
212 180 0.0
212 181 0.0470706027948
212 182 0.0
212 183 0.0634386602073
212 184 0.0
212 185 9.95018687695e-05
212 186 0.0
212 187 6.21886679809e-06
212 188 0.0
212 189 2.48754671924e-05
212 190 0.0
212 191 0.0470706027948
212 192 0.0
212 193 0.00851362864659
212 194 0.0
212 195 0.000155471669952
212 196 0.0
212 197 2.48754671924e-05
212 198 0.0
212 199 0.0
212 200 0.0
212 201 0.0
212 202 0.0
212 203 6.21886679809e-06
212 204 0.0
212 205 0.0
212 206 0.0
212 207 0.0
212 208 0.0
212 209 6.21886679809e-06
212 210 0.0
212 211 6.21886679809e-06
212 212 0.0
212 213 0.0
212 214 0.0
212 215 0.0
212 216 0.0
212 217 6.21886679809e-06
212 218 0.0
212 219 0.0
212 220 0.0
212 221 0.0
212 222 0.0
212 223 0.0
212 224 0.0
212 225 0.0
212 226 0.0
212 227 0.0
212 228 0.0
212 229 5.59698011828e-05
212 230 0.0
212 231 0.000155471669952
212 232 0.0
212 233 0.000223879204731
212 234 0.0
212 235 0.0836810716351
212 236 0.0
212 237 0.00718901001859
212 238 0.0
212 239 0.000155471669952
212 240 0.0
212 241 0.016815815822
212 242 0.0
212 243 0.0296080248257
212 244 0.0
212 245 0.0048755915697
212 246 0.0
212 247 0.00121889789243
212 248 0.0
212 249 0.0216478753242
212 250 0.0
212 251 0.0738863564281
212 252 0.0
212 253 0.0149314991822
212 254 0.0
212 255 0.000304724473107
212 256 0.0
212 257 5.59698011828e-05
212 258 0.0
212 259 9.95018687695e-05
212 260 0.0
212 261 0.000895516818925
212 262 0.0
212 263 0.000621886679809
212 264 0.0
212 265 0.025472478405
212 266 0.0
212 267 0.0035820672757
212 268 0.0
212 269 5.59698011828e-05
212 270 0.0
212 271 0.0
212 272 0.0
212 273 0.0
212 274 0.0
212 275 0.0
212 276 0.0
212 277 5.59698011828e-05
212 278 0.0
212 279 2.48754671924e-05
212 280 0.0
212 281 6.21886679809e-06
212 282 0.0
212 283 0.000895516818925
212 284 0.0
212 285 0.00388679174881
212 286 0.0
212 287 0.000752482882569
212 288 0.0
212 289 0.0035820672757
212 290 0.0
212 291 0.000621886679809
212 292 0.0
212 293 5.59698011828e-05
212 294 0.0
212 295 6.21886679809e-06
212 296 0.0
212 297 0.0
212 298 0.0
212 299 6.21886679809e-06
212 300 0.0
212 301 0.000223879204731
212 302 0.0
212 303 0.000155471669952
212 304 0.0
212 305 5.59698011828e-05
212 306 0.0
212 307 0.00453355389581
212 308 0.0
212 309 0.00139924502957
212 310 0.0
212 311 0.000155471669952
212 312 0.0
212 313 0.0
212 314 0.0
212 315 6.21886679809e-06
212 316 0.0
212 317 2.48754671924e-05
212 318 0.0
212 319 6.21886679809e-06
212 320 0.0
212 321 2.48754671924e-05
212 322 0.0
212 323 6.21886679809e-06
212 324 0.0
212 325 0.00139924502957
212 326 0.0
212 327 0.00139924502957
212 328 0.0
212 329 9.95018687695e-05
212 330 0.0
212 331 6.21886679809e-06
212 332 0.0
212 333 2.48754671924e-05
212 334 0.0
212 335 0.0
212 336 0.0
212 337 0.0
212 338 0.0
212 339 0.0
212 340 0.0
212 341 0.000304724473107
212 342 0.0
212 343 0.00139924502957
212 344 0.0
212 345 0.000304724473107
212 346 0.0
212 347 9.95018687695e-05
212 348 0.0
212 349 0.000895516818925
212 350 0.0
212 351 0.000621886679809
212 352 0.0
212 353 0.000155471669952
212 354 0.0
212 355 6.21886679809e-06
212 356 0.0
212 357 0.0
212 358 0.0
212 359 0.0
212 360 0.0
212 361 0.0
212 362 0.0
212 363 2.48754671924e-05
212 364 0.0
212 365 6.21886679809e-06
212 366 0.0
212 367 0.000223879204731
212 368 0.0
212 369 9.95018687695e-05
212 370 0.0
212 371 0.000223879204731
212 372 0.0
212 373 0.000223879204731
212 374 0.0
212 375 2.48754671924e-05
212 376 0.0
212 377 2.48754671924e-05
212 378 0.0
212 379 0.0
212 380 0.0
212 381 5.59698011828e-05
212 382 0.0
212 383 5.59698011828e-05
212 384 0.0
212 385 5.59698011828e-05
212 386 0.0
212 387 5.59698011828e-05
212 388 0.0
212 389 6.21886679809e-06
212 390 0.0
212 391 9.95018687695e-05
212 392 0.0
212 393 6.21886679809e-06
212 394 0.0
212 395 9.95018687695e-05
212 396 0.0
212 397 9.95018687695e-05
212 398 0.0
212 399 2.48754671924e-05
212 400 0.0
213 0 0.0
213 1 2.48754671924e-05
213 2 0.0
213 3 2.48754671924e-05
213 4 0.0
213 5 0.000155471669952
213 6 0.0
213 7 0.000304724473107
213 8 0.0
213 9 2.48754671924e-05
213 10 0.0
213 11 0.000398007475078
213 12 0.0
213 13 5.59698011828e-05
213 14 0.0
213 15 2.48754671924e-05
213 16 0.0
213 17 0.000155471669952
213 18 0.0
213 19 6.21886679809e-06
213 20 0.0
213 21 2.48754671924e-05
213 22 0.0
213 23 6.21886679809e-06
213 24 0.0
213 25 6.21886679809e-06
213 26 0.0
213 27 6.21886679809e-06
213 28 0.0
213 29 0.000304724473107
213 30 0.0
213 31 9.95018687695e-05
213 32 0.0
213 33 2.48754671924e-05
213 34 0.0
213 35 6.21886679809e-06
213 36 0.0
213 37 0.000621886679809
213 38 0.0
213 39 0.000223879204731
213 40 0.0
213 41 6.21886679809e-06
213 42 0.0
213 43 5.59698011828e-05
213 44 0.0
213 45 0.0
213 46 0.0
213 47 6.21886679809e-06
213 48 0.0
213 49 0.0
213 50 0.0
213 51 0.0
213 52 0.0
213 53 0.0
213 54 0.0
213 55 6.21886679809e-06
213 56 0.0
213 57 6.21886679809e-06
213 58 0.0
213 59 0.000155471669952
213 60 0.0
213 61 0.00121889789243
213 62 6.21886679809e-06
213 63 0.000155471669952
213 64 0.0
213 65 0.000304724473107
213 66 0.0
213 67 0.000304724473107
213 68 0.0
213 69 9.95018687695e-05
213 70 0.0
213 71 2.48754671924e-05
213 72 0.0
213 73 2.48754671924e-05
213 74 0.0
213 75 0.0
213 76 0.0
213 77 6.21886679809e-06
213 78 0.0
213 79 0.0
213 80 0.0
213 81 0.0
213 82 0.0
213 83 0.0
213 84 0.0
213 85 0.000304724473107
213 86 0.0
213 87 0.000621886679809
213 88 0.0
213 89 0.00179725250465
213 90 0.0
213 91 9.95018687695e-05
213 92 0.0
213 93 0.000752482882569
213 94 0.0
213 95 0.00179725250465
213 96 0.0
213 97 5.59698011828e-05
213 98 0.0
213 99 0.0
213 100 0.0
213 101 6.21886679809e-06
213 102 0.0
213 103 6.21886679809e-06
213 104 0.0
213 105 0.0
213 106 0.0
213 107 0.0
213 108 0.0
213 109 0.000304724473107
213 110 0.0
213 111 0.000155471669952
213 112 0.0
213 113 2.48754671924e-05
213 114 0.0
213 115 0.00453355389581
213 116 0.0
213 117 0.00201491284258
213 118 0.0
213 119 0.000304724473107
213 120 0.0
213 121 0.0
213 122 0.0
213 123 0.0
213 124 0.0
213 125 0.0
213 126 0.0
213 127 0.00179725250465
213 128 0.0
213 129 0.00851362864659
213 130 0.0
213 131 0.0048755915697
213 132 0.0
213 133 0.00851362864659
213 134 0.0
213 135 0.000621886679809
213 136 0.0
213 137 6.21886679809e-06
213 138 0.0
213 139 0.0
213 140 0.0
213 141 0.0
213 142 0.0
213 143 0.0
213 144 0.0
213 145 0.0
213 146 0.0
213 147 0.0
213 148 0.0
213 149 0.0
213 150 0.0
213 151 0.00453355389581
213 152 0.0
213 153 0.00677234594312
213 154 0.0
213 155 0.0195023662788
213 156 0.0
213 157 6.21886679809e-06
213 158 0.0
213 159 0.0
213 160 0.0
213 161 6.21886679809e-06
213 162 0.0
213 163 9.95018687695e-05
213 164 6.21886679809e-06
213 165 5.59698011828e-05
213 166 0.0
213 167 0.000155471669952
213 168 0.0
213 169 0.00201491284258
213 170 0.0
213 171 0.0223879204731
213 172 0.0
213 173 0.00718901001859
213 174 0.0
213 175 0.0
213 176 0.0
213 177 2.48754671924e-05
213 178 0.0
213 179 2.48754671924e-05
213 180 0.0
213 181 0.0470706027948
213 182 0.0
213 183 0.0634386602073
213 184 0.0
213 185 9.95018687695e-05
213 186 0.000304724473107
213 187 0.0
213 188 0.0
213 189 6.21886679809e-06
213 190 9.95018687695e-05
213 191 0.0428417733721
213 192 0.0698751873434
213 193 0.0851300675991
213 194 0.105098848888
213 195 0.10835753509
213 196 0.105098848888
213 197 0.103488162387
213 198 0.105098848888
213 199 0.105098848888
213 200 0.106721973122
213 201 0.106721973122
213 202 0.106721973122
213 203 0.106721973122
213 204 0.106721973122
213 205 0.106721973122
213 206 0.105098848888
213 207 0.105098848888
213 208 0.105098848888
213 209 0.105098848888
213 210 0.105098848888
213 211 0.105098848888
213 212 0.105098848888
213 213 0.105098848888
213 214 0.106721973122
213 215 0.106721973122
213 216 0.106721973122
213 217 0.106721973122
213 218 0.106721973122
213 219 0.106721973122
213 220 0.106721973122
213 221 0.105098848888
213 222 0.105098848888
213 223 0.103488162387
213 224 0.105098848888
213 225 0.105098848888
213 226 0.105098848888
213 227 0.103488162387
213 228 0.110005534791
213 229 0.105098848888
213 230 0.110005534791
213 231 0.100304102586
213 232 0.106721973122
213 233 0.0971697937202
213 234 0.111665972227
213 235 0.138065061784
213 236 0.00201491284258
213 237 0.00201491284258
213 238 2.48754671924e-05
213 239 2.48754671924e-05
213 240 0.0
213 241 0.0143282691028
213 242 6.21886679809e-06
213 243 0.0304724473107
213 244 0.0
213 245 0.0048755915697
213 246 0.0
213 247 0.00121889789243
213 248 0.0
213 249 0.0216478753242
213 250 0.0
213 251 0.0738863564281
213 252 0.0
213 253 0.0149314991822
213 254 0.0
213 255 0.000304724473107
213 256 0.0
213 257 5.59698011828e-05
213 258 0.0
213 259 9.95018687695e-05
213 260 0.0
213 261 0.000895516818925
213 262 0.0
213 263 0.000621886679809
213 264 0.0
213 265 0.025472478405
213 266 0.0
213 267 0.0035820672757
213 268 0.0
213 269 5.59698011828e-05
213 270 0.0
213 271 0.0
213 272 0.0
213 273 0.0
213 274 0.0
213 275 0.0
213 276 0.0
213 277 5.59698011828e-05
213 278 0.0
213 279 2.48754671924e-05
213 280 0.0
213 281 6.21886679809e-06
213 282 0.0
213 283 0.000895516818925
213 284 0.0
213 285 0.00388679174881
213 286 0.0
213 287 0.000752482882569
213 288 0.0
213 289 0.0035820672757
213 290 0.0
213 291 0.000621886679809
213 292 0.0
213 293 5.59698011828e-05
213 294 0.0
213 295 6.21886679809e-06
213 296 0.0
213 297 0.0
213 298 0.0
213 299 6.21886679809e-06
213 300 0.0
213 301 0.000223879204731
213 302 0.0
213 303 0.000155471669952
213 304 0.0
213 305 5.59698011828e-05
213 306 0.0
213 307 0.00453355389581
213 308 0.0
213 309 0.00139924502957
213 310 0.0
213 311 0.000155471669952
213 312 0.0
213 313 0.0
213 314 0.0
213 315 6.21886679809e-06
213 316 0.0
213 317 2.48754671924e-05
213 318 0.0
213 319 6.21886679809e-06
213 320 0.0
213 321 2.48754671924e-05
213 322 0.0
213 323 6.21886679809e-06
213 324 0.0
213 325 0.00139924502957
213 326 0.0
213 327 0.00139924502957
213 328 0.0
213 329 9.95018687695e-05
213 330 0.0
213 331 6.21886679809e-06
213 332 0.0
213 333 2.48754671924e-05
213 334 0.0
213 335 0.0
213 336 0.0
213 337 0.0
213 338 0.0
213 339 0.0
213 340 0.0
213 341 0.000304724473107
213 342 0.0
213 343 0.00139924502957
213 344 0.0
213 345 0.000304724473107
213 346 0.0
213 347 9.95018687695e-05
213 348 0.0
213 349 0.000895516818925
213 350 0.0
213 351 0.000621886679809
213 352 0.0
213 353 0.000155471669952
213 354 0.0
213 355 6.21886679809e-06
213 356 0.0
213 357 0.0
213 358 0.0
213 359 0.0
213 360 0.0
213 361 0.0
213 362 0.0
213 363 2.48754671924e-05
213 364 0.0
213 365 6.21886679809e-06
213 366 0.0
213 367 0.000304724473107
213 368 0.0
213 369 9.95018687695e-05
213 370 6.21886679809e-06
213 371 0.000223879204731
213 372 6.21886679809e-06
213 373 0.000223879204731
213 374 0.0
213 375 2.48754671924e-05
213 376 6.21886679809e-06
213 377 0.0
213 378 6.21886679809e-06
213 379 0.0
213 380 0.0
213 381 2.48754671924e-05
213 382 6.21886679809e-06
213 383 9.95018687695e-05
213 384 6.21886679809e-06
213 385 6.21886679809e-06
213 386 0.0
213 387 2.48754671924e-05
213 388 6.21886679809e-06
213 389 2.48754671924e-05
213 390 6.21886679809e-06
213 391 5.59698011828e-05
213 392 6.21886679809e-06
213 393 5.59698011828e-05
213 394 6.21886679809e-06
213 395 0.000155471669952
213 396 2.48754671924e-05
213 397 2.48754671924e-05
213 398 6.21886679809e-06
213 399 2.48754671924e-05
213 400 0.0
214 0 0.0
214 1 2.48754671924e-05
214 2 0.0
214 3 2.48754671924e-05
214 4 0.0
214 5 0.000155471669952
214 6 0.0
214 7 0.000304724473107
214 8 0.0
214 9 2.48754671924e-05
214 10 0.0
214 11 0.000398007475078
214 12 0.0
214 13 5.59698011828e-05
214 14 0.0
214 15 2.48754671924e-05
214 16 0.0
214 17 0.000155471669952
214 18 0.0
214 19 6.21886679809e-06
214 20 0.0
214 21 2.48754671924e-05
214 22 0.0
214 23 6.21886679809e-06
214 24 0.0
214 25 6.21886679809e-06
214 26 0.0
214 27 6.21886679809e-06
214 28 0.0
214 29 0.000304724473107
214 30 0.0
214 31 9.95018687695e-05
214 32 0.0
214 33 2.48754671924e-05
214 34 0.0
214 35 6.21886679809e-06
214 36 0.0
214 37 0.000621886679809
214 38 0.0
214 39 0.000223879204731
214 40 0.0
214 41 6.21886679809e-06
214 42 0.0
214 43 5.59698011828e-05
214 44 0.0
214 45 0.0
214 46 0.0
214 47 6.21886679809e-06
214 48 0.0
214 49 0.0
214 50 0.0
214 51 0.0
214 52 0.0
214 53 0.0
214 54 0.0
214 55 6.21886679809e-06
214 56 0.0
214 57 9.95018687695e-05
214 58 0.0
214 59 0.000155471669952
214 60 0.0
214 61 0.00139924502957
214 62 0.0
214 63 0.000223879204731
214 64 0.0
214 65 0.000223879204731
214 66 0.0
214 67 0.000304724473107
214 68 0.0
214 69 0.000155471669952
214 70 0.0
214 71 2.48754671924e-05
214 72 0.0
214 73 2.48754671924e-05
214 74 0.0
214 75 0.0
214 76 0.0
214 77 6.21886679809e-06
214 78 0.0
214 79 0.0
214 80 0.0
214 81 0.0
214 82 0.0
214 83 0.0
214 84 0.0
214 85 0.000304724473107
214 86 0.0
214 87 0.000621886679809
214 88 0.0
214 89 0.00179725250465
214 90 0.0
214 91 9.95018687695e-05
214 92 0.0
214 93 0.000752482882569
214 94 0.0
214 95 0.00179725250465
214 96 0.0
214 97 5.59698011828e-05
214 98 0.0
214 99 0.0
214 100 0.0
214 101 6.21886679809e-06
214 102 0.0
214 103 6.21886679809e-06
214 104 0.0
214 105 0.0
214 106 0.0
214 107 0.0
214 108 0.0
214 109 0.000304724473107
214 110 0.0
214 111 0.000155471669952
214 112 0.0
214 113 2.48754671924e-05
214 114 0.0
214 115 0.00453355389581
214 116 0.0
214 117 0.00201491284258
214 118 0.0
214 119 0.000304724473107
214 120 0.0
214 121 0.0
214 122 0.0
214 123 0.0
214 124 0.0
214 125 0.0
214 126 0.0
214 127 0.00179725250465
214 128 0.0
214 129 0.00851362864659
214 130 0.0
214 131 0.0048755915697
214 132 0.0
214 133 0.00851362864659
214 134 0.0
214 135 0.000621886679809
214 136 0.0
214 137 6.21886679809e-06
214 138 0.0
214 139 0.0
214 140 0.0
214 141 0.0
214 142 0.0
214 143 0.0
214 144 0.0
214 145 0.0
214 146 0.0
214 147 0.0
214 148 0.0
214 149 0.0
214 150 0.0
214 151 0.00453355389581
214 152 0.0
214 153 0.00677234594312
214 154 0.0
214 155 0.0195023662788
214 156 0.0
214 157 6.21886679809e-06
214 158 0.0
214 159 0.0
214 160 0.0
214 161 6.21886679809e-06
214 162 0.0
214 163 9.95018687695e-05
214 164 0.0
214 165 5.59698011828e-05
214 166 0.0
214 167 0.000155471669952
214 168 0.0
214 169 0.00201491284258
214 170 0.0
214 171 0.0223879204731
214 172 0.0
214 173 0.00718901001859
214 174 0.0
214 175 0.0
214 176 0.0
214 177 2.48754671924e-05
214 178 0.0
214 179 2.48754671924e-05
214 180 0.0
214 181 0.0470706027948
214 182 0.0
214 183 0.0634386602073
214 184 0.0
214 185 9.95018687695e-05
214 186 0.0
214 187 0.0
214 188 0.0
214 189 0.0
214 190 0.0
214 191 0.0
214 192 0.0
214 193 6.21886679809e-06
214 194 0.0
214 195 6.21886679809e-06
214 196 0.0
214 197 0.0
214 198 0.0
214 199 0.0
214 200 0.0
214 201 0.0
214 202 0.0
214 203 0.0
214 204 0.0
214 205 0.0
214 206 0.0
214 207 0.0
214 208 0.0
214 209 0.0
214 210 0.0
214 211 0.0
214 212 0.0
214 213 0.0
214 214 0.0
214 215 0.0
214 216 0.0
214 217 0.0
214 218 0.0
214 219 0.0
214 220 0.0
214 221 0.0
214 222 0.0
214 223 0.0
214 224 0.0
214 225 0.0
214 226 0.0
214 227 0.0
214 228 0.0
214 229 0.0
214 230 0.0
214 231 0.0
214 232 0.0
214 233 0.0
214 234 0.0
214 235 6.21886679809e-06
214 236 0.0
214 237 6.21886679809e-06
214 238 0.0
214 239 2.48754671924e-05
214 240 0.0
214 241 0.0155471669952
214 242 0.0
214 243 0.0313493075292
214 244 0.0
214 245 0.0048755915697
214 246 0.0
214 247 0.00121889789243
214 248 0.0
214 249 0.0216478753242
214 250 0.0
214 251 0.0738863564281
214 252 0.0
214 253 0.0149314991822
214 254 0.0
214 255 0.000304724473107
214 256 0.0
214 257 5.59698011828e-05
214 258 0.0
214 259 9.95018687695e-05
214 260 0.0
214 261 0.000895516818925
214 262 0.0
214 263 0.000621886679809
214 264 0.0
214 265 0.025472478405
214 266 0.0
214 267 0.0035820672757
214 268 0.0
214 269 5.59698011828e-05
214 270 0.0
214 271 0.0
214 272 0.0
214 273 0.0
214 274 0.0
214 275 0.0
214 276 0.0
214 277 5.59698011828e-05
214 278 0.0
214 279 2.48754671924e-05
214 280 0.0
214 281 6.21886679809e-06
214 282 0.0
214 283 0.000895516818925
214 284 0.0
214 285 0.00388679174881
214 286 0.0
214 287 0.000752482882569
214 288 0.0
214 289 0.0035820672757
214 290 0.0
214 291 0.000621886679809
214 292 0.0
214 293 5.59698011828e-05
214 294 0.0
214 295 6.21886679809e-06
214 296 0.0
214 297 0.0
214 298 0.0
214 299 6.21886679809e-06
214 300 0.0
214 301 0.000223879204731
214 302 0.0
214 303 0.000155471669952
214 304 0.0
214 305 5.59698011828e-05
214 306 0.0
214 307 0.00453355389581
214 308 0.0
214 309 0.00139924502957
214 310 0.0
214 311 0.000155471669952
214 312 0.0
214 313 0.0
214 314 0.0
214 315 6.21886679809e-06
214 316 0.0
214 317 2.48754671924e-05
214 318 0.0
214 319 6.21886679809e-06
214 320 0.0
214 321 2.48754671924e-05
214 322 0.0
214 323 6.21886679809e-06
214 324 0.0
214 325 0.00139924502957
214 326 0.0
214 327 0.00139924502957
214 328 0.0
214 329 9.95018687695e-05
214 330 0.0
214 331 6.21886679809e-06
214 332 0.0
214 333 2.48754671924e-05
214 334 0.0
214 335 0.0
214 336 0.0
214 337 0.0
214 338 0.0
214 339 0.0
214 340 0.0
214 341 0.000304724473107
214 342 0.0
214 343 0.00139924502957
214 344 0.0
214 345 0.000304724473107
214 346 0.0
214 347 9.95018687695e-05
214 348 0.0
214 349 0.000895516818925
214 350 0.0
214 351 0.000621886679809
214 352 0.0
214 353 0.000155471669952
214 354 0.0
214 355 6.21886679809e-06
214 356 0.0
214 357 0.0
214 358 0.0
214 359 0.0
214 360 0.0
214 361 0.0
214 362 0.0
214 363 2.48754671924e-05
214 364 0.0
214 365 6.21886679809e-06
214 366 0.0
214 367 0.000304724473107
214 368 0.0
214 369 0.000155471669952
214 370 0.0
214 371 0.000398007475078
214 372 0.0
214 373 0.000155471669952
214 374 0.0
214 375 0.000155471669952
214 376 0.0
214 377 2.48754671924e-05
214 378 0.0
214 379 6.21886679809e-06
214 380 0.0
214 381 5.59698011828e-05
214 382 0.0
214 383 5.59698011828e-05
214 384 0.0
214 385 6.21886679809e-06
214 386 0.0
214 387 2.48754671924e-05
214 388 0.0
214 389 0.0
214 390 0.0
214 391 9.95018687695e-05
214 392 0.0
214 393 9.95018687695e-05
214 394 0.0
214 395 6.21886679809e-06
214 396 0.0
214 397 6.21886679809e-06
214 398 0.0
214 399 2.48754671924e-05
214 400 0.0
215 0 0.0
215 1 2.48754671924e-05
215 2 0.0
215 3 2.48754671924e-05
215 4 0.0
215 5 0.000155471669952
215 6 0.0
215 7 0.000304724473107
215 8 0.0
215 9 2.48754671924e-05
215 10 0.0
215 11 0.000398007475078
215 12 0.0
215 13 5.59698011828e-05
215 14 0.0
215 15 2.48754671924e-05
215 16 0.0
215 17 0.000155471669952
215 18 0.0
215 19 6.21886679809e-06
215 20 0.0
215 21 2.48754671924e-05
215 22 0.0
215 23 6.21886679809e-06
215 24 0.0
215 25 6.21886679809e-06
215 26 0.0
215 27 6.21886679809e-06
215 28 0.0
215 29 0.000304724473107
215 30 0.0
215 31 9.95018687695e-05
215 32 0.0
215 33 2.48754671924e-05
215 34 0.0
215 35 6.21886679809e-06
215 36 0.0
215 37 0.000621886679809
215 38 0.0
215 39 0.000223879204731
215 40 0.0
215 41 6.21886679809e-06
215 42 0.0
215 43 5.59698011828e-05
215 44 0.0
215 45 0.0
215 46 0.0
215 47 6.21886679809e-06
215 48 0.0
215 49 0.0
215 50 0.0
215 51 0.0
215 52 0.0
215 53 0.0
215 54 0.0
215 55 6.21886679809e-06
215 56 0.0
215 57 9.95018687695e-05
215 58 0.0
215 59 0.000155471669952
215 60 6.21886679809e-06
215 61 0.00159202990031
215 62 6.21886679809e-06
215 63 0.000155471669952
215 64 0.0
215 65 0.000223879204731
215 66 0.0
215 67 0.000304724473107
215 68 0.0
215 69 0.000155471669952
215 70 6.21886679809e-06
215 71 5.59698011828e-05
215 72 0.0
215 73 2.48754671924e-05
215 74 0.0
215 75 0.0
215 76 0.0
215 77 6.21886679809e-06
215 78 0.0
215 79 0.0
215 80 0.0
215 81 0.0
215 82 0.0
215 83 0.0
215 84 0.0
215 85 0.000304724473107
215 86 0.0
215 87 0.000621886679809
215 88 0.0
215 89 0.00179725250465
215 90 0.0
215 91 9.95018687695e-05
215 92 0.0
215 93 0.000752482882569
215 94 0.0
215 95 0.00179725250465
215 96 0.0
215 97 5.59698011828e-05
215 98 0.0
215 99 0.0
215 100 0.0
215 101 6.21886679809e-06
215 102 0.0
215 103 6.21886679809e-06
215 104 0.0
215 105 0.0
215 106 0.0
215 107 0.0
215 108 0.0
215 109 0.000304724473107
215 110 0.0
215 111 0.000155471669952
215 112 0.0
215 113 2.48754671924e-05
215 114 0.0
215 115 0.00453355389581
215 116 0.0
215 117 0.00201491284258
215 118 0.0
215 119 0.000304724473107
215 120 0.0
215 121 0.0
215 122 0.0
215 123 0.0
215 124 0.0
215 125 0.0
215 126 0.0
215 127 0.00179725250465
215 128 0.0
215 129 0.00851362864659
215 130 0.0
215 131 0.0048755915697
215 132 0.0
215 133 0.00851362864659
215 134 0.0
215 135 0.000621886679809
215 136 0.0
215 137 6.21886679809e-06
215 138 0.0
215 139 0.0
215 140 0.0
215 141 0.0
215 142 0.0
215 143 0.0
215 144 0.0
215 145 0.0
215 146 0.0
215 147 0.0
215 148 0.0
215 149 0.0
215 150 0.0
215 151 0.00453355389581
215 152 0.0
215 153 0.00677234594312
215 154 0.0
215 155 0.0195023662788
215 156 0.0
215 157 6.21886679809e-06
215 158 0.0
215 159 0.0
215 160 0.0
215 161 6.21886679809e-06
215 162 0.0
215 163 9.95018687695e-05
215 164 6.21886679809e-06
215 165 5.59698011828e-05
215 166 0.0
215 167 0.000155471669952
215 168 0.0
215 169 0.00201491284258
215 170 0.0
215 171 0.0223879204731
215 172 0.0
215 173 0.00718901001859
215 174 0.0
215 175 0.0
215 176 0.0
215 177 2.48754671924e-05
215 178 0.0
215 179 2.48754671924e-05
215 180 0.0
215 181 0.0470706027948
215 182 0.0
215 183 0.0634386602073
215 184 0.0
215 185 9.95018687695e-05
215 186 6.21886679809e-06
215 187 6.21886679809e-06
215 188 0.0
215 189 6.21886679809e-06
215 190 2.48754671924e-05
215 191 0.000503728210645
215 192 0.00224501091411
215 193 0.00121889789243
215 194 0.000621886679809
215 195 0.000503728210645
215 196 0.000621886679809
215 197 0.000621886679809
215 198 0.000621886679809
215 199 0.000621886679809
215 200 0.000621886679809
215 201 0.000621886679809
215 202 0.000621886679809
215 203 0.000621886679809
215 204 0.000621886679809
215 205 0.000621886679809
215 206 0.000621886679809
215 207 0.000621886679809
215 208 0.000621886679809
215 209 0.000621886679809
215 210 0.000621886679809
215 211 0.000621886679809
215 212 0.000621886679809
215 213 0.000621886679809
215 214 0.000621886679809
215 215 0.000621886679809
215 216 0.000621886679809
215 217 0.000621886679809
215 218 0.000621886679809
215 219 0.000621886679809
215 220 0.000621886679809
215 221 0.000621886679809
215 222 0.000621886679809
215 223 0.000621886679809
215 224 0.000621886679809
215 225 0.000621886679809
215 226 0.000621886679809
215 227 0.000621886679809
215 228 0.000621886679809
215 229 0.000621886679809
215 230 0.000621886679809
215 231 0.000503728210645
215 232 0.000621886679809
215 233 0.000621886679809
215 234 0.000752482882569
215 235 0.000895516818925
215 236 0.000398007475078
215 237 2.48754671924e-05
215 238 0.0
215 239 5.59698011828e-05
215 240 0.0
215 241 0.0161752725418
215 242 6.21886679809e-06
215 243 0.0313493075292
215 244 0.0
215 245 0.0048755915697
215 246 0.0
215 247 0.00121889789243
215 248 0.0
215 249 0.0216478753242
215 250 0.0
215 251 0.0738863564281
215 252 0.0
215 253 0.0149314991822
215 254 0.0
215 255 0.000304724473107
215 256 0.0
215 257 5.59698011828e-05
215 258 0.0
215 259 9.95018687695e-05
215 260 0.0
215 261 0.000895516818925
215 262 0.0
215 263 0.000621886679809
215 264 0.0
215 265 0.025472478405
215 266 0.0
215 267 0.0035820672757
215 268 0.0
215 269 5.59698011828e-05
215 270 0.0
215 271 0.0
215 272 0.0
215 273 0.0
215 274 0.0
215 275 0.0
215 276 0.0
215 277 5.59698011828e-05
215 278 0.0
215 279 2.48754671924e-05
215 280 0.0
215 281 6.21886679809e-06
215 282 0.0
215 283 0.000895516818925
215 284 0.0
215 285 0.00388679174881
215 286 0.0
215 287 0.000752482882569
215 288 0.0
215 289 0.0035820672757
215 290 0.0
215 291 0.000621886679809
215 292 0.0
215 293 5.59698011828e-05
215 294 0.0
215 295 6.21886679809e-06
215 296 0.0
215 297 0.0
215 298 0.0
215 299 6.21886679809e-06
215 300 0.0
215 301 0.000223879204731
215 302 0.0
215 303 0.000155471669952
215 304 0.0
215 305 5.59698011828e-05
215 306 0.0
215 307 0.00453355389581
215 308 0.0
215 309 0.00139924502957
215 310 0.0
215 311 0.000155471669952
215 312 0.0
215 313 0.0
215 314 0.0
215 315 6.21886679809e-06
215 316 0.0
215 317 2.48754671924e-05
215 318 0.0
215 319 6.21886679809e-06
215 320 0.0
215 321 2.48754671924e-05
215 322 0.0
215 323 6.21886679809e-06
215 324 0.0
215 325 0.00139924502957
215 326 0.0
215 327 0.00139924502957
215 328 0.0
215 329 9.95018687695e-05
215 330 0.0
215 331 6.21886679809e-06
215 332 0.0
215 333 2.48754671924e-05
215 334 0.0
215 335 0.0
215 336 0.0
215 337 0.0
215 338 0.0
215 339 0.0
215 340 0.0
215 341 0.000304724473107
215 342 0.0
215 343 0.00139924502957
215 344 0.0
215 345 0.000304724473107
215 346 0.0
215 347 9.95018687695e-05
215 348 0.0
215 349 0.000895516818925
215 350 0.0
215 351 0.000621886679809
215 352 0.0
215 353 0.000155471669952
215 354 0.0
215 355 6.21886679809e-06
215 356 0.0
215 357 0.0
215 358 0.0
215 359 0.0
215 360 0.0
215 361 0.0
215 362 0.0
215 363 2.48754671924e-05
215 364 0.0
215 365 6.21886679809e-06
215 366 0.0
215 367 0.000304724473107
215 368 0.0
215 369 0.000155471669952
215 370 6.21886679809e-06
215 371 0.000304724473107
215 372 0.0
215 373 0.000155471669952
215 374 0.0
215 375 0.000155471669952
215 376 0.0
215 377 2.48754671924e-05
215 378 6.21886679809e-06
215 379 0.0
215 380 6.21886679809e-06
215 381 5.59698011828e-05
215 382 6.21886679809e-06
215 383 5.59698011828e-05
215 384 6.21886679809e-06
215 385 2.48754671924e-05
215 386 0.0
215 387 2.48754671924e-05
215 388 0.0
215 389 6.21886679809e-06
215 390 6.21886679809e-06
215 391 5.59698011828e-05
215 392 6.21886679809e-06
215 393 9.95018687695e-05
215 394 6.21886679809e-06
215 395 6.21886679809e-06
215 396 6.21886679809e-06
215 397 6.21886679809e-06
215 398 6.21886679809e-06
215 399 2.48754671924e-05
215 400 0.0
216 0 0.0
216 1 2.48754671924e-05
216 2 0.0
216 3 2.48754671924e-05
216 4 0.0
216 5 0.000155471669952
216 6 0.0
216 7 0.000304724473107
216 8 0.0
216 9 2.48754671924e-05
216 10 0.0
216 11 0.000398007475078
216 12 0.0
216 13 5.59698011828e-05
216 14 0.0
216 15 2.48754671924e-05
216 16 0.0
216 17 0.000155471669952
216 18 0.0
216 19 6.21886679809e-06
216 20 0.0
216 21 2.48754671924e-05
216 22 0.0
216 23 6.21886679809e-06
216 24 0.0
216 25 6.21886679809e-06
216 26 0.0
216 27 6.21886679809e-06
216 28 0.0
216 29 0.000304724473107
216 30 0.0
216 31 9.95018687695e-05
216 32 0.0
216 33 2.48754671924e-05
216 34 0.0
216 35 6.21886679809e-06
216 36 0.0
216 37 0.000621886679809
216 38 0.0
216 39 0.000223879204731
216 40 0.0
216 41 6.21886679809e-06
216 42 0.0
216 43 5.59698011828e-05
216 44 0.0
216 45 0.0
216 46 0.0
216 47 6.21886679809e-06
216 48 0.0
216 49 0.0
216 50 0.0
216 51 0.0
216 52 0.0
216 53 0.0
216 54 0.0
216 55 6.21886679809e-06
216 56 0.0
216 57 9.95018687695e-05
216 58 0.0
216 59 0.000155471669952
216 60 0.0
216 61 0.00139924502957
216 62 0.0
216 63 0.000223879204731
216 64 0.0
216 65 0.000223879204731
216 66 0.0
216 67 0.000304724473107
216 68 0.0
216 69 0.000155471669952
216 70 0.0
216 71 2.48754671924e-05
216 72 0.0
216 73 2.48754671924e-05
216 74 0.0
216 75 0.0
216 76 0.0
216 77 6.21886679809e-06
216 78 0.0
216 79 0.0
216 80 0.0
216 81 0.0
216 82 0.0
216 83 0.0
216 84 0.0
216 85 0.000304724473107
216 86 0.0
216 87 0.000621886679809
216 88 0.0
216 89 0.00179725250465
216 90 0.0
216 91 9.95018687695e-05
216 92 0.0
216 93 0.000752482882569
216 94 0.0
216 95 0.00179725250465
216 96 0.0
216 97 5.59698011828e-05
216 98 0.0
216 99 0.0
216 100 0.0
216 101 6.21886679809e-06
216 102 0.0
216 103 6.21886679809e-06
216 104 0.0
216 105 0.0
216 106 0.0
216 107 0.0
216 108 0.0
216 109 0.000304724473107
216 110 0.0
216 111 0.000155471669952
216 112 0.0
216 113 2.48754671924e-05
216 114 0.0
216 115 0.00453355389581
216 116 0.0
216 117 0.00201491284258
216 118 0.0
216 119 0.000304724473107
216 120 0.0
216 121 0.0
216 122 0.0
216 123 0.0
216 124 0.0
216 125 0.0
216 126 0.0
216 127 0.00179725250465
216 128 0.0
216 129 0.00851362864659
216 130 0.0
216 131 0.0048755915697
216 132 0.0
216 133 0.00851362864659
216 134 0.0
216 135 0.000621886679809
216 136 0.0
216 137 6.21886679809e-06
216 138 0.0
216 139 0.0
216 140 0.0
216 141 0.0
216 142 0.0
216 143 0.0
216 144 0.0
216 145 0.0
216 146 0.0
216 147 0.0
216 148 0.0
216 149 0.0
216 150 0.0
216 151 0.00453355389581
216 152 0.0
216 153 0.00677234594312
216 154 0.0
216 155 0.0195023662788
216 156 0.0
216 157 6.21886679809e-06
216 158 0.0
216 159 0.0
216 160 0.0
216 161 6.21886679809e-06
216 162 0.0
216 163 5.59698011828e-05
216 164 0.0
216 165 2.48754671924e-05
216 166 0.0
216 167 0.000155471669952
216 168 0.0
216 169 0.00201491284258
216 170 0.0
216 171 0.0223879204731
216 172 0.0
216 173 0.00718901001859
216 174 0.0
216 175 0.0
216 176 0.0
216 177 2.48754671924e-05
216 178 0.0
216 179 2.48754671924e-05
216 180 0.0
216 181 0.0470706027948
216 182 0.0
216 183 0.0634386602073
216 184 0.0
216 185 9.95018687695e-05
216 186 0.0
216 187 0.0
216 188 0.0
216 189 0.0
216 190 0.0
216 191 0.0
216 192 0.0
216 193 0.0
216 194 0.0
216 195 0.0
216 196 0.0
216 197 0.0
216 198 0.0
216 199 0.0
216 200 0.0
216 201 0.0
216 202 0.0
216 203 0.0
216 204 0.0
216 205 0.0
216 206 0.0
216 207 0.0
216 208 0.0
216 209 0.0
216 210 0.0
216 211 0.0
216 212 0.0
216 213 0.0
216 214 0.0
216 215 0.0
216 216 0.0
216 217 0.0
216 218 0.0
216 219 0.0
216 220 0.0
216 221 0.0
216 222 0.0
216 223 0.0
216 224 0.0
216 225 0.0
216 226 0.0
216 227 0.0
216 228 0.0
216 229 0.0
216 230 0.0
216 231 0.0
216 232 0.0
216 233 0.0
216 234 0.0
216 235 2.48754671924e-05
216 236 0.0
216 237 2.48754671924e-05
216 238 0.0
216 239 2.48754671924e-05
216 240 0.0
216 241 0.0155471669952
216 242 0.0
216 243 0.0313493075292
216 244 0.0
216 245 0.0048755915697
216 246 0.0
216 247 0.00121889789243
216 248 0.0
216 249 0.0216478753242
216 250 0.0
216 251 0.0738863564281
216 252 0.0
216 253 0.0149314991822
216 254 0.0
216 255 0.000304724473107
216 256 0.0
216 257 5.59698011828e-05
216 258 0.0
216 259 9.95018687695e-05
216 260 0.0
216 261 0.000895516818925
216 262 0.0
216 263 0.000621886679809
216 264 0.0
216 265 0.025472478405
216 266 0.0
216 267 0.0035820672757
216 268 0.0
216 269 5.59698011828e-05
216 270 0.0
216 271 0.0
216 272 0.0
216 273 0.0
216 274 0.0
216 275 0.0
216 276 0.0
216 277 5.59698011828e-05
216 278 0.0
216 279 2.48754671924e-05
216 280 0.0
216 281 6.21886679809e-06
216 282 0.0
216 283 0.000895516818925
216 284 0.0
216 285 0.00388679174881
216 286 0.0
216 287 0.000752482882569
216 288 0.0
216 289 0.0035820672757
216 290 0.0
216 291 0.000621886679809
216 292 0.0
216 293 5.59698011828e-05
216 294 0.0
216 295 6.21886679809e-06
216 296 0.0
216 297 0.0
216 298 0.0
216 299 6.21886679809e-06
216 300 0.0
216 301 0.000223879204731
216 302 0.0
216 303 0.000155471669952
216 304 0.0
216 305 5.59698011828e-05
216 306 0.0
216 307 0.00453355389581
216 308 0.0
216 309 0.00139924502957
216 310 0.0
216 311 0.000155471669952
216 312 0.0
216 313 0.0
216 314 0.0
216 315 6.21886679809e-06
216 316 0.0
216 317 2.48754671924e-05
216 318 0.0
216 319 6.21886679809e-06
216 320 0.0
216 321 2.48754671924e-05
216 322 0.0
216 323 6.21886679809e-06
216 324 0.0
216 325 0.00139924502957
216 326 0.0
216 327 0.00139924502957
216 328 0.0
216 329 9.95018687695e-05
216 330 0.0
216 331 6.21886679809e-06
216 332 0.0
216 333 2.48754671924e-05
216 334 0.0
216 335 0.0
216 336 0.0
216 337 0.0
216 338 0.0
216 339 0.0
216 340 0.0
216 341 0.000304724473107
216 342 0.0
216 343 0.00139924502957
216 344 0.0
216 345 0.000304724473107
216 346 0.0
216 347 9.95018687695e-05
216 348 0.0
216 349 0.000895516818925
216 350 0.0
216 351 0.000621886679809
216 352 0.0
216 353 0.000155471669952
216 354 0.0
216 355 6.21886679809e-06
216 356 0.0
216 357 0.0
216 358 0.0
216 359 0.0
216 360 0.0
216 361 0.0
216 362 0.0
216 363 2.48754671924e-05
216 364 0.0
216 365 6.21886679809e-06
216 366 0.0
216 367 0.000304724473107
216 368 0.0
216 369 0.000155471669952
216 370 0.0
216 371 0.000398007475078
216 372 0.0
216 373 0.000155471669952
216 374 0.0
216 375 0.000155471669952
216 376 0.0
216 377 2.48754671924e-05
216 378 0.0
216 379 6.21886679809e-06
216 380 0.0
216 381 9.95018687695e-05
216 382 0.0
216 383 2.48754671924e-05
216 384 0.0
216 385 2.48754671924e-05
216 386 0.0
216 387 2.48754671924e-05
216 388 0.0
216 389 0.0
216 390 0.0
216 391 9.95018687695e-05
216 392 0.0
216 393 5.59698011828e-05
216 394 0.0
216 395 0.0
216 396 0.0
216 397 6.21886679809e-06
216 398 0.0
216 399 2.48754671924e-05
216 400 0.0
217 0 0.0
217 1 2.48754671924e-05
217 2 0.0
217 3 2.48754671924e-05
217 4 0.0
217 5 0.000155471669952
217 6 0.0
217 7 0.000304724473107
217 8 6.21886679809e-06
217 9 5.59698011828e-05
217 10 0.0
217 11 0.000398007475078
217 12 6.21886679809e-06
217 13 2.48754671924e-05
217 14 0.0
217 15 2.48754671924e-05
217 16 0.0
217 17 0.000155471669952
217 18 0.0
217 19 6.21886679809e-06
217 20 0.0
217 21 2.48754671924e-05
217 22 0.0
217 23 6.21886679809e-06
217 24 0.0
217 25 6.21886679809e-06
217 26 0.0
217 27 6.21886679809e-06
217 28 0.0
217 29 0.000304724473107
217 30 0.0
217 31 9.95018687695e-05
217 32 0.0
217 33 2.48754671924e-05
217 34 0.0
217 35 6.21886679809e-06
217 36 0.0
217 37 0.000621886679809
217 38 0.0
217 39 0.000223879204731
217 40 0.0
217 41 6.21886679809e-06
217 42 0.0
217 43 5.59698011828e-05
217 44 0.0
217 45 0.0
217 46 0.0
217 47 6.21886679809e-06
217 48 0.0
217 49 0.0
217 50 0.0
217 51 0.0
217 52 0.0
217 53 0.0
217 54 0.0
217 55 6.21886679809e-06
217 56 0.0
217 57 9.95018687695e-05
217 58 0.0
217 59 0.000155471669952
217 60 0.0
217 61 0.00121889789243
217 62 0.0
217 63 0.000155471669952
217 64 6.21886679809e-06
217 65 0.000304724473107
217 66 6.21886679809e-06
217 67 0.000304724473107
217 68 0.0
217 69 0.000155471669952
217 70 0.0
217 71 2.48754671924e-05
217 72 0.0
217 73 2.48754671924e-05
217 74 0.0
217 75 0.0
217 76 0.0
217 77 6.21886679809e-06
217 78 0.0
217 79 0.0
217 80 0.0
217 81 0.0
217 82 0.0
217 83 0.0
217 84 0.0
217 85 0.000304724473107
217 86 0.0
217 87 0.000621886679809
217 88 0.0
217 89 0.00179725250465
217 90 0.0
217 91 9.95018687695e-05
217 92 0.0
217 93 0.000752482882569
217 94 0.0
217 95 0.00179725250465
217 96 0.0
217 97 5.59698011828e-05
217 98 0.0
217 99 0.0
217 100 0.0
217 101 6.21886679809e-06
217 102 0.0
217 103 6.21886679809e-06
217 104 0.0
217 105 0.0
217 106 0.0
217 107 0.0
217 108 0.0
217 109 0.000304724473107
217 110 0.0
217 111 0.000155471669952
217 112 0.0
217 113 2.48754671924e-05
217 114 0.0
217 115 0.00453355389581
217 116 0.0
217 117 0.00201491284258
217 118 0.0
217 119 0.000304724473107
217 120 0.0
217 121 0.0
217 122 0.0
217 123 0.0
217 124 0.0
217 125 0.0
217 126 0.0
217 127 0.00179725250465
217 128 0.0
217 129 0.00851362864659
217 130 6.21886679809e-06
217 131 0.00453355389581
217 132 0.0
217 133 0.00805965137033
217 134 6.21886679809e-06
217 135 0.000752482882569
217 136 0.0
217 137 6.21886679809e-06
217 138 0.0
217 139 0.0
217 140 0.0
217 141 0.0
217 142 0.0
217 143 0.0
217 144 0.0
217 145 0.0
217 146 0.0
217 147 0.0
217 148 0.0
217 149 0.0
217 150 0.0
217 151 0.00453355389581
217 152 0.0
217 153 0.00677234594312
217 154 0.0
217 155 0.0195023662788
217 156 0.0
217 157 6.21886679809e-06
217 158 0.0
217 159 0.0
217 160 0.0
217 161 6.21886679809e-06
217 162 0.0
217 163 5.59698011828e-05
217 164 0.0
217 165 2.48754671924e-05
217 166 0.0
217 167 0.000155471669952
217 168 0.0
217 169 0.00201491284258
217 170 0.0
217 171 0.0223879204731
217 172 0.0
217 173 0.00718901001859
217 174 0.0
217 175 0.0
217 176 0.0
217 177 2.48754671924e-05
217 178 0.0
217 179 2.48754671924e-05
217 180 0.0
217 181 0.0470706027948
217 182 6.21886679809e-06
217 183 0.0621886679809
217 184 6.21886679809e-06
217 185 0.000155471669952
217 186 6.21886679809e-06
217 187 6.21886679809e-06
217 188 6.21886679809e-06
217 189 6.21886679809e-06
217 190 6.21886679809e-06
217 191 6.21886679809e-06
217 192 6.21886679809e-06
217 193 0.0
217 194 0.0
217 195 0.0
217 196 0.0
217 197 0.0
217 198 0.0
217 199 0.0
217 200 0.0
217 201 0.0
217 202 0.0
217 203 0.0
217 204 0.0
217 205 0.0
217 206 0.0
217 207 0.0
217 208 0.0
217 209 0.0
217 210 0.0
217 211 0.0
217 212 0.0
217 213 0.0
217 214 0.0
217 215 0.0
217 216 0.0
217 217 0.0
217 218 0.0
217 219 0.0
217 220 0.0
217 221 0.0
217 222 0.0
217 223 0.0
217 224 0.0
217 225 0.0
217 226 0.0
217 227 0.0
217 228 0.0
217 229 0.0
217 230 0.0
217 231 0.0
217 232 0.0
217 233 0.0
217 234 6.21886679809e-06
217 235 6.21886679809e-06
217 236 6.21886679809e-06
217 237 5.59698011828e-05
217 238 6.21886679809e-06
217 239 5.59698011828e-05
217 240 6.21886679809e-06
217 241 0.0161752725418
217 242 0.0
217 243 0.0304724473107
217 244 0.0
217 245 0.00453355389581
217 246 6.21886679809e-06
217 247 0.00105098848888
217 248 0.0
217 249 0.0216478753242
217 250 0.0
217 251 0.0738863564281
217 252 0.0
217 253 0.0149314991822
217 254 0.0
217 255 0.000304724473107
217 256 0.0
217 257 5.59698011828e-05
217 258 0.0
217 259 9.95018687695e-05
217 260 0.0
217 261 0.000895516818925
217 262 0.0
217 263 0.000621886679809
217 264 0.0
217 265 0.025472478405
217 266 0.0
217 267 0.0035820672757
217 268 0.0
217 269 5.59698011828e-05
217 270 0.0
217 271 0.0
217 272 0.0
217 273 0.0
217 274 0.0
217 275 0.0
217 276 0.0
217 277 5.59698011828e-05
217 278 0.0
217 279 2.48754671924e-05
217 280 0.0
217 281 6.21886679809e-06
217 282 0.0
217 283 0.000895516818925
217 284 0.0
217 285 0.00388679174881
217 286 0.0
217 287 0.000752482882569
217 288 0.0
217 289 0.0035820672757
217 290 0.0
217 291 0.000621886679809
217 292 0.0
217 293 5.59698011828e-05
217 294 0.0
217 295 6.21886679809e-06
217 296 0.0
217 297 0.0
217 298 0.0
217 299 6.21886679809e-06
217 300 0.0
217 301 0.000223879204731
217 302 0.0
217 303 0.000223879204731
217 304 6.21886679809e-06
217 305 2.48754671924e-05
217 306 0.0
217 307 0.00453355389581
217 308 0.0
217 309 0.00139924502957
217 310 0.0
217 311 0.000155471669952
217 312 0.0
217 313 0.0
217 314 0.0
217 315 6.21886679809e-06
217 316 0.0
217 317 2.48754671924e-05
217 318 0.0
217 319 6.21886679809e-06
217 320 0.0
217 321 2.48754671924e-05
217 322 0.0
217 323 6.21886679809e-06
217 324 0.0
217 325 0.00139924502957
217 326 0.0
217 327 0.00139924502957
217 328 0.0
217 329 9.95018687695e-05
217 330 0.0
217 331 6.21886679809e-06
217 332 0.0
217 333 2.48754671924e-05
217 334 0.0
217 335 0.0
217 336 0.0
217 337 0.0
217 338 0.0
217 339 0.0
217 340 0.0
217 341 0.000304724473107
217 342 0.0
217 343 0.00139924502957
217 344 0.0
217 345 0.000304724473107
217 346 0.0
217 347 9.95018687695e-05
217 348 0.0
217 349 0.000895516818925
217 350 0.0
217 351 0.000621886679809
217 352 0.0
217 353 0.000155471669952
217 354 0.0
217 355 6.21886679809e-06
217 356 0.0
217 357 0.0
217 358 0.0
217 359 0.0
217 360 0.0
217 361 0.0
217 362 0.0
217 363 2.48754671924e-05
217 364 0.0
217 365 6.21886679809e-06
217 366 0.0
217 367 0.000304724473107
217 368 0.0
217 369 0.000155471669952
217 370 0.0
217 371 0.000304724473107
217 372 6.21886679809e-06
217 373 9.95018687695e-05
217 374 6.21886679809e-06
217 375 0.000155471669952
217 376 0.0
217 377 2.48754671924e-05
217 378 0.0
217 379 6.21886679809e-06
217 380 0.0
217 381 9.95018687695e-05
217 382 0.0
217 383 2.48754671924e-05
217 384 0.0
217 385 2.48754671924e-05
217 386 6.21886679809e-06
217 387 9.95018687695e-05
217 388 6.21886679809e-06
217 389 6.21886679809e-06
217 390 0.0
217 391 9.95018687695e-05
217 392 0.0
217 393 5.59698011828e-05
217 394 0.0
217 395 0.0
217 396 0.0
217 397 6.21886679809e-06
217 398 0.0
217 399 2.48754671924e-05
217 400 0.0
218 0 0.0
218 1 2.48754671924e-05
218 2 0.0
218 3 2.48754671924e-05
218 4 0.0
218 5 0.000155471669952
218 6 0.0
218 7 0.000304724473107
218 8 0.0
218 9 2.48754671924e-05
218 10 0.0
218 11 0.000398007475078
218 12 0.0
218 13 5.59698011828e-05
218 14 0.0
218 15 2.48754671924e-05
218 16 0.0
218 17 0.000155471669952
218 18 0.0
218 19 6.21886679809e-06
218 20 0.0
218 21 2.48754671924e-05
218 22 0.0
218 23 6.21886679809e-06
218 24 0.0
218 25 6.21886679809e-06
218 26 0.0
218 27 6.21886679809e-06
218 28 0.0
218 29 0.000304724473107
218 30 0.0
218 31 9.95018687695e-05
218 32 0.0
218 33 2.48754671924e-05
218 34 0.0
218 35 6.21886679809e-06
218 36 0.0
218 37 0.000621886679809
218 38 0.0
218 39 0.000223879204731
218 40 0.0
218 41 6.21886679809e-06
218 42 0.0
218 43 5.59698011828e-05
218 44 0.0
218 45 0.0
218 46 0.0
218 47 6.21886679809e-06
218 48 0.0
218 49 0.0
218 50 0.0
218 51 0.0
218 52 0.0
218 53 0.0
218 54 0.0
218 55 6.21886679809e-06
218 56 0.0
218 57 9.95018687695e-05
218 58 0.0
218 59 0.000155471669952
218 60 0.0
218 61 0.00139924502957
218 62 0.0
218 63 0.000223879204731
218 64 0.0
218 65 0.000223879204731
218 66 0.0
218 67 0.000304724473107
218 68 0.0
218 69 0.000155471669952
218 70 0.0
218 71 2.48754671924e-05
218 72 0.0
218 73 2.48754671924e-05
218 74 0.0
218 75 0.0
218 76 0.0
218 77 6.21886679809e-06
218 78 0.0
218 79 0.0
218 80 0.0
218 81 0.0
218 82 0.0
218 83 0.0
218 84 0.0
218 85 0.000304724473107
218 86 0.0
218 87 0.000621886679809
218 88 0.0
218 89 0.00179725250465
218 90 0.0
218 91 9.95018687695e-05
218 92 0.0
218 93 0.000752482882569
218 94 0.0
218 95 0.00179725250465
218 96 0.0
218 97 5.59698011828e-05
218 98 0.0
218 99 0.0
218 100 0.0
218 101 6.21886679809e-06
218 102 0.0
218 103 6.21886679809e-06
218 104 0.0
218 105 0.0
218 106 0.0
218 107 0.0
218 108 0.0
218 109 0.000304724473107
218 110 0.0
218 111 0.000155471669952
218 112 0.0
218 113 2.48754671924e-05
218 114 0.0
218 115 0.00453355389581
218 116 0.0
218 117 0.00201491284258
218 118 0.0
218 119 0.000304724473107
218 120 0.0
218 121 0.0
218 122 0.0
218 123 0.0
218 124 0.0
218 125 0.0
218 126 0.0
218 127 0.00179725250465
218 128 0.0
218 129 0.00851362864659
218 130 0.0
218 131 0.0048755915697
218 132 0.0
218 133 0.00851362864659
218 134 0.0
218 135 0.000621886679809
218 136 0.0
218 137 6.21886679809e-06
218 138 0.0
218 139 0.0
218 140 0.0
218 141 0.0
218 142 0.0
218 143 0.0
218 144 0.0
218 145 0.0
218 146 0.0
218 147 0.0
218 148 0.0
218 149 0.0
218 150 0.0
218 151 0.00453355389581
218 152 0.0
218 153 0.00677234594312
218 154 0.0
218 155 0.0195023662788
218 156 0.0
218 157 6.21886679809e-06
218 158 0.0
218 159 0.0
218 160 0.0
218 161 6.21886679809e-06
218 162 0.0
218 163 5.59698011828e-05
218 164 0.0
218 165 2.48754671924e-05
218 166 0.0
218 167 0.000155471669952
218 168 0.0
218 169 0.00201491284258
218 170 0.0
218 171 0.0223879204731
218 172 0.0
218 173 0.00718901001859
218 174 0.0
218 175 0.0
218 176 0.0
218 177 2.48754671924e-05
218 178 0.0
218 179 2.48754671924e-05
218 180 0.0
218 181 0.0470706027948
218 182 0.0
218 183 0.0634386602073
218 184 0.0
218 185 9.95018687695e-05
218 186 0.0
218 187 0.0
218 188 0.0
218 189 0.0
218 190 0.0
218 191 0.0
218 192 0.0
218 193 0.0
218 194 0.0
218 195 0.0
218 196 0.0
218 197 0.0
218 198 0.0
218 199 0.0
218 200 0.0
218 201 0.0
218 202 0.0
218 203 0.0
218 204 0.0
218 205 0.0
218 206 0.0
218 207 0.0
218 208 0.0
218 209 0.0
218 210 0.0
218 211 0.0
218 212 0.0
218 213 0.0
218 214 0.0
218 215 0.0
218 216 0.0
218 217 0.0
218 218 0.0
218 219 0.0
218 220 0.0
218 221 0.0
218 222 0.0
218 223 0.0
218 224 0.0
218 225 0.0
218 226 0.0
218 227 0.0
218 228 0.0
218 229 0.0
218 230 0.0
218 231 0.0
218 232 0.0
218 233 0.0
218 234 0.0
218 235 2.48754671924e-05
218 236 0.0
218 237 2.48754671924e-05
218 238 0.0
218 239 2.48754671924e-05
218 240 0.0
218 241 0.0155471669952
218 242 0.0
218 243 0.0313493075292
218 244 0.0
218 245 0.0048755915697
218 246 0.0
218 247 0.00121889789243
218 248 0.0
218 249 0.0216478753242
218 250 0.0
218 251 0.0738863564281
218 252 0.0
218 253 0.0149314991822
218 254 0.0
218 255 0.000304724473107
218 256 0.0
218 257 5.59698011828e-05
218 258 0.0
218 259 9.95018687695e-05
218 260 0.0
218 261 0.000895516818925
218 262 0.0
218 263 0.000621886679809
218 264 0.0
218 265 0.025472478405
218 266 0.0
218 267 0.0035820672757
218 268 0.0
218 269 5.59698011828e-05
218 270 0.0
218 271 0.0
218 272 0.0
218 273 0.0
218 274 0.0
218 275 0.0
218 276 0.0
218 277 5.59698011828e-05
218 278 0.0
218 279 2.48754671924e-05
218 280 0.0
218 281 6.21886679809e-06
218 282 0.0
218 283 0.000895516818925
218 284 0.0
218 285 0.00388679174881
218 286 0.0
218 287 0.000752482882569
218 288 0.0
218 289 0.0035820672757
218 290 0.0
218 291 0.000621886679809
218 292 0.0
218 293 5.59698011828e-05
218 294 0.0
218 295 6.21886679809e-06
218 296 0.0
218 297 0.0
218 298 0.0
218 299 6.21886679809e-06
218 300 0.0
218 301 0.000223879204731
218 302 0.0
218 303 0.000155471669952
218 304 0.0
218 305 5.59698011828e-05
218 306 0.0
218 307 0.00453355389581
218 308 0.0
218 309 0.00139924502957
218 310 0.0
218 311 0.000155471669952
218 312 0.0
218 313 0.0
218 314 0.0
218 315 6.21886679809e-06
218 316 0.0
218 317 2.48754671924e-05
218 318 0.0
218 319 6.21886679809e-06
218 320 0.0
218 321 2.48754671924e-05
218 322 0.0
218 323 6.21886679809e-06
218 324 0.0
218 325 0.00139924502957
218 326 0.0
218 327 0.00139924502957
218 328 0.0
218 329 9.95018687695e-05
218 330 0.0
218 331 6.21886679809e-06
218 332 0.0
218 333 2.48754671924e-05
218 334 0.0
218 335 0.0
218 336 0.0
218 337 0.0
218 338 0.0
218 339 0.0
218 340 0.0
218 341 0.000304724473107
218 342 0.0
218 343 0.00139924502957
218 344 0.0
218 345 0.000304724473107
218 346 0.0
218 347 9.95018687695e-05
218 348 0.0
218 349 0.000895516818925
218 350 0.0
218 351 0.000621886679809
218 352 0.0
218 353 0.000155471669952
218 354 0.0
218 355 6.21886679809e-06
218 356 0.0
218 357 0.0
218 358 0.0
218 359 0.0
218 360 0.0
218 361 0.0
218 362 0.0
218 363 2.48754671924e-05
218 364 0.0
218 365 6.21886679809e-06
218 366 0.0
218 367 0.000304724473107
218 368 0.0
218 369 0.000155471669952
218 370 0.0
218 371 0.000398007475078
218 372 0.0
218 373 0.000155471669952
218 374 0.0
218 375 0.000155471669952
218 376 0.0
218 377 2.48754671924e-05
218 378 0.0
218 379 6.21886679809e-06
218 380 0.0
218 381 9.95018687695e-05
218 382 0.0
218 383 2.48754671924e-05
218 384 0.0
218 385 2.48754671924e-05
218 386 0.0
218 387 2.48754671924e-05
218 388 0.0
218 389 0.0
218 390 0.0
218 391 9.95018687695e-05
218 392 0.0
218 393 5.59698011828e-05
218 394 0.0
218 395 0.0
218 396 0.0
218 397 6.21886679809e-06
218 398 0.0
218 399 2.48754671924e-05
218 400 0.0
219 0 0.0
219 1 2.48754671924e-05
219 2 0.0
219 3 2.48754671924e-05
219 4 0.0
219 5 0.000155471669952
219 6 0.0
219 7 0.000398007475078
219 8 0.0
219 9 5.59698011828e-05
219 10 6.21886679809e-06
219 11 0.000398007475078
219 12 0.0
219 13 5.59698011828e-05
219 14 0.0
219 15 2.48754671924e-05
219 16 0.0
219 17 0.000155471669952
219 18 0.0
219 19 6.21886679809e-06
219 20 0.0
219 21 2.48754671924e-05
219 22 0.0
219 23 6.21886679809e-06
219 24 0.0
219 25 6.21886679809e-06
219 26 0.0
219 27 6.21886679809e-06
219 28 0.0
219 29 0.000304724473107
219 30 0.0
219 31 9.95018687695e-05
219 32 0.0
219 33 2.48754671924e-05
219 34 0.0
219 35 6.21886679809e-06
219 36 0.0
219 37 0.000621886679809
219 38 0.0
219 39 0.000223879204731
219 40 0.0
219 41 6.21886679809e-06
219 42 0.0
219 43 5.59698011828e-05
219 44 0.0
219 45 0.0
219 46 0.0
219 47 6.21886679809e-06
219 48 0.0
219 49 0.0
219 50 0.0
219 51 0.0
219 52 0.0
219 53 0.0
219 54 0.0
219 55 6.21886679809e-06
219 56 0.0
219 57 9.95018687695e-05
219 58 0.0
219 59 0.000155471669952
219 60 6.21886679809e-06
219 61 0.00159202990031
219 62 6.21886679809e-06
219 63 0.000155471669952
219 64 0.0
219 65 0.000223879204731
219 66 0.0
219 67 0.000304724473107
219 68 0.0
219 69 0.000155471669952
219 70 6.21886679809e-06
219 71 5.59698011828e-05
219 72 0.0
219 73 2.48754671924e-05
219 74 0.0
219 75 0.0
219 76 0.0
219 77 6.21886679809e-06
219 78 0.0
219 79 0.0
219 80 0.0
219 81 0.0
219 82 0.0
219 83 0.0
219 84 0.0
219 85 0.000304724473107
219 86 0.0
219 87 0.000621886679809
219 88 0.0
219 89 0.00179725250465
219 90 0.0
219 91 9.95018687695e-05
219 92 0.0
219 93 0.000752482882569
219 94 0.0
219 95 0.00179725250465
219 96 0.0
219 97 5.59698011828e-05
219 98 0.0
219 99 0.0
219 100 0.0
219 101 6.21886679809e-06
219 102 0.0
219 103 6.21886679809e-06
219 104 0.0
219 105 0.0
219 106 0.0
219 107 0.0
219 108 0.0
219 109 0.000304724473107
219 110 0.0
219 111 0.000155471669952
219 112 0.0
219 113 2.48754671924e-05
219 114 0.0
219 115 0.00453355389581
219 116 0.0
219 117 0.00201491284258
219 118 0.0
219 119 0.000304724473107
219 120 0.0
219 121 0.0
219 122 0.0
219 123 0.0
219 124 0.0
219 125 0.0
219 126 0.0
219 127 0.00159202990031
219 128 6.21886679809e-06
219 129 0.00851362864659
219 130 0.0
219 131 0.00453355389581
219 132 6.21886679809e-06
219 133 0.00805965137033
219 134 0.0
219 135 0.000621886679809
219 136 0.0
219 137 6.21886679809e-06
219 138 0.0
219 139 0.0
219 140 0.0
219 141 0.0
219 142 0.0
219 143 0.0
219 144 0.0
219 145 0.0
219 146 0.0
219 147 0.0
219 148 0.0
219 149 0.0
219 150 0.0
219 151 0.00453355389581
219 152 0.0
219 153 0.00677234594312
219 154 0.0
219 155 0.0195023662788
219 156 0.0
219 157 6.21886679809e-06
219 158 0.0
219 159 0.0
219 160 0.0
219 161 6.21886679809e-06
219 162 0.0
219 163 5.59698011828e-05
219 164 0.0
219 165 2.48754671924e-05
219 166 0.0
219 167 0.000155471669952
219 168 0.0
219 169 0.00201491284258
219 170 0.0
219 171 0.0223879204731
219 172 0.0
219 173 0.00718901001859
219 174 0.0
219 175 0.0
219 176 0.0
219 177 5.59698011828e-05
219 178 6.21886679809e-06
219 179 5.59698011828e-05
219 180 0.0
219 181 0.0470706027948
219 182 0.0
219 183 0.0647010901673
219 184 6.21886679809e-06
219 185 5.59698011828e-05
219 186 6.21886679809e-06
219 187 0.0
219 188 6.21886679809e-06
219 189 6.21886679809e-06
219 190 6.21886679809e-06
219 191 0.0
219 192 0.0
219 193 0.0
219 194 0.0
219 195 0.0
219 196 0.0
219 197 0.0
219 198 0.0
219 199 0.0
219 200 0.0
219 201 0.0
219 202 0.0
219 203 0.0
219 204 0.0
219 205 0.0
219 206 0.0
219 207 0.0
219 208 0.0
219 209 0.0
219 210 0.0
219 211 0.0
219 212 0.0
219 213 0.0
219 214 0.0
219 215 0.0
219 216 0.0
219 217 0.0
219 218 0.0
219 219 0.0
219 220 0.0
219 221 0.0
219 222 0.0
219 223 0.0
219 224 0.0
219 225 0.0
219 226 0.0
219 227 0.0
219 228 0.0
219 229 0.0
219 230 0.0
219 231 0.0
219 232 0.0
219 233 0.0
219 234 0.0
219 235 5.59698011828e-05
219 236 6.21886679809e-06
219 237 6.21886679809e-06
219 238 6.21886679809e-06
219 239 6.21886679809e-06
219 240 0.0
219 241 0.0161752725418
219 242 6.21886679809e-06
219 243 0.0313493075292
219 244 0.0
219 245 0.0048755915697
219 246 0.0
219 247 0.00121889789243
219 248 0.0
219 249 0.0216478753242
219 250 0.0
219 251 0.0738863564281
219 252 0.0
219 253 0.0149314991822
219 254 0.0
219 255 0.000304724473107
219 256 0.0
219 257 5.59698011828e-05
219 258 0.0
219 259 9.95018687695e-05
219 260 0.0
219 261 0.000895516818925
219 262 0.0
219 263 0.000621886679809
219 264 0.0
219 265 0.025472478405
219 266 0.0
219 267 0.0035820672757
219 268 0.0
219 269 5.59698011828e-05
219 270 0.0
219 271 0.0
219 272 0.0
219 273 0.0
219 274 0.0
219 275 0.0
219 276 0.0
219 277 5.59698011828e-05
219 278 0.0
219 279 2.48754671924e-05
219 280 0.0
219 281 6.21886679809e-06
219 282 0.0
219 283 0.000895516818925
219 284 0.0
219 285 0.00388679174881
219 286 0.0
219 287 0.000752482882569
219 288 0.0
219 289 0.0035820672757
219 290 0.0
219 291 0.000621886679809
219 292 0.0
219 293 5.59698011828e-05
219 294 0.0
219 295 6.21886679809e-06
219 296 0.0
219 297 0.0
219 298 0.0
219 299 6.21886679809e-06
219 300 0.0
219 301 0.000155471669952
219 302 6.21886679809e-06
219 303 0.000223879204731
219 304 0.0
219 305 5.59698011828e-05
219 306 6.21886679809e-06
219 307 0.00420395395551
219 308 0.0
219 309 0.00139924502957
219 310 0.0
219 311 0.000155471669952
219 312 0.0
219 313 0.0
219 314 0.0
219 315 6.21886679809e-06
219 316 0.0
219 317 2.48754671924e-05
219 318 0.0
219 319 6.21886679809e-06
219 320 0.0
219 321 2.48754671924e-05
219 322 0.0
219 323 6.21886679809e-06
219 324 0.0
219 325 0.00139924502957
219 326 0.0
219 327 0.00139924502957
219 328 0.0
219 329 9.95018687695e-05
219 330 0.0
219 331 6.21886679809e-06
219 332 0.0
219 333 2.48754671924e-05
219 334 0.0
219 335 0.0
219 336 0.0
219 337 0.0
219 338 0.0
219 339 0.0
219 340 0.0
219 341 0.000304724473107
219 342 0.0
219 343 0.00139924502957
219 344 0.0
219 345 0.000304724473107
219 346 0.0
219 347 9.95018687695e-05
219 348 0.0
219 349 0.000895516818925
219 350 0.0
219 351 0.000621886679809
219 352 0.0
219 353 0.000155471669952
219 354 0.0
219 355 6.21886679809e-06
219 356 0.0
219 357 0.0
219 358 0.0
219 359 0.0
219 360 0.0
219 361 0.0
219 362 0.0
219 363 2.48754671924e-05
219 364 0.0
219 365 6.21886679809e-06
219 366 0.0
219 367 0.000304724473107
219 368 0.0
219 369 0.000155471669952
219 370 0.0
219 371 0.000398007475078
219 372 0.0
219 373 0.000155471669952
219 374 0.0
219 375 0.000155471669952
219 376 0.0
219 377 2.48754671924e-05
219 378 6.21886679809e-06
219 379 0.0
219 380 6.21886679809e-06
219 381 2.48754671924e-05
219 382 6.21886679809e-06
219 383 5.59698011828e-05
219 384 0.0
219 385 2.48754671924e-05
219 386 0.0
219 387 2.48754671924e-05
219 388 0.0
219 389 6.21886679809e-06
219 390 6.21886679809e-06
219 391 2.48754671924e-05
219 392 6.21886679809e-06
219 393 9.95018687695e-05
219 394 6.21886679809e-06
219 395 6.21886679809e-06
219 396 6.21886679809e-06
219 397 6.21886679809e-06
219 398 6.21886679809e-06
219 399 2.48754671924e-05
219 400 0.0
220 0 0.0
220 1 2.48754671924e-05
220 2 0.0
220 3 2.48754671924e-05
220 4 0.0
220 5 0.000155471669952
220 6 0.0
220 7 0.000304724473107
220 8 0.0
220 9 2.48754671924e-05
220 10 0.0
220 11 0.000398007475078
220 12 0.0
220 13 5.59698011828e-05
220 14 0.0
220 15 2.48754671924e-05
220 16 0.0
220 17 0.000155471669952
220 18 0.0
220 19 6.21886679809e-06
220 20 0.0
220 21 2.48754671924e-05
220 22 0.0
220 23 6.21886679809e-06
220 24 0.0
220 25 6.21886679809e-06
220 26 0.0
220 27 6.21886679809e-06
220 28 0.0
220 29 0.000304724473107
220 30 0.0
220 31 9.95018687695e-05
220 32 0.0
220 33 2.48754671924e-05
220 34 0.0
220 35 6.21886679809e-06
220 36 0.0
220 37 0.000621886679809
220 38 0.0
220 39 0.000223879204731
220 40 0.0
220 41 6.21886679809e-06
220 42 0.0
220 43 5.59698011828e-05
220 44 0.0
220 45 0.0
220 46 0.0
220 47 6.21886679809e-06
220 48 0.0
220 49 0.0
220 50 0.0
220 51 0.0
220 52 0.0
220 53 0.0
220 54 0.0
220 55 6.21886679809e-06
220 56 0.0
220 57 9.95018687695e-05
220 58 0.0
220 59 0.000155471669952
220 60 0.0
220 61 0.00139924502957
220 62 0.0
220 63 0.000223879204731
220 64 0.0
220 65 0.000223879204731
220 66 0.0
220 67 0.000304724473107
220 68 0.0
220 69 0.000155471669952
220 70 0.0
220 71 2.48754671924e-05
220 72 0.0
220 73 2.48754671924e-05
220 74 0.0
220 75 0.0
220 76 0.0
220 77 6.21886679809e-06
220 78 0.0
220 79 0.0
220 80 0.0
220 81 0.0
220 82 0.0
220 83 0.0
220 84 0.0
220 85 0.000304724473107
220 86 0.0
220 87 0.000621886679809
220 88 0.0
220 89 0.00179725250465
220 90 0.0
220 91 9.95018687695e-05
220 92 0.0
220 93 0.000752482882569
220 94 0.0
220 95 0.00179725250465
220 96 0.0
220 97 5.59698011828e-05
220 98 0.0
220 99 0.0
220 100 0.0
220 101 6.21886679809e-06
220 102 0.0
220 103 6.21886679809e-06
220 104 0.0
220 105 0.0
220 106 0.0
220 107 0.0
220 108 0.0
220 109 0.000304724473107
220 110 0.0
220 111 0.000155471669952
220 112 0.0
220 113 2.48754671924e-05
220 114 0.0
220 115 0.00453355389581
220 116 0.0
220 117 0.00201491284258
220 118 0.0
220 119 0.000304724473107
220 120 0.0
220 121 0.0
220 122 0.0
220 123 0.0
220 124 0.0
220 125 0.0
220 126 0.0
220 127 0.00179725250465
220 128 0.0
220 129 0.00851362864659
220 130 0.0
220 131 0.0048755915697
220 132 0.0
220 133 0.00851362864659
220 134 0.0
220 135 0.000621886679809
220 136 0.0
220 137 6.21886679809e-06
220 138 0.0
220 139 0.0
220 140 0.0
220 141 0.0
220 142 0.0
220 143 0.0
220 144 0.0
220 145 0.0
220 146 0.0
220 147 0.0
220 148 0.0
220 149 0.0
220 150 0.0
220 151 0.00453355389581
220 152 0.0
220 153 0.00677234594312
220 154 0.0
220 155 0.0195023662788
220 156 0.0
220 157 6.21886679809e-06
220 158 0.0
220 159 0.0
220 160 0.0
220 161 6.21886679809e-06
220 162 0.0
220 163 5.59698011828e-05
220 164 0.0
220 165 2.48754671924e-05
220 166 0.0
220 167 0.000155471669952
220 168 0.0
220 169 0.00201491284258
220 170 0.0
220 171 0.0223879204731
220 172 0.0
220 173 0.00718901001859
220 174 0.0
220 175 0.0
220 176 0.0
220 177 2.48754671924e-05
220 178 0.0
220 179 2.48754671924e-05
220 180 0.0
220 181 0.0470706027948
220 182 0.0
220 183 0.0634386602073
220 184 0.0
220 185 9.95018687695e-05
220 186 0.0
220 187 6.21886679809e-06
220 188 0.0
220 189 0.0
220 190 0.0
220 191 6.21886679809e-06
220 192 0.0
220 193 0.0
220 194 0.0
220 195 0.0
220 196 0.0
220 197 0.0
220 198 0.0
220 199 0.0
220 200 0.0
220 201 0.0
220 202 0.0
220 203 0.0
220 204 0.0
220 205 0.0
220 206 0.0
220 207 0.0
220 208 0.0
220 209 0.0
220 210 0.0
220 211 0.0
220 212 0.0
220 213 0.0
220 214 0.0
220 215 0.0
220 216 0.0
220 217 0.0
220 218 0.0
220 219 0.0
220 220 0.0
220 221 0.0
220 222 0.0
220 223 0.0
220 224 0.0
220 225 0.0
220 226 0.0
220 227 0.0
220 228 0.0
220 229 0.0
220 230 0.0
220 231 0.0
220 232 0.0
220 233 0.0
220 234 0.0
220 235 5.59698011828e-05
220 236 0.0
220 237 2.48754671924e-05
220 238 0.0
220 239 2.48754671924e-05
220 240 0.0
220 241 0.0155471669952
220 242 0.0
220 243 0.0313493075292
220 244 0.0
220 245 0.0048755915697
220 246 0.0
220 247 0.00121889789243
220 248 0.0
220 249 0.0216478753242
220 250 0.0
220 251 0.0738863564281
220 252 0.0
220 253 0.0149314991822
220 254 0.0
220 255 0.000304724473107
220 256 0.0
220 257 5.59698011828e-05
220 258 0.0
220 259 9.95018687695e-05
220 260 0.0
220 261 0.000895516818925
220 262 0.0
220 263 0.000621886679809
220 264 0.0
220 265 0.025472478405
220 266 0.0
220 267 0.0035820672757
220 268 0.0
220 269 5.59698011828e-05
220 270 0.0
220 271 0.0
220 272 0.0
220 273 0.0
220 274 0.0
220 275 0.0
220 276 0.0
220 277 5.59698011828e-05
220 278 0.0
220 279 2.48754671924e-05
220 280 0.0
220 281 6.21886679809e-06
220 282 0.0
220 283 0.000895516818925
220 284 0.0
220 285 0.00388679174881
220 286 0.0
220 287 0.000752482882569
220 288 0.0
220 289 0.0035820672757
220 290 0.0
220 291 0.000621886679809
220 292 0.0
220 293 5.59698011828e-05
220 294 0.0
220 295 6.21886679809e-06
220 296 0.0
220 297 0.0
220 298 0.0
220 299 6.21886679809e-06
220 300 0.0
220 301 0.000223879204731
220 302 0.0
220 303 0.000155471669952
220 304 0.0
220 305 5.59698011828e-05
220 306 0.0
220 307 0.00453355389581
220 308 0.0
220 309 0.00139924502957
220 310 0.0
220 311 0.000155471669952
220 312 0.0
220 313 0.0
220 314 0.0
220 315 6.21886679809e-06
220 316 0.0
220 317 2.48754671924e-05
220 318 0.0
220 319 6.21886679809e-06
220 320 0.0
220 321 2.48754671924e-05
220 322 0.0
220 323 6.21886679809e-06
220 324 0.0
220 325 0.00139924502957
220 326 0.0
220 327 0.00139924502957
220 328 0.0
220 329 9.95018687695e-05
220 330 0.0
220 331 6.21886679809e-06
220 332 0.0
220 333 2.48754671924e-05
220 334 0.0
220 335 0.0
220 336 0.0
220 337 0.0
220 338 0.0
220 339 0.0
220 340 0.0
220 341 0.000304724473107
220 342 0.0
220 343 0.00139924502957
220 344 0.0
220 345 0.000304724473107
220 346 0.0
220 347 9.95018687695e-05
220 348 0.0
220 349 0.000895516818925
220 350 0.0
220 351 0.000621886679809
220 352 0.0
220 353 0.000155471669952
220 354 0.0
220 355 6.21886679809e-06
220 356 0.0
220 357 0.0
220 358 0.0
220 359 0.0
220 360 0.0
220 361 0.0
220 362 0.0
220 363 2.48754671924e-05
220 364 0.0
220 365 6.21886679809e-06
220 366 0.0
220 367 0.000304724473107
220 368 0.0
220 369 0.000155471669952
220 370 0.0
220 371 0.000398007475078
220 372 0.0
220 373 0.000223879204731
220 374 0.0
220 375 9.95018687695e-05
220 376 0.0
220 377 2.48754671924e-05
220 378 0.0
220 379 6.21886679809e-06
220 380 0.0
220 381 9.95018687695e-05
220 382 0.0
220 383 2.48754671924e-05
220 384 0.0
220 385 2.48754671924e-05
220 386 0.0
220 387 2.48754671924e-05
220 388 0.0
220 389 0.0
220 390 0.0
220 391 9.95018687695e-05
220 392 0.0
220 393 5.59698011828e-05
220 394 0.0
220 395 0.0
220 396 0.0
220 397 6.21886679809e-06
220 398 0.0
220 399 2.48754671924e-05
220 400 0.0
221 0 0.0
221 1 2.48754671924e-05
221 2 0.0
221 3 2.48754671924e-05
221 4 0.0
221 5 0.000155471669952
221 6 0.0
221 7 0.000304724473107
221 8 0.0
221 9 5.59698011828e-05
221 10 6.21886679809e-06
221 11 0.000398007475078
221 12 0.0
221 13 5.59698011828e-05
221 14 0.0
221 15 2.48754671924e-05
221 16 0.0
221 17 0.000155471669952
221 18 0.0
221 19 6.21886679809e-06
221 20 0.0
221 21 2.48754671924e-05
221 22 0.0
221 23 6.21886679809e-06
221 24 0.0
221 25 6.21886679809e-06
221 26 0.0
221 27 6.21886679809e-06
221 28 0.0
221 29 0.000304724473107
221 30 0.0
221 31 9.95018687695e-05
221 32 0.0
221 33 2.48754671924e-05
221 34 0.0
221 35 6.21886679809e-06
221 36 0.0
221 37 0.000621886679809
221 38 0.0
221 39 0.000223879204731
221 40 0.0
221 41 6.21886679809e-06
221 42 0.0
221 43 5.59698011828e-05
221 44 0.0
221 45 0.0
221 46 0.0
221 47 6.21886679809e-06
221 48 0.0
221 49 0.0
221 50 0.0
221 51 0.0
221 52 0.0
221 53 0.0
221 54 0.0
221 55 6.21886679809e-06
221 56 0.0
221 57 2.48754671924e-05
221 58 0.0
221 59 0.000223879204731
221 60 2.48754671924e-05
221 61 0.00139924502957
221 62 2.48754671924e-05
221 63 0.000155471669952
221 64 0.0
221 65 0.000304724473107
221 66 0.0
221 67 0.000398007475078
221 68 0.0
221 69 0.000155471669952
221 70 2.48754671924e-05
221 71 5.59698011828e-05
221 72 0.0
221 73 2.48754671924e-05
221 74 0.0
221 75 0.0
221 76 0.0
221 77 6.21886679809e-06
221 78 0.0
221 79 0.0
221 80 0.0
221 81 0.0
221 82 0.0
221 83 0.0
221 84 0.0
221 85 0.000304724473107
221 86 0.0
221 87 0.000621886679809
221 88 0.0
221 89 0.00179725250465
221 90 0.0
221 91 9.95018687695e-05
221 92 0.0
221 93 0.000752482882569
221 94 0.0
221 95 0.00179725250465
221 96 0.0
221 97 5.59698011828e-05
221 98 0.0
221 99 0.0
221 100 0.0
221 101 6.21886679809e-06
221 102 0.0
221 103 6.21886679809e-06
221 104 0.0
221 105 0.0
221 106 0.0
221 107 0.0
221 108 0.0
221 109 0.000304724473107
221 110 0.0
221 111 0.000155471669952
221 112 0.0
221 113 2.48754671924e-05
221 114 0.0
221 115 0.00453355389581
221 116 0.0
221 117 0.00201491284258
221 118 0.0
221 119 0.000304724473107
221 120 0.0
221 121 0.0
221 122 0.0
221 123 0.0
221 124 0.0
221 125 0.0
221 126 0.0
221 127 0.00179725250465
221 128 6.21886679809e-06
221 129 0.00898004365644
221 130 6.21886679809e-06
221 131 0.0048755915697
221 132 2.48754671924e-05
221 133 0.00718901001859
221 134 0.0
221 135 0.000752482882569
221 136 0.0
221 137 6.21886679809e-06
221 138 0.0
221 139 0.0
221 140 0.0
221 141 0.0
221 142 0.0
221 143 0.0
221 144 0.0
221 145 0.0
221 146 0.0
221 147 0.0
221 148 0.0
221 149 0.0
221 150 0.0
221 151 0.00453355389581
221 152 0.0
221 153 0.00677234594312
221 154 0.0
221 155 0.0195023662788
221 156 0.0
221 157 6.21886679809e-06
221 158 0.0
221 159 0.0
221 160 0.0
221 161 6.21886679809e-06
221 162 0.0
221 163 5.59698011828e-05
221 164 0.0
221 165 2.48754671924e-05
221 166 0.0
221 167 0.000155471669952
221 168 0.0
221 169 0.00201491284258
221 170 0.0
221 171 0.0223879204731
221 172 0.0
221 173 0.00718901001859
221 174 0.0
221 175 0.0
221 176 0.0
221 177 2.48754671924e-05
221 178 6.21886679809e-06
221 179 2.48754671924e-05
221 180 0.0
221 181 0.0449313126162
221 182 2.48754671924e-05
221 183 0.0492596439077
221 184 0.000895516818925
221 185 0.000895516818925
221 186 0.000304724473107
221 187 0.000398007475078
221 188 0.000304724473107
221 189 0.000304724473107
221 190 0.000304724473107
221 191 0.000398007475078
221 192 0.000398007475078
221 193 0.000398007475078
221 194 0.000398007475078
221 195 0.000398007475078
221 196 0.000398007475078
221 197 0.000398007475078
221 198 0.000398007475078
221 199 0.000398007475078
221 200 0.000398007475078
221 201 0.000398007475078
221 202 0.000398007475078
221 203 0.000398007475078
221 204 0.000398007475078
221 205 0.000398007475078
221 206 0.000398007475078
221 207 0.000398007475078
221 208 0.000398007475078
221 209 0.000398007475078
221 210 0.000398007475078
221 211 0.000398007475078
221 212 0.000398007475078
221 213 0.000398007475078
221 214 0.000398007475078
221 215 0.000398007475078
221 216 0.000398007475078
221 217 0.000398007475078
221 218 0.000398007475078
221 219 0.000398007475078
221 220 0.000398007475078
221 221 0.000398007475078
221 222 0.000398007475078
221 223 0.000398007475078
221 224 0.000398007475078
221 225 0.000398007475078
221 226 0.000398007475078
221 227 0.000398007475078
221 228 0.000398007475078
221 229 0.000398007475078
221 230 0.000398007475078
221 231 0.000398007475078
221 232 0.000398007475078
221 233 0.000398007475078
221 234 0.000398007475078
221 235 0.000304724473107
221 236 0.000398007475078
221 237 0.000503728210645
221 238 0.000155471669952
221 239 2.48754671924e-05
221 240 0.000155471669952
221 241 0.0209202679088
221 242 2.48754671924e-05
221 243 0.033140341167
221 244 0.0
221 245 0.0052300669772
221 246 2.48754671924e-05
221 247 0.00159202990031
221 248 0.0
221 249 0.0223879204731
221 250 6.21886679809e-06
221 251 0.0738863564281
221 252 0.0
221 253 0.0149314991822
221 254 0.0
221 255 0.000304724473107
221 256 0.0
221 257 5.59698011828e-05
221 258 0.0
221 259 9.95018687695e-05
221 260 0.0
221 261 0.000895516818925
221 262 0.0
221 263 0.000621886679809
221 264 0.0
221 265 0.025472478405
221 266 0.0
221 267 0.0035820672757
221 268 0.0
221 269 5.59698011828e-05
221 270 0.0
221 271 0.0
221 272 0.0
221 273 0.0
221 274 0.0
221 275 0.0
221 276 0.0
221 277 5.59698011828e-05
221 278 0.0
221 279 2.48754671924e-05
221 280 0.0
221 281 6.21886679809e-06
221 282 0.0
221 283 0.000895516818925
221 284 0.0
221 285 0.00388679174881
221 286 0.0
221 287 0.000752482882569
221 288 0.0
221 289 0.0035820672757
221 290 0.0
221 291 0.000621886679809
221 292 0.0
221 293 5.59698011828e-05
221 294 0.0
221 295 6.21886679809e-06
221 296 0.0
221 297 0.0
221 298 0.0
221 299 6.21886679809e-06
221 300 0.0
221 301 9.95018687695e-05
221 302 6.21886679809e-06
221 303 9.95018687695e-05
221 304 6.21886679809e-06
221 305 2.48754671924e-05
221 306 6.21886679809e-06
221 307 0.00453355389581
221 308 0.0
221 309 0.00139924502957
221 310 0.0
221 311 0.000155471669952
221 312 0.0
221 313 0.0
221 314 0.0
221 315 6.21886679809e-06
221 316 0.0
221 317 2.48754671924e-05
221 318 0.0
221 319 6.21886679809e-06
221 320 0.0
221 321 2.48754671924e-05
221 322 0.0
221 323 6.21886679809e-06
221 324 0.0
221 325 0.00139924502957
221 326 0.0
221 327 0.00139924502957
221 328 0.0
221 329 9.95018687695e-05
221 330 0.0
221 331 6.21886679809e-06
221 332 0.0
221 333 2.48754671924e-05
221 334 0.0
221 335 0.0
221 336 0.0
221 337 0.0
221 338 0.0
221 339 0.0
221 340 0.0
221 341 0.000304724473107
221 342 0.0
221 343 0.00139924502957
221 344 0.0
221 345 0.000304724473107
221 346 0.0
221 347 9.95018687695e-05
221 348 0.0
221 349 0.000895516818925
221 350 0.0
221 351 0.000621886679809
221 352 0.0
221 353 0.000155471669952
221 354 0.0
221 355 6.21886679809e-06
221 356 0.0
221 357 0.0
221 358 0.0
221 359 0.0
221 360 0.0
221 361 0.0
221 362 0.0
221 363 2.48754671924e-05
221 364 0.0
221 365 6.21886679809e-06
221 366 0.0
221 367 0.000304724473107
221 368 0.0
221 369 0.000155471669952
221 370 0.0
221 371 0.000503728210645
221 372 6.21886679809e-06
221 373 0.000223879204731
221 374 6.21886679809e-06
221 375 9.95018687695e-05
221 376 0.0
221 377 6.21886679809e-06
221 378 6.21886679809e-06
221 379 0.0
221 380 6.21886679809e-06
221 381 2.48754671924e-05
221 382 2.48754671924e-05
221 383 9.95018687695e-05
221 384 0.0
221 385 5.59698011828e-05
221 386 0.0
221 387 5.59698011828e-05
221 388 0.0
221 389 2.48754671924e-05
221 390 6.21886679809e-06
221 391 5.59698011828e-05
221 392 2.48754671924e-05
221 393 2.48754671924e-05
221 394 0.0
221 395 9.95018687695e-05
221 396 2.48754671924e-05
221 397 5.59698011828e-05
221 398 6.21886679809e-06
221 399 2.48754671924e-05
221 400 0.0
222 0 0.0
222 1 2.48754671924e-05
222 2 0.0
222 3 2.48754671924e-05
222 4 0.0
222 5 0.000155471669952
222 6 0.0
222 7 0.000223879204731
222 8 0.0
222 9 2.48754671924e-05
222 10 0.0
222 11 0.000503728210645
222 12 0.0
222 13 5.59698011828e-05
222 14 0.0
222 15 2.48754671924e-05
222 16 0.0
222 17 0.000155471669952
222 18 0.0
222 19 6.21886679809e-06
222 20 0.0
222 21 2.48754671924e-05
222 22 0.0
222 23 6.21886679809e-06
222 24 0.0
222 25 6.21886679809e-06
222 26 0.0
222 27 6.21886679809e-06
222 28 0.0
222 29 0.000304724473107
222 30 0.0
222 31 9.95018687695e-05
222 32 0.0
222 33 2.48754671924e-05
222 34 0.0
222 35 6.21886679809e-06
222 36 0.0
222 37 0.000621886679809
222 38 0.0
222 39 0.000223879204731
222 40 0.0
222 41 6.21886679809e-06
222 42 0.0
222 43 5.59698011828e-05
222 44 0.0
222 45 0.0
222 46 0.0
222 47 6.21886679809e-06
222 48 0.0
222 49 0.0
222 50 0.0
222 51 0.0
222 52 0.0
222 53 0.0
222 54 0.0
222 55 6.21886679809e-06
222 56 0.0
222 57 6.21886679809e-06
222 58 0.0
222 59 0.000155471669952
222 60 0.0
222 61 0.000895516818925
222 62 0.0
222 63 0.000223879204731
222 64 0.0
222 65 0.000304724473107
222 66 0.0
222 67 0.000398007475078
222 68 0.0
222 69 9.95018687695e-05
222 70 0.0
222 71 6.21886679809e-06
222 72 0.0
222 73 2.48754671924e-05
222 74 0.0
222 75 0.0
222 76 0.0
222 77 6.21886679809e-06
222 78 0.0
222 79 0.0
222 80 0.0
222 81 0.0
222 82 0.0
222 83 0.0
222 84 0.0
222 85 0.000304724473107
222 86 0.0
222 87 0.000621886679809
222 88 0.0
222 89 0.00179725250465
222 90 0.0
222 91 9.95018687695e-05
222 92 0.0
222 93 0.000752482882569
222 94 0.0
222 95 0.00179725250465
222 96 0.0
222 97 5.59698011828e-05
222 98 0.0
222 99 0.0
222 100 0.0
222 101 6.21886679809e-06
222 102 0.0
222 103 6.21886679809e-06
222 104 0.0
222 105 0.0
222 106 0.0
222 107 0.0
222 108 0.0
222 109 0.000304724473107
222 110 0.0
222 111 0.000155471669952
222 112 0.0
222 113 2.48754671924e-05
222 114 0.0
222 115 0.00453355389581
222 116 0.0
222 117 0.00201491284258
222 118 0.0
222 119 0.000304724473107
222 120 0.0
222 121 0.0
222 122 0.0
222 123 0.0
222 124 0.0
222 125 0.0
222 126 0.0
222 127 0.00201491284258
222 128 0.0
222 129 0.00898004365644
222 130 0.0
222 131 0.0048755915697
222 132 0.0
222 133 0.00761811182766
222 134 0.0
222 135 0.000752482882569
222 136 0.0
222 137 6.21886679809e-06
222 138 0.0
222 139 0.0
222 140 0.0
222 141 0.0
222 142 0.0
222 143 0.0
222 144 0.0
222 145 0.0
222 146 0.0
222 147 0.0
222 148 0.0
222 149 0.0
222 150 0.0
222 151 0.00453355389581
222 152 0.0
222 153 0.00677234594312
222 154 0.0
222 155 0.0195023662788
222 156 0.0
222 157 6.21886679809e-06
222 158 0.0
222 159 0.0
222 160 0.0
222 161 6.21886679809e-06
222 162 0.0
222 163 5.59698011828e-05
222 164 0.0
222 165 2.48754671924e-05
222 166 0.0
222 167 0.000155471669952
222 168 0.0
222 169 0.00201491284258
222 170 0.0
222 171 0.0223879204731
222 172 0.0
222 173 0.00718901001859
222 174 0.0
222 175 6.21886679809e-06
222 176 0.0
222 177 6.21886679809e-06
222 178 0.0
222 179 0.0
222 180 0.0
222 181 0.0449313126162
222 182 0.0
222 183 0.0573130764112
222 184 0.0
222 185 0.000503728210645
222 186 0.0
222 187 0.0
222 188 0.0
222 189 0.0
222 190 0.0
222 191 0.0
222 192 0.0
222 193 0.0
222 194 0.0
222 195 0.0
222 196 0.0
222 197 0.0
222 198 0.0
222 199 0.0
222 200 0.0
222 201 0.0
222 202 0.0
222 203 0.0
222 204 0.0
222 205 0.0
222 206 0.0
222 207 0.0
222 208 0.0
222 209 0.0
222 210 0.0
222 211 0.0
222 212 0.0
222 213 0.0
222 214 0.0
222 215 0.0
222 216 0.0
222 217 0.0
222 218 0.0
222 219 0.0
222 220 0.0
222 221 0.0
222 222 0.0
222 223 0.0
222 224 0.0
222 225 0.0
222 226 0.0
222 227 0.0
222 228 0.0
222 229 0.0
222 230 0.0
222 231 0.0
222 232 0.0
222 233 0.0
222 234 0.0
222 235 6.21886679809e-06
222 236 0.0
222 237 6.21886679809e-06
222 238 0.0
222 239 5.59698011828e-05
222 240 0.0
222 241 0.0131591221448
222 242 0.0
222 243 0.0304724473107
222 244 0.0
222 245 0.00453355389581
222 246 0.0
222 247 0.00121889789243
222 248 0.0
222 249 0.0209202679088
222 250 0.0
222 251 0.0738863564281
222 252 0.0
222 253 0.0149314991822
222 254 0.0
222 255 0.000304724473107
222 256 0.0
222 257 5.59698011828e-05
222 258 0.0
222 259 9.95018687695e-05
222 260 0.0
222 261 0.000895516818925
222 262 0.0
222 263 0.000621886679809
222 264 0.0
222 265 0.025472478405
222 266 0.0
222 267 0.0035820672757
222 268 0.0
222 269 5.59698011828e-05
222 270 0.0
222 271 0.0
222 272 0.0
222 273 0.0
222 274 0.0
222 275 0.0
222 276 0.0
222 277 5.59698011828e-05
222 278 0.0
222 279 2.48754671924e-05
222 280 0.0
222 281 6.21886679809e-06
222 282 0.0
222 283 0.000895516818925
222 284 0.0
222 285 0.00388679174881
222 286 0.0
222 287 0.000752482882569
222 288 0.0
222 289 0.0035820672757
222 290 0.0
222 291 0.000621886679809
222 292 0.0
222 293 5.59698011828e-05
222 294 0.0
222 295 6.21886679809e-06
222 296 0.0
222 297 0.0
222 298 0.0
222 299 6.21886679809e-06
222 300 0.0
222 301 0.000155471669952
222 302 0.0
222 303 9.95018687695e-05
222 304 0.0
222 305 2.48754671924e-05
222 306 0.0
222 307 0.00453355389581
222 308 0.0
222 309 0.00139924502957
222 310 0.0
222 311 0.000155471669952
222 312 0.0
222 313 0.0
222 314 0.0
222 315 6.21886679809e-06
222 316 0.0
222 317 2.48754671924e-05
222 318 0.0
222 319 6.21886679809e-06
222 320 0.0
222 321 2.48754671924e-05
222 322 0.0
222 323 6.21886679809e-06
222 324 0.0
222 325 0.00139924502957
222 326 0.0
222 327 0.00139924502957
222 328 0.0
222 329 9.95018687695e-05
222 330 0.0
222 331 6.21886679809e-06
222 332 0.0
222 333 2.48754671924e-05
222 334 0.0
222 335 0.0
222 336 0.0
222 337 0.0
222 338 0.0
222 339 0.0
222 340 0.0
222 341 0.000304724473107
222 342 0.0
222 343 0.00139924502957
222 344 0.0
222 345 0.000304724473107
222 346 0.0
222 347 9.95018687695e-05
222 348 0.0
222 349 0.000895516818925
222 350 0.0
222 351 0.000621886679809
222 352 0.0
222 353 0.000155471669952
222 354 0.0
222 355 6.21886679809e-06
222 356 0.0
222 357 0.0
222 358 0.0
222 359 0.0
222 360 0.0
222 361 0.0
222 362 0.0
222 363 2.48754671924e-05
222 364 0.0
222 365 6.21886679809e-06
222 366 0.0
222 367 0.000304724473107
222 368 0.0
222 369 9.95018687695e-05
222 370 0.0
222 371 0.000398007475078
222 372 0.0
222 373 0.000223879204731
222 374 0.0
222 375 9.95018687695e-05
222 376 0.0
222 377 2.48754671924e-05
222 378 0.0
222 379 0.0
222 380 0.0
222 381 5.59698011828e-05
222 382 0.0
222 383 5.59698011828e-05
222 384 0.0
222 385 5.59698011828e-05
222 386 0.0
222 387 5.59698011828e-05
222 388 0.0
222 389 6.21886679809e-06
222 390 0.0
222 391 0.000155471669952
222 392 0.0
222 393 6.21886679809e-06
222 394 0.0
222 395 5.59698011828e-05
222 396 0.0
222 397 9.95018687695e-05
222 398 0.0
222 399 6.21886679809e-06
222 400 0.0
223 0 0.0
223 1 2.48754671924e-05
223 2 0.0
223 3 2.48754671924e-05
223 4 0.0
223 5 0.000155471669952
223 6 0.0
223 7 0.000223879204731
223 8 0.0
223 9 2.48754671924e-05
223 10 0.0
223 11 0.000503728210645
223 12 0.0
223 13 5.59698011828e-05
223 14 0.0
223 15 5.59698011828e-05
223 16 6.21886679809e-06
223 17 5.59698011828e-05
223 18 6.21886679809e-06
223 19 6.21886679809e-06
223 20 0.0
223 21 6.21886679809e-06
223 22 0.0
223 23 6.21886679809e-06
223 24 0.0
223 25 6.21886679809e-06
223 26 0.0
223 27 6.21886679809e-06
223 28 0.0
223 29 0.000304724473107
223 30 0.0
223 31 9.95018687695e-05
223 32 0.0
223 33 2.48754671924e-05
223 34 0.0
223 35 6.21886679809e-06
223 36 0.0
223 37 0.000621886679809
223 38 0.0
223 39 0.000223879204731
223 40 0.0
223 41 6.21886679809e-06
223 42 0.0
223 43 5.59698011828e-05
223 44 0.0
223 45 0.0
223 46 0.0
223 47 6.21886679809e-06
223 48 0.0
223 49 0.0
223 50 0.0
223 51 0.0
223 52 0.0
223 53 0.0
223 54 0.0
223 55 6.21886679809e-06
223 56 0.0
223 57 6.21886679809e-06
223 58 0.0
223 59 0.000155471669952
223 60 0.0
223 61 0.000895516818925
223 62 0.0
223 63 0.000223879204731
223 64 0.0
223 65 0.000304724473107
223 66 0.0
223 67 0.000398007475078
223 68 0.0
223 69 9.95018687695e-05
223 70 0.0
223 71 6.21886679809e-06
223 72 0.0
223 73 2.48754671924e-05
223 74 0.0
223 75 0.0
223 76 0.0
223 77 6.21886679809e-06
223 78 0.0
223 79 0.0
223 80 0.0
223 81 0.0
223 82 0.0
223 83 0.0
223 84 0.0
223 85 0.000304724473107
223 86 0.0
223 87 0.000621886679809
223 88 0.0
223 89 0.00179725250465
223 90 0.0
223 91 9.95018687695e-05
223 92 0.0
223 93 0.000752482882569
223 94 0.0
223 95 0.00179725250465
223 96 0.0
223 97 5.59698011828e-05
223 98 0.0
223 99 0.0
223 100 0.0
223 101 6.21886679809e-06
223 102 0.0
223 103 6.21886679809e-06
223 104 0.0
223 105 0.0
223 106 0.0
223 107 0.0
223 108 0.0
223 109 0.000304724473107
223 110 0.0
223 111 0.000155471669952
223 112 0.0
223 113 2.48754671924e-05
223 114 0.0
223 115 0.00453355389581
223 116 0.0
223 117 0.00201491284258
223 118 0.0
223 119 0.000304724473107
223 120 0.0
223 121 0.0
223 122 0.0
223 123 0.0
223 124 0.0
223 125 0.0
223 126 0.0
223 127 0.00201491284258
223 128 6.21886679809e-06
223 129 0.0094588963999
223 130 0.0
223 131 0.0048755915697
223 132 6.21886679809e-06
223 133 0.00761811182766
223 134 0.0
223 135 0.000752482882569
223 136 0.0
223 137 6.21886679809e-06
223 138 0.0
223 139 0.0
223 140 0.0
223 141 0.0
223 142 0.0
223 143 0.0
223 144 0.0
223 145 0.0
223 146 0.0
223 147 0.0
223 148 0.0
223 149 0.0
223 150 0.0
223 151 0.00453355389581
223 152 0.0
223 153 0.00677234594312
223 154 0.0
223 155 0.0195023662788
223 156 0.0
223 157 6.21886679809e-06
223 158 0.0
223 159 0.0
223 160 0.0
223 161 6.21886679809e-06
223 162 0.0
223 163 5.59698011828e-05
223 164 0.0
223 165 5.59698011828e-05
223 166 6.21886679809e-06
223 167 0.000223879204731
223 168 6.21886679809e-06
223 169 0.00224501091411
223 170 0.0
223 171 0.0216478753242
223 172 0.0
223 173 0.00718901001859
223 174 6.21886679809e-06
223 175 2.48754671924e-05
223 176 6.21886679809e-06
223 177 2.48754671924e-05
223 178 6.21886679809e-06
223 179 2.48754671924e-05
223 180 5.59698011828e-05
223 181 0.0195023662788
223 182 0.00328978053619
223 183 0.0766226578193
223 184 0.00677234594312
223 185 0.00179725250465
223 186 0.00420395395551
223 187 0.00420395395551
223 188 0.00420395395551
223 189 0.00420395395551
223 190 0.00420395395551
223 191 0.00420395395551
223 192 0.00420395395551
223 193 0.00420395395551
223 194 0.00420395395551
223 195 0.00420395395551
223 196 0.00420395395551
223 197 0.00420395395551
223 198 0.00420395395551
223 199 0.0035820672757
223 200 0.0035820672757
223 201 0.0035820672757
223 202 0.00388679174881
223 203 0.00388679174881
223 204 0.00388679174881
223 205 0.00388679174881
223 206 0.00388679174881
223 207 0.00388679174881
223 208 0.00388679174881
223 209 0.00388679174881
223 210 0.00388679174881
223 211 0.0035820672757
223 212 0.00388679174881
223 213 0.00388679174881
223 214 0.00420395395551
223 215 0.00420395395551
223 216 0.00420395395551
223 217 0.00388679174881
223 218 0.00420395395551
223 219 0.00420395395551
223 220 0.00420395395551
223 221 0.00388679174881
223 222 0.00388679174881
223 223 0.00388679174881
223 224 0.00388679174881
223 225 0.00388679174881
223 226 0.00388679174881
223 227 0.00388679174881
223 228 0.00388679174881
223 229 0.00388679174881
223 230 0.00388679174881
223 231 0.00388679174881
223 232 0.00388679174881
223 233 0.00388679174881
223 234 0.00388679174881
223 235 0.00559698011828
223 236 0.0048755915697
223 237 0.00559698011828
223 238 0.00420395395551
223 239 0.0048755915697
223 240 0.00328978053619
223 241 0.00159202990031
223 242 0.00718901001859
223 243 0.00761811182766
223 244 0.0
223 245 0.00300993153028
223 246 0.0
223 247 0.00121889789243
223 248 0.0
223 249 0.0216478753242
223 250 6.21886679809e-06
223 251 0.0725368623329
223 252 6.21886679809e-06
223 253 0.0155471669952
223 254 0.0
223 255 0.000304724473107
223 256 0.0
223 257 5.59698011828e-05
223 258 0.0
223 259 9.95018687695e-05
223 260 0.0
223 261 0.000895516818925
223 262 0.0
223 263 0.000621886679809
223 264 6.21886679809e-06
223 265 0.025472478405
223 266 0.0
223 267 0.00328978053619
223 268 0.0
223 269 5.59698011828e-05
223 270 6.21886679809e-06
223 271 6.21886679809e-06
223 272 0.0
223 273 0.0
223 274 0.0
223 275 6.21886679809e-06
223 276 0.0
223 277 5.59698011828e-05
223 278 0.0
223 279 2.48754671924e-05
223 280 0.0
223 281 6.21886679809e-06
223 282 0.0
223 283 0.000895516818925
223 284 0.0
223 285 0.00388679174881
223 286 0.0
223 287 0.000752482882569
223 288 0.0
223 289 0.0035820672757
223 290 0.0
223 291 0.000621886679809
223 292 0.0
223 293 5.59698011828e-05
223 294 0.0
223 295 6.21886679809e-06
223 296 0.0
223 297 0.0
223 298 0.0
223 299 6.21886679809e-06
223 300 0.0
223 301 9.95018687695e-05
223 302 6.21886679809e-06
223 303 9.95018687695e-05
223 304 0.0
223 305 2.48754671924e-05
223 306 6.21886679809e-06
223 307 0.00453355389581
223 308 0.0
223 309 0.00139924502957
223 310 0.0
223 311 0.000155471669952
223 312 0.0
223 313 0.0
223 314 0.0
223 315 6.21886679809e-06
223 316 0.0
223 317 2.48754671924e-05
223 318 0.0
223 319 6.21886679809e-06
223 320 0.0
223 321 2.48754671924e-05
223 322 0.0
223 323 6.21886679809e-06
223 324 0.0
223 325 0.00139924502957
223 326 0.0
223 327 0.00139924502957
223 328 0.0
223 329 9.95018687695e-05
223 330 0.0
223 331 6.21886679809e-06
223 332 0.0
223 333 2.48754671924e-05
223 334 0.0
223 335 0.0
223 336 0.0
223 337 0.0
223 338 0.0
223 339 0.0
223 340 0.0
223 341 0.000304724473107
223 342 0.0
223 343 0.00139924502957
223 344 0.0
223 345 0.000304724473107
223 346 0.0
223 347 9.95018687695e-05
223 348 0.0
223 349 0.000895516818925
223 350 0.0
223 351 0.000621886679809
223 352 0.0
223 353 0.000155471669952
223 354 0.0
223 355 6.21886679809e-06
223 356 0.0
223 357 0.0
223 358 0.0
223 359 0.0
223 360 0.0
223 361 0.0
223 362 0.0
223 363 2.48754671924e-05
223 364 0.0
223 365 6.21886679809e-06
223 366 0.0
223 367 0.000304724473107
223 368 0.0
223 369 9.95018687695e-05
223 370 0.0
223 371 0.000398007475078
223 372 0.0
223 373 0.000223879204731
223 374 0.0
223 375 9.95018687695e-05
223 376 0.0
223 377 2.48754671924e-05
223 378 0.0
223 379 0.0
223 380 0.0
223 381 5.59698011828e-05
223 382 0.0
223 383 5.59698011828e-05
223 384 0.0
223 385 5.59698011828e-05
223 386 0.0
223 387 5.59698011828e-05
223 388 0.0
223 389 2.48754671924e-05
223 390 6.21886679809e-06
223 391 9.95018687695e-05
223 392 6.21886679809e-06
223 393 6.21886679809e-06
223 394 0.0
223 395 5.59698011828e-05
223 396 0.0
223 397 9.95018687695e-05
223 398 0.0
223 399 6.21886679809e-06
223 400 0.0
224 0 0.0
224 1 2.48754671924e-05
224 2 0.0
224 3 2.48754671924e-05
224 4 0.0
224 5 0.000155471669952
224 6 0.0
224 7 0.000223879204731
224 8 0.0
224 9 2.48754671924e-05
224 10 0.0
224 11 0.000503728210645
224 12 0.0
224 13 5.59698011828e-05
224 14 0.0
224 15 2.48754671924e-05
224 16 0.0
224 17 0.000155471669952
224 18 0.0
224 19 6.21886679809e-06
224 20 0.0
224 21 2.48754671924e-05
224 22 0.0
224 23 6.21886679809e-06
224 24 0.0
224 25 6.21886679809e-06
224 26 0.0
224 27 6.21886679809e-06
224 28 0.0
224 29 0.000304724473107
224 30 0.0
224 31 9.95018687695e-05
224 32 0.0
224 33 2.48754671924e-05
224 34 0.0
224 35 6.21886679809e-06
224 36 0.0
224 37 0.000621886679809
224 38 0.0
224 39 0.000223879204731
224 40 0.0
224 41 6.21886679809e-06
224 42 0.0
224 43 5.59698011828e-05
224 44 0.0
224 45 0.0
224 46 0.0
224 47 6.21886679809e-06
224 48 0.0
224 49 0.0
224 50 0.0
224 51 0.0
224 52 0.0
224 53 0.0
224 54 0.0
224 55 6.21886679809e-06
224 56 0.0
224 57 6.21886679809e-06
224 58 0.0
224 59 0.000155471669952
224 60 0.0
224 61 0.000895516818925
224 62 0.0
224 63 0.000223879204731
224 64 0.0
224 65 0.000304724473107
224 66 0.0
224 67 0.000398007475078
224 68 0.0
224 69 9.95018687695e-05
224 70 0.0
224 71 6.21886679809e-06
224 72 0.0
224 73 2.48754671924e-05
224 74 0.0
224 75 0.0
224 76 0.0
224 77 6.21886679809e-06
224 78 0.0
224 79 0.0
224 80 0.0
224 81 0.0
224 82 0.0
224 83 0.0
224 84 0.0
224 85 0.000304724473107
224 86 0.0
224 87 0.000621886679809
224 88 0.0
224 89 0.00179725250465
224 90 0.0
224 91 9.95018687695e-05
224 92 0.0
224 93 0.000752482882569
224 94 0.0
224 95 0.00179725250465
224 96 0.0
224 97 5.59698011828e-05
224 98 0.0
224 99 0.0
224 100 0.0
224 101 6.21886679809e-06
224 102 0.0
224 103 6.21886679809e-06
224 104 0.0
224 105 0.0
224 106 0.0
224 107 0.0
224 108 0.0
224 109 0.000304724473107
224 110 0.0
224 111 0.000155471669952
224 112 0.0
224 113 2.48754671924e-05
224 114 0.0
224 115 0.00453355389581
224 116 0.0
224 117 0.00201491284258
224 118 0.0
224 119 0.000304724473107
224 120 0.0
224 121 0.0
224 122 0.0
224 123 0.0
224 124 0.0
224 125 0.0
224 126 0.0
224 127 0.00201491284258
224 128 0.0
224 129 0.00898004365644
224 130 0.0
224 131 0.0048755915697
224 132 0.0
224 133 0.00761811182766
224 134 0.0
224 135 0.000752482882569
224 136 0.0
224 137 6.21886679809e-06
224 138 0.0
224 139 0.0
224 140 0.0
224 141 0.0
224 142 0.0
224 143 0.0
224 144 0.0
224 145 0.0
224 146 0.0
224 147 0.0
224 148 0.0
224 149 0.0
224 150 0.0
224 151 0.00453355389581
224 152 0.0
224 153 0.00677234594312
224 154 0.0
224 155 0.0195023662788
224 156 0.0
224 157 6.21886679809e-06
224 158 0.0
224 159 0.0
224 160 0.0
224 161 6.21886679809e-06
224 162 0.0
224 163 5.59698011828e-05
224 164 0.0
224 165 2.48754671924e-05
224 166 0.0
224 167 0.000155471669952
224 168 0.0
224 169 0.00201491284258
224 170 0.0
224 171 0.0223879204731
224 172 0.0
224 173 0.00718901001859
224 174 0.0
224 175 6.21886679809e-06
224 176 0.0
224 177 6.21886679809e-06
224 178 0.0
224 179 2.48754671924e-05
224 180 0.0
224 181 0.00597633099297
224 182 0.0
224 183 0.0125932052661
224 184 0.0
224 185 0.000398007475078
224 186 0.0
224 187 0.0
224 188 0.0
224 189 0.0
224 190 0.0
224 191 0.0
224 192 0.0
224 193 0.0
224 194 0.0
224 195 0.0
224 196 0.0
224 197 0.0
224 198 0.0
224 199 2.48754671924e-05
224 200 0.0
224 201 6.21886679809e-06
224 202 0.0
224 203 0.0
224 204 0.0
224 205 0.0
224 206 0.0
224 207 0.0
224 208 0.0
224 209 0.0
224 210 0.0
224 211 6.21886679809e-06
224 212 0.0
224 213 0.0
224 214 0.0
224 215 0.0
224 216 0.0
224 217 6.21886679809e-06
224 218 0.0
224 219 0.0
224 220 0.0
224 221 0.0
224 222 0.0
224 223 0.0
224 224 0.0
224 225 0.0
224 226 0.0
224 227 0.0
224 228 0.0
224 229 0.0
224 230 0.0
224 231 0.0
224 232 0.0
224 233 0.0
224 234 0.0
224 235 5.59698011828e-05
224 236 0.0
224 237 9.95018687695e-05
224 238 0.0
224 239 5.59698011828e-05
224 240 0.0
224 241 5.59698011828e-05
224 242 0.0
224 243 0.00805965137033
224 244 0.0
224 245 0.00159202990031
224 246 0.0
224 247 0.00139924502957
224 248 0.0
224 249 0.0239053239719
224 250 0.0
224 251 0.0738863564281
224 252 0.0
224 253 0.0149314991822
224 254 0.0
224 255 0.000304724473107
224 256 0.0
224 257 5.59698011828e-05
224 258 0.0
224 259 9.95018687695e-05
224 260 0.0
224 261 0.000895516818925
224 262 0.0
224 263 0.000621886679809
224 264 0.0
224 265 0.025472478405
224 266 0.0
224 267 0.0035820672757
224 268 0.0
224 269 5.59698011828e-05
224 270 0.0
224 271 0.0
224 272 0.0
224 273 0.0
224 274 0.0
224 275 0.0
224 276 0.0
224 277 5.59698011828e-05
224 278 0.0
224 279 2.48754671924e-05
224 280 0.0
224 281 6.21886679809e-06
224 282 0.0
224 283 0.000895516818925
224 284 0.0
224 285 0.00388679174881
224 286 0.0
224 287 0.000752482882569
224 288 0.0
224 289 0.0035820672757
224 290 0.0
224 291 0.000621886679809
224 292 0.0
224 293 5.59698011828e-05
224 294 0.0
224 295 6.21886679809e-06
224 296 0.0
224 297 0.0
224 298 0.0
224 299 6.21886679809e-06
224 300 0.0
224 301 0.000155471669952
224 302 0.0
224 303 9.95018687695e-05
224 304 0.0
224 305 2.48754671924e-05
224 306 0.0
224 307 0.00453355389581
224 308 0.0
224 309 0.00139924502957
224 310 0.0
224 311 0.000155471669952
224 312 0.0
224 313 0.0
224 314 0.0
224 315 6.21886679809e-06
224 316 0.0
224 317 2.48754671924e-05
224 318 0.0
224 319 6.21886679809e-06
224 320 0.0
224 321 2.48754671924e-05
224 322 0.0
224 323 6.21886679809e-06
224 324 0.0
224 325 0.00139924502957
224 326 0.0
224 327 0.00139924502957
224 328 0.0
224 329 9.95018687695e-05
224 330 0.0
224 331 6.21886679809e-06
224 332 0.0
224 333 2.48754671924e-05
224 334 0.0
224 335 0.0
224 336 0.0
224 337 0.0
224 338 0.0
224 339 0.0
224 340 0.0
224 341 0.000304724473107
224 342 0.0
224 343 0.00139924502957
224 344 0.0
224 345 0.000304724473107
224 346 0.0
224 347 9.95018687695e-05
224 348 0.0
224 349 0.000895516818925
224 350 0.0
224 351 0.000621886679809
224 352 0.0
224 353 0.000155471669952
224 354 0.0
224 355 6.21886679809e-06
224 356 0.0
224 357 0.0
224 358 0.0
224 359 0.0
224 360 0.0
224 361 0.0
224 362 0.0
224 363 2.48754671924e-05
224 364 0.0
224 365 6.21886679809e-06
224 366 0.0
224 367 0.000304724473107
224 368 0.0
224 369 9.95018687695e-05
224 370 0.0
224 371 0.000398007475078
224 372 0.0
224 373 0.000223879204731
224 374 0.0
224 375 9.95018687695e-05
224 376 0.0
224 377 2.48754671924e-05
224 378 0.0
224 379 0.0
224 380 0.0
224 381 5.59698011828e-05
224 382 0.0
224 383 5.59698011828e-05
224 384 0.0
224 385 5.59698011828e-05
224 386 0.0
224 387 5.59698011828e-05
224 388 0.0
224 389 6.21886679809e-06
224 390 0.0
224 391 0.000155471669952
224 392 0.0
224 393 6.21886679809e-06
224 394 0.0
224 395 5.59698011828e-05
224 396 0.0
224 397 9.95018687695e-05
224 398 0.0
224 399 6.21886679809e-06
224 400 0.0
225 0 0.0
225 1 2.48754671924e-05
225 2 0.0
225 3 2.48754671924e-05
225 4 0.0
225 5 0.000155471669952
225 6 0.0
225 7 0.000223879204731
225 8 0.0
225 9 2.48754671924e-05
225 10 0.0
225 11 0.000503728210645
225 12 0.0
225 13 5.59698011828e-05
225 14 6.21886679809e-06
225 15 5.59698011828e-05
225 16 0.0
225 17 0.000155471669952
225 18 0.0
225 19 2.48754671924e-05
225 20 6.21886679809e-06
225 21 2.48754671924e-05
225 22 0.0
225 23 6.21886679809e-06
225 24 0.0
225 25 6.21886679809e-06
225 26 0.0
225 27 6.21886679809e-06
225 28 0.0
225 29 0.000304724473107
225 30 0.0
225 31 9.95018687695e-05
225 32 0.0
225 33 2.48754671924e-05
225 34 0.0
225 35 6.21886679809e-06
225 36 6.21886679809e-06
225 37 0.000503728210645
225 38 6.21886679809e-06
225 39 0.000304724473107
225 40 6.21886679809e-06
225 41 2.48754671924e-05
225 42 6.21886679809e-06
225 43 5.59698011828e-05
225 44 0.0
225 45 0.0
225 46 0.0
225 47 6.21886679809e-06
225 48 0.0
225 49 0.0
225 50 0.0
225 51 0.0
225 52 0.0
225 53 0.0
225 54 0.0
225 55 6.21886679809e-06
225 56 0.0
225 57 6.21886679809e-06
225 58 0.0
225 59 0.000155471669952
225 60 0.0
225 61 0.000895516818925
225 62 0.0
225 63 0.000223879204731
225 64 0.0
225 65 0.000304724473107
225 66 0.0
225 67 0.000398007475078
225 68 0.0
225 69 9.95018687695e-05
225 70 0.0
225 71 6.21886679809e-06
225 72 0.0
225 73 2.48754671924e-05
225 74 0.0
225 75 0.0
225 76 0.0
225 77 6.21886679809e-06
225 78 0.0
225 79 0.0
225 80 0.0
225 81 0.0
225 82 0.0
225 83 0.0
225 84 0.0
225 85 0.000304724473107
225 86 0.0
225 87 0.000621886679809
225 88 0.0
225 89 0.00179725250465
225 90 0.0
225 91 9.95018687695e-05
225 92 0.0
225 93 0.000752482882569
225 94 0.0
225 95 0.00179725250465
225 96 0.0
225 97 5.59698011828e-05
225 98 0.0
225 99 0.0
225 100 0.0
225 101 6.21886679809e-06
225 102 0.0
225 103 6.21886679809e-06
225 104 0.0
225 105 0.0
225 106 0.0
225 107 0.0
225 108 0.0
225 109 0.000304724473107
225 110 0.0
225 111 0.000155471669952
225 112 0.0
225 113 2.48754671924e-05
225 114 0.0
225 115 0.00453355389581
225 116 0.0
225 117 0.00201491284258
225 118 0.0
225 119 0.000304724473107
225 120 0.0
225 121 0.0
225 122 0.0
225 123 0.0
225 124 0.0
225 125 0.0
225 126 0.0
225 127 0.00201491284258
225 128 0.0
225 129 0.0094588963999
225 130 6.21886679809e-06
225 131 0.0048755915697
225 132 0.0
225 133 0.00718901001859
225 134 6.21886679809e-06
225 135 0.000895516818925
225 136 0.0
225 137 6.21886679809e-06
225 138 0.0
225 139 0.0
225 140 0.0
225 141 0.0
225 142 0.0
225 143 0.0
225 144 0.0
225 145 0.0
225 146 0.0
225 147 0.0
225 148 0.0
225 149 0.0
225 150 0.0
225 151 0.00453355389581
225 152 0.0
225 153 0.00677234594312
225 154 0.0
225 155 0.0195023662788
225 156 0.0
225 157 6.21886679809e-06
225 158 0.0
225 159 0.0
225 160 0.0
225 161 6.21886679809e-06
225 162 0.0
225 163 9.95018687695e-05
225 164 6.21886679809e-06
225 165 5.59698011828e-05
225 166 0.0
225 167 0.000155471669952
225 168 0.0
225 169 0.00224501091411
225 170 6.21886679809e-06
225 171 0.0223879204731
225 172 0.0
225 173 0.00718901001859
225 174 0.0
225 175 0.0
225 176 0.0
225 177 2.48754671924e-05
225 178 6.21886679809e-06
225 179 5.59698011828e-05
225 180 5.59698011828e-05
225 181 0.000895516818925
225 182 0.0048755915697
225 183 0.0104539150876
225 184 0.0340545145864
225 185 0.0481589044844
225 186 0.0459947388387
225 187 0.0459947388387
225 188 0.0459947388387
225 189 0.0459947388387
225 190 0.0459947388387
225 191 0.0459947388387
225 192 0.0459947388387
225 193 0.0459947388387
225 194 0.0459947388387
225 195 0.0459947388387
225 196 0.0459947388387
225 197 0.0459947388387
225 198 0.0459947388387
225 199 0.0459947388387
225 200 0.0449313126162
225 201 0.0449313126162
225 202 0.0438803241273
225 203 0.0438803241273
225 204 0.0438803241273
225 205 0.0438803241273
225 206 0.0438803241273
225 207 0.0438803241273
225 208 0.0438803241273
225 209 0.0438803241273
225 210 0.0438803241273
225 211 0.0438803241273
225 212 0.0438803241273
225 213 0.0449313126162
225 214 0.0459947388387
225 215 0.0459947388387
225 216 0.0459947388387
225 217 0.0459947388387
225 218 0.0459947388387
225 219 0.0459947388387
225 220 0.0459947388387
225 221 0.0449313126162
225 222 0.0438803241273
225 223 0.0438803241273
225 224 0.0438803241273
225 225 0.0438803241273
225 226 0.0438803241273
225 227 0.0438803241273
225 228 0.0438803241273
225 229 0.0438803241273
225 230 0.0438803241273
225 231 0.0438803241273
225 232 0.0438803241273
225 233 0.0438803241273
225 234 0.0438803241273
225 235 0.0438803241273
225 236 0.0459947388387
225 237 0.0428417733721
225 238 0.0470706027948
225 239 0.0459947388387
225 240 0.0408019850623
225 241 0.0296080248257
225 242 0.0143282691028
225 243 0.00597633099297
225 244 6.21886679809e-06
225 245 0.000223879204731
225 246 0.0
225 247 0.00201491284258
225 248 2.48754671924e-05
225 249 0.0239053239719
225 250 0.0
225 251 0.0738863564281
225 252 0.0
225 253 0.0155471669952
225 254 6.21886679809e-06
225 255 0.000223879204731
225 256 0.0
225 257 5.59698011828e-05
225 258 0.0
225 259 9.95018687695e-05
225 260 0.0
225 261 0.000895516818925
225 262 0.0
225 263 0.000621886679809
225 264 0.0
225 265 0.0246826823216
225 266 6.21886679809e-06
225 267 0.0035820672757
225 268 0.0
225 269 5.59698011828e-05
225 270 0.0
225 271 0.0
225 272 0.0
225 273 0.0
225 274 0.0
225 275 0.0
225 276 0.0
225 277 5.59698011828e-05
225 278 0.0
225 279 2.48754671924e-05
225 280 0.0
225 281 6.21886679809e-06
225 282 0.0
225 283 0.000895516818925
225 284 0.0
225 285 0.00388679174881
225 286 0.0
225 287 0.000752482882569
225 288 0.0
225 289 0.0035820672757
225 290 0.0
225 291 0.000621886679809
225 292 0.0
225 293 5.59698011828e-05
225 294 0.0
225 295 6.21886679809e-06
225 296 0.0
225 297 0.0
225 298 0.0
225 299 6.21886679809e-06
225 300 0.0
225 301 0.000155471669952
225 302 0.0
225 303 9.95018687695e-05
225 304 6.21886679809e-06
225 305 6.21886679809e-06
225 306 0.0
225 307 0.00453355389581
225 308 0.0
225 309 0.00139924502957
225 310 0.0
225 311 0.000155471669952
225 312 0.0
225 313 0.0
225 314 0.0
225 315 6.21886679809e-06
225 316 0.0
225 317 2.48754671924e-05
225 318 0.0
225 319 6.21886679809e-06
225 320 0.0
225 321 2.48754671924e-05
225 322 0.0
225 323 6.21886679809e-06
225 324 0.0
225 325 0.00139924502957
225 326 0.0
225 327 0.00139924502957
225 328 0.0
225 329 9.95018687695e-05
225 330 0.0
225 331 6.21886679809e-06
225 332 0.0
225 333 2.48754671924e-05
225 334 0.0
225 335 0.0
225 336 0.0
225 337 0.0
225 338 0.0
225 339 0.0
225 340 0.0
225 341 0.000304724473107
225 342 0.0
225 343 0.00139924502957
225 344 0.0
225 345 0.000304724473107
225 346 0.0
225 347 9.95018687695e-05
225 348 0.0
225 349 0.000895516818925
225 350 0.0
225 351 0.000621886679809
225 352 0.0
225 353 0.000155471669952
225 354 0.0
225 355 6.21886679809e-06
225 356 0.0
225 357 0.0
225 358 0.0
225 359 0.0
225 360 0.0
225 361 0.0
225 362 0.0
225 363 2.48754671924e-05
225 364 0.0
225 365 6.21886679809e-06
225 366 0.0
225 367 0.000304724473107
225 368 0.0
225 369 9.95018687695e-05
225 370 0.0
225 371 0.000398007475078
225 372 0.0
225 373 0.000223879204731
225 374 0.0
225 375 9.95018687695e-05
225 376 0.0
225 377 2.48754671924e-05
225 378 0.0
225 379 0.0
225 380 0.0
225 381 5.59698011828e-05
225 382 0.0
225 383 5.59698011828e-05
225 384 6.21886679809e-06
225 385 2.48754671924e-05
225 386 6.21886679809e-06
225 387 5.59698011828e-05
225 388 0.0
225 389 6.21886679809e-06
225 390 0.0
225 391 0.000155471669952
225 392 0.0
225 393 6.21886679809e-06
225 394 0.0
225 395 9.95018687695e-05
225 396 6.21886679809e-06
225 397 9.95018687695e-05
225 398 0.0
225 399 6.21886679809e-06
225 400 0.0
226 0 0.0
226 1 2.48754671924e-05
226 2 0.0
226 3 2.48754671924e-05
226 4 0.0
226 5 0.000155471669952
226 6 0.0
226 7 0.000223879204731
226 8 0.0
226 9 2.48754671924e-05
226 10 0.0
226 11 0.000503728210645
226 12 0.0
226 13 5.59698011828e-05
226 14 0.0
226 15 2.48754671924e-05
226 16 0.0
226 17 0.000155471669952
226 18 0.0
226 19 6.21886679809e-06
226 20 0.0
226 21 2.48754671924e-05
226 22 0.0
226 23 6.21886679809e-06
226 24 0.0
226 25 6.21886679809e-06
226 26 0.0
226 27 6.21886679809e-06
226 28 0.0
226 29 0.000304724473107
226 30 0.0
226 31 9.95018687695e-05
226 32 0.0
226 33 2.48754671924e-05
226 34 0.0
226 35 6.21886679809e-06
226 36 0.0
226 37 0.000621886679809
226 38 0.0
226 39 0.000223879204731
226 40 0.0
226 41 6.21886679809e-06
226 42 0.0
226 43 5.59698011828e-05
226 44 0.0
226 45 0.0
226 46 0.0
226 47 6.21886679809e-06
226 48 0.0
226 49 0.0
226 50 0.0
226 51 0.0
226 52 0.0
226 53 0.0
226 54 0.0
226 55 6.21886679809e-06
226 56 0.0
226 57 6.21886679809e-06
226 58 0.0
226 59 0.000155471669952
226 60 0.0
226 61 0.000895516818925
226 62 0.0
226 63 0.000223879204731
226 64 0.0
226 65 0.000304724473107
226 66 0.0
226 67 0.000398007475078
226 68 0.0
226 69 9.95018687695e-05
226 70 0.0
226 71 6.21886679809e-06
226 72 0.0
226 73 2.48754671924e-05
226 74 0.0
226 75 0.0
226 76 0.0
226 77 6.21886679809e-06
226 78 0.0
226 79 0.0
226 80 0.0
226 81 0.0
226 82 0.0
226 83 0.0
226 84 0.0
226 85 0.000304724473107
226 86 0.0
226 87 0.000621886679809
226 88 0.0
226 89 0.00179725250465
226 90 0.0
226 91 9.95018687695e-05
226 92 0.0
226 93 0.000752482882569
226 94 0.0
226 95 0.00179725250465
226 96 0.0
226 97 5.59698011828e-05
226 98 0.0
226 99 0.0
226 100 0.0
226 101 6.21886679809e-06
226 102 0.0
226 103 6.21886679809e-06
226 104 0.0
226 105 0.0
226 106 0.0
226 107 0.0
226 108 0.0
226 109 0.000304724473107
226 110 0.0
226 111 0.000155471669952
226 112 0.0
226 113 2.48754671924e-05
226 114 0.0
226 115 0.00453355389581
226 116 0.0
226 117 0.00201491284258
226 118 0.0
226 119 0.000304724473107
226 120 0.0
226 121 0.0
226 122 0.0
226 123 0.0
226 124 0.0
226 125 0.0
226 126 0.0
226 127 0.00201491284258
226 128 0.0
226 129 0.00898004365644
226 130 0.0
226 131 0.0048755915697
226 132 0.0
226 133 0.00761811182766
226 134 0.0
226 135 0.000752482882569
226 136 0.0
226 137 6.21886679809e-06
226 138 0.0
226 139 0.0
226 140 0.0
226 141 0.0
226 142 0.0
226 143 0.0
226 144 0.0
226 145 0.0
226 146 0.0
226 147 0.0
226 148 0.0
226 149 0.0
226 150 0.0
226 151 0.00453355389581
226 152 0.0
226 153 0.00677234594312
226 154 0.0
226 155 0.0195023662788
226 156 0.0
226 157 6.21886679809e-06
226 158 0.0
226 159 0.0
226 160 0.0
226 161 6.21886679809e-06
226 162 0.0
226 163 5.59698011828e-05
226 164 0.0
226 165 2.48754671924e-05
226 166 0.0
226 167 0.000155471669952
226 168 0.0
226 169 0.00201491284258
226 170 0.0
226 171 0.0223879204731
226 172 0.0
226 173 0.00718901001859
226 174 0.0
226 175 0.0
226 176 0.0
226 177 5.59698011828e-05
226 178 0.0
226 179 9.95018687695e-05
226 180 0.0
226 181 6.21886679809e-06
226 182 0.0
226 183 0.0
226 184 0.0
226 185 6.21886679809e-06
226 186 0.0
226 187 0.0
226 188 0.0
226 189 0.0
226 190 0.0
226 191 0.0
226 192 0.0
226 193 0.0
226 194 0.0
226 195 0.0
226 196 0.0
226 197 0.0
226 198 0.0
226 199 0.0
226 200 0.0
226 201 0.0
226 202 0.0
226 203 0.0
226 204 0.0
226 205 0.0
226 206 0.0
226 207 0.0
226 208 0.0
226 209 0.0
226 210 0.0
226 211 0.0
226 212 0.0
226 213 0.0
226 214 0.0
226 215 0.0
226 216 0.0
226 217 0.0
226 218 0.0
226 219 0.0
226 220 0.0
226 221 0.0
226 222 0.0
226 223 0.0
226 224 0.0
226 225 0.0
226 226 0.0
226 227 0.0
226 228 0.0
226 229 0.0
226 230 0.0
226 231 0.0
226 232 0.0
226 233 0.0
226 234 0.0
226 235 0.0
226 236 0.0
226 237 0.0
226 238 0.0
226 239 0.0
226 240 0.0
226 241 0.0
226 242 0.0
226 243 6.21886679809e-06
226 244 0.0
226 245 0.0
226 246 0.0
226 247 0.00159202990031
226 248 0.0
226 249 0.0216478753242
226 250 0.0
226 251 0.0752482882569
226 252 0.0
226 253 0.0149314991822
226 254 0.0
226 255 0.000304724473107
226 256 0.0
226 257 5.59698011828e-05
226 258 0.0
226 259 9.95018687695e-05
226 260 0.0
226 261 0.000895516818925
226 262 0.0
226 263 0.000621886679809
226 264 0.0
226 265 0.025472478405
226 266 0.0
226 267 0.0035820672757
226 268 0.0
226 269 5.59698011828e-05
226 270 0.0
226 271 0.0
226 272 0.0
226 273 0.0
226 274 0.0
226 275 0.0
226 276 0.0
226 277 5.59698011828e-05
226 278 0.0
226 279 2.48754671924e-05
226 280 0.0
226 281 6.21886679809e-06
226 282 0.0
226 283 0.000895516818925
226 284 0.0
226 285 0.00388679174881
226 286 0.0
226 287 0.000752482882569
226 288 0.0
226 289 0.0035820672757
226 290 0.0
226 291 0.000621886679809
226 292 0.0
226 293 5.59698011828e-05
226 294 0.0
226 295 6.21886679809e-06
226 296 0.0
226 297 0.0
226 298 0.0
226 299 6.21886679809e-06
226 300 0.0
226 301 0.000155471669952
226 302 0.0
226 303 9.95018687695e-05
226 304 0.0
226 305 2.48754671924e-05
226 306 0.0
226 307 0.00453355389581
226 308 0.0
226 309 0.00139924502957
226 310 0.0
226 311 0.000155471669952
226 312 0.0
226 313 0.0
226 314 0.0
226 315 6.21886679809e-06
226 316 0.0
226 317 2.48754671924e-05
226 318 0.0
226 319 6.21886679809e-06
226 320 0.0
226 321 2.48754671924e-05
226 322 0.0
226 323 6.21886679809e-06
226 324 0.0
226 325 0.00139924502957
226 326 0.0
226 327 0.00139924502957
226 328 0.0
226 329 9.95018687695e-05
226 330 0.0
226 331 6.21886679809e-06
226 332 0.0
226 333 2.48754671924e-05
226 334 0.0
226 335 0.0
226 336 0.0
226 337 0.0
226 338 0.0
226 339 0.0
226 340 0.0
226 341 0.000304724473107
226 342 0.0
226 343 0.00139924502957
226 344 0.0
226 345 0.000304724473107
226 346 0.0
226 347 9.95018687695e-05
226 348 0.0
226 349 0.000895516818925
226 350 0.0
226 351 0.000621886679809
226 352 0.0
226 353 0.000155471669952
226 354 0.0
226 355 6.21886679809e-06
226 356 0.0
226 357 0.0
226 358 0.0
226 359 0.0
226 360 0.0
226 361 0.0
226 362 0.0
226 363 2.48754671924e-05
226 364 0.0
226 365 6.21886679809e-06
226 366 0.0
226 367 0.000304724473107
226 368 0.0
226 369 9.95018687695e-05
226 370 0.0
226 371 0.000398007475078
226 372 0.0
226 373 0.000223879204731
226 374 0.0
226 375 9.95018687695e-05
226 376 0.0
226 377 2.48754671924e-05
226 378 0.0
226 379 0.0
226 380 0.0
226 381 5.59698011828e-05
226 382 0.0
226 383 5.59698011828e-05
226 384 0.0
226 385 5.59698011828e-05
226 386 0.0
226 387 5.59698011828e-05
226 388 0.0
226 389 6.21886679809e-06
226 390 0.0
226 391 0.000155471669952
226 392 0.0
226 393 6.21886679809e-06
226 394 0.0
226 395 5.59698011828e-05
226 396 0.0
226 397 9.95018687695e-05
226 398 0.0
226 399 6.21886679809e-06
226 400 0.0
227 0 0.0
227 1 2.48754671924e-05
227 2 0.0
227 3 2.48754671924e-05
227 4 0.0
227 5 0.000155471669952
227 6 0.0
227 7 0.000223879204731
227 8 0.0
227 9 2.48754671924e-05
227 10 0.0
227 11 0.000503728210645
227 12 0.0
227 13 5.59698011828e-05
227 14 0.0
227 15 5.59698011828e-05
227 16 6.21886679809e-06
227 17 5.59698011828e-05
227 18 6.21886679809e-06
227 19 6.21886679809e-06
227 20 0.0
227 21 6.21886679809e-06
227 22 0.0
227 23 6.21886679809e-06
227 24 0.0
227 25 6.21886679809e-06
227 26 0.0
227 27 6.21886679809e-06
227 28 0.0
227 29 0.000304724473107
227 30 0.0
227 31 9.95018687695e-05
227 32 0.0
227 33 2.48754671924e-05
227 34 0.0
227 35 6.21886679809e-06
227 36 0.0
227 37 0.000621886679809
227 38 0.0
227 39 0.000223879204731
227 40 0.0
227 41 6.21886679809e-06
227 42 0.0
227 43 5.59698011828e-05
227 44 0.0
227 45 0.0
227 46 0.0
227 47 6.21886679809e-06
227 48 0.0
227 49 0.0
227 50 0.0
227 51 0.0
227 52 0.0
227 53 0.0
227 54 0.0
227 55 6.21886679809e-06
227 56 0.0
227 57 6.21886679809e-06
227 58 0.0
227 59 0.000155471669952
227 60 0.0
227 61 0.000895516818925
227 62 0.0
227 63 0.000223879204731
227 64 0.0
227 65 0.000304724473107
227 66 0.0
227 67 0.000398007475078
227 68 0.0
227 69 9.95018687695e-05
227 70 0.0
227 71 6.21886679809e-06
227 72 0.0
227 73 2.48754671924e-05
227 74 0.0
227 75 0.0
227 76 0.0
227 77 6.21886679809e-06
227 78 0.0
227 79 0.0
227 80 0.0
227 81 0.0
227 82 0.0
227 83 0.0
227 84 0.0
227 85 0.000304724473107
227 86 0.0
227 87 0.000621886679809
227 88 0.0
227 89 0.00179725250465
227 90 0.0
227 91 9.95018687695e-05
227 92 0.0
227 93 0.000752482882569
227 94 0.0
227 95 0.00179725250465
227 96 0.0
227 97 5.59698011828e-05
227 98 0.0
227 99 0.0
227 100 0.0
227 101 6.21886679809e-06
227 102 0.0
227 103 6.21886679809e-06
227 104 0.0
227 105 0.0
227 106 0.0
227 107 0.0
227 108 0.0
227 109 0.000304724473107
227 110 0.0
227 111 0.000155471669952
227 112 0.0
227 113 2.48754671924e-05
227 114 0.0
227 115 0.00453355389581
227 116 0.0
227 117 0.00201491284258
227 118 0.0
227 119 0.000304724473107
227 120 0.0
227 121 0.0
227 122 0.0
227 123 0.0
227 124 0.0
227 125 0.0
227 126 0.0
227 127 0.00201491284258
227 128 6.21886679809e-06
227 129 0.0094588963999
227 130 0.0
227 131 0.0048755915697
227 132 6.21886679809e-06
227 133 0.00761811182766
227 134 0.0
227 135 0.000752482882569
227 136 0.0
227 137 6.21886679809e-06
227 138 0.0
227 139 0.0
227 140 0.0
227 141 0.0
227 142 0.0
227 143 0.0
227 144 0.0
227 145 0.0
227 146 0.0
227 147 0.0
227 148 0.0
227 149 0.0
227 150 0.0
227 151 0.00453355389581
227 152 0.0
227 153 0.00677234594312
227 154 0.0
227 155 0.0195023662788
227 156 0.0
227 157 6.21886679809e-06
227 158 0.0
227 159 0.0
227 160 0.0
227 161 6.21886679809e-06
227 162 0.0
227 163 5.59698011828e-05
227 164 6.21886679809e-06
227 165 5.59698011828e-05
227 166 6.21886679809e-06
227 167 0.000223879204731
227 168 2.48754671924e-05
227 169 0.00224501091411
227 170 6.21886679809e-06
227 171 0.0216478753242
227 172 0.0
227 173 0.00718901001859
227 174 6.21886679809e-06
227 175 6.21886679809e-06
227 176 6.21886679809e-06
227 177 5.59698011828e-05
227 178 2.48754671924e-05
227 179 6.21886679809e-06
227 180 6.21886679809e-06
227 181 9.95018687695e-05
227 182 0.000503728210645
227 183 0.00201491284258
227 184 0.0048755915697
227 185 0.00420395395551
227 186 0.00453355389581
227 187 0.00453355389581
227 188 0.00453355389581
227 189 0.00453355389581
227 190 0.00453355389581
227 191 0.00453355389581
227 192 0.00453355389581
227 193 0.00453355389581
227 194 0.00453355389581
227 195 0.00453355389581
227 196 0.00453355389581
227 197 0.00453355389581
227 198 0.00453355389581
227 199 0.00453355389581
227 200 0.00420395395551
227 201 0.00420395395551
227 202 0.00420395395551
227 203 0.00420395395551
227 204 0.00420395395551
227 205 0.00420395395551
227 206 0.00420395395551
227 207 0.00420395395551
227 208 0.00420395395551
227 209 0.00420395395551
227 210 0.00420395395551
227 211 0.00420395395551
227 212 0.00420395395551
227 213 0.00420395395551
227 214 0.00453355389581
227 215 0.00453355389581
227 216 0.00453355389581
227 217 0.00453355389581
227 218 0.00453355389581
227 219 0.00453355389581
227 220 0.00453355389581
227 221 0.00420395395551
227 222 0.00420395395551
227 223 0.00420395395551
227 224 0.00420395395551
227 225 0.00420395395551
227 226 0.00420395395551
227 227 0.00420395395551
227 228 0.00420395395551
227 229 0.00420395395551
227 230 0.00420395395551
227 231 0.00420395395551
227 232 0.00420395395551
227 233 0.00420395395551
227 234 0.00420395395551
227 235 0.00388679174881
227 236 0.00420395395551
227 237 0.00420395395551
227 238 0.0052300669772
227 239 0.00559698011828
227 240 0.0052300669772
227 241 0.00420395395551
227 242 0.00159202990031
227 243 0.000304724473107
227 244 6.21886679809e-06
227 245 6.21886679809e-06
227 246 6.21886679809e-06
227 247 0.00105098848888
227 248 6.21886679809e-06
227 249 0.0209202679088
227 250 6.21886679809e-06
227 251 0.0752482882569
227 252 2.48754671924e-05
227 253 0.0155471669952
227 254 6.21886679809e-06
227 255 0.000304724473107
227 256 0.0
227 257 5.59698011828e-05
227 258 0.0
227 259 9.95018687695e-05
227 260 0.0
227 261 0.000895516818925
227 262 0.0
227 263 0.000621886679809
227 264 6.21886679809e-06
227 265 0.025472478405
227 266 0.0
227 267 0.00328978053619
227 268 0.0
227 269 5.59698011828e-05
227 270 6.21886679809e-06
227 271 6.21886679809e-06
227 272 0.0
227 273 0.0
227 274 0.0
227 275 6.21886679809e-06
227 276 0.0
227 277 5.59698011828e-05
227 278 0.0
227 279 2.48754671924e-05
227 280 0.0
227 281 6.21886679809e-06
227 282 0.0
227 283 0.000895516818925
227 284 0.0
227 285 0.00388679174881
227 286 0.0
227 287 0.000752482882569
227 288 0.0
227 289 0.0035820672757
227 290 0.0
227 291 0.000621886679809
227 292 0.0
227 293 5.59698011828e-05
227 294 0.0
227 295 6.21886679809e-06
227 296 0.0
227 297 0.0
227 298 0.0
227 299 6.21886679809e-06
227 300 0.0
227 301 9.95018687695e-05
227 302 6.21886679809e-06
227 303 9.95018687695e-05
227 304 0.0
227 305 2.48754671924e-05
227 306 6.21886679809e-06
227 307 0.00453355389581
227 308 0.0
227 309 0.00139924502957
227 310 0.0
227 311 0.000155471669952
227 312 0.0
227 313 0.0
227 314 0.0
227 315 6.21886679809e-06
227 316 0.0
227 317 2.48754671924e-05
227 318 0.0
227 319 6.21886679809e-06
227 320 0.0
227 321 2.48754671924e-05
227 322 0.0
227 323 6.21886679809e-06
227 324 0.0
227 325 0.00139924502957
227 326 0.0
227 327 0.00139924502957
227 328 0.0
227 329 9.95018687695e-05
227 330 0.0
227 331 6.21886679809e-06
227 332 0.0
227 333 2.48754671924e-05
227 334 0.0
227 335 0.0
227 336 0.0
227 337 0.0
227 338 0.0
227 339 0.0
227 340 0.0
227 341 0.000304724473107
227 342 0.0
227 343 0.00139924502957
227 344 0.0
227 345 0.000304724473107
227 346 0.0
227 347 9.95018687695e-05
227 348 0.0
227 349 0.000895516818925
227 350 0.0
227 351 0.000621886679809
227 352 0.0
227 353 0.000155471669952
227 354 0.0
227 355 6.21886679809e-06
227 356 0.0
227 357 0.0
227 358 0.0
227 359 0.0
227 360 0.0
227 361 0.0
227 362 0.0
227 363 2.48754671924e-05
227 364 0.0
227 365 6.21886679809e-06
227 366 0.0
227 367 0.000304724473107
227 368 0.0
227 369 9.95018687695e-05
227 370 0.0
227 371 0.000398007475078
227 372 0.0
227 373 0.000223879204731
227 374 0.0
227 375 9.95018687695e-05
227 376 0.0
227 377 2.48754671924e-05
227 378 0.0
227 379 0.0
227 380 0.0
227 381 5.59698011828e-05
227 382 0.0
227 383 5.59698011828e-05
227 384 0.0
227 385 5.59698011828e-05
227 386 0.0
227 387 5.59698011828e-05
227 388 0.0
227 389 2.48754671924e-05
227 390 6.21886679809e-06
227 391 9.95018687695e-05
227 392 6.21886679809e-06
227 393 6.21886679809e-06
227 394 0.0
227 395 5.59698011828e-05
227 396 6.21886679809e-06
227 397 9.95018687695e-05
227 398 0.0
227 399 6.21886679809e-06
227 400 0.0
228 0 0.0
228 1 2.48754671924e-05
228 2 0.0
228 3 2.48754671924e-05
228 4 0.0
228 5 0.000155471669952
228 6 0.0
228 7 0.000223879204731
228 8 0.0
228 9 2.48754671924e-05
228 10 0.0
228 11 0.000503728210645
228 12 0.0
228 13 9.95018687695e-05
228 14 0.0
228 15 5.59698011828e-05
228 16 0.0
228 17 9.95018687695e-05
228 18 0.0
228 19 6.21886679809e-06
228 20 0.0
228 21 6.21886679809e-06
228 22 0.0
228 23 0.0
228 24 0.0
228 25 6.21886679809e-06
228 26 0.0
228 27 6.21886679809e-06
228 28 0.0
228 29 0.000304724473107
228 30 0.0
228 31 9.95018687695e-05
228 32 0.0
228 33 2.48754671924e-05
228 34 0.0
228 35 0.0
228 36 0.0
228 37 0.000621886679809
228 38 0.0
228 39 0.000304724473107
228 40 0.0
228 41 0.0
228 42 0.0
228 43 2.48754671924e-05
228 44 0.0
228 45 0.0
228 46 0.0
228 47 6.21886679809e-06
228 48 0.0
228 49 0.0
228 50 0.0
228 51 0.0
228 52 0.0
228 53 0.0
228 54 0.0
228 55 6.21886679809e-06
228 56 0.0
228 57 6.21886679809e-06
228 58 0.0
228 59 0.000155471669952
228 60 0.0
228 61 0.000895516818925
228 62 0.0
228 63 0.000223879204731
228 64 0.0
228 65 0.000304724473107
228 66 0.0
228 67 0.000398007475078
228 68 0.0
228 69 9.95018687695e-05
228 70 0.0
228 71 6.21886679809e-06
228 72 0.0
228 73 2.48754671924e-05
228 74 0.0
228 75 0.0
228 76 0.0
228 77 6.21886679809e-06
228 78 0.0
228 79 0.0
228 80 0.0
228 81 0.0
228 82 0.0
228 83 0.0
228 84 0.0
228 85 0.000304724473107
228 86 0.0
228 87 0.000621886679809
228 88 0.0
228 89 0.00179725250465
228 90 0.0
228 91 9.95018687695e-05
228 92 0.0
228 93 0.000752482882569
228 94 0.0
228 95 0.00179725250465
228 96 0.0
228 97 5.59698011828e-05
228 98 0.0
228 99 0.0
228 100 0.0
228 101 6.21886679809e-06
228 102 0.0
228 103 6.21886679809e-06
228 104 0.0
228 105 0.0
228 106 0.0
228 107 0.0
228 108 0.0
228 109 0.000304724473107
228 110 0.0
228 111 0.000155471669952
228 112 0.0
228 113 2.48754671924e-05
228 114 0.0
228 115 0.00453355389581
228 116 0.0
228 117 0.00201491284258
228 118 0.0
228 119 0.000304724473107
228 120 0.0
228 121 0.0
228 122 0.0
228 123 0.0
228 124 0.0
228 125 0.0
228 126 0.0
228 127 0.00179725250465
228 128 0.0
228 129 0.00851362864659
228 130 0.0
228 131 0.0048755915697
228 132 0.0
228 133 0.00851362864659
228 134 0.0
228 135 0.000621886679809
228 136 0.0
228 137 6.21886679809e-06
228 138 0.0
228 139 0.0
228 140 0.0
228 141 0.0
228 142 0.0
228 143 0.0
228 144 0.0
228 145 0.0
228 146 0.0
228 147 0.0
228 148 0.0
228 149 0.0
228 150 0.0
228 151 0.00453355389581
228 152 0.0
228 153 0.00677234594312
228 154 0.0
228 155 0.0195023662788
228 156 0.0
228 157 6.21886679809e-06
228 158 0.0
228 159 0.0
228 160 0.0
228 161 6.21886679809e-06
228 162 0.0
228 163 6.21886679809e-06
228 164 0.0
228 165 0.0
228 166 0.0
228 167 9.95018687695e-05
228 168 0.0
228 169 0.00224501091411
228 170 0.0
228 171 0.0239053239719
228 172 0.0
228 173 0.00677234594312
228 174 0.0
228 175 6.21886679809e-06
228 176 0.0
228 177 6.21886679809e-06
228 178 0.0
228 179 0.0
228 180 0.0
228 181 6.21886679809e-06
228 182 0.0
228 183 0.0
228 184 0.0
228 185 6.21886679809e-06
228 186 0.0
228 187 0.0
228 188 0.0
228 189 0.0
228 190 0.0
228 191 0.0
228 192 0.0
228 193 0.0
228 194 0.0
228 195 0.0
228 196 0.0
228 197 0.0
228 198 0.0
228 199 0.0
228 200 0.0
228 201 0.0
228 202 0.0
228 203 0.0
228 204 0.0
228 205 0.0
228 206 0.0
228 207 0.0
228 208 0.0
228 209 0.0
228 210 0.0
228 211 0.0
228 212 0.0
228 213 0.0
228 214 0.0
228 215 0.0
228 216 0.0
228 217 0.0
228 218 0.0
228 219 0.0
228 220 0.0
228 221 0.0
228 222 0.0
228 223 0.0
228 224 0.0
228 225 0.0
228 226 0.0
228 227 0.0
228 228 0.0
228 229 0.0
228 230 0.0
228 231 0.0
228 232 0.0
228 233 0.0
228 234 0.0
228 235 0.0
228 236 0.0
228 237 0.0
228 238 0.0
228 239 6.21886679809e-06
228 240 0.0
228 241 6.21886679809e-06
228 242 0.0
228 243 0.0
228 244 0.0
228 245 0.0
228 246 0.0
228 247 0.00121889789243
228 248 0.0
228 249 0.0223879204731
228 250 0.0
228 251 0.0738863564281
228 252 0.0
228 253 0.0143282691028
228 254 0.0
228 255 0.000503728210645
228 256 0.0
228 257 9.95018687695e-05
228 258 0.0
228 259 9.95018687695e-05
228 260 0.0
228 261 0.000895516818925
228 262 0.0
228 263 0.000752482882569
228 264 0.0
228 265 0.025472478405
228 266 0.0
228 267 0.0035820672757
228 268 0.0
228 269 5.59698011828e-05
228 270 0.0
228 271 6.21886679809e-06
228 272 0.0
228 273 0.0
228 274 0.0
228 275 6.21886679809e-06
228 276 0.0
228 277 5.59698011828e-05
228 278 0.0
228 279 2.48754671924e-05
228 280 0.0
228 281 6.21886679809e-06
228 282 0.0
228 283 0.000895516818925
228 284 0.0
228 285 0.00388679174881
228 286 0.0
228 287 0.000752482882569
228 288 0.0
228 289 0.0035820672757
228 290 0.0
228 291 0.000621886679809
228 292 0.0
228 293 5.59698011828e-05
228 294 0.0
228 295 6.21886679809e-06
228 296 0.0
228 297 0.0
228 298 0.0
228 299 6.21886679809e-06
228 300 0.0
228 301 0.000223879204731
228 302 0.0
228 303 9.95018687695e-05
228 304 0.0
228 305 5.59698011828e-05
228 306 0.0
228 307 0.00453355389581
228 308 0.0
228 309 0.00139924502957
228 310 0.0
228 311 0.000155471669952
228 312 0.0
228 313 0.0
228 314 0.0
228 315 6.21886679809e-06
228 316 0.0
228 317 2.48754671924e-05
228 318 0.0
228 319 6.21886679809e-06
228 320 0.0
228 321 2.48754671924e-05
228 322 0.0
228 323 6.21886679809e-06
228 324 0.0
228 325 0.00139924502957
228 326 0.0
228 327 0.00139924502957
228 328 0.0
228 329 9.95018687695e-05
228 330 0.0
228 331 6.21886679809e-06
228 332 0.0
228 333 2.48754671924e-05
228 334 0.0
228 335 0.0
228 336 0.0
228 337 0.0
228 338 0.0
228 339 0.0
228 340 0.0
228 341 0.000304724473107
228 342 0.0
228 343 0.00139924502957
228 344 0.0
228 345 0.000304724473107
228 346 0.0
228 347 9.95018687695e-05
228 348 0.0
228 349 0.000895516818925
228 350 0.0
228 351 0.000621886679809
228 352 0.0
228 353 0.000155471669952
228 354 0.0
228 355 6.21886679809e-06
228 356 0.0
228 357 0.0
228 358 0.0
228 359 0.0
228 360 0.0
228 361 0.0
228 362 0.0
228 363 2.48754671924e-05
228 364 0.0
228 365 6.21886679809e-06
228 366 0.0
228 367 0.000304724473107
228 368 0.0
228 369 9.95018687695e-05
228 370 0.0
228 371 0.000398007475078
228 372 0.0
228 373 0.000223879204731
228 374 0.0
228 375 9.95018687695e-05
228 376 0.0
228 377 2.48754671924e-05
228 378 0.0
228 379 0.0
228 380 0.0
228 381 5.59698011828e-05
228 382 0.0
228 383 2.48754671924e-05
228 384 0.0
228 385 5.59698011828e-05
228 386 0.0
228 387 2.48754671924e-05
228 388 0.0
228 389 0.0
228 390 0.0
228 391 9.95018687695e-05
228 392 0.0
228 393 6.21886679809e-06
228 394 0.0
228 395 9.95018687695e-05
228 396 0.0
228 397 5.59698011828e-05
228 398 0.0
228 399 2.48754671924e-05
228 400 0.0
229 0 0.0
229 1 2.48754671924e-05
229 2 0.0
229 3 2.48754671924e-05
229 4 0.0
229 5 0.000155471669952
229 6 0.0
229 7 0.000223879204731
229 8 0.0
229 9 2.48754671924e-05
229 10 0.0
229 11 0.000503728210645
229 12 0.0
229 13 9.95018687695e-05
229 14 0.0
229 15 5.59698011828e-05
229 16 0.0
229 17 9.95018687695e-05
229 18 0.0
229 19 6.21886679809e-06
229 20 0.0
229 21 6.21886679809e-06
229 22 0.0
229 23 0.0
229 24 0.0
229 25 6.21886679809e-06
229 26 0.0
229 27 6.21886679809e-06
229 28 0.0
229 29 0.000304724473107
229 30 0.0
229 31 9.95018687695e-05
229 32 0.0
229 33 2.48754671924e-05
229 34 0.0
229 35 0.0
229 36 0.0
229 37 0.000621886679809
229 38 0.0
229 39 0.000304724473107
229 40 0.0
229 41 0.0
229 42 0.0
229 43 2.48754671924e-05
229 44 0.0
229 45 0.0
229 46 0.0
229 47 6.21886679809e-06
229 48 0.0
229 49 0.0
229 50 0.0
229 51 0.0
229 52 0.0
229 53 0.0
229 54 0.0
229 55 6.21886679809e-06
229 56 0.0
229 57 6.21886679809e-06
229 58 0.0
229 59 0.000155471669952
229 60 0.0
229 61 0.000895516818925
229 62 0.0
229 63 0.000223879204731
229 64 0.0
229 65 0.000304724473107
229 66 0.0
229 67 0.000398007475078
229 68 0.0
229 69 9.95018687695e-05
229 70 0.0
229 71 6.21886679809e-06
229 72 0.0
229 73 2.48754671924e-05
229 74 0.0
229 75 0.0
229 76 0.0
229 77 6.21886679809e-06
229 78 0.0
229 79 0.0
229 80 0.0
229 81 0.0
229 82 0.0
229 83 0.0
229 84 0.0
229 85 0.000304724473107
229 86 0.0
229 87 0.000621886679809
229 88 0.0
229 89 0.00179725250465
229 90 0.0
229 91 9.95018687695e-05
229 92 0.0
229 93 0.000752482882569
229 94 0.0
229 95 0.00179725250465
229 96 0.0
229 97 5.59698011828e-05
229 98 0.0
229 99 0.0
229 100 0.0
229 101 6.21886679809e-06
229 102 0.0
229 103 6.21886679809e-06
229 104 0.0
229 105 0.0
229 106 0.0
229 107 0.0
229 108 0.0
229 109 0.000304724473107
229 110 0.0
229 111 0.000155471669952
229 112 0.0
229 113 2.48754671924e-05
229 114 0.0
229 115 0.00453355389581
229 116 0.0
229 117 0.00201491284258
229 118 0.0
229 119 0.000304724473107
229 120 0.0
229 121 0.0
229 122 0.0
229 123 0.0
229 124 0.0
229 125 0.0
229 126 0.0
229 127 0.00179725250465
229 128 0.0
229 129 0.00851362864659
229 130 0.0
229 131 0.0048755915697
229 132 0.0
229 133 0.00851362864659
229 134 0.0
229 135 0.000621886679809
229 136 0.0
229 137 6.21886679809e-06
229 138 0.0
229 139 0.0
229 140 0.0
229 141 0.0
229 142 0.0
229 143 0.0
229 144 0.0
229 145 0.0
229 146 0.0
229 147 0.0
229 148 0.0
229 149 0.0
229 150 0.0
229 151 0.00453355389581
229 152 0.0
229 153 0.00677234594312
229 154 0.0
229 155 0.0195023662788
229 156 0.0
229 157 6.21886679809e-06
229 158 0.0
229 159 0.0
229 160 0.0
229 161 6.21886679809e-06
229 162 0.0
229 163 5.59698011828e-05
229 164 5.59698011828e-05
229 165 5.59698011828e-05
229 166 2.48754671924e-05
229 167 0.000223879204731
229 168 9.95018687695e-05
229 169 0.00201491284258
229 170 2.48754671924e-05
229 171 0.0188120720642
229 172 0.0
229 173 0.00718901001859
229 174 2.48754671924e-05
229 175 6.21886679809e-06
229 176 0.0
229 177 2.48754671924e-05
229 178 0.0
229 179 6.21886679809e-06
229 180 6.21886679809e-06
229 181 6.21886679809e-06
229 182 6.21886679809e-06
229 183 6.21886679809e-06
229 184 6.21886679809e-06
229 185 6.21886679809e-06
229 186 6.21886679809e-06
229 187 6.21886679809e-06
229 188 6.21886679809e-06
229 189 6.21886679809e-06
229 190 6.21886679809e-06
229 191 6.21886679809e-06
229 192 6.21886679809e-06
229 193 6.21886679809e-06
229 194 6.21886679809e-06
229 195 6.21886679809e-06
229 196 6.21886679809e-06
229 197 6.21886679809e-06
229 198 6.21886679809e-06
229 199 6.21886679809e-06
229 200 6.21886679809e-06
229 201 6.21886679809e-06
229 202 6.21886679809e-06
229 203 6.21886679809e-06
229 204 6.21886679809e-06
229 205 6.21886679809e-06
229 206 6.21886679809e-06
229 207 6.21886679809e-06
229 208 6.21886679809e-06
229 209 6.21886679809e-06
229 210 6.21886679809e-06
229 211 6.21886679809e-06
229 212 6.21886679809e-06
229 213 6.21886679809e-06
229 214 6.21886679809e-06
229 215 6.21886679809e-06
229 216 6.21886679809e-06
229 217 6.21886679809e-06
229 218 6.21886679809e-06
229 219 6.21886679809e-06
229 220 6.21886679809e-06
229 221 6.21886679809e-06
229 222 6.21886679809e-06
229 223 6.21886679809e-06
229 224 6.21886679809e-06
229 225 6.21886679809e-06
229 226 6.21886679809e-06
229 227 6.21886679809e-06
229 228 6.21886679809e-06
229 229 6.21886679809e-06
229 230 6.21886679809e-06
229 231 6.21886679809e-06
229 232 6.21886679809e-06
229 233 6.21886679809e-06
229 234 6.21886679809e-06
229 235 6.21886679809e-06
229 236 6.21886679809e-06
229 237 6.21886679809e-06
229 238 6.21886679809e-06
229 239 6.21886679809e-06
229 240 6.21886679809e-06
229 241 6.21886679809e-06
229 242 6.21886679809e-06
229 243 6.21886679809e-06
229 244 6.21886679809e-06
229 245 6.21886679809e-06
229 246 6.21886679809e-06
229 247 0.00139924502957
229 248 6.21886679809e-06
229 249 0.0216478753242
229 250 0.000155471669952
229 251 0.080820392908
229 252 2.48754671924e-05
229 253 0.0143282691028
229 254 0.0
229 255 0.000223879204731
229 256 2.48754671924e-05
229 257 0.000155471669952
229 258 0.0
229 259 9.95018687695e-05
229 260 0.0
229 261 0.000895516818925
229 262 0.0
229 263 0.000752482882569
229 264 0.0
229 265 0.025472478405
229 266 0.0
229 267 0.0035820672757
229 268 0.0
229 269 5.59698011828e-05
229 270 0.0
229 271 6.21886679809e-06
229 272 0.0
229 273 0.0
229 274 0.0
229 275 6.21886679809e-06
229 276 0.0
229 277 5.59698011828e-05
229 278 0.0
229 279 2.48754671924e-05
229 280 0.0
229 281 6.21886679809e-06
229 282 0.0
229 283 0.000895516818925
229 284 0.0
229 285 0.00388679174881
229 286 0.0
229 287 0.000752482882569
229 288 0.0
229 289 0.0035820672757
229 290 0.0
229 291 0.000621886679809
229 292 0.0
229 293 5.59698011828e-05
229 294 0.0
229 295 6.21886679809e-06
229 296 0.0
229 297 0.0
229 298 0.0
229 299 6.21886679809e-06
229 300 0.0
229 301 0.000223879204731
229 302 0.0
229 303 0.000155471669952
229 304 0.0
229 305 5.59698011828e-05
229 306 0.0
229 307 0.00453355389581
229 308 0.0
229 309 0.00139924502957
229 310 0.0
229 311 0.000155471669952
229 312 0.0
229 313 0.0
229 314 0.0
229 315 6.21886679809e-06
229 316 0.0
229 317 2.48754671924e-05
229 318 0.0
229 319 0.0
229 320 6.21886679809e-06
229 321 6.21886679809e-06
229 322 0.0
229 323 6.21886679809e-06
229 324 0.0
229 325 0.00139924502957
229 326 0.0
229 327 0.00139924502957
229 328 0.0
229 329 9.95018687695e-05
229 330 0.0
229 331 6.21886679809e-06
229 332 0.0
229 333 2.48754671924e-05
229 334 0.0
229 335 0.0
229 336 0.0
229 337 0.0
229 338 0.0
229 339 0.0
229 340 0.0
229 341 0.000304724473107
229 342 0.0
229 343 0.00139924502957
229 344 0.0
229 345 0.000304724473107
229 346 0.0
229 347 9.95018687695e-05
229 348 0.0
229 349 0.000895516818925
229 350 0.0
229 351 0.000621886679809
229 352 0.0
229 353 0.000155471669952
229 354 0.0
229 355 6.21886679809e-06
229 356 0.0
229 357 0.0
229 358 0.0
229 359 0.0
229 360 0.0
229 361 0.0
229 362 0.0
229 363 2.48754671924e-05
229 364 0.0
229 365 6.21886679809e-06
229 366 0.0
229 367 0.000304724473107
229 368 0.0
229 369 9.95018687695e-05
229 370 0.0
229 371 0.000398007475078
229 372 0.0
229 373 0.000223879204731
229 374 0.0
229 375 9.95018687695e-05
229 376 0.0
229 377 2.48754671924e-05
229 378 0.0
229 379 0.0
229 380 0.0
229 381 5.59698011828e-05
229 382 0.0
229 383 2.48754671924e-05
229 384 0.0
229 385 5.59698011828e-05
229 386 0.0
229 387 2.48754671924e-05
229 388 0.0
229 389 0.0
229 390 0.0
229 391 9.95018687695e-05
229 392 0.0
229 393 6.21886679809e-06
229 394 0.0
229 395 9.95018687695e-05
229 396 6.21886679809e-06
229 397 5.59698011828e-05
229 398 0.0
229 399 2.48754671924e-05
229 400 0.0
230 0 0.0
230 1 2.48754671924e-05
230 2 0.0
230 3 2.48754671924e-05
230 4 0.0
230 5 0.000155471669952
230 6 0.0
230 7 0.000223879204731
230 8 0.0
230 9 2.48754671924e-05
230 10 0.0
230 11 0.000503728210645
230 12 0.0
230 13 9.95018687695e-05
230 14 0.0
230 15 5.59698011828e-05
230 16 0.0
230 17 9.95018687695e-05
230 18 0.0
230 19 6.21886679809e-06
230 20 0.0
230 21 6.21886679809e-06
230 22 0.0
230 23 0.0
230 24 0.0
230 25 6.21886679809e-06
230 26 0.0
230 27 6.21886679809e-06
230 28 0.0
230 29 0.000304724473107
230 30 0.0
230 31 9.95018687695e-05
230 32 0.0
230 33 2.48754671924e-05
230 34 0.0
230 35 0.0
230 36 0.0
230 37 0.000621886679809
230 38 0.0
230 39 0.000304724473107
230 40 0.0
230 41 0.0
230 42 0.0
230 43 2.48754671924e-05
230 44 0.0
230 45 0.0
230 46 0.0
230 47 6.21886679809e-06
230 48 0.0
230 49 0.0
230 50 0.0
230 51 0.0
230 52 0.0
230 53 0.0
230 54 0.0
230 55 6.21886679809e-06
230 56 0.0
230 57 6.21886679809e-06
230 58 0.0
230 59 0.000155471669952
230 60 0.0
230 61 0.000895516818925
230 62 0.0
230 63 0.000223879204731
230 64 0.0
230 65 0.000304724473107
230 66 0.0
230 67 0.000398007475078
230 68 0.0
230 69 9.95018687695e-05
230 70 0.0
230 71 6.21886679809e-06
230 72 0.0
230 73 2.48754671924e-05
230 74 0.0
230 75 0.0
230 76 0.0
230 77 6.21886679809e-06
230 78 0.0
230 79 0.0
230 80 0.0
230 81 0.0
230 82 0.0
230 83 0.0
230 84 0.0
230 85 0.000304724473107
230 86 0.0
230 87 0.000621886679809
230 88 0.0
230 89 0.00179725250465
230 90 0.0
230 91 9.95018687695e-05
230 92 0.0
230 93 0.000752482882569
230 94 0.0
230 95 0.00179725250465
230 96 0.0
230 97 5.59698011828e-05
230 98 0.0
230 99 0.0
230 100 0.0
230 101 6.21886679809e-06
230 102 0.0
230 103 6.21886679809e-06
230 104 0.0
230 105 0.0
230 106 0.0
230 107 0.0
230 108 0.0
230 109 0.000304724473107
230 110 0.0
230 111 0.000155471669952
230 112 0.0
230 113 2.48754671924e-05
230 114 0.0
230 115 0.00453355389581
230 116 0.0
230 117 0.00201491284258
230 118 0.0
230 119 0.000304724473107
230 120 0.0
230 121 0.0
230 122 0.0
230 123 0.0
230 124 0.0
230 125 0.0
230 126 0.0
230 127 0.00179725250465
230 128 0.0
230 129 0.00851362864659
230 130 0.0
230 131 0.0048755915697
230 132 0.0
230 133 0.00851362864659
230 134 0.0
230 135 0.000621886679809
230 136 0.0
230 137 6.21886679809e-06
230 138 0.0
230 139 0.0
230 140 0.0
230 141 0.0
230 142 0.0
230 143 0.0
230 144 0.0
230 145 0.0
230 146 0.0
230 147 0.0
230 148 0.0
230 149 0.0
230 150 0.0
230 151 0.00453355389581
230 152 0.0
230 153 0.00677234594312
230 154 0.0
230 155 0.0195023662788
230 156 0.0
230 157 6.21886679809e-06
230 158 0.0
230 159 0.0
230 160 0.0
230 161 6.21886679809e-06
230 162 0.0
230 163 5.59698011828e-05
230 164 0.0
230 165 6.21886679809e-06
230 166 0.0
230 167 0.000155471669952
230 168 0.0
230 169 0.00105098848888
230 170 0.0
230 171 0.0195023662788
230 172 0.0
230 173 0.00677234594312
230 174 0.0
230 175 6.21886679809e-06
230 176 0.0
230 177 0.0
230 178 0.0
230 179 6.21886679809e-06
230 180 0.0
230 181 0.0
230 182 0.0
230 183 0.0
230 184 0.0
230 185 0.0
230 186 0.0
230 187 0.0
230 188 0.0
230 189 0.0
230 190 0.0
230 191 0.0
230 192 0.0
230 193 0.0
230 194 0.0
230 195 0.0
230 196 0.0
230 197 0.0
230 198 0.0
230 199 0.0
230 200 0.0
230 201 0.0
230 202 0.0
230 203 0.0
230 204 0.0
230 205 0.0
230 206 0.0
230 207 0.0
230 208 0.0
230 209 0.0
230 210 0.0
230 211 0.0
230 212 0.0
230 213 0.0
230 214 0.0
230 215 0.0
230 216 0.0
230 217 0.0
230 218 0.0
230 219 0.0
230 220 0.0
230 221 0.0
230 222 0.0
230 223 0.0
230 224 0.0
230 225 0.0
230 226 0.0
230 227 0.0
230 228 0.0
230 229 0.0
230 230 0.0
230 231 0.0
230 232 0.0
230 233 0.0
230 234 0.0
230 235 0.0
230 236 0.0
230 237 0.0
230 238 0.0
230 239 0.0
230 240 0.0
230 241 0.0
230 242 0.0
230 243 0.0
230 244 0.0
230 245 0.0
230 246 0.0
230 247 0.00121889789243
230 248 0.0
230 249 0.0223879204731
230 250 0.0
230 251 0.0780094651153
230 252 0.0
230 253 0.0149314991822
230 254 0.0
230 255 0.000398007475078
230 256 0.0
230 257 0.000155471669952
230 258 0.0
230 259 9.95018687695e-05
230 260 0.0
230 261 0.000895516818925
230 262 0.0
230 263 0.000752482882569
230 264 0.0
230 265 0.025472478405
230 266 0.0
230 267 0.0035820672757
230 268 0.0
230 269 5.59698011828e-05
230 270 0.0
230 271 6.21886679809e-06
230 272 0.0
230 273 0.0
230 274 0.0
230 275 6.21886679809e-06
230 276 0.0
230 277 5.59698011828e-05
230 278 0.0
230 279 2.48754671924e-05
230 280 0.0
230 281 6.21886679809e-06
230 282 0.0
230 283 0.000895516818925
230 284 0.0
230 285 0.00388679174881
230 286 0.0
230 287 0.000752482882569
230 288 0.0
230 289 0.0035820672757
230 290 0.0
230 291 0.000621886679809
230 292 0.0
230 293 5.59698011828e-05
230 294 0.0
230 295 6.21886679809e-06
230 296 0.0
230 297 0.0
230 298 0.0
230 299 6.21886679809e-06
230 300 0.0
230 301 0.000223879204731
230 302 0.0
230 303 0.000155471669952
230 304 0.0
230 305 5.59698011828e-05
230 306 0.0
230 307 0.00453355389581
230 308 0.0
230 309 0.00139924502957
230 310 0.0
230 311 0.000155471669952
230 312 0.0
230 313 0.0
230 314 0.0
230 315 6.21886679809e-06
230 316 0.0
230 317 2.48754671924e-05
230 318 0.0
230 319 6.21886679809e-06
230 320 0.0
230 321 2.48754671924e-05
230 322 0.0
230 323 6.21886679809e-06
230 324 0.0
230 325 0.00139924502957
230 326 0.0
230 327 0.00139924502957
230 328 0.0
230 329 9.95018687695e-05
230 330 0.0
230 331 6.21886679809e-06
230 332 0.0
230 333 2.48754671924e-05
230 334 0.0
230 335 0.0
230 336 0.0
230 337 0.0
230 338 0.0
230 339 0.0
230 340 0.0
230 341 0.000304724473107
230 342 0.0
230 343 0.00139924502957
230 344 0.0
230 345 0.000304724473107
230 346 0.0
230 347 9.95018687695e-05
230 348 0.0
230 349 0.000895516818925
230 350 0.0
230 351 0.000621886679809
230 352 0.0
230 353 0.000155471669952
230 354 0.0
230 355 6.21886679809e-06
230 356 0.0
230 357 0.0
230 358 0.0
230 359 0.0
230 360 0.0
230 361 0.0
230 362 0.0
230 363 2.48754671924e-05
230 364 0.0
230 365 6.21886679809e-06
230 366 0.0
230 367 0.000304724473107
230 368 0.0
230 369 9.95018687695e-05
230 370 0.0
230 371 0.000398007475078
230 372 0.0
230 373 0.000223879204731
230 374 0.0
230 375 9.95018687695e-05
230 376 0.0
230 377 2.48754671924e-05
230 378 0.0
230 379 0.0
230 380 0.0
230 381 5.59698011828e-05
230 382 0.0
230 383 2.48754671924e-05
230 384 0.0
230 385 5.59698011828e-05
230 386 0.0
230 387 2.48754671924e-05
230 388 0.0
230 389 0.0
230 390 0.0
230 391 9.95018687695e-05
230 392 0.0
230 393 6.21886679809e-06
230 394 0.0
230 395 5.59698011828e-05
230 396 0.0
230 397 5.59698011828e-05
230 398 0.0
230 399 2.48754671924e-05
230 400 0.0
231 0 0.0
231 1 2.48754671924e-05
231 2 0.0
231 3 2.48754671924e-05
231 4 0.0
231 5 0.000155471669952
231 6 0.0
231 7 0.000223879204731
231 8 0.0
231 9 2.48754671924e-05
231 10 0.0
231 11 0.000503728210645
231 12 0.0
231 13 9.95018687695e-05
231 14 0.0
231 15 5.59698011828e-05
231 16 0.0
231 17 9.95018687695e-05
231 18 0.0
231 19 6.21886679809e-06
231 20 0.0
231 21 6.21886679809e-06
231 22 0.0
231 23 0.0
231 24 0.0
231 25 6.21886679809e-06
231 26 0.0
231 27 6.21886679809e-06
231 28 0.0
231 29 0.000304724473107
231 30 0.0
231 31 9.95018687695e-05
231 32 0.0
231 33 2.48754671924e-05
231 34 0.0
231 35 0.0
231 36 0.0
231 37 0.000621886679809
231 38 0.0
231 39 0.000304724473107
231 40 0.0
231 41 0.0
231 42 0.0
231 43 2.48754671924e-05
231 44 0.0
231 45 0.0
231 46 0.0
231 47 6.21886679809e-06
231 48 0.0
231 49 0.0
231 50 0.0
231 51 0.0
231 52 0.0
231 53 0.0
231 54 0.0
231 55 6.21886679809e-06
231 56 0.0
231 57 6.21886679809e-06
231 58 0.0
231 59 0.000155471669952
231 60 0.0
231 61 0.000895516818925
231 62 0.0
231 63 0.000223879204731
231 64 0.0
231 65 0.000304724473107
231 66 0.0
231 67 0.000398007475078
231 68 0.0
231 69 9.95018687695e-05
231 70 0.0
231 71 6.21886679809e-06
231 72 0.0
231 73 2.48754671924e-05
231 74 0.0
231 75 0.0
231 76 0.0
231 77 6.21886679809e-06
231 78 0.0
231 79 0.0
231 80 0.0
231 81 0.0
231 82 0.0
231 83 0.0
231 84 0.0
231 85 0.000304724473107
231 86 0.0
231 87 0.000621886679809
231 88 0.0
231 89 0.00179725250465
231 90 0.0
231 91 9.95018687695e-05
231 92 0.0
231 93 0.000752482882569
231 94 0.0
231 95 0.00179725250465
231 96 0.0
231 97 5.59698011828e-05
231 98 0.0
231 99 0.0
231 100 0.0
231 101 6.21886679809e-06
231 102 0.0
231 103 6.21886679809e-06
231 104 0.0
231 105 0.0
231 106 0.0
231 107 0.0
231 108 0.0
231 109 0.000304724473107
231 110 0.0
231 111 0.000155471669952
231 112 0.0
231 113 2.48754671924e-05
231 114 0.0
231 115 0.00453355389581
231 116 0.0
231 117 0.00201491284258
231 118 0.0
231 119 0.000304724473107
231 120 0.0
231 121 0.0
231 122 0.0
231 123 0.0
231 124 0.0
231 125 0.0
231 126 0.0
231 127 0.00179725250465
231 128 0.0
231 129 0.00851362864659
231 130 0.0
231 131 0.00453355389581
231 132 6.21886679809e-06
231 133 0.00805965137033
231 134 0.0
231 135 0.000621886679809
231 136 0.0
231 137 6.21886679809e-06
231 138 0.0
231 139 0.0
231 140 0.0
231 141 0.0
231 142 0.0
231 143 0.0
231 144 0.0
231 145 0.0
231 146 0.0
231 147 0.0
231 148 0.0
231 149 0.0
231 150 0.0
231 151 0.00453355389581
231 152 0.0
231 153 0.00677234594312
231 154 0.0
231 155 0.0195023662788
231 156 0.0
231 157 6.21886679809e-06
231 158 0.0
231 159 0.0
231 160 0.0
231 161 6.21886679809e-06
231 162 0.0
231 163 2.48754671924e-05
231 164 2.48754671924e-05
231 165 6.21886679809e-06
231 166 9.95018687695e-05
231 167 0.000223879204731
231 168 0.0
231 169 0.00224501091411
231 170 0.000398007475078
231 171 0.0304724473107
231 172 0.000155471669952
231 173 0.0048755915697
231 174 0.000223879204731
231 175 0.000155471669952
231 176 9.95018687695e-05
231 177 0.000155471669952
231 178 0.000155471669952
231 179 0.000155471669952
231 180 9.95018687695e-05
231 181 9.95018687695e-05
231 182 9.95018687695e-05
231 183 9.95018687695e-05
231 184 9.95018687695e-05
231 185 9.95018687695e-05
231 186 9.95018687695e-05
231 187 9.95018687695e-05
231 188 9.95018687695e-05
231 189 9.95018687695e-05
231 190 9.95018687695e-05
231 191 9.95018687695e-05
231 192 9.95018687695e-05
231 193 9.95018687695e-05
231 194 9.95018687695e-05
231 195 9.95018687695e-05
231 196 9.95018687695e-05
231 197 9.95018687695e-05
231 198 9.95018687695e-05
231 199 9.95018687695e-05
231 200 9.95018687695e-05
231 201 9.95018687695e-05
231 202 9.95018687695e-05
231 203 9.95018687695e-05
231 204 9.95018687695e-05
231 205 9.95018687695e-05
231 206 9.95018687695e-05
231 207 9.95018687695e-05
231 208 9.95018687695e-05
231 209 9.95018687695e-05
231 210 9.95018687695e-05
231 211 9.95018687695e-05
231 212 9.95018687695e-05
231 213 9.95018687695e-05
231 214 9.95018687695e-05
231 215 9.95018687695e-05
231 216 9.95018687695e-05
231 217 9.95018687695e-05
231 218 9.95018687695e-05
231 219 9.95018687695e-05
231 220 9.95018687695e-05
231 221 9.95018687695e-05
231 222 9.95018687695e-05
231 223 9.95018687695e-05
231 224 9.95018687695e-05
231 225 9.95018687695e-05
231 226 9.95018687695e-05
231 227 9.95018687695e-05
231 228 9.95018687695e-05
231 229 9.95018687695e-05
231 230 9.95018687695e-05
231 231 9.95018687695e-05
231 232 9.95018687695e-05
231 233 9.95018687695e-05
231 234 9.95018687695e-05
231 235 9.95018687695e-05
231 236 9.95018687695e-05
231 237 9.95018687695e-05
231 238 9.95018687695e-05
231 239 9.95018687695e-05
231 240 9.95018687695e-05
231 241 9.95018687695e-05
231 242 9.95018687695e-05
231 243 9.95018687695e-05
231 244 9.95018687695e-05
231 245 9.95018687695e-05
231 246 9.95018687695e-05
231 247 0.000752482882569
231 248 5.59698011828e-05
231 249 0.025472478405
231 250 0.000398007475078
231 251 0.068563006449
231 252 6.21886679809e-06
231 253 0.0161752725418
231 254 6.21886679809e-06
231 255 0.000304724473107
231 256 2.48754671924e-05
231 257 0.000155471669952
231 258 0.0
231 259 9.95018687695e-05
231 260 0.0
231 261 0.000895516818925
231 262 0.0
231 263 0.000752482882569
231 264 0.0
231 265 0.025472478405
231 266 0.0
231 267 0.0035820672757
231 268 0.0
231 269 5.59698011828e-05
231 270 0.0
231 271 6.21886679809e-06
231 272 0.0
231 273 0.0
231 274 0.0
231 275 6.21886679809e-06
231 276 0.0
231 277 5.59698011828e-05
231 278 0.0
231 279 2.48754671924e-05
231 280 0.0
231 281 6.21886679809e-06
231 282 0.0
231 283 0.000895516818925
231 284 0.0
231 285 0.00388679174881
231 286 0.0
231 287 0.000752482882569
231 288 0.0
231 289 0.0035820672757
231 290 0.0
231 291 0.000621886679809
231 292 0.0
231 293 5.59698011828e-05
231 294 0.0
231 295 6.21886679809e-06
231 296 0.0
231 297 0.0
231 298 0.0
231 299 6.21886679809e-06
231 300 0.0
231 301 0.000223879204731
231 302 0.0
231 303 0.000155471669952
231 304 0.0
231 305 5.59698011828e-05
231 306 0.0
231 307 0.00453355389581
231 308 0.0
231 309 0.00139924502957
231 310 0.0
231 311 0.000155471669952
231 312 0.0
231 313 0.0
231 314 0.0
231 315 6.21886679809e-06
231 316 0.0
231 317 2.48754671924e-05
231 318 0.0
231 319 6.21886679809e-06
231 320 0.0
231 321 2.48754671924e-05
231 322 0.0
231 323 6.21886679809e-06
231 324 0.0
231 325 0.00139924502957
231 326 0.0
231 327 0.00139924502957
231 328 0.0
231 329 9.95018687695e-05
231 330 0.0
231 331 6.21886679809e-06
231 332 0.0
231 333 2.48754671924e-05
231 334 0.0
231 335 0.0
231 336 0.0
231 337 0.0
231 338 0.0
231 339 0.0
231 340 0.0
231 341 0.000304724473107
231 342 0.0
231 343 0.00139924502957
231 344 0.0
231 345 0.000304724473107
231 346 0.0
231 347 9.95018687695e-05
231 348 0.0
231 349 0.000895516818925
231 350 0.0
231 351 0.000621886679809
231 352 0.0
231 353 0.000155471669952
231 354 0.0
231 355 6.21886679809e-06
231 356 0.0
231 357 0.0
231 358 0.0
231 359 0.0
231 360 0.0
231 361 0.0
231 362 0.0
231 363 2.48754671924e-05
231 364 0.0
231 365 6.21886679809e-06
231 366 0.0
231 367 0.000304724473107
231 368 0.0
231 369 9.95018687695e-05
231 370 0.0
231 371 0.000398007475078
231 372 0.0
231 373 0.000223879204731
231 374 0.0
231 375 9.95018687695e-05
231 376 0.0
231 377 2.48754671924e-05
231 378 0.0
231 379 0.0
231 380 0.0
231 381 5.59698011828e-05
231 382 0.0
231 383 2.48754671924e-05
231 384 0.0
231 385 5.59698011828e-05
231 386 0.0
231 387 2.48754671924e-05
231 388 0.0
231 389 0.0
231 390 0.0
231 391 5.59698011828e-05
231 392 6.21886679809e-06
231 393 6.21886679809e-06
231 394 0.0
231 395 5.59698011828e-05
231 396 0.0
231 397 5.59698011828e-05
231 398 0.0
231 399 2.48754671924e-05
231 400 0.0
232 0 0.0
232 1 2.48754671924e-05
232 2 0.0
232 3 2.48754671924e-05
232 4 0.0
232 5 0.000155471669952
232 6 0.0
232 7 0.000223879204731
232 8 0.0
232 9 2.48754671924e-05
232 10 0.0
232 11 0.000503728210645
232 12 0.0
232 13 9.95018687695e-05
232 14 0.0
232 15 5.59698011828e-05
232 16 0.0
232 17 9.95018687695e-05
232 18 0.0
232 19 6.21886679809e-06
232 20 0.0
232 21 6.21886679809e-06
232 22 0.0
232 23 0.0
232 24 0.0
232 25 6.21886679809e-06
232 26 0.0
232 27 6.21886679809e-06
232 28 0.0
232 29 0.000304724473107
232 30 0.0
232 31 9.95018687695e-05
232 32 0.0
232 33 2.48754671924e-05
232 34 0.0
232 35 0.0
232 36 0.0
232 37 0.000621886679809
232 38 0.0
232 39 0.000304724473107
232 40 0.0
232 41 0.0
232 42 0.0
232 43 2.48754671924e-05
232 44 0.0
232 45 0.0
232 46 0.0
232 47 6.21886679809e-06
232 48 0.0
232 49 0.0
232 50 0.0
232 51 0.0
232 52 0.0
232 53 0.0
232 54 0.0
232 55 6.21886679809e-06
232 56 0.0
232 57 6.21886679809e-06
232 58 0.0
232 59 0.000155471669952
232 60 0.0
232 61 0.000895516818925
232 62 0.0
232 63 0.000223879204731
232 64 0.0
232 65 0.000304724473107
232 66 0.0
232 67 0.000398007475078
232 68 0.0
232 69 9.95018687695e-05
232 70 0.0
232 71 6.21886679809e-06
232 72 0.0
232 73 2.48754671924e-05
232 74 0.0
232 75 0.0
232 76 0.0
232 77 6.21886679809e-06
232 78 0.0
232 79 0.0
232 80 0.0
232 81 0.0
232 82 0.0
232 83 0.0
232 84 0.0
232 85 0.000304724473107
232 86 0.0
232 87 0.000621886679809
232 88 0.0
232 89 0.00179725250465
232 90 0.0
232 91 9.95018687695e-05
232 92 0.0
232 93 0.000752482882569
232 94 0.0
232 95 0.00179725250465
232 96 0.0
232 97 5.59698011828e-05
232 98 0.0
232 99 0.0
232 100 0.0
232 101 6.21886679809e-06
232 102 0.0
232 103 6.21886679809e-06
232 104 0.0
232 105 0.0
232 106 0.0
232 107 0.0
232 108 0.0
232 109 0.000304724473107
232 110 0.0
232 111 0.000155471669952
232 112 0.0
232 113 2.48754671924e-05
232 114 0.0
232 115 0.00453355389581
232 116 0.0
232 117 0.00201491284258
232 118 0.0
232 119 0.000304724473107
232 120 0.0
232 121 0.0
232 122 0.0
232 123 0.0
232 124 0.0
232 125 0.0
232 126 0.0
232 127 0.00179725250465
232 128 0.0
232 129 0.00851362864659
232 130 0.0
232 131 0.0048755915697
232 132 0.0
232 133 0.00851362864659
232 134 0.0
232 135 0.000621886679809
232 136 0.0
232 137 6.21886679809e-06
232 138 0.0
232 139 0.0
232 140 0.0
232 141 0.0
232 142 0.0
232 143 0.0
232 144 0.0
232 145 0.0
232 146 0.0
232 147 0.0
232 148 0.0
232 149 0.0
232 150 0.0
232 151 0.00453355389581
232 152 0.0
232 153 0.00677234594312
232 154 0.0
232 155 0.0195023662788
232 156 0.0
232 157 6.21886679809e-06
232 158 0.0
232 159 0.0
232 160 0.0
232 161 6.21886679809e-06
232 162 0.0
232 163 6.21886679809e-06
232 164 0.0
232 165 2.48754671924e-05
232 166 0.0
232 167 0.000155471669952
232 168 0.0
232 169 0.00224501091411
232 170 0.0
232 171 0.025472478405
232 172 0.0
232 173 0.00453355389581
232 174 0.0
232 175 2.48754671924e-05
232 176 0.0
232 177 2.48754671924e-05
232 178 0.0
232 179 6.21886679809e-06
232 180 0.0
232 181 0.0
232 182 0.0
232 183 0.0
232 184 0.0
232 185 0.0
232 186 0.0
232 187 0.0
232 188 0.0
232 189 0.0
232 190 0.0
232 191 0.0
232 192 0.0
232 193 0.0
232 194 0.0
232 195 0.0
232 196 0.0
232 197 0.0
232 198 0.0
232 199 0.0
232 200 0.0
232 201 0.0
232 202 0.0
232 203 0.0
232 204 0.0
232 205 0.0
232 206 0.0
232 207 0.0
232 208 0.0
232 209 0.0
232 210 0.0
232 211 0.0
232 212 0.0
232 213 0.0
232 214 0.0
232 215 0.0
232 216 0.0
232 217 0.0
232 218 0.0
232 219 0.0
232 220 0.0
232 221 0.0
232 222 0.0
232 223 0.0
232 224 0.0
232 225 0.0
232 226 0.0
232 227 0.0
232 228 0.0
232 229 0.0
232 230 0.0
232 231 0.0
232 232 0.0
232 233 0.0
232 234 0.0
232 235 0.0
232 236 0.0
232 237 0.0
232 238 0.0
232 239 0.0
232 240 0.0
232 241 0.0
232 242 0.0
232 243 0.0
232 244 0.0
232 245 0.0
232 246 0.0
232 247 0.00139924502957
232 248 0.0
232 249 0.0131591221448
232 250 0.0
232 251 0.051498435955
232 252 0.0
232 253 0.0161752725418
232 254 0.0
232 255 0.000503728210645
232 256 0.0
232 257 0.000155471669952
232 258 0.0
232 259 9.95018687695e-05
232 260 0.0
232 261 0.000895516818925
232 262 0.0
232 263 0.000752482882569
232 264 0.0
232 265 0.025472478405
232 266 0.0
232 267 0.0035820672757
232 268 0.0
232 269 5.59698011828e-05
232 270 0.0
232 271 6.21886679809e-06
232 272 0.0
232 273 0.0
232 274 0.0
232 275 6.21886679809e-06
232 276 0.0
232 277 5.59698011828e-05
232 278 0.0
232 279 2.48754671924e-05
232 280 0.0
232 281 6.21886679809e-06
232 282 0.0
232 283 0.000895516818925
232 284 0.0
232 285 0.00388679174881
232 286 0.0
232 287 0.000752482882569
232 288 0.0
232 289 0.0035820672757
232 290 0.0
232 291 0.000621886679809
232 292 0.0
232 293 5.59698011828e-05
232 294 0.0
232 295 6.21886679809e-06
232 296 0.0
232 297 0.0
232 298 0.0
232 299 6.21886679809e-06
232 300 0.0
232 301 0.000223879204731
232 302 0.0
232 303 0.000155471669952
232 304 0.0
232 305 5.59698011828e-05
232 306 0.0
232 307 0.00453355389581
232 308 0.0
232 309 0.00139924502957
232 310 0.0
232 311 0.000155471669952
232 312 0.0
232 313 0.0
232 314 0.0
232 315 6.21886679809e-06
232 316 0.0
232 317 2.48754671924e-05
232 318 0.0
232 319 6.21886679809e-06
232 320 0.0
232 321 2.48754671924e-05
232 322 0.0
232 323 6.21886679809e-06
232 324 0.0
232 325 0.00139924502957
232 326 0.0
232 327 0.00139924502957
232 328 0.0
232 329 9.95018687695e-05
232 330 0.0
232 331 6.21886679809e-06
232 332 0.0
232 333 2.48754671924e-05
232 334 0.0
232 335 0.0
232 336 0.0
232 337 0.0
232 338 0.0
232 339 0.0
232 340 0.0
232 341 0.000304724473107
232 342 0.0
232 343 0.00139924502957
232 344 0.0
232 345 0.000304724473107
232 346 0.0
232 347 9.95018687695e-05
232 348 0.0
232 349 0.000895516818925
232 350 0.0
232 351 0.000621886679809
232 352 0.0
232 353 0.000155471669952
232 354 0.0
232 355 6.21886679809e-06
232 356 0.0
232 357 0.0
232 358 0.0
232 359 0.0
232 360 0.0
232 361 0.0
232 362 0.0
232 363 2.48754671924e-05
232 364 0.0
232 365 6.21886679809e-06
232 366 0.0
232 367 0.000304724473107
232 368 0.0
232 369 9.95018687695e-05
232 370 0.0
232 371 0.000398007475078
232 372 0.0
232 373 0.000223879204731
232 374 0.0
232 375 9.95018687695e-05
232 376 0.0
232 377 2.48754671924e-05
232 378 0.0
232 379 0.0
232 380 0.0
232 381 5.59698011828e-05
232 382 0.0
232 383 2.48754671924e-05
232 384 0.0
232 385 5.59698011828e-05
232 386 0.0
232 387 2.48754671924e-05
232 388 0.0
232 389 0.0
232 390 0.0
232 391 9.95018687695e-05
232 392 0.0
232 393 6.21886679809e-06
232 394 0.0
232 395 5.59698011828e-05
232 396 0.0
232 397 5.59698011828e-05
232 398 0.0
232 399 2.48754671924e-05
232 400 0.0
233 0 0.0
233 1 2.48754671924e-05
233 2 0.0
233 3 2.48754671924e-05
233 4 0.0
233 5 0.000155471669952
233 6 0.0
233 7 0.000223879204731
233 8 0.0
233 9 2.48754671924e-05
233 10 0.0
233 11 0.000503728210645
233 12 0.0
233 13 9.95018687695e-05
233 14 0.0
233 15 5.59698011828e-05
233 16 0.0
233 17 9.95018687695e-05
233 18 0.0
233 19 6.21886679809e-06
233 20 0.0
233 21 6.21886679809e-06
233 22 0.0
233 23 0.0
233 24 0.0
233 25 6.21886679809e-06
233 26 0.0
233 27 6.21886679809e-06
233 28 0.0
233 29 0.000304724473107
233 30 0.0
233 31 9.95018687695e-05
233 32 0.0
233 33 2.48754671924e-05
233 34 0.0
233 35 0.0
233 36 0.0
233 37 0.000621886679809
233 38 0.0
233 39 0.000304724473107
233 40 0.0
233 41 0.0
233 42 0.0
233 43 2.48754671924e-05
233 44 0.0
233 45 0.0
233 46 0.0
233 47 6.21886679809e-06
233 48 0.0
233 49 0.0
233 50 0.0
233 51 0.0
233 52 0.0
233 53 0.0
233 54 0.0
233 55 6.21886679809e-06
233 56 0.0
233 57 6.21886679809e-06
233 58 0.0
233 59 0.000155471669952
233 60 0.0
233 61 0.000895516818925
233 62 0.0
233 63 0.000223879204731
233 64 0.0
233 65 0.000304724473107
233 66 0.0
233 67 0.000398007475078
233 68 0.0
233 69 9.95018687695e-05
233 70 0.0
233 71 6.21886679809e-06
233 72 0.0
233 73 2.48754671924e-05
233 74 0.0
233 75 0.0
233 76 0.0
233 77 6.21886679809e-06
233 78 0.0
233 79 0.0
233 80 0.0
233 81 0.0
233 82 0.0
233 83 0.0
233 84 0.0
233 85 0.000304724473107
233 86 0.0
233 87 0.000621886679809
233 88 0.0
233 89 0.00179725250465
233 90 0.0
233 91 9.95018687695e-05
233 92 0.0
233 93 0.000752482882569
233 94 0.0
233 95 0.00179725250465
233 96 0.0
233 97 5.59698011828e-05
233 98 0.0
233 99 0.0
233 100 0.0
233 101 6.21886679809e-06
233 102 0.0
233 103 6.21886679809e-06
233 104 0.0
233 105 0.0
233 106 0.0
233 107 0.0
233 108 0.0
233 109 0.000304724473107
233 110 0.0
233 111 0.000155471669952
233 112 0.0
233 113 2.48754671924e-05
233 114 0.0
233 115 0.00453355389581
233 116 0.0
233 117 0.00201491284258
233 118 0.0
233 119 0.000304724473107
233 120 0.0
233 121 0.0
233 122 0.0
233 123 0.0
233 124 0.0
233 125 0.0
233 126 0.0
233 127 0.00179725250465
233 128 0.0
233 129 0.00851362864659
233 130 0.0
233 131 0.0048755915697
233 132 0.0
233 133 0.00851362864659
233 134 0.0
233 135 0.000621886679809
233 136 0.0
233 137 6.21886679809e-06
233 138 0.0
233 139 0.0
233 140 0.0
233 141 0.0
233 142 0.0
233 143 0.0
233 144 0.0
233 145 0.0
233 146 0.0
233 147 0.0
233 148 0.0
233 149 0.0
233 150 0.0
233 151 0.00453355389581
233 152 0.0
233 153 0.00677234594312
233 154 0.0
233 155 0.0195023662788
233 156 0.0
233 157 6.21886679809e-06
233 158 0.0
233 159 0.0
233 160 0.0
233 161 6.21886679809e-06
233 162 0.0
233 163 6.21886679809e-06
233 164 6.21886679809e-06
233 165 2.48754671924e-05
233 166 2.48754671924e-05
233 167 9.95018687695e-05
233 168 0.000304724473107
233 169 0.0
233 170 0.00224501091411
233 171 0.00274252025796
233 172 0.0368716612459
233 173 0.0573130764112
233 174 0.0368716612459
233 175 0.0349811257393
233 176 0.0378355855996
233 177 0.0378355855996
233 178 0.0378355855996
233 179 0.0378355855996
233 180 0.0378355855996
233 181 0.0378355855996
233 182 0.0378355855996
233 183 0.0378355855996
233 184 0.0378355855996
233 185 0.0378355855996
233 186 0.0378355855996
233 187 0.0378355855996
233 188 0.0378355855996
233 189 0.0378355855996
233 190 0.0378355855996
233 191 0.0378355855996
233 192 0.0378355855996
233 193 0.0378355855996
233 194 0.0378355855996
233 195 0.0378355855996
233 196 0.0378355855996
233 197 0.0378355855996
233 198 0.0378355855996
233 199 0.0378355855996
233 200 0.0378355855996
233 201 0.0378355855996
233 202 0.0378355855996
233 203 0.0378355855996
233 204 0.0378355855996
233 205 0.0378355855996
233 206 0.0378355855996
233 207 0.0378355855996
233 208 0.0378355855996
233 209 0.0378355855996
233 210 0.0378355855996
233 211 0.0378355855996
233 212 0.0378355855996
233 213 0.0378355855996
233 214 0.0378355855996
233 215 0.0378355855996
233 216 0.0378355855996
233 217 0.0378355855996
233 218 0.0378355855996
233 219 0.0378355855996
233 220 0.0378355855996
233 221 0.0378355855996
233 222 0.0378355855996
233 223 0.0378355855996
233 224 0.0378355855996
233 225 0.0378355855996
233 226 0.0378355855996
233 227 0.0378355855996
233 228 0.0378355855996
233 229 0.0378355855996
233 230 0.0378355855996
233 231 0.0378355855996
233 232 0.0378355855996
233 233 0.0378355855996
233 234 0.0378355855996
233 235 0.0378355855996
233 236 0.0378355855996
233 237 0.0378355855996
233 238 0.0378355855996
233 239 0.0378355855996
233 240 0.0378355855996
233 241 0.0378355855996
233 242 0.0378355855996
233 243 0.0378355855996
233 244 0.0378355855996
233 245 0.0378355855996
233 246 0.0378355855996
233 247 0.0481589044844
233 248 0.0398007475078
233 249 0.0104539150876
233 250 0.0131591221448
233 251 0.0470706027948
233 252 0.00139924502957
233 253 0.0109700810318
233 254 0.0
233 255 0.000752482882569
233 256 6.21886679809e-06
233 257 0.000155471669952
233 258 0.0
233 259 9.95018687695e-05
233 260 0.0
233 261 0.000895516818925
233 262 0.0
233 263 0.000752482882569
233 264 0.0
233 265 0.025472478405
233 266 0.0
233 267 0.0035820672757
233 268 0.0
233 269 5.59698011828e-05
233 270 0.0
233 271 6.21886679809e-06
233 272 0.0
233 273 0.0
233 274 0.0
233 275 6.21886679809e-06
233 276 0.0
233 277 5.59698011828e-05
233 278 0.0
233 279 2.48754671924e-05
233 280 0.0
233 281 6.21886679809e-06
233 282 0.0
233 283 0.000895516818925
233 284 0.0
233 285 0.00388679174881
233 286 0.0
233 287 0.000752482882569
233 288 0.0
233 289 0.0035820672757
233 290 0.0
233 291 0.000621886679809
233 292 0.0
233 293 5.59698011828e-05
233 294 0.0
233 295 6.21886679809e-06
233 296 0.0
233 297 0.0
233 298 0.0
233 299 6.21886679809e-06
233 300 0.0
233 301 0.000223879204731
233 302 0.0
233 303 0.000155471669952
233 304 0.0
233 305 5.59698011828e-05
233 306 0.0
233 307 0.00453355389581
233 308 0.0
233 309 0.00139924502957
233 310 0.0
233 311 0.000155471669952
233 312 0.0
233 313 0.0
233 314 0.0
233 315 6.21886679809e-06
233 316 0.0
233 317 2.48754671924e-05
233 318 0.0
233 319 0.0
233 320 6.21886679809e-06
233 321 6.21886679809e-06
233 322 0.0
233 323 6.21886679809e-06
233 324 0.0
233 325 0.00139924502957
233 326 0.0
233 327 0.00139924502957
233 328 0.0
233 329 9.95018687695e-05
233 330 0.0
233 331 6.21886679809e-06
233 332 0.0
233 333 2.48754671924e-05
233 334 0.0
233 335 0.0
233 336 0.0
233 337 0.0
233 338 0.0
233 339 0.0
233 340 0.0
233 341 0.000304724473107
233 342 0.0
233 343 0.00139924502957
233 344 0.0
233 345 0.000304724473107
233 346 0.0
233 347 9.95018687695e-05
233 348 0.0
233 349 0.000895516818925
233 350 0.0
233 351 0.000621886679809
233 352 0.0
233 353 0.000155471669952
233 354 0.0
233 355 6.21886679809e-06
233 356 0.0
233 357 0.0
233 358 0.0
233 359 0.0
233 360 0.0
233 361 0.0
233 362 0.0
233 363 2.48754671924e-05
233 364 0.0
233 365 6.21886679809e-06
233 366 0.0
233 367 0.000304724473107
233 368 0.0
233 369 9.95018687695e-05
233 370 0.0
233 371 0.000398007475078
233 372 0.0
233 373 0.000223879204731
233 374 0.0
233 375 9.95018687695e-05
233 376 0.0
233 377 2.48754671924e-05
233 378 0.0
233 379 0.0
233 380 0.0
233 381 5.59698011828e-05
233 382 0.0
233 383 2.48754671924e-05
233 384 0.0
233 385 5.59698011828e-05
233 386 0.0
233 387 2.48754671924e-05
233 388 0.0
233 389 0.0
233 390 0.0
233 391 9.95018687695e-05
233 392 0.0
233 393 6.21886679809e-06
233 394 0.0
233 395 9.95018687695e-05
233 396 6.21886679809e-06
233 397 5.59698011828e-05
233 398 0.0
233 399 2.48754671924e-05
233 400 0.0
234 0 0.0
234 1 2.48754671924e-05
234 2 0.0
234 3 2.48754671924e-05
234 4 0.0
234 5 0.000155471669952
234 6 0.0
234 7 0.000304724473107
234 8 0.0
234 9 2.48754671924e-05
234 10 0.0
234 11 0.000503728210645
234 12 0.0
234 13 9.95018687695e-05
234 14 0.0
234 15 5.59698011828e-05
234 16 0.0
234 17 9.95018687695e-05
234 18 0.0
234 19 6.21886679809e-06
234 20 0.0
234 21 6.21886679809e-06
234 22 0.0
234 23 0.0
234 24 0.0
234 25 6.21886679809e-06
234 26 0.0
234 27 6.21886679809e-06
234 28 0.0
234 29 0.000304724473107
234 30 0.0
234 31 9.95018687695e-05
234 32 0.0
234 33 2.48754671924e-05
234 34 0.0
234 35 0.0
234 36 0.0
234 37 0.000503728210645
234 38 0.0
234 39 0.000304724473107
234 40 0.0
234 41 0.0
234 42 0.0
234 43 2.48754671924e-05
234 44 0.0
234 45 0.0
234 46 0.0
234 47 6.21886679809e-06
234 48 0.0
234 49 0.0
234 50 0.0
234 51 0.0
234 52 0.0
234 53 0.0
234 54 0.0
234 55 6.21886679809e-06
234 56 0.0
234 57 6.21886679809e-06
234 58 0.0
234 59 0.000155471669952
234 60 0.0
234 61 0.000895516818925
234 62 0.0
234 63 0.000223879204731
234 64 0.0
234 65 0.000304724473107
234 66 0.0
234 67 0.000398007475078
234 68 0.0
234 69 9.95018687695e-05
234 70 0.0
234 71 6.21886679809e-06
234 72 0.0
234 73 2.48754671924e-05
234 74 0.0
234 75 0.0
234 76 0.0
234 77 6.21886679809e-06
234 78 0.0
234 79 0.0
234 80 0.0
234 81 0.0
234 82 0.0
234 83 0.0
234 84 0.0
234 85 0.000304724473107
234 86 0.0
234 87 0.000621886679809
234 88 0.0
234 89 0.00179725250465
234 90 0.0
234 91 9.95018687695e-05
234 92 0.0
234 93 0.000752482882569
234 94 0.0
234 95 0.00179725250465
234 96 0.0
234 97 5.59698011828e-05
234 98 0.0
234 99 0.0
234 100 0.0
234 101 6.21886679809e-06
234 102 0.0
234 103 6.21886679809e-06
234 104 0.0
234 105 0.0
234 106 0.0
234 107 0.0
234 108 0.0
234 109 0.000304724473107
234 110 0.0
234 111 0.000155471669952
234 112 0.0
234 113 2.48754671924e-05
234 114 0.0
234 115 0.00453355389581
234 116 0.0
234 117 0.00201491284258
234 118 0.0
234 119 0.000304724473107
234 120 0.0
234 121 0.0
234 122 0.0
234 123 0.0
234 124 0.0
234 125 0.0
234 126 0.0
234 127 0.00179725250465
234 128 0.0
234 129 0.00851362864659
234 130 0.0
234 131 0.0048755915697
234 132 0.0
234 133 0.00851362864659
234 134 0.0
234 135 0.000621886679809
234 136 0.0
234 137 6.21886679809e-06
234 138 0.0
234 139 0.0
234 140 0.0
234 141 0.0
234 142 0.0
234 143 0.0
234 144 0.0
234 145 0.0
234 146 0.0
234 147 0.0
234 148 0.0
234 149 0.0
234 150 0.0
234 151 0.00453355389581
234 152 0.0
234 153 0.00677234594312
234 154 0.0
234 155 0.0195023662788
234 156 0.0
234 157 6.21886679809e-06
234 158 0.0
234 159 0.0
234 160 0.0
234 161 6.21886679809e-06
234 162 0.0
234 163 2.48754671924e-05
234 164 0.0
234 165 6.21886679809e-06
234 166 0.0
234 167 6.21886679809e-06
234 168 0.0
234 169 0.000895516818925
234 170 0.0
234 171 0.00105098848888
234 172 0.0
234 173 0.000398007475078
234 174 0.0
234 175 9.95018687695e-05
234 176 0.0
234 177 2.48754671924e-05
234 178 0.0
234 179 6.21886679809e-06
234 180 0.0
234 181 0.0
234 182 0.0
234 183 0.0
234 184 0.0
234 185 0.0
234 186 0.0
234 187 0.0
234 188 0.0
234 189 0.0
234 190 0.0
234 191 0.0
234 192 0.0
234 193 0.0
234 194 0.0
234 195 0.0
234 196 0.0
234 197 0.0
234 198 0.0
234 199 0.0
234 200 0.0
234 201 0.0
234 202 0.0
234 203 0.0
234 204 0.0
234 205 0.0
234 206 0.0
234 207 0.0
234 208 0.0
234 209 0.0
234 210 0.0
234 211 0.0
234 212 0.0
234 213 0.0
234 214 0.0
234 215 0.0
234 216 0.0
234 217 0.0
234 218 0.0
234 219 0.0
234 220 0.0
234 221 0.0
234 222 0.0
234 223 0.0
234 224 0.0
234 225 0.0
234 226 0.0
234 227 0.0
234 228 0.0
234 229 0.0
234 230 0.0
234 231 0.0
234 232 0.0
234 233 0.0
234 234 0.0
234 235 0.0
234 236 0.0
234 237 0.0
234 238 0.0
234 239 0.0
234 240 0.0
234 241 0.0
234 242 0.0
234 243 0.0
234 244 0.0
234 245 0.0
234 246 0.0
234 247 2.48754671924e-05
234 248 0.0
234 249 0.000304724473107
234 250 0.0
234 251 0.0094588963999
234 252 0.0
234 253 0.00995018687695
234 254 0.0
234 255 0.000752482882569
234 256 0.0
234 257 9.95018687695e-05
234 258 0.0
234 259 9.95018687695e-05
234 260 0.0
234 261 0.000895516818925
234 262 0.0
234 263 0.000752482882569
234 264 0.0
234 265 0.025472478405
234 266 0.0
234 267 0.0035820672757
234 268 0.0
234 269 5.59698011828e-05
234 270 0.0
234 271 6.21886679809e-06
234 272 0.0
234 273 0.0
234 274 0.0
234 275 6.21886679809e-06
234 276 0.0
234 277 5.59698011828e-05
234 278 0.0
234 279 2.48754671924e-05
234 280 0.0
234 281 6.21886679809e-06
234 282 0.0
234 283 0.000895516818925
234 284 0.0
234 285 0.00388679174881
234 286 0.0
234 287 0.000752482882569
234 288 0.0
234 289 0.0035820672757
234 290 0.0
234 291 0.000621886679809
234 292 0.0
234 293 5.59698011828e-05
234 294 0.0
234 295 6.21886679809e-06
234 296 0.0
234 297 0.0
234 298 0.0
234 299 6.21886679809e-06
234 300 0.0
234 301 0.000223879204731
234 302 0.0
234 303 0.000155471669952
234 304 0.0
234 305 5.59698011828e-05
234 306 0.0
234 307 0.00453355389581
234 308 0.0
234 309 0.00139924502957
234 310 0.0
234 311 0.000155471669952
234 312 0.0
234 313 0.0
234 314 0.0
234 315 6.21886679809e-06
234 316 0.0
234 317 2.48754671924e-05
234 318 0.0
234 319 0.0
234 320 0.0
234 321 6.21886679809e-06
234 322 0.0
234 323 6.21886679809e-06
234 324 0.0
234 325 0.00159202990031
234 326 0.0
234 327 0.00139924502957
234 328 0.0
234 329 9.95018687695e-05
234 330 0.0
234 331 6.21886679809e-06
234 332 0.0
234 333 2.48754671924e-05
234 334 0.0
234 335 0.0
234 336 0.0
234 337 0.0
234 338 0.0
234 339 0.0
234 340 0.0
234 341 0.000304724473107
234 342 0.0
234 343 0.00139924502957
234 344 0.0
234 345 0.000304724473107
234 346 0.0
234 347 9.95018687695e-05
234 348 0.0
234 349 0.000895516818925
234 350 0.0
234 351 0.000621886679809
234 352 0.0
234 353 0.000155471669952
234 354 0.0
234 355 6.21886679809e-06
234 356 0.0
234 357 0.0
234 358 0.0
234 359 0.0
234 360 0.0
234 361 0.0
234 362 0.0
234 363 2.48754671924e-05
234 364 0.0
234 365 6.21886679809e-06
234 366 0.0
234 367 0.000304724473107
234 368 0.0
234 369 9.95018687695e-05
234 370 0.0
234 371 0.000398007475078
234 372 0.0
234 373 0.000223879204731
234 374 0.0
234 375 9.95018687695e-05
234 376 0.0
234 377 2.48754671924e-05
234 378 0.0
234 379 0.0
234 380 0.0
234 381 5.59698011828e-05
234 382 0.0
234 383 2.48754671924e-05
234 384 0.0
234 385 2.48754671924e-05
234 386 0.0
234 387 2.48754671924e-05
234 388 0.0
234 389 0.0
234 390 0.0
234 391 9.95018687695e-05
234 392 0.0
234 393 6.21886679809e-06
234 394 0.0
234 395 5.59698011828e-05
234 396 0.0
234 397 5.59698011828e-05
234 398 0.0
234 399 2.48754671924e-05
234 400 0.0
235 0 0.0
235 1 2.48754671924e-05
235 2 0.0
235 3 2.48754671924e-05
235 4 0.0
235 5 0.000155471669952
235 6 0.0
235 7 0.000304724473107
235 8 0.0
235 9 5.59698011828e-05
235 10 0.0
235 11 0.000398007475078
235 12 6.21886679809e-06
235 13 2.48754671924e-05
235 14 6.21886679809e-06
235 15 5.59698011828e-05
235 16 6.21886679809e-06
235 17 5.59698011828e-05
235 18 0.0
235 19 6.21886679809e-06
235 20 6.21886679809e-06
235 21 6.21886679809e-06
235 22 0.0
235 23 6.21886679809e-06
235 24 0.0
235 25 6.21886679809e-06
235 26 0.0
235 27 6.21886679809e-06
235 28 0.0
235 29 0.000304724473107
235 30 0.0
235 31 9.95018687695e-05
235 32 0.0
235 33 2.48754671924e-05
235 34 0.0
235 35 6.21886679809e-06
235 36 0.0
235 37 0.000621886679809
235 38 0.0
235 39 0.000304724473107
235 40 6.21886679809e-06
235 41 6.21886679809e-06
235 42 6.21886679809e-06
235 43 5.59698011828e-05
235 44 0.0
235 45 0.0
235 46 0.0
235 47 6.21886679809e-06
235 48 0.0
235 49 0.0
235 50 0.0
235 51 0.0
235 52 0.0
235 53 0.0
235 54 0.0
235 55 6.21886679809e-06
235 56 0.0
235 57 6.21886679809e-06
235 58 0.0
235 59 0.000155471669952
235 60 0.0
235 61 0.000895516818925
235 62 0.0
235 63 0.000223879204731
235 64 0.0
235 65 0.000398007475078
235 66 6.21886679809e-06
235 67 0.000304724473107
235 68 0.0
235 69 0.000155471669952
235 70 6.21886679809e-06
235 71 2.48754671924e-05
235 72 0.0
235 73 2.48754671924e-05
235 74 0.0
235 75 0.0
235 76 0.0
235 77 6.21886679809e-06
235 78 0.0
235 79 0.0
235 80 0.0
235 81 0.0
235 82 0.0
235 83 0.0
235 84 0.0
235 85 0.000304724473107
235 86 0.0
235 87 0.000621886679809
235 88 0.0
235 89 0.00179725250465
235 90 0.0
235 91 9.95018687695e-05
235 92 0.0
235 93 0.000752482882569
235 94 0.0
235 95 0.00179725250465
235 96 0.0
235 97 5.59698011828e-05
235 98 0.0
235 99 0.0
235 100 0.0
235 101 6.21886679809e-06
235 102 0.0
235 103 6.21886679809e-06
235 104 0.0
235 105 0.0
235 106 0.0
235 107 0.0
235 108 0.0
235 109 0.000304724473107
235 110 0.0
235 111 0.000155471669952
235 112 0.0
235 113 2.48754671924e-05
235 114 0.0
235 115 0.00453355389581
235 116 0.0
235 117 0.00201491284258
235 118 0.0
235 119 0.000304724473107
235 120 0.0
235 121 0.0
235 122 0.0
235 123 0.0
235 124 0.0
235 125 0.0
235 126 0.0
235 127 0.00179725250465
235 128 0.0
235 129 0.00851362864659
235 130 0.0
235 131 0.0048755915697
235 132 0.0
235 133 0.00851362864659
235 134 0.0
235 135 0.000621886679809
235 136 0.0
235 137 6.21886679809e-06
235 138 0.0
235 139 0.0
235 140 0.0
235 141 0.0
235 142 0.0
235 143 0.0
235 144 0.0
235 145 0.0
235 146 0.0
235 147 0.0
235 148 0.0
235 149 0.0
235 150 0.0
235 151 0.00453355389581
235 152 0.0
235 153 0.00677234594312
235 154 0.0
235 155 0.0195023662788
235 156 0.0
235 157 6.21886679809e-06
235 158 0.0
235 159 0.0
235 160 0.0
235 161 6.21886679809e-06
235 162 0.0
235 163 5.59698011828e-05
235 164 2.48754671924e-05
235 165 2.48754671924e-05
235 166 6.21886679809e-06
235 167 2.48754671924e-05
235 168 2.48754671924e-05
235 169 0.0052300669772
235 170 0.00995018687695
235 171 0.0109700810318
235 172 0.00718901001859
235 173 0.00597633099297
235 174 0.00718901001859
235 175 0.00851362864659
235 176 0.00761811182766
235 177 0.00805965137033
235 178 0.00718901001859
235 179 0.00761811182766
235 180 0.00761811182766
235 181 0.00761811182766
235 182 0.00761811182766
235 183 0.00761811182766
235 184 0.00761811182766
235 185 0.00761811182766
235 186 0.00761811182766
235 187 0.00761811182766
235 188 0.00761811182766
235 189 0.00761811182766
235 190 0.00761811182766
235 191 0.00761811182766
235 192 0.00761811182766
235 193 0.00761811182766
235 194 0.00761811182766
235 195 0.00761811182766
235 196 0.00761811182766
235 197 0.00761811182766
235 198 0.00761811182766
235 199 0.00761811182766
235 200 0.00761811182766
235 201 0.00761811182766
235 202 0.00761811182766
235 203 0.00761811182766
235 204 0.00761811182766
235 205 0.00761811182766
235 206 0.00761811182766
235 207 0.00761811182766
235 208 0.00761811182766
235 209 0.00761811182766
235 210 0.00761811182766
235 211 0.00761811182766
235 212 0.00761811182766
235 213 0.00761811182766
235 214 0.00761811182766
235 215 0.00761811182766
235 216 0.00761811182766
235 217 0.00761811182766
235 218 0.00761811182766
235 219 0.00761811182766
235 220 0.00761811182766
235 221 0.00761811182766
235 222 0.00761811182766
235 223 0.00761811182766
235 224 0.00761811182766
235 225 0.00761811182766
235 226 0.00761811182766
235 227 0.00761811182766
235 228 0.00761811182766
235 229 0.00761811182766
235 230 0.00761811182766
235 231 0.00761811182766
235 232 0.00761811182766
235 233 0.00761811182766
235 234 0.00761811182766
235 235 0.00761811182766
235 236 0.00761811182766
235 237 0.00761811182766
235 238 0.00761811182766
235 239 0.00761811182766
235 240 0.00761811182766
235 241 0.00761811182766
235 242 0.00761811182766
235 243 0.00761811182766
235 244 0.00761811182766
235 245 0.00761811182766
235 246 0.00761811182766
235 247 0.00718901001859
235 248 0.00805965137033
235 249 0.00805965137033
235 250 0.00636811960125
235 251 0.00328978053619
235 252 0.00248754671924
235 253 0.00159202990031
235 254 0.0
235 255 9.95018687695e-05
235 256 6.21886679809e-06
235 257 5.59698011828e-05
235 258 0.0
235 259 9.95018687695e-05
235 260 0.0
235 261 0.000895516818925
235 262 0.0
235 263 0.000752482882569
235 264 6.21886679809e-06
235 265 0.025472478405
235 266 0.0
235 267 0.00328978053619
235 268 0.0
235 269 5.59698011828e-05
235 270 6.21886679809e-06
235 271 6.21886679809e-06
235 272 0.0
235 273 0.0
235 274 0.0
235 275 6.21886679809e-06
235 276 0.0
235 277 5.59698011828e-05
235 278 0.0
235 279 2.48754671924e-05
235 280 0.0
235 281 6.21886679809e-06
235 282 0.0
235 283 0.000895516818925
235 284 0.0
235 285 0.00388679174881
235 286 0.0
235 287 0.000752482882569
235 288 0.0
235 289 0.0035820672757
235 290 0.0
235 291 0.000621886679809
235 292 0.0
235 293 5.59698011828e-05
235 294 0.0
235 295 6.21886679809e-06
235 296 0.0
235 297 0.0
235 298 0.0
235 299 6.21886679809e-06
235 300 0.0
235 301 0.000223879204731
235 302 0.0
235 303 0.000155471669952
235 304 0.0
235 305 5.59698011828e-05
235 306 0.0
235 307 0.00453355389581
235 308 0.0
235 309 0.00139924502957
235 310 0.0
235 311 0.000155471669952
235 312 0.0
235 313 0.0
235 314 0.0
235 315 6.21886679809e-06
235 316 0.0
235 317 2.48754671924e-05
235 318 0.0
235 319 0.0
235 320 6.21886679809e-06
235 321 0.0
235 322 0.0
235 323 0.0
235 324 0.0
235 325 0.00121889789243
235 326 6.21886679809e-06
235 327 0.00121889789243
235 328 0.0
235 329 9.95018687695e-05
235 330 0.0
235 331 6.21886679809e-06
235 332 0.0
235 333 2.48754671924e-05
235 334 0.0
235 335 0.0
235 336 0.0
235 337 0.0
235 338 0.0
235 339 0.0
235 340 0.0
235 341 0.000304724473107
235 342 0.0
235 343 0.00139924502957
235 344 0.0
235 345 0.000304724473107
235 346 0.0
235 347 9.95018687695e-05
235 348 0.0
235 349 0.000895516818925
235 350 0.0
235 351 0.000621886679809
235 352 0.0
235 353 0.000155471669952
235 354 0.0
235 355 6.21886679809e-06
235 356 0.0
235 357 0.0
235 358 0.0
235 359 0.0
235 360 0.0
235 361 0.0
235 362 0.0
235 363 2.48754671924e-05
235 364 0.0
235 365 6.21886679809e-06
235 366 0.0
235 367 0.000304724473107
235 368 0.0
235 369 0.000155471669952
235 370 6.21886679809e-06
235 371 0.000223879204731
235 372 6.21886679809e-06
235 373 9.95018687695e-05
235 374 6.21886679809e-06
235 375 9.95018687695e-05
235 376 0.0
235 377 6.21886679809e-06
235 378 0.0
235 379 6.21886679809e-06
235 380 0.0
235 381 5.59698011828e-05
235 382 0.0
235 383 2.48754671924e-05
235 384 6.21886679809e-06
235 385 6.21886679809e-06
235 386 0.0
235 387 2.48754671924e-05
235 388 6.21886679809e-06
235 389 2.48754671924e-05
235 390 6.21886679809e-06
235 391 5.59698011828e-05
235 392 0.0
235 393 6.21886679809e-06
235 394 0.0
235 395 5.59698011828e-05
235 396 0.0
235 397 5.59698011828e-05
235 398 0.0
235 399 2.48754671924e-05
235 400 0.0
236 0 0.0
236 1 2.48754671924e-05
236 2 0.0
236 3 2.48754671924e-05
236 4 0.0
236 5 0.000155471669952
236 6 0.0
236 7 0.000304724473107
236 8 0.0
236 9 2.48754671924e-05
236 10 0.0
236 11 0.000398007475078
236 12 0.0
236 13 5.59698011828e-05
236 14 0.0
236 15 2.48754671924e-05
236 16 0.0
236 17 0.000155471669952
236 18 0.0
236 19 6.21886679809e-06
236 20 0.0
236 21 2.48754671924e-05
236 22 0.0
236 23 6.21886679809e-06
236 24 0.0
236 25 6.21886679809e-06
236 26 0.0
236 27 6.21886679809e-06
236 28 0.0
236 29 0.000304724473107
236 30 0.0
236 31 9.95018687695e-05
236 32 0.0
236 33 2.48754671924e-05
236 34 0.0
236 35 6.21886679809e-06
236 36 0.0
236 37 0.000621886679809
236 38 0.0
236 39 0.000223879204731
236 40 0.0
236 41 6.21886679809e-06
236 42 0.0
236 43 5.59698011828e-05
236 44 0.0
236 45 0.0
236 46 0.0
236 47 6.21886679809e-06
236 48 0.0
236 49 0.0
236 50 0.0
236 51 0.0
236 52 0.0
236 53 0.0
236 54 0.0
236 55 6.21886679809e-06
236 56 0.0
236 57 6.21886679809e-06
236 58 0.0
236 59 0.000155471669952
236 60 0.0
236 61 0.00105098848888
236 62 0.0
236 63 0.000223879204731
236 64 0.0
236 65 0.000304724473107
236 66 0.0
236 67 0.000304724473107
236 68 0.0
236 69 0.000155471669952
236 70 0.0
236 71 2.48754671924e-05
236 72 0.0
236 73 2.48754671924e-05
236 74 0.0
236 75 0.0
236 76 0.0
236 77 6.21886679809e-06
236 78 0.0
236 79 0.0
236 80 0.0
236 81 0.0
236 82 0.0
236 83 0.0
236 84 0.0
236 85 0.000304724473107
236 86 0.0
236 87 0.000621886679809
236 88 0.0
236 89 0.00179725250465
236 90 0.0
236 91 9.95018687695e-05
236 92 0.0
236 93 0.000752482882569
236 94 0.0
236 95 0.00179725250465
236 96 0.0
236 97 5.59698011828e-05
236 98 0.0
236 99 0.0
236 100 0.0
236 101 6.21886679809e-06
236 102 0.0
236 103 6.21886679809e-06
236 104 0.0
236 105 0.0
236 106 0.0
236 107 0.0
236 108 0.0
236 109 0.000304724473107
236 110 0.0
236 111 0.000155471669952
236 112 0.0
236 113 2.48754671924e-05
236 114 0.0
236 115 0.00453355389581
236 116 0.0
236 117 0.00201491284258
236 118 0.0
236 119 0.000304724473107
236 120 0.0
236 121 0.0
236 122 0.0
236 123 0.0
236 124 0.0
236 125 0.0
236 126 0.0
236 127 0.00179725250465
236 128 0.0
236 129 0.00851362864659
236 130 0.0
236 131 0.0048755915697
236 132 0.0
236 133 0.00851362864659
236 134 0.0
236 135 0.000621886679809
236 136 0.0
236 137 6.21886679809e-06
236 138 0.0
236 139 0.0
236 140 0.0
236 141 0.0
236 142 0.0
236 143 0.0
236 144 0.0
236 145 0.0
236 146 0.0
236 147 0.0
236 148 0.0
236 149 0.0
236 150 0.0
236 151 0.00453355389581
236 152 0.0
236 153 0.00677234594312
236 154 0.0
236 155 0.0195023662788
236 156 0.0
236 157 6.21886679809e-06
236 158 0.0
236 159 0.0
236 160 0.0
236 161 6.21886679809e-06
236 162 0.0
236 163 5.59698011828e-05
236 164 0.0
236 165 6.21886679809e-06
236 166 0.0
236 167 6.21886679809e-06
236 168 0.0
236 169 2.48754671924e-05
236 170 0.0
236 171 9.95018687695e-05
236 172 0.0
236 173 0.0
236 174 0.0
236 175 0.0
236 176 0.0
236 177 0.0
236 178 0.0
236 179 0.0
236 180 0.0
236 181 0.0
236 182 0.0
236 183 0.0
236 184 0.0
236 185 0.0
236 186 0.0
236 187 0.0
236 188 0.0
236 189 0.0
236 190 0.0
236 191 0.0
236 192 0.0
236 193 0.0
236 194 0.0
236 195 0.0
236 196 0.0
236 197 0.0
236 198 0.0
236 199 0.0
236 200 0.0
236 201 0.0
236 202 0.0
236 203 0.0
236 204 0.0
236 205 0.0
236 206 0.0
236 207 0.0
236 208 0.0
236 209 0.0
236 210 0.0
236 211 0.0
236 212 0.0
236 213 0.0
236 214 0.0
236 215 0.0
236 216 0.0
236 217 0.0
236 218 0.0
236 219 0.0
236 220 0.0
236 221 0.0
236 222 0.0
236 223 0.0
236 224 0.0
236 225 0.0
236 226 0.0
236 227 0.0
236 228 0.0
236 229 0.0
236 230 0.0
236 231 0.0
236 232 0.0
236 233 0.0
236 234 0.0
236 235 0.0
236 236 0.0
236 237 0.0
236 238 0.0
236 239 0.0
236 240 0.0
236 241 0.0
236 242 0.0
236 243 0.0
236 244 0.0
236 245 0.0
236 246 0.0
236 247 0.0
236 248 0.0
236 249 6.21886679809e-06
236 250 0.0
236 251 5.59698011828e-05
236 252 0.0
236 253 0.0
236 254 0.0
236 255 6.21886679809e-06
236 256 0.0
236 257 2.48754671924e-05
236 258 0.0
236 259 9.95018687695e-05
236 260 0.0
236 261 0.000895516818925
236 262 0.0
236 263 0.000621886679809
236 264 0.0
236 265 0.025472478405
236 266 0.0
236 267 0.0035820672757
236 268 0.0
236 269 5.59698011828e-05
236 270 0.0
236 271 0.0
236 272 0.0
236 273 0.0
236 274 0.0
236 275 0.0
236 276 0.0
236 277 5.59698011828e-05
236 278 0.0
236 279 2.48754671924e-05
236 280 0.0
236 281 6.21886679809e-06
236 282 0.0
236 283 0.000895516818925
236 284 0.0
236 285 0.00388679174881
236 286 0.0
236 287 0.000752482882569
236 288 0.0
236 289 0.0035820672757
236 290 0.0
236 291 0.000621886679809
236 292 0.0
236 293 5.59698011828e-05
236 294 0.0
236 295 6.21886679809e-06
236 296 0.0
236 297 0.0
236 298 0.0
236 299 6.21886679809e-06
236 300 0.0
236 301 0.000223879204731
236 302 0.0
236 303 0.000155471669952
236 304 0.0
236 305 5.59698011828e-05
236 306 0.0
236 307 0.00453355389581
236 308 0.0
236 309 0.00139924502957
236 310 0.0
236 311 0.000155471669952
236 312 0.0
236 313 0.0
236 314 0.0
236 315 6.21886679809e-06
236 316 0.0
236 317 2.48754671924e-05
236 318 0.0
236 319 6.21886679809e-06
236 320 0.0
236 321 6.21886679809e-06
236 322 0.0
236 323 0.0
236 324 0.0
236 325 0.00139924502957
236 326 0.0
236 327 0.00105098848888
236 328 0.0
236 329 9.95018687695e-05
236 330 0.0
236 331 6.21886679809e-06
236 332 0.0
236 333 2.48754671924e-05
236 334 0.0
236 335 0.0
236 336 0.0
236 337 0.0
236 338 0.0
236 339 0.0
236 340 0.0
236 341 0.000304724473107
236 342 0.0
236 343 0.00139924502957
236 344 0.0
236 345 0.000304724473107
236 346 0.0
236 347 9.95018687695e-05
236 348 0.0
236 349 0.000895516818925
236 350 0.0
236 351 0.000621886679809
236 352 0.0
236 353 0.000155471669952
236 354 0.0
236 355 6.21886679809e-06
236 356 0.0
236 357 0.0
236 358 0.0
236 359 0.0
236 360 0.0
236 361 0.0
236 362 0.0
236 363 2.48754671924e-05
236 364 0.0
236 365 6.21886679809e-06
236 366 0.0
236 367 0.000223879204731
236 368 0.0
236 369 9.95018687695e-05
236 370 0.0
236 371 0.000223879204731
236 372 0.0
236 373 0.000155471669952
236 374 0.0
236 375 9.95018687695e-05
236 376 0.0
236 377 6.21886679809e-06
236 378 0.0
236 379 6.21886679809e-06
236 380 0.0
236 381 5.59698011828e-05
236 382 0.0
236 383 5.59698011828e-05
236 384 0.0
236 385 2.48754671924e-05
236 386 0.0
236 387 5.59698011828e-05
236 388 0.0
236 389 6.21886679809e-06
236 390 0.0
236 391 5.59698011828e-05
236 392 0.0
236 393 6.21886679809e-06
236 394 0.0
236 395 5.59698011828e-05
236 396 0.0
236 397 5.59698011828e-05
236 398 0.0
236 399 2.48754671924e-05
236 400 0.0
237 0 0.0
237 1 2.48754671924e-05
237 2 0.0
237 3 2.48754671924e-05
237 4 0.0
237 5 0.000155471669952
237 6 0.0
237 7 0.000398007475078
237 8 0.0
237 9 5.59698011828e-05
237 10 6.21886679809e-06
237 11 0.000398007475078
237 12 0.0
237 13 2.48754671924e-05
237 14 6.21886679809e-06
237 15 5.59698011828e-05
237 16 0.0
237 17 0.000155471669952
237 18 0.0
237 19 2.48754671924e-05
237 20 6.21886679809e-06
237 21 2.48754671924e-05
237 22 0.0
237 23 6.21886679809e-06
237 24 0.0
237 25 6.21886679809e-06
237 26 0.0
237 27 6.21886679809e-06
237 28 0.0
237 29 0.000304724473107
237 30 0.0
237 31 9.95018687695e-05
237 32 0.0
237 33 2.48754671924e-05
237 34 0.0
237 35 6.21886679809e-06
237 36 6.21886679809e-06
237 37 0.000503728210645
237 38 6.21886679809e-06
237 39 0.000304724473107
237 40 6.21886679809e-06
237 41 2.48754671924e-05
237 42 6.21886679809e-06
237 43 5.59698011828e-05
237 44 0.0
237 45 0.0
237 46 0.0
237 47 6.21886679809e-06
237 48 0.0
237 49 0.0
237 50 0.0
237 51 0.0
237 52 0.0
237 53 0.0
237 54 0.0
237 55 6.21886679809e-06
237 56 0.0
237 57 6.21886679809e-06
237 58 0.0
237 59 0.000155471669952
237 60 0.0
237 61 0.00105098848888
237 62 0.0
237 63 0.000223879204731
237 64 0.0
237 65 0.000304724473107
237 66 0.0
237 67 0.000304724473107
237 68 0.0
237 69 0.000155471669952
237 70 6.21886679809e-06
237 71 5.59698011828e-05
237 72 0.0
237 73 2.48754671924e-05
237 74 0.0
237 75 0.0
237 76 0.0
237 77 6.21886679809e-06
237 78 0.0
237 79 0.0
237 80 0.0
237 81 0.0
237 82 0.0
237 83 0.0
237 84 0.0
237 85 0.000304724473107
237 86 0.0
237 87 0.000621886679809
237 88 0.0
237 89 0.00179725250465
237 90 0.0
237 91 9.95018687695e-05
237 92 0.0
237 93 0.000752482882569
237 94 0.0
237 95 0.00179725250465
237 96 0.0
237 97 5.59698011828e-05
237 98 0.0
237 99 0.0
237 100 0.0
237 101 6.21886679809e-06
237 102 0.0
237 103 6.21886679809e-06
237 104 0.0
237 105 0.0
237 106 0.0
237 107 0.0
237 108 0.0
237 109 0.000304724473107
237 110 0.0
237 111 0.000155471669952
237 112 0.0
237 113 2.48754671924e-05
237 114 0.0
237 115 0.00453355389581
237 116 0.0
237 117 0.00201491284258
237 118 0.0
237 119 0.000304724473107
237 120 0.0
237 121 0.0
237 122 0.0
237 123 0.0
237 124 0.0
237 125 0.0
237 126 0.0
237 127 0.00179725250465
237 128 0.0
237 129 0.00851362864659
237 130 0.0
237 131 0.0048755915697
237 132 0.0
237 133 0.00851362864659
237 134 0.0
237 135 0.000621886679809
237 136 0.0
237 137 6.21886679809e-06
237 138 0.0
237 139 0.0
237 140 0.0
237 141 0.0
237 142 0.0
237 143 0.0
237 144 0.0
237 145 0.0
237 146 0.0
237 147 0.0
237 148 0.0
237 149 0.0
237 150 0.0
237 151 0.00453355389581
237 152 0.0
237 153 0.00677234594312
237 154 0.0
237 155 0.0195023662788
237 156 0.0
237 157 6.21886679809e-06
237 158 0.0
237 159 0.0
237 160 0.0
237 161 6.21886679809e-06
237 162 0.0
237 163 5.59698011828e-05
237 164 6.21886679809e-06
237 165 6.21886679809e-06
237 166 0.0
237 167 2.48754671924e-05
237 168 2.48754671924e-05
237 169 0.000304724473107
237 170 0.00139924502957
237 171 0.00201491284258
237 172 0.00201491284258
237 173 0.00201491284258
237 174 0.00201491284258
237 175 0.00201491284258
237 176 0.00201491284258
237 177 0.00201491284258
237 178 0.00201491284258
237 179 0.00201491284258
237 180 0.00201491284258
237 181 0.00201491284258
237 182 0.00201491284258
237 183 0.00201491284258
237 184 0.00201491284258
237 185 0.00201491284258
237 186 0.00201491284258
237 187 0.00201491284258
237 188 0.00201491284258
237 189 0.00201491284258
237 190 0.00201491284258
237 191 0.00201491284258
237 192 0.00201491284258
237 193 0.00201491284258
237 194 0.00201491284258
237 195 0.00201491284258
237 196 0.00201491284258
237 197 0.00201491284258
237 198 0.00201491284258
237 199 0.00201491284258
237 200 0.00201491284258
237 201 0.00201491284258
237 202 0.00201491284258
237 203 0.00201491284258
237 204 0.00201491284258
237 205 0.00201491284258
237 206 0.00201491284258
237 207 0.00201491284258
237 208 0.00201491284258
237 209 0.00201491284258
237 210 0.00201491284258
237 211 0.00201491284258
237 212 0.00201491284258
237 213 0.00201491284258
237 214 0.00201491284258
237 215 0.00201491284258
237 216 0.00201491284258
237 217 0.00201491284258
237 218 0.00201491284258
237 219 0.00201491284258
237 220 0.00201491284258
237 221 0.00201491284258
237 222 0.00201491284258
237 223 0.00201491284258
237 224 0.00201491284258
237 225 0.00201491284258
237 226 0.00201491284258
237 227 0.00201491284258
237 228 0.00201491284258
237 229 0.00201491284258
237 230 0.00201491284258
237 231 0.00201491284258
237 232 0.00201491284258
237 233 0.00201491284258
237 234 0.00201491284258
237 235 0.00201491284258
237 236 0.00201491284258
237 237 0.00201491284258
237 238 0.00201491284258
237 239 0.00201491284258
237 240 0.00201491284258
237 241 0.00201491284258
237 242 0.00201491284258
237 243 0.00201491284258
237 244 0.00201491284258
237 245 0.00201491284258
237 246 0.00201491284258
237 247 0.00201491284258
237 248 0.00224501091411
237 249 0.00159202990031
237 250 0.00121889789243
237 251 0.000752482882569
237 252 0.000398007475078
237 253 2.48754671924e-05
237 254 6.21886679809e-06
237 255 2.48754671924e-05
237 256 0.0
237 257 6.21886679809e-06
237 258 0.0
237 259 9.95018687695e-05
237 260 0.0
237 261 0.000895516818925
237 262 0.0
237 263 0.000621886679809
237 264 0.0
237 265 0.0246826823216
237 266 6.21886679809e-06
237 267 0.0035820672757
237 268 0.0
237 269 5.59698011828e-05
237 270 0.0
237 271 0.0
237 272 0.0
237 273 0.0
237 274 0.0
237 275 0.0
237 276 0.0
237 277 5.59698011828e-05
237 278 0.0
237 279 2.48754671924e-05
237 280 0.0
237 281 6.21886679809e-06
237 282 0.0
237 283 0.000895516818925
237 284 0.0
237 285 0.00388679174881
237 286 0.0
237 287 0.000752482882569
237 288 0.0
237 289 0.0035820672757
237 290 0.0
237 291 0.000621886679809
237 292 0.0
237 293 5.59698011828e-05
237 294 0.0
237 295 6.21886679809e-06
237 296 0.0
237 297 0.0
237 298 0.0
237 299 6.21886679809e-06
237 300 0.0
237 301 0.000223879204731
237 302 0.0
237 303 0.000155471669952
237 304 0.0
237 305 5.59698011828e-05
237 306 0.0
237 307 0.00453355389581
237 308 0.0
237 309 0.00139924502957
237 310 0.0
237 311 0.000155471669952
237 312 0.0
237 313 0.0
237 314 0.0
237 315 6.21886679809e-06
237 316 0.0
237 317 2.48754671924e-05
237 318 0.0
237 319 6.21886679809e-06
237 320 0.0
237 321 6.21886679809e-06
237 322 6.21886679809e-06
237 323 0.0
237 324 0.0
237 325 0.00139924502957
237 326 0.0
237 327 0.00105098848888
237 328 0.0
237 329 9.95018687695e-05
237 330 0.0
237 331 6.21886679809e-06
237 332 0.0
237 333 2.48754671924e-05
237 334 0.0
237 335 0.0
237 336 0.0
237 337 0.0
237 338 0.0
237 339 0.0
237 340 0.0
237 341 0.000304724473107
237 342 0.0
237 343 0.00139924502957
237 344 0.0
237 345 0.000304724473107
237 346 0.0
237 347 9.95018687695e-05
237 348 0.0
237 349 0.000895516818925
237 350 0.0
237 351 0.000621886679809
237 352 0.0
237 353 0.000155471669952
237 354 0.0
237 355 6.21886679809e-06
237 356 0.0
237 357 0.0
237 358 0.0
237 359 0.0
237 360 0.0
237 361 0.0
237 362 0.0
237 363 2.48754671924e-05
237 364 0.0
237 365 6.21886679809e-06
237 366 0.0
237 367 0.000223879204731
237 368 0.0
237 369 9.95018687695e-05
237 370 0.0
237 371 0.000304724473107
237 372 0.0
237 373 0.000155471669952
237 374 0.0
237 375 9.95018687695e-05
237 376 0.0
237 377 6.21886679809e-06
237 378 6.21886679809e-06
237 379 0.0
237 380 6.21886679809e-06
237 381 5.59698011828e-05
237 382 6.21886679809e-06
237 383 5.59698011828e-05
237 384 6.21886679809e-06
237 385 6.21886679809e-06
237 386 6.21886679809e-06
237 387 5.59698011828e-05
237 388 0.0
237 389 6.21886679809e-06
237 390 0.0
237 391 5.59698011828e-05
237 392 0.0
237 393 6.21886679809e-06
237 394 0.0
237 395 5.59698011828e-05
237 396 0.0
237 397 5.59698011828e-05
237 398 0.0
237 399 2.48754671924e-05
237 400 0.0
238 0 0.0
238 1 2.48754671924e-05
238 2 0.0
238 3 2.48754671924e-05
238 4 0.0
238 5 0.000155471669952
238 6 0.0
238 7 0.000304724473107
238 8 0.0
238 9 2.48754671924e-05
238 10 0.0
238 11 0.000398007475078
238 12 0.0
238 13 5.59698011828e-05
238 14 0.0
238 15 2.48754671924e-05
238 16 0.0
238 17 0.000155471669952
238 18 0.0
238 19 6.21886679809e-06
238 20 0.0
238 21 2.48754671924e-05
238 22 0.0
238 23 6.21886679809e-06
238 24 0.0
238 25 6.21886679809e-06
238 26 0.0
238 27 6.21886679809e-06
238 28 0.0
238 29 0.000304724473107
238 30 0.0
238 31 9.95018687695e-05
238 32 0.0
238 33 2.48754671924e-05
238 34 0.0
238 35 6.21886679809e-06
238 36 0.0
238 37 0.000621886679809
238 38 0.0
238 39 0.000223879204731
238 40 0.0
238 41 6.21886679809e-06
238 42 0.0
238 43 5.59698011828e-05
238 44 0.0
238 45 0.0
238 46 0.0
238 47 6.21886679809e-06
238 48 0.0
238 49 0.0
238 50 0.0
238 51 0.0
238 52 0.0
238 53 0.0
238 54 0.0
238 55 6.21886679809e-06
238 56 0.0
238 57 6.21886679809e-06
238 58 0.0
238 59 0.000155471669952
238 60 0.0
238 61 0.00105098848888
238 62 0.0
238 63 0.000223879204731
238 64 0.0
238 65 0.000304724473107
238 66 0.0
238 67 0.000304724473107
238 68 0.0
238 69 0.000155471669952
238 70 0.0
238 71 2.48754671924e-05
238 72 0.0
238 73 2.48754671924e-05
238 74 0.0
238 75 0.0
238 76 0.0
238 77 6.21886679809e-06
238 78 0.0
238 79 0.0
238 80 0.0
238 81 0.0
238 82 0.0
238 83 0.0
238 84 0.0
238 85 0.000304724473107
238 86 0.0
238 87 0.000621886679809
238 88 0.0
238 89 0.00179725250465
238 90 0.0
238 91 9.95018687695e-05
238 92 0.0
238 93 0.000752482882569
238 94 0.0
238 95 0.00179725250465
238 96 0.0
238 97 5.59698011828e-05
238 98 0.0
238 99 0.0
238 100 0.0
238 101 6.21886679809e-06
238 102 0.0
238 103 6.21886679809e-06
238 104 0.0
238 105 0.0
238 106 0.0
238 107 0.0
238 108 0.0
238 109 0.000304724473107
238 110 0.0
238 111 0.000155471669952
238 112 0.0
238 113 2.48754671924e-05
238 114 0.0
238 115 0.00453355389581
238 116 0.0
238 117 0.00201491284258
238 118 0.0
238 119 0.000304724473107
238 120 0.0
238 121 0.0
238 122 0.0
238 123 0.0
238 124 0.0
238 125 0.0
238 126 0.0
238 127 0.00179725250465
238 128 0.0
238 129 0.00851362864659
238 130 0.0
238 131 0.0048755915697
238 132 0.0
238 133 0.00851362864659
238 134 0.0
238 135 0.000621886679809
238 136 0.0
238 137 6.21886679809e-06
238 138 0.0
238 139 0.0
238 140 0.0
238 141 0.0
238 142 0.0
238 143 0.0
238 144 0.0
238 145 0.0
238 146 0.0
238 147 0.0
238 148 0.0
238 149 0.0
238 150 0.0
238 151 0.00453355389581
238 152 0.0
238 153 0.00677234594312
238 154 0.0
238 155 0.0195023662788
238 156 0.0
238 157 6.21886679809e-06
238 158 0.0
238 159 0.0
238 160 0.0
238 161 6.21886679809e-06
238 162 0.0
238 163 6.21886679809e-06
238 164 0.0
238 165 6.21886679809e-06
238 166 0.0
238 167 0.0
238 168 0.0
238 169 0.0
238 170 0.0
238 171 0.0
238 172 0.0
238 173 0.0
238 174 0.0
238 175 0.0
238 176 0.0
238 177 0.0
238 178 0.0
238 179 0.0
238 180 0.0
238 181 0.0
238 182 0.0
238 183 0.0
238 184 0.0
238 185 0.0
238 186 0.0
238 187 0.0
238 188 0.0
238 189 0.0
238 190 0.0
238 191 0.0
238 192 0.0
238 193 0.0
238 194 0.0
238 195 0.0
238 196 0.0
238 197 0.0
238 198 0.0
238 199 0.0
238 200 0.0
238 201 0.0
238 202 0.0
238 203 0.0
238 204 0.0
238 205 0.0
238 206 0.0
238 207 0.0
238 208 0.0
238 209 0.0
238 210 0.0
238 211 0.0
238 212 0.0
238 213 0.0
238 214 0.0
238 215 0.0
238 216 0.0
238 217 0.0
238 218 0.0
238 219 0.0
238 220 0.0
238 221 0.0
238 222 0.0
238 223 0.0
238 224 0.0
238 225 0.0
238 226 0.0
238 227 0.0
238 228 0.0
238 229 0.0
238 230 0.0
238 231 0.0
238 232 0.0
238 233 0.0
238 234 0.0
238 235 0.0
238 236 0.0
238 237 0.0
238 238 0.0
238 239 0.0
238 240 0.0
238 241 0.0
238 242 0.0
238 243 0.0
238 244 0.0
238 245 0.0
238 246 0.0
238 247 6.21886679809e-06
238 248 0.0
238 249 0.0
238 250 0.0
238 251 6.21886679809e-06
238 252 0.0
238 253 0.0
238 254 0.0
238 255 6.21886679809e-06
238 256 0.0
238 257 6.21886679809e-06
238 258 0.0
238 259 9.95018687695e-05
238 260 0.0
238 261 0.000895516818925
238 262 0.0
238 263 0.000621886679809
238 264 0.0
238 265 0.025472478405
238 266 0.0
238 267 0.0035820672757
238 268 0.0
238 269 5.59698011828e-05
238 270 0.0
238 271 0.0
238 272 0.0
238 273 0.0
238 274 0.0
238 275 0.0
238 276 0.0
238 277 5.59698011828e-05
238 278 0.0
238 279 2.48754671924e-05
238 280 0.0
238 281 6.21886679809e-06
238 282 0.0
238 283 0.000895516818925
238 284 0.0
238 285 0.00388679174881
238 286 0.0
238 287 0.000752482882569
238 288 0.0
238 289 0.0035820672757
238 290 0.0
238 291 0.000621886679809
238 292 0.0
238 293 5.59698011828e-05
238 294 0.0
238 295 6.21886679809e-06
238 296 0.0
238 297 0.0
238 298 0.0
238 299 6.21886679809e-06
238 300 0.0
238 301 0.000223879204731
238 302 0.0
238 303 0.000155471669952
238 304 0.0
238 305 5.59698011828e-05
238 306 0.0
238 307 0.00453355389581
238 308 0.0
238 309 0.00139924502957
238 310 0.0
238 311 0.000155471669952
238 312 0.0
238 313 0.0
238 314 0.0
238 315 6.21886679809e-06
238 316 0.0
238 317 2.48754671924e-05
238 318 0.0
238 319 6.21886679809e-06
238 320 0.0
238 321 6.21886679809e-06
238 322 0.0
238 323 0.0
238 324 0.0
238 325 0.00139924502957
238 326 0.0
238 327 0.00105098848888
238 328 0.0
238 329 9.95018687695e-05
238 330 0.0
238 331 6.21886679809e-06
238 332 0.0
238 333 2.48754671924e-05
238 334 0.0
238 335 0.0
238 336 0.0
238 337 0.0
238 338 0.0
238 339 0.0
238 340 0.0
238 341 0.000304724473107
238 342 0.0
238 343 0.00139924502957
238 344 0.0
238 345 0.000304724473107
238 346 0.0
238 347 9.95018687695e-05
238 348 0.0
238 349 0.000895516818925
238 350 0.0
238 351 0.000621886679809
238 352 0.0
238 353 0.000155471669952
238 354 0.0
238 355 6.21886679809e-06
238 356 0.0
238 357 0.0
238 358 0.0
238 359 0.0
238 360 0.0
238 361 0.0
238 362 0.0
238 363 2.48754671924e-05
238 364 0.0
238 365 6.21886679809e-06
238 366 0.0
238 367 0.000223879204731
238 368 0.0
238 369 9.95018687695e-05
238 370 0.0
238 371 0.000304724473107
238 372 0.0
238 373 0.000155471669952
238 374 0.0
238 375 9.95018687695e-05
238 376 0.0
238 377 6.21886679809e-06
238 378 0.0
238 379 6.21886679809e-06
238 380 0.0
238 381 9.95018687695e-05
238 382 0.0
238 383 2.48754671924e-05
238 384 0.0
238 385 2.48754671924e-05
238 386 0.0
238 387 5.59698011828e-05
238 388 0.0
238 389 6.21886679809e-06
238 390 0.0
238 391 5.59698011828e-05
238 392 0.0
238 393 6.21886679809e-06
238 394 0.0
238 395 5.59698011828e-05
238 396 0.0
238 397 5.59698011828e-05
238 398 0.0
238 399 2.48754671924e-05
238 400 0.0
239 0 0.0
239 1 2.48754671924e-05
239 2 0.0
239 3 2.48754671924e-05
239 4 0.0
239 5 0.000155471669952
239 6 0.0
239 7 0.000304724473107
239 8 6.21886679809e-06
239 9 5.59698011828e-05
239 10 0.0
239 11 0.000398007475078
239 12 6.21886679809e-06
239 13 2.48754671924e-05
239 14 0.0
239 15 5.59698011828e-05
239 16 6.21886679809e-06
239 17 5.59698011828e-05
239 18 6.21886679809e-06
239 19 6.21886679809e-06
239 20 0.0
239 21 6.21886679809e-06
239 22 0.0
239 23 6.21886679809e-06
239 24 0.0
239 25 6.21886679809e-06
239 26 0.0
239 27 6.21886679809e-06
239 28 0.0
239 29 0.000304724473107
239 30 0.0
239 31 9.95018687695e-05
239 32 0.0
239 33 2.48754671924e-05
239 34 0.0
239 35 6.21886679809e-06
239 36 0.0
239 37 0.000621886679809
239 38 0.0
239 39 0.000223879204731
239 40 0.0
239 41 6.21886679809e-06
239 42 0.0
239 43 5.59698011828e-05
239 44 0.0
239 45 0.0
239 46 0.0
239 47 6.21886679809e-06
239 48 0.0
239 49 0.0
239 50 0.0
239 51 0.0
239 52 0.0
239 53 0.0
239 54 0.0
239 55 6.21886679809e-06
239 56 0.0
239 57 6.21886679809e-06
239 58 0.0
239 59 0.000155471669952
239 60 0.0
239 61 0.000895516818925
239 62 0.0
239 63 0.000223879204731
239 64 6.21886679809e-06
239 65 0.000398007475078
239 66 6.21886679809e-06
239 67 0.000304724473107
239 68 0.0
239 69 0.000155471669952
239 70 0.0
239 71 2.48754671924e-05
239 72 0.0
239 73 2.48754671924e-05
239 74 0.0
239 75 0.0
239 76 0.0
239 77 6.21886679809e-06
239 78 0.0
239 79 0.0
239 80 0.0
239 81 0.0
239 82 0.0
239 83 0.0
239 84 0.0
239 85 0.000304724473107
239 86 0.0
239 87 0.000621886679809
239 88 0.0
239 89 0.00179725250465
239 90 0.0
239 91 9.95018687695e-05
239 92 0.0
239 93 0.000752482882569
239 94 0.0
239 95 0.00179725250465
239 96 0.0
239 97 5.59698011828e-05
239 98 0.0
239 99 0.0
239 100 0.0
239 101 6.21886679809e-06
239 102 0.0
239 103 6.21886679809e-06
239 104 0.0
239 105 0.0
239 106 0.0
239 107 0.0
239 108 0.0
239 109 0.000304724473107
239 110 0.0
239 111 0.000155471669952
239 112 0.0
239 113 2.48754671924e-05
239 114 0.0
239 115 0.00453355389581
239 116 0.0
239 117 0.00201491284258
239 118 0.0
239 119 0.000304724473107
239 120 0.0
239 121 0.0
239 122 0.0
239 123 0.0
239 124 0.0
239 125 0.0
239 126 0.0
239 127 0.00179725250465
239 128 0.0
239 129 0.00851362864659
239 130 0.0
239 131 0.0048755915697
239 132 0.0
239 133 0.00851362864659
239 134 0.0
239 135 0.000621886679809
239 136 0.0
239 137 6.21886679809e-06
239 138 0.0
239 139 0.0
239 140 0.0
239 141 0.0
239 142 0.0
239 143 0.0
239 144 0.0
239 145 0.0
239 146 0.0
239 147 0.0
239 148 0.0
239 149 0.0
239 150 0.0
239 151 0.00453355389581
239 152 0.0
239 153 0.00677234594312
239 154 0.0
239 155 0.0195023662788
239 156 0.0
239 157 6.21886679809e-06
239 158 0.0
239 159 0.0
239 160 0.0
239 161 6.21886679809e-06
239 162 0.0
239 163 6.21886679809e-06
239 164 6.21886679809e-06
239 165 2.48754671924e-05
239 166 6.21886679809e-06
239 167 0.0
239 168 0.0
239 169 9.95018687695e-05
239 170 0.000155471669952
239 171 0.000155471669952
239 172 0.000155471669952
239 173 0.000223879204731
239 174 0.000155471669952
239 175 0.000155471669952
239 176 0.000155471669952
239 177 0.000155471669952
239 178 0.000155471669952
239 179 0.000155471669952
239 180 0.000155471669952
239 181 0.000155471669952
239 182 0.000155471669952
239 183 0.000155471669952
239 184 0.000155471669952
239 185 0.000155471669952
239 186 0.000155471669952
239 187 0.000155471669952
239 188 0.000155471669952
239 189 0.000155471669952
239 190 0.000155471669952
239 191 0.000155471669952
239 192 0.000155471669952
239 193 0.000155471669952
239 194 0.000155471669952
239 195 0.000155471669952
239 196 0.000155471669952
239 197 0.000155471669952
239 198 0.000155471669952
239 199 0.000155471669952
239 200 0.000155471669952
239 201 0.000155471669952
239 202 0.000155471669952
239 203 0.000155471669952
239 204 0.000155471669952
239 205 0.000155471669952
239 206 0.000155471669952
239 207 0.000155471669952
239 208 0.000155471669952
239 209 0.000155471669952
239 210 0.000155471669952
239 211 0.000155471669952
239 212 0.000155471669952
239 213 0.000155471669952
239 214 0.000155471669952
239 215 0.000155471669952
239 216 0.000155471669952
239 217 0.000155471669952
239 218 0.000155471669952
239 219 0.000155471669952
239 220 0.000155471669952
239 221 0.000155471669952
239 222 0.000155471669952
239 223 0.000155471669952
239 224 0.000155471669952
239 225 0.000155471669952
239 226 0.000155471669952
239 227 0.000155471669952
239 228 0.000155471669952
239 229 0.000155471669952
239 230 0.000155471669952
239 231 0.000155471669952
239 232 0.000155471669952
239 233 0.000155471669952
239 234 0.000155471669952
239 235 0.000155471669952
239 236 0.000155471669952
239 237 0.000155471669952
239 238 0.000155471669952
239 239 0.000155471669952
239 240 0.000155471669952
239 241 0.000155471669952
239 242 0.000155471669952
239 243 0.000155471669952
239 244 0.000155471669952
239 245 0.000155471669952
239 246 0.000155471669952
239 247 0.000223879204731
239 248 0.000155471669952
239 249 0.000223879204731
239 250 0.000155471669952
239 251 9.95018687695e-05
239 252 6.21886679809e-06
239 253 0.0
239 254 6.21886679809e-06
239 255 6.21886679809e-06
239 256 0.0
239 257 6.21886679809e-06
239 258 0.0
239 259 9.95018687695e-05
239 260 0.0
239 261 0.000895516818925
239 262 0.0
239 263 0.000621886679809
239 264 6.21886679809e-06
239 265 0.025472478405
239 266 0.0
239 267 0.00328978053619
239 268 0.0
239 269 5.59698011828e-05
239 270 6.21886679809e-06
239 271 6.21886679809e-06
239 272 0.0
239 273 0.0
239 274 0.0
239 275 6.21886679809e-06
239 276 0.0
239 277 5.59698011828e-05
239 278 0.0
239 279 2.48754671924e-05
239 280 0.0
239 281 6.21886679809e-06
239 282 0.0
239 283 0.000895516818925
239 284 0.0
239 285 0.00388679174881
239 286 0.0
239 287 0.000752482882569
239 288 0.0
239 289 0.0035820672757
239 290 0.0
239 291 0.000621886679809
239 292 0.0
239 293 5.59698011828e-05
239 294 0.0
239 295 6.21886679809e-06
239 296 0.0
239 297 0.0
239 298 0.0
239 299 6.21886679809e-06
239 300 0.0
239 301 0.000223879204731
239 302 0.0
239 303 0.000155471669952
239 304 0.0
239 305 5.59698011828e-05
239 306 0.0
239 307 0.00453355389581
239 308 0.0
239 309 0.00139924502957
239 310 0.0
239 311 0.000155471669952
239 312 0.0
239 313 0.0
239 314 0.0
239 315 6.21886679809e-06
239 316 0.0
239 317 2.48754671924e-05
239 318 0.0
239 319 0.0
239 320 6.21886679809e-06
239 321 6.21886679809e-06
239 322 0.0
239 323 6.21886679809e-06
239 324 0.0
239 325 0.00121889789243
239 326 6.21886679809e-06
239 327 0.00121889789243
239 328 0.0
239 329 9.95018687695e-05
239 330 0.0
239 331 6.21886679809e-06
239 332 0.0
239 333 2.48754671924e-05
239 334 0.0
239 335 0.0
239 336 0.0
239 337 0.0
239 338 0.0
239 339 0.0
239 340 0.0
239 341 0.000304724473107
239 342 0.0
239 343 0.00139924502957
239 344 0.0
239 345 0.000304724473107
239 346 0.0
239 347 9.95018687695e-05
239 348 0.0
239 349 0.000895516818925
239 350 0.0
239 351 0.000621886679809
239 352 0.0
239 353 0.000155471669952
239 354 0.0
239 355 6.21886679809e-06
239 356 0.0
239 357 0.0
239 358 0.0
239 359 0.0
239 360 0.0
239 361 0.0
239 362 0.0
239 363 2.48754671924e-05
239 364 0.0
239 365 6.21886679809e-06
239 366 0.0
239 367 0.000304724473107
239 368 0.0
239 369 0.000155471669952
239 370 6.21886679809e-06
239 371 0.000223879204731
239 372 6.21886679809e-06
239 373 9.95018687695e-05
239 374 6.21886679809e-06
239 375 9.95018687695e-05
239 376 0.0
239 377 6.21886679809e-06
239 378 0.0
239 379 6.21886679809e-06
239 380 0.0
239 381 9.95018687695e-05
239 382 0.0
239 383 2.48754671924e-05
239 384 0.0
239 385 2.48754671924e-05
239 386 0.0
239 387 2.48754671924e-05
239 388 0.0
239 389 2.48754671924e-05
239 390 6.21886679809e-06
239 391 5.59698011828e-05
239 392 0.0
239 393 6.21886679809e-06
239 394 0.0
239 395 5.59698011828e-05
239 396 0.0
239 397 5.59698011828e-05
239 398 0.0
239 399 2.48754671924e-05
239 400 0.0
240 0 0.0
240 1 2.48754671924e-05
240 2 0.0
240 3 2.48754671924e-05
240 4 0.0
240 5 0.000155471669952
240 6 0.0
240 7 0.000304724473107
240 8 0.0
240 9 2.48754671924e-05
240 10 0.0
240 11 0.000398007475078
240 12 0.0
240 13 5.59698011828e-05
240 14 0.0
240 15 2.48754671924e-05
240 16 0.0
240 17 0.000155471669952
240 18 0.0
240 19 6.21886679809e-06
240 20 0.0
240 21 2.48754671924e-05
240 22 0.0
240 23 6.21886679809e-06
240 24 0.0
240 25 6.21886679809e-06
240 26 0.0
240 27 6.21886679809e-06
240 28 0.0
240 29 0.000304724473107
240 30 0.0
240 31 9.95018687695e-05
240 32 0.0
240 33 2.48754671924e-05
240 34 0.0
240 35 6.21886679809e-06
240 36 0.0
240 37 0.000621886679809
240 38 0.0
240 39 0.000223879204731
240 40 0.0
240 41 6.21886679809e-06
240 42 0.0
240 43 5.59698011828e-05
240 44 0.0
240 45 0.0
240 46 0.0
240 47 6.21886679809e-06
240 48 0.0
240 49 0.0
240 50 0.0
240 51 0.0
240 52 0.0
240 53 0.0
240 54 0.0
240 55 6.21886679809e-06
240 56 0.0
240 57 6.21886679809e-06
240 58 0.0
240 59 0.000155471669952
240 60 0.0
240 61 0.00105098848888
240 62 0.0
240 63 0.000223879204731
240 64 0.0
240 65 0.000304724473107
240 66 0.0
240 67 0.000304724473107
240 68 0.0
240 69 0.000155471669952
240 70 0.0
240 71 2.48754671924e-05
240 72 0.0
240 73 2.48754671924e-05
240 74 0.0
240 75 0.0
240 76 0.0
240 77 6.21886679809e-06
240 78 0.0
240 79 0.0
240 80 0.0
240 81 0.0
240 82 0.0
240 83 0.0
240 84 0.0
240 85 0.000304724473107
240 86 0.0
240 87 0.000621886679809
240 88 0.0
240 89 0.00179725250465
240 90 0.0
240 91 9.95018687695e-05
240 92 0.0
240 93 0.000752482882569
240 94 0.0
240 95 0.00179725250465
240 96 0.0
240 97 5.59698011828e-05
240 98 0.0
240 99 0.0
240 100 0.0
240 101 6.21886679809e-06
240 102 0.0
240 103 6.21886679809e-06
240 104 0.0
240 105 0.0
240 106 0.0
240 107 0.0
240 108 0.0
240 109 0.000304724473107
240 110 0.0
240 111 0.000155471669952
240 112 0.0
240 113 2.48754671924e-05
240 114 0.0
240 115 0.00453355389581
240 116 0.0
240 117 0.00201491284258
240 118 0.0
240 119 0.000304724473107
240 120 0.0
240 121 0.0
240 122 0.0
240 123 0.0
240 124 0.0
240 125 0.0
240 126 0.0
240 127 0.00179725250465
240 128 0.0
240 129 0.00851362864659
240 130 0.0
240 131 0.0048755915697
240 132 0.0
240 133 0.00851362864659
240 134 0.0
240 135 0.000621886679809
240 136 0.0
240 137 6.21886679809e-06
240 138 0.0
240 139 0.0
240 140 0.0
240 141 0.0
240 142 0.0
240 143 0.0
240 144 0.0
240 145 0.0
240 146 0.0
240 147 0.0
240 148 0.0
240 149 0.0
240 150 0.0
240 151 0.00453355389581
240 152 0.0
240 153 0.00677234594312
240 154 0.0
240 155 0.0195023662788
240 156 0.0
240 157 6.21886679809e-06
240 158 0.0
240 159 0.0
240 160 0.0
240 161 6.21886679809e-06
240 162 0.0
240 163 6.21886679809e-06
240 164 0.0
240 165 0.0
240 166 0.0
240 167 6.21886679809e-06
240 168 0.0
240 169 0.0
240 170 0.0
240 171 0.0
240 172 0.0
240 173 0.0
240 174 0.0
240 175 0.0
240 176 0.0
240 177 0.0
240 178 0.0
240 179 0.0
240 180 0.0
240 181 0.0
240 182 0.0
240 183 0.0
240 184 0.0
240 185 0.0
240 186 0.0
240 187 0.0
240 188 0.0
240 189 0.0
240 190 0.0
240 191 0.0
240 192 0.0
240 193 0.0
240 194 0.0
240 195 0.0
240 196 0.0
240 197 0.0
240 198 0.0
240 199 0.0
240 200 0.0
240 201 0.0
240 202 0.0
240 203 0.0
240 204 0.0
240 205 0.0
240 206 0.0
240 207 0.0
240 208 0.0
240 209 0.0
240 210 0.0
240 211 0.0
240 212 0.0
240 213 0.0
240 214 0.0
240 215 0.0
240 216 0.0
240 217 0.0
240 218 0.0
240 219 0.0
240 220 0.0
240 221 0.0
240 222 0.0
240 223 0.0
240 224 0.0
240 225 0.0
240 226 0.0
240 227 0.0
240 228 0.0
240 229 0.0
240 230 0.0
240 231 0.0
240 232 0.0
240 233 0.0
240 234 0.0
240 235 0.0
240 236 0.0
240 237 0.0
240 238 0.0
240 239 0.0
240 240 0.0
240 241 0.0
240 242 0.0
240 243 0.0
240 244 0.0
240 245 0.0
240 246 0.0
240 247 6.21886679809e-06
240 248 0.0
240 249 0.0
240 250 0.0
240 251 0.0
240 252 0.0
240 253 6.21886679809e-06
240 254 0.0
240 255 0.0
240 256 0.0
240 257 6.21886679809e-06
240 258 0.0
240 259 9.95018687695e-05
240 260 0.0
240 261 0.000895516818925
240 262 0.0
240 263 0.000621886679809
240 264 0.0
240 265 0.025472478405
240 266 0.0
240 267 0.0035820672757
240 268 0.0
240 269 5.59698011828e-05
240 270 0.0
240 271 0.0
240 272 0.0
240 273 0.0
240 274 0.0
240 275 0.0
240 276 0.0
240 277 5.59698011828e-05
240 278 0.0
240 279 2.48754671924e-05
240 280 0.0
240 281 6.21886679809e-06
240 282 0.0
240 283 0.000895516818925
240 284 0.0
240 285 0.00388679174881
240 286 0.0
240 287 0.000752482882569
240 288 0.0
240 289 0.0035820672757
240 290 0.0
240 291 0.000621886679809
240 292 0.0
240 293 5.59698011828e-05
240 294 0.0
240 295 6.21886679809e-06
240 296 0.0
240 297 0.0
240 298 0.0
240 299 6.21886679809e-06
240 300 0.0
240 301 0.000223879204731
240 302 0.0
240 303 0.000155471669952
240 304 0.0
240 305 5.59698011828e-05
240 306 0.0
240 307 0.00453355389581
240 308 0.0
240 309 0.00139924502957
240 310 0.0
240 311 0.000155471669952
240 312 0.0
240 313 0.0
240 314 0.0
240 315 6.21886679809e-06
240 316 0.0
240 317 2.48754671924e-05
240 318 0.0
240 319 6.21886679809e-06
240 320 0.0
240 321 6.21886679809e-06
240 322 0.0
240 323 0.0
240 324 0.0
240 325 0.00139924502957
240 326 0.0
240 327 0.00105098848888
240 328 0.0
240 329 9.95018687695e-05
240 330 0.0
240 331 6.21886679809e-06
240 332 0.0
240 333 2.48754671924e-05
240 334 0.0
240 335 0.0
240 336 0.0
240 337 0.0
240 338 0.0
240 339 0.0
240 340 0.0
240 341 0.000304724473107
240 342 0.0
240 343 0.00139924502957
240 344 0.0
240 345 0.000304724473107
240 346 0.0
240 347 9.95018687695e-05
240 348 0.0
240 349 0.000895516818925
240 350 0.0
240 351 0.000621886679809
240 352 0.0
240 353 0.000155471669952
240 354 0.0
240 355 6.21886679809e-06
240 356 0.0
240 357 0.0
240 358 0.0
240 359 0.0
240 360 0.0
240 361 0.0
240 362 0.0
240 363 2.48754671924e-05
240 364 0.0
240 365 6.21886679809e-06
240 366 0.0
240 367 0.000223879204731
240 368 0.0
240 369 9.95018687695e-05
240 370 0.0
240 371 0.000304724473107
240 372 0.0
240 373 0.000155471669952
240 374 0.0
240 375 9.95018687695e-05
240 376 0.0
240 377 6.21886679809e-06
240 378 0.0
240 379 6.21886679809e-06
240 380 0.0
240 381 9.95018687695e-05
240 382 0.0
240 383 2.48754671924e-05
240 384 0.0
240 385 2.48754671924e-05
240 386 0.0
240 387 5.59698011828e-05
240 388 0.0
240 389 6.21886679809e-06
240 390 0.0
240 391 5.59698011828e-05
240 392 0.0
240 393 6.21886679809e-06
240 394 0.0
240 395 5.59698011828e-05
240 396 0.0
240 397 5.59698011828e-05
240 398 0.0
240 399 2.48754671924e-05
240 400 0.0
241 0 0.0
241 1 2.48754671924e-05
241 2 0.0
241 3 2.48754671924e-05
241 4 0.0
241 5 0.000155471669952
241 6 0.0
241 7 0.000304724473107
241 8 6.21886679809e-06
241 9 5.59698011828e-05
241 10 0.0
241 11 0.000398007475078
241 12 0.0
241 13 2.48754671924e-05
241 14 0.0
241 15 2.48754671924e-05
241 16 0.0
241 17 0.000155471669952
241 18 0.0
241 19 6.21886679809e-06
241 20 0.0
241 21 2.48754671924e-05
241 22 0.0
241 23 6.21886679809e-06
241 24 0.0
241 25 6.21886679809e-06
241 26 0.0
241 27 6.21886679809e-06
241 28 0.0
241 29 0.000304724473107
241 30 0.0
241 31 9.95018687695e-05
241 32 0.0
241 33 2.48754671924e-05
241 34 0.0
241 35 6.21886679809e-06
241 36 0.0
241 37 0.000621886679809
241 38 0.0
241 39 0.000223879204731
241 40 0.0
241 41 6.21886679809e-06
241 42 0.0
241 43 5.59698011828e-05
241 44 0.0
241 45 0.0
241 46 0.0
241 47 6.21886679809e-06
241 48 0.0
241 49 0.0
241 50 0.0
241 51 0.0
241 52 0.0
241 53 0.0
241 54 0.0
241 55 6.21886679809e-06
241 56 0.0
241 57 6.21886679809e-06
241 58 0.0
241 59 0.000155471669952
241 60 0.0
241 61 0.000895516818925
241 62 0.0
241 63 0.000223879204731
241 64 6.21886679809e-06
241 65 0.000304724473107
241 66 0.0
241 67 0.000304724473107
241 68 0.0
241 69 0.000155471669952
241 70 0.0
241 71 2.48754671924e-05
241 72 0.0
241 73 2.48754671924e-05
241 74 0.0
241 75 0.0
241 76 0.0
241 77 6.21886679809e-06
241 78 0.0
241 79 0.0
241 80 0.0
241 81 0.0
241 82 0.0
241 83 0.0
241 84 0.0
241 85 0.000304724473107
241 86 0.0
241 87 0.000621886679809
241 88 0.0
241 89 0.00179725250465
241 90 0.0
241 91 9.95018687695e-05
241 92 0.0
241 93 0.000752482882569
241 94 0.0
241 95 0.00179725250465
241 96 0.0
241 97 5.59698011828e-05
241 98 0.0
241 99 0.0
241 100 0.0
241 101 6.21886679809e-06
241 102 0.0
241 103 6.21886679809e-06
241 104 0.0
241 105 0.0
241 106 0.0
241 107 0.0
241 108 0.0
241 109 0.000304724473107
241 110 0.0
241 111 0.000155471669952
241 112 0.0
241 113 2.48754671924e-05
241 114 0.0
241 115 0.00453355389581
241 116 0.0
241 117 0.00201491284258
241 118 0.0
241 119 0.000304724473107
241 120 0.0
241 121 0.0
241 122 0.0
241 123 0.0
241 124 0.0
241 125 0.0
241 126 0.0
241 127 0.00179725250465
241 128 0.0
241 129 0.00851362864659
241 130 6.21886679809e-06
241 131 0.00453355389581
241 132 6.21886679809e-06
241 133 0.00805965137033
241 134 6.21886679809e-06
241 135 0.000752482882569
241 136 0.0
241 137 6.21886679809e-06
241 138 0.0
241 139 0.0
241 140 0.0
241 141 0.0
241 142 0.0
241 143 0.0
241 144 0.0
241 145 6.21886679809e-06
241 146 0.0
241 147 0.0
241 148 0.0
241 149 2.48754671924e-05
241 150 5.59698011828e-05
241 151 0.00453355389581
241 152 2.48754671924e-05
241 153 0.00718901001859
241 154 6.21886679809e-06
241 155 0.020205098227
241 156 6.21886679809e-06
241 157 6.21886679809e-06
241 158 0.0
241 159 0.0
241 160 0.0
241 161 6.21886679809e-06
241 162 0.0
241 163 6.21886679809e-06
241 164 6.21886679809e-06
241 165 0.0
241 166 0.0
241 167 6.21886679809e-06
241 168 6.21886679809e-06
241 169 6.21886679809e-06
241 170 6.21886679809e-06
241 171 6.21886679809e-06
241 172 0.0
241 173 0.0
241 174 0.0
241 175 0.0
241 176 0.0
241 177 6.21886679809e-06
241 178 6.21886679809e-06
241 179 2.48754671924e-05
241 180 6.21886679809e-06
241 181 6.21886679809e-06
241 182 6.21886679809e-06
241 183 2.48754671924e-05
241 184 6.21886679809e-06
241 185 6.21886679809e-06
241 186 0.0
241 187 6.21886679809e-06
241 188 0.0
241 189 0.0
241 190 0.0
241 191 6.21886679809e-06
241 192 6.21886679809e-06
241 193 6.21886679809e-06
241 194 6.21886679809e-06
241 195 6.21886679809e-06
241 196 6.21886679809e-06
241 197 6.21886679809e-06
241 198 6.21886679809e-06
241 199 6.21886679809e-06
241 200 6.21886679809e-06
241 201 6.21886679809e-06
241 202 6.21886679809e-06
241 203 6.21886679809e-06
241 204 6.21886679809e-06
241 205 6.21886679809e-06
241 206 6.21886679809e-06
241 207 6.21886679809e-06
241 208 6.21886679809e-06
241 209 6.21886679809e-06
241 210 6.21886679809e-06
241 211 6.21886679809e-06
241 212 6.21886679809e-06
241 213 6.21886679809e-06
241 214 6.21886679809e-06
241 215 6.21886679809e-06
241 216 6.21886679809e-06
241 217 6.21886679809e-06
241 218 6.21886679809e-06
241 219 6.21886679809e-06
241 220 6.21886679809e-06
241 221 6.21886679809e-06
241 222 6.21886679809e-06
241 223 6.21886679809e-06
241 224 6.21886679809e-06
241 225 6.21886679809e-06
241 226 6.21886679809e-06
241 227 6.21886679809e-06
241 228 6.21886679809e-06
241 229 6.21886679809e-06
241 230 6.21886679809e-06
241 231 6.21886679809e-06
241 232 6.21886679809e-06
241 233 6.21886679809e-06
241 234 6.21886679809e-06
241 235 6.21886679809e-06
241 236 6.21886679809e-06
241 237 6.21886679809e-06
241 238 6.21886679809e-06
241 239 6.21886679809e-06
241 240 6.21886679809e-06
241 241 6.21886679809e-06
241 242 6.21886679809e-06
241 243 6.21886679809e-06
241 244 6.21886679809e-06
241 245 6.21886679809e-06
241 246 6.21886679809e-06
241 247 6.21886679809e-06
241 248 6.21886679809e-06
241 249 6.21886679809e-06
241 250 0.0
241 251 0.0
241 252 6.21886679809e-06
241 253 6.21886679809e-06
241 254 0.0
241 255 0.0
241 256 0.0
241 257 6.21886679809e-06
241 258 6.21886679809e-06
241 259 0.000223879204731
241 260 6.21886679809e-06
241 261 0.000895516818925
241 262 0.0
241 263 0.000752482882569
241 264 6.21886679809e-06
241 265 0.025472478405
241 266 0.0
241 267 0.00328978053619
241 268 6.21886679809e-06
241 269 5.59698011828e-05
241 270 6.21886679809e-06
241 271 6.21886679809e-06
241 272 0.0
241 273 0.0
241 274 0.0
241 275 6.21886679809e-06
241 276 0.0
241 277 5.59698011828e-05
241 278 0.0
241 279 2.48754671924e-05
241 280 0.0
241 281 6.21886679809e-06
241 282 0.0
241 283 0.000895516818925
241 284 0.0
241 285 0.00388679174881
241 286 0.0
241 287 0.000752482882569
241 288 0.0
241 289 0.0035820672757
241 290 0.0
241 291 0.000621886679809
241 292 0.0
241 293 5.59698011828e-05
241 294 0.0
241 295 6.21886679809e-06
241 296 0.0
241 297 0.0
241 298 0.0
241 299 6.21886679809e-06
241 300 0.0
241 301 0.000155471669952
241 302 6.21886679809e-06
241 303 0.000223879204731
241 304 6.21886679809e-06
241 305 5.59698011828e-05
241 306 0.0
241 307 0.00453355389581
241 308 0.0
241 309 0.00139924502957
241 310 0.0
241 311 0.000155471669952
241 312 0.0
241 313 0.0
241 314 0.0
241 315 6.21886679809e-06
241 316 0.0
241 317 2.48754671924e-05
241 318 0.0
241 319 6.21886679809e-06
241 320 0.0
241 321 6.21886679809e-06
241 322 0.0
241 323 0.0
241 324 0.0
241 325 0.00121889789243
241 326 0.0
241 327 0.000895516818925
241 328 0.0
241 329 9.95018687695e-05
241 330 0.0
241 331 6.21886679809e-06
241 332 0.0
241 333 2.48754671924e-05
241 334 0.0
241 335 0.0
241 336 0.0
241 337 0.0
241 338 0.0
241 339 0.0
241 340 0.0
241 341 0.000304724473107
241 342 0.0
241 343 0.00139924502957
241 344 0.0
241 345 0.000304724473107
241 346 0.0
241 347 9.95018687695e-05
241 348 0.0
241 349 0.000895516818925
241 350 0.0
241 351 0.000621886679809
241 352 0.0
241 353 0.000155471669952
241 354 0.0
241 355 6.21886679809e-06
241 356 0.0
241 357 0.0
241 358 0.0
241 359 0.0
241 360 0.0
241 361 0.0
241 362 0.0
241 363 2.48754671924e-05
241 364 0.0
241 365 6.21886679809e-06
241 366 0.0
241 367 0.000223879204731
241 368 0.0
241 369 9.95018687695e-05
241 370 0.0
241 371 0.000223879204731
241 372 6.21886679809e-06
241 373 9.95018687695e-05
241 374 0.0
241 375 9.95018687695e-05
241 376 6.21886679809e-06
241 377 0.0
241 378 6.21886679809e-06
241 379 6.21886679809e-06
241 380 6.21886679809e-06
241 381 5.59698011828e-05
241 382 6.21886679809e-06
241 383 2.48754671924e-05
241 384 0.0
241 385 2.48754671924e-05
241 386 0.0
241 387 5.59698011828e-05
241 388 0.0
241 389 6.21886679809e-06
241 390 0.0
241 391 9.95018687695e-05
241 392 6.21886679809e-06
241 393 0.0
241 394 0.0
241 395 0.000155471669952
241 396 2.48754671924e-05
241 397 2.48754671924e-05
241 398 0.0
241 399 6.21886679809e-06
241 400 0.0
242 0 0.0
242 1 2.48754671924e-05
242 2 0.0
242 3 2.48754671924e-05
242 4 0.0
242 5 0.000155471669952
242 6 0.0
242 7 0.000304724473107
242 8 0.0
242 9 2.48754671924e-05
242 10 0.0
242 11 0.000503728210645
242 12 0.0
242 13 5.59698011828e-05
242 14 0.0
242 15 2.48754671924e-05
242 16 0.0
242 17 0.000155471669952
242 18 0.0
242 19 6.21886679809e-06
242 20 0.0
242 21 2.48754671924e-05
242 22 0.0
242 23 6.21886679809e-06
242 24 0.0
242 25 6.21886679809e-06
242 26 0.0
242 27 6.21886679809e-06
242 28 0.0
242 29 0.000304724473107
242 30 0.0
242 31 9.95018687695e-05
242 32 0.0
242 33 2.48754671924e-05
242 34 0.0
242 35 6.21886679809e-06
242 36 0.0
242 37 0.000621886679809
242 38 0.0
242 39 0.000223879204731
242 40 0.0
242 41 6.21886679809e-06
242 42 0.0
242 43 5.59698011828e-05
242 44 0.0
242 45 0.0
242 46 0.0
242 47 6.21886679809e-06
242 48 0.0
242 49 0.0
242 50 0.0
242 51 0.0
242 52 0.0
242 53 0.0
242 54 0.0
242 55 6.21886679809e-06
242 56 0.0
242 57 6.21886679809e-06
242 58 0.0
242 59 0.000155471669952
242 60 0.0
242 61 0.000895516818925
242 62 0.0
242 63 0.000223879204731
242 64 0.0
242 65 0.000304724473107
242 66 0.0
242 67 0.000304724473107
242 68 0.0
242 69 9.95018687695e-05
242 70 0.0
242 71 2.48754671924e-05
242 72 0.0
242 73 2.48754671924e-05
242 74 0.0
242 75 0.0
242 76 0.0
242 77 6.21886679809e-06
242 78 0.0
242 79 0.0
242 80 0.0
242 81 0.0
242 82 0.0
242 83 0.0
242 84 0.0
242 85 0.000304724473107
242 86 0.0
242 87 0.000621886679809
242 88 0.0
242 89 0.00179725250465
242 90 0.0
242 91 9.95018687695e-05
242 92 0.0
242 93 0.000752482882569
242 94 0.0
242 95 0.00179725250465
242 96 0.0
242 97 5.59698011828e-05
242 98 0.0
242 99 0.0
242 100 0.0
242 101 6.21886679809e-06
242 102 0.0
242 103 6.21886679809e-06
242 104 0.0
242 105 0.0
242 106 0.0
242 107 0.0
242 108 0.0
242 109 0.000304724473107
242 110 0.0
242 111 0.000155471669952
242 112 0.0
242 113 2.48754671924e-05
242 114 0.0
242 115 0.00453355389581
242 116 0.0
242 117 0.00201491284258
242 118 0.0
242 119 0.000304724473107
242 120 0.0
242 121 0.0
242 122 0.0
242 123 0.0
242 124 0.0
242 125 0.0
242 126 0.0
242 127 0.00201491284258
242 128 0.0
242 129 0.00898004365644
242 130 0.0
242 131 0.0052300669772
242 132 0.0
242 133 0.00805965137033
242 134 0.0
242 135 0.000752482882569
242 136 0.0
242 137 6.21886679809e-06
242 138 0.0
242 139 0.0
242 140 0.0
242 141 0.0
242 142 0.0
242 143 0.0
242 144 0.0
242 145 6.21886679809e-06
242 146 0.0
242 147 0.0
242 148 0.0
242 149 0.0
242 150 0.0
242 151 0.0048755915697
242 152 0.0
242 153 0.00677234594312
242 154 0.0
242 155 0.0209202679088
242 156 0.0
242 157 6.21886679809e-06
242 158 0.0
242 159 0.0
242 160 0.0
242 161 6.21886679809e-06
242 162 0.0
242 163 6.21886679809e-06
242 164 0.0
242 165 0.0
242 166 0.0
242 167 0.0
242 168 0.0
242 169 0.0
242 170 0.0
242 171 0.0
242 172 0.0
242 173 0.0
242 174 0.0
242 175 0.0
242 176 0.0
242 177 0.0
242 178 0.0
242 179 0.0
242 180 0.0
242 181 0.0
242 182 0.0
242 183 0.0
242 184 0.0
242 185 0.0
242 186 0.0
242 187 0.0
242 188 0.0
242 189 0.0
242 190 0.0
242 191 0.0
242 192 0.0
242 193 0.0
242 194 0.0
242 195 0.0
242 196 0.0
242 197 0.0
242 198 0.0
242 199 0.0
242 200 0.0
242 201 0.0
242 202 0.0
242 203 0.0
242 204 0.0
242 205 0.0
242 206 0.0
242 207 0.0
242 208 0.0
242 209 0.0
242 210 0.0
242 211 0.0
242 212 0.0
242 213 0.0
242 214 0.0
242 215 0.0
242 216 0.0
242 217 0.0
242 218 0.0
242 219 0.0
242 220 0.0
242 221 0.0
242 222 0.0
242 223 0.0
242 224 0.0
242 225 0.0
242 226 0.0
242 227 0.0
242 228 0.0
242 229 0.0
242 230 0.0
242 231 0.0
242 232 0.0
242 233 0.0
242 234 0.0
242 235 0.0
242 236 0.0
242 237 0.0
242 238 0.0
242 239 0.0
242 240 0.0
242 241 0.0
242 242 0.0
242 243 0.0
242 244 0.0
242 245 0.0
242 246 0.0
242 247 0.0
242 248 0.0
242 249 0.0
242 250 0.0
242 251 0.0
242 252 0.0
242 253 6.21886679809e-06
242 254 0.0
242 255 0.0
242 256 0.0
242 257 6.21886679809e-06
242 258 0.0
242 259 0.000155471669952
242 260 0.0
242 261 0.000895516818925
242 262 0.0
242 263 0.000621886679809
242 264 0.0
242 265 0.025472478405
242 266 0.0
242 267 0.0035820672757
242 268 0.0
242 269 5.59698011828e-05
242 270 0.0
242 271 6.21886679809e-06
242 272 0.0
242 273 0.0
242 274 0.0
242 275 6.21886679809e-06
242 276 0.0
242 277 5.59698011828e-05
242 278 0.0
242 279 2.48754671924e-05
242 280 0.0
242 281 6.21886679809e-06
242 282 0.0
242 283 0.000895516818925
242 284 0.0
242 285 0.00388679174881
242 286 0.0
242 287 0.000752482882569
242 288 0.0
242 289 0.0035820672757
242 290 0.0
242 291 0.000621886679809
242 292 0.0
242 293 5.59698011828e-05
242 294 0.0
242 295 6.21886679809e-06
242 296 0.0
242 297 0.0
242 298 0.0
242 299 6.21886679809e-06
242 300 0.0
242 301 0.000155471669952
242 302 0.0
242 303 0.000155471669952
242 304 0.0
242 305 5.59698011828e-05
242 306 0.0
242 307 0.00453355389581
242 308 0.0
242 309 0.00139924502957
242 310 0.0
242 311 0.000155471669952
242 312 0.0
242 313 0.0
242 314 0.0
242 315 6.21886679809e-06
242 316 0.0
242 317 2.48754671924e-05
242 318 0.0
242 319 6.21886679809e-06
242 320 0.0
242 321 6.21886679809e-06
242 322 0.0
242 323 0.0
242 324 0.0
242 325 0.00159202990031
242 326 0.0
242 327 0.00121889789243
242 328 0.0
242 329 9.95018687695e-05
242 330 0.0
242 331 6.21886679809e-06
242 332 0.0
242 333 2.48754671924e-05
242 334 0.0
242 335 0.0
242 336 0.0
242 337 0.0
242 338 0.0
242 339 0.0
242 340 0.0
242 341 0.000304724473107
242 342 0.0
242 343 0.00139924502957
242 344 0.0
242 345 0.000304724473107
242 346 0.0
242 347 9.95018687695e-05
242 348 0.0
242 349 0.000895516818925
242 350 0.0
242 351 0.000621886679809
242 352 0.0
242 353 0.000155471669952
242 354 0.0
242 355 6.21886679809e-06
242 356 0.0
242 357 0.0
242 358 0.0
242 359 0.0
242 360 0.0
242 361 0.0
242 362 0.0
242 363 2.48754671924e-05
242 364 0.0
242 365 6.21886679809e-06
242 366 0.0
242 367 0.000223879204731
242 368 0.0
242 369 9.95018687695e-05
242 370 0.0
242 371 0.000398007475078
242 372 0.0
242 373 0.000155471669952
242 374 0.0
242 375 9.95018687695e-05
242 376 0.0
242 377 2.48754671924e-05
242 378 0.0
242 379 0.0
242 380 0.0
242 381 5.59698011828e-05
242 382 0.0
242 383 2.48754671924e-05
242 384 0.0
242 385 2.48754671924e-05
242 386 0.0
242 387 6.21886679809e-06
242 388 0.0
242 389 6.21886679809e-06
242 390 0.0
242 391 0.000155471669952
242 392 0.0
242 393 6.21886679809e-06
242 394 0.0
242 395 9.95018687695e-05
242 396 0.0
242 397 5.59698011828e-05
242 398 0.0
242 399 6.21886679809e-06
242 400 0.0
243 0 0.0
243 1 2.48754671924e-05
243 2 0.0
243 3 2.48754671924e-05
243 4 0.0
243 5 0.000155471669952
243 6 0.0
243 7 0.000304724473107
243 8 6.21886679809e-06
243 9 5.59698011828e-05
243 10 0.0
243 11 0.000503728210645
243 12 0.0
243 13 5.59698011828e-05
243 14 0.0
243 15 2.48754671924e-05
243 16 0.0
243 17 0.000155471669952
243 18 0.0
243 19 6.21886679809e-06
243 20 0.0
243 21 2.48754671924e-05
243 22 0.0
243 23 6.21886679809e-06
243 24 0.0
243 25 6.21886679809e-06
243 26 0.0
243 27 6.21886679809e-06
243 28 0.0
243 29 0.000304724473107
243 30 0.0
243 31 9.95018687695e-05
243 32 0.0
243 33 2.48754671924e-05
243 34 0.0
243 35 6.21886679809e-06
243 36 0.0
243 37 0.000621886679809
243 38 0.0
243 39 0.000223879204731
243 40 0.0
243 41 6.21886679809e-06
243 42 0.0
243 43 5.59698011828e-05
243 44 0.0
243 45 0.0
243 46 0.0
243 47 6.21886679809e-06
243 48 0.0
243 49 0.0
243 50 0.0
243 51 0.0
243 52 0.0
243 53 0.0
243 54 0.0
243 55 6.21886679809e-06
243 56 0.0
243 57 6.21886679809e-06
243 58 0.0
243 59 0.000155471669952
243 60 0.0
243 61 0.000895516818925
243 62 0.0
243 63 0.000155471669952
243 64 6.21886679809e-06
243 65 0.000398007475078
243 66 0.0
243 67 0.000398007475078
243 68 0.0
243 69 0.000155471669952
243 70 6.21886679809e-06
243 71 2.48754671924e-05
243 72 0.0
243 73 2.48754671924e-05
243 74 0.0
243 75 0.0
243 76 0.0
243 77 6.21886679809e-06
243 78 0.0
243 79 0.0
243 80 0.0
243 81 0.0
243 82 0.0
243 83 0.0
243 84 0.0
243 85 0.000304724473107
243 86 0.0
243 87 0.000621886679809
243 88 0.0
243 89 0.00179725250465
243 90 0.0
243 91 9.95018687695e-05
243 92 0.0
243 93 0.000752482882569
243 94 0.0
243 95 0.00179725250465
243 96 0.0
243 97 5.59698011828e-05
243 98 0.0
243 99 0.0
243 100 0.0
243 101 6.21886679809e-06
243 102 0.0
243 103 6.21886679809e-06
243 104 0.0
243 105 0.0
243 106 0.0
243 107 0.0
243 108 0.0
243 109 0.000304724473107
243 110 0.0
243 111 0.000155471669952
243 112 0.0
243 113 2.48754671924e-05
243 114 0.0
243 115 0.00453355389581
243 116 0.0
243 117 0.00201491284258
243 118 0.0
243 119 0.000304724473107
243 120 0.0
243 121 0.0
243 122 0.0
243 123 0.0
243 124 0.0
243 125 0.0
243 126 0.0
243 127 0.00201491284258
243 128 0.0
243 129 0.00898004365644
243 130 0.0
243 131 0.0048755915697
243 132 6.21886679809e-06
243 133 0.00718901001859
243 134 6.21886679809e-06
243 135 0.000895516818925
243 136 0.0
243 137 6.21886679809e-06
243 138 0.0
243 139 0.0
243 140 0.0
243 141 0.0
243 142 0.0
243 143 0.0
243 144 0.0
243 145 6.21886679809e-06
243 146 0.0
243 147 0.0
243 148 0.0
243 149 6.21886679809e-06
243 150 2.48754671924e-05
243 151 0.00636811960125
243 152 9.95018687695e-05
243 153 0.00718901001859
243 154 6.21886679809e-06
243 155 0.0209202679088
243 156 0.0
243 157 5.59698011828e-05
243 158 6.21886679809e-06
243 159 6.21886679809e-06
243 160 6.21886679809e-06
243 161 2.48754671924e-05
243 162 6.21886679809e-06
243 163 2.48754671924e-05
243 164 2.48754671924e-05
243 165 2.48754671924e-05
243 166 6.21886679809e-06
243 167 6.21886679809e-06
243 168 6.21886679809e-06
243 169 6.21886679809e-06
243 170 6.21886679809e-06
243 171 2.48754671924e-05
243 172 2.48754671924e-05
243 173 5.59698011828e-05
243 174 2.48754671924e-05
243 175 5.59698011828e-05
243 176 2.48754671924e-05
243 177 2.48754671924e-05
243 178 6.21886679809e-06
243 179 6.21886679809e-06
243 180 6.21886679809e-06
243 181 2.48754671924e-05
243 182 6.21886679809e-06
243 183 6.21886679809e-06
243 184 6.21886679809e-06
243 185 2.48754671924e-05
243 186 2.48754671924e-05
243 187 2.48754671924e-05
243 188 2.48754671924e-05
243 189 5.59698011828e-05
243 190 2.48754671924e-05
243 191 2.48754671924e-05
243 192 6.21886679809e-06
243 193 6.21886679809e-06
243 194 6.21886679809e-06
243 195 6.21886679809e-06
243 196 6.21886679809e-06
243 197 6.21886679809e-06
243 198 6.21886679809e-06
243 199 6.21886679809e-06
243 200 6.21886679809e-06
243 201 6.21886679809e-06
243 202 6.21886679809e-06
243 203 6.21886679809e-06
243 204 6.21886679809e-06
243 205 6.21886679809e-06
243 206 6.21886679809e-06
243 207 6.21886679809e-06
243 208 6.21886679809e-06
243 209 6.21886679809e-06
243 210 6.21886679809e-06
243 211 6.21886679809e-06
243 212 6.21886679809e-06
243 213 6.21886679809e-06
243 214 6.21886679809e-06
243 215 6.21886679809e-06
243 216 6.21886679809e-06
243 217 6.21886679809e-06
243 218 6.21886679809e-06
243 219 6.21886679809e-06
243 220 6.21886679809e-06
243 221 6.21886679809e-06
243 222 6.21886679809e-06
243 223 6.21886679809e-06
243 224 6.21886679809e-06
243 225 6.21886679809e-06
243 226 6.21886679809e-06
243 227 6.21886679809e-06
243 228 6.21886679809e-06
243 229 6.21886679809e-06
243 230 6.21886679809e-06
243 231 6.21886679809e-06
243 232 6.21886679809e-06
243 233 6.21886679809e-06
243 234 6.21886679809e-06
243 235 6.21886679809e-06
243 236 6.21886679809e-06
243 237 6.21886679809e-06
243 238 6.21886679809e-06
243 239 6.21886679809e-06
243 240 6.21886679809e-06
243 241 6.21886679809e-06
243 242 6.21886679809e-06
243 243 6.21886679809e-06
243 244 6.21886679809e-06
243 245 6.21886679809e-06
243 246 6.21886679809e-06
243 247 6.21886679809e-06
243 248 6.21886679809e-06
243 249 2.48754671924e-05
243 250 2.48754671924e-05
243 251 2.48754671924e-05
243 252 6.21886679809e-06
243 253 6.21886679809e-06
243 254 6.21886679809e-06
243 255 6.21886679809e-06
243 256 6.21886679809e-06
243 257 6.21886679809e-06
243 258 0.0
243 259 0.000155471669952
243 260 6.21886679809e-06
243 261 0.000895516818925
243 262 0.0
243 263 0.000621886679809
243 264 6.21886679809e-06
243 265 0.025472478405
243 266 0.0
243 267 0.0035820672757
243 268 0.0
243 269 2.48754671924e-05
243 270 6.21886679809e-06
243 271 6.21886679809e-06
243 272 0.0
243 273 0.0
243 274 0.0
243 275 6.21886679809e-06
243 276 0.0
243 277 5.59698011828e-05
243 278 0.0
243 279 2.48754671924e-05
243 280 0.0
243 281 6.21886679809e-06
243 282 0.0
243 283 0.000895516818925
243 284 0.0
243 285 0.00388679174881
243 286 0.0
243 287 0.000752482882569
243 288 0.0
243 289 0.0035820672757
243 290 0.0
243 291 0.000621886679809
243 292 0.0
243 293 5.59698011828e-05
243 294 0.0
243 295 6.21886679809e-06
243 296 0.0
243 297 0.0
243 298 0.0
243 299 6.21886679809e-06
243 300 0.0
243 301 9.95018687695e-05
243 302 6.21886679809e-06
243 303 9.95018687695e-05
243 304 0.0
243 305 2.48754671924e-05
243 306 0.0
243 307 0.00453355389581
243 308 0.0
243 309 0.00139924502957
243 310 0.0
243 311 0.000155471669952
243 312 0.0
243 313 0.0
243 314 0.0
243 315 6.21886679809e-06
243 316 0.0
243 317 2.48754671924e-05
243 318 0.0
243 319 6.21886679809e-06
243 320 6.21886679809e-06
243 321 2.48754671924e-05
243 322 0.0
243 323 6.21886679809e-06
243 324 0.0
243 325 0.00159202990031
243 326 0.0
243 327 0.00139924502957
243 328 0.0
243 329 9.95018687695e-05
243 330 0.0
243 331 6.21886679809e-06
243 332 0.0
243 333 2.48754671924e-05
243 334 0.0
243 335 0.0
243 336 0.0
243 337 0.0
243 338 0.0
243 339 0.0
243 340 0.0
243 341 0.000304724473107
243 342 0.0
243 343 0.00139924502957
243 344 0.0
243 345 0.000304724473107
243 346 0.0
243 347 9.95018687695e-05
243 348 0.0
243 349 0.000895516818925
243 350 0.0
243 351 0.000621886679809
243 352 0.0
243 353 0.000155471669952
243 354 0.0
243 355 6.21886679809e-06
243 356 0.0
243 357 0.0
243 358 0.0
243 359 0.0
243 360 0.0
243 361 0.0
243 362 0.0
243 363 2.48754671924e-05
243 364 0.0
243 365 6.21886679809e-06
243 366 0.0
243 367 0.000304724473107
243 368 0.0
243 369 0.000155471669952
243 370 0.0
243 371 0.000398007475078
243 372 0.0
243 373 0.000155471669952
243 374 0.0
243 375 0.000155471669952
243 376 6.21886679809e-06
243 377 6.21886679809e-06
243 378 6.21886679809e-06
243 379 6.21886679809e-06
243 380 6.21886679809e-06
243 381 2.48754671924e-05
243 382 6.21886679809e-06
243 383 5.59698011828e-05
243 384 6.21886679809e-06
243 385 6.21886679809e-06
243 386 0.0
243 387 2.48754671924e-05
243 388 0.0
243 389 0.0
243 390 0.0
243 391 0.000155471669952
243 392 6.21886679809e-06
243 393 6.21886679809e-06
243 394 0.0
243 395 9.95018687695e-05
243 396 0.0
243 397 9.95018687695e-05
243 398 0.0
243 399 6.21886679809e-06
243 400 0.0
244 0 0.0
244 1 2.48754671924e-05
244 2 0.0
244 3 2.48754671924e-05
244 4 0.0
244 5 0.000155471669952
244 6 0.0
244 7 0.000223879204731
244 8 0.0
244 9 2.48754671924e-05
244 10 0.0
244 11 0.000503728210645
244 12 0.0
244 13 5.59698011828e-05
244 14 0.0
244 15 2.48754671924e-05
244 16 0.0
244 17 0.000155471669952
244 18 0.0
244 19 6.21886679809e-06
244 20 0.0
244 21 2.48754671924e-05
244 22 0.0
244 23 6.21886679809e-06
244 24 0.0
244 25 6.21886679809e-06
244 26 0.0
244 27 6.21886679809e-06
244 28 0.0
244 29 0.000304724473107
244 30 0.0
244 31 9.95018687695e-05
244 32 0.0
244 33 2.48754671924e-05
244 34 0.0
244 35 6.21886679809e-06
244 36 0.0
244 37 0.000621886679809
244 38 0.0
244 39 0.000223879204731
244 40 0.0
244 41 6.21886679809e-06
244 42 0.0
244 43 5.59698011828e-05
244 44 0.0
244 45 0.0
244 46 0.0
244 47 6.21886679809e-06
244 48 0.0
244 49 0.0
244 50 0.0
244 51 0.0
244 52 0.0
244 53 0.0
244 54 0.0
244 55 6.21886679809e-06
244 56 0.0
244 57 6.21886679809e-06
244 58 0.0
244 59 0.000155471669952
244 60 0.0
244 61 0.000895516818925
244 62 0.0
244 63 0.000223879204731
244 64 0.0
244 65 0.000304724473107
244 66 0.0
244 67 0.000398007475078
244 68 0.0
244 69 9.95018687695e-05
244 70 0.0
244 71 6.21886679809e-06
244 72 0.0
244 73 2.48754671924e-05
244 74 0.0
244 75 0.0
244 76 0.0
244 77 6.21886679809e-06
244 78 0.0
244 79 0.0
244 80 0.0
244 81 0.0
244 82 0.0
244 83 0.0
244 84 0.0
244 85 0.000304724473107
244 86 0.0
244 87 0.000621886679809
244 88 0.0
244 89 0.00179725250465
244 90 0.0
244 91 9.95018687695e-05
244 92 0.0
244 93 0.000752482882569
244 94 0.0
244 95 0.00179725250465
244 96 0.0
244 97 5.59698011828e-05
244 98 0.0
244 99 0.0
244 100 0.0
244 101 6.21886679809e-06
244 102 0.0
244 103 6.21886679809e-06
244 104 0.0
244 105 0.0
244 106 0.0
244 107 0.0
244 108 0.0
244 109 0.000304724473107
244 110 0.0
244 111 0.000155471669952
244 112 0.0
244 113 2.48754671924e-05
244 114 0.0
244 115 0.00453355389581
244 116 0.0
244 117 0.00201491284258
244 118 0.0
244 119 0.000304724473107
244 120 0.0
244 121 0.0
244 122 0.0
244 123 0.0
244 124 0.0
244 125 0.0
244 126 0.0
244 127 0.00201491284258
244 128 0.0
244 129 0.00898004365644
244 130 0.0
244 131 0.0048755915697
244 132 0.0
244 133 0.00761811182766
244 134 0.0
244 135 0.000752482882569
244 136 0.0
244 137 6.21886679809e-06
244 138 0.0
244 139 0.0
244 140 0.0
244 141 0.0
244 142 0.0
244 143 0.0
244 144 0.0
244 145 0.0
244 146 0.0
244 147 0.0
244 148 0.0
244 149 0.0
244 150 0.0
244 151 0.00559698011828
244 152 0.0
244 153 0.00761811182766
244 154 0.0
244 155 0.0209202679088
244 156 0.0
244 157 2.48754671924e-05
244 158 0.0
244 159 0.0
244 160 0.0
244 161 6.21886679809e-06
244 162 0.0
244 163 0.0
244 164 0.0
244 165 0.0
244 166 0.0
244 167 0.0
244 168 0.0
244 169 0.0
244 170 0.0
244 171 0.0
244 172 0.0
244 173 6.21886679809e-06
244 174 0.0
244 175 6.21886679809e-06
244 176 0.0
244 177 0.0
244 178 0.0
244 179 0.0
244 180 0.0
244 181 6.21886679809e-06
244 182 0.0
244 183 0.0
244 184 0.0
244 185 0.0
244 186 0.0
244 187 0.0
244 188 0.0
244 189 6.21886679809e-06
244 190 0.0
244 191 0.0
244 192 0.0
244 193 6.21886679809e-06
244 194 0.0
244 195 0.0
244 196 0.0
244 197 6.21886679809e-06
244 198 0.0
244 199 0.0
244 200 0.0
244 201 0.0
244 202 0.0
244 203 0.0
244 204 0.0
244 205 0.0
244 206 0.0
244 207 0.0
244 208 0.0
244 209 0.0
244 210 0.0
244 211 0.0
244 212 0.0
244 213 0.0
244 214 0.0
244 215 0.0
244 216 0.0
244 217 0.0
244 218 0.0
244 219 0.0
244 220 0.0
244 221 0.0
244 222 0.0
244 223 0.0
244 224 0.0
244 225 0.0
244 226 0.0
244 227 0.0
244 228 0.0
244 229 0.0
244 230 0.0
244 231 0.0
244 232 0.0
244 233 0.0
244 234 0.0
244 235 0.0
244 236 0.0
244 237 0.0
244 238 0.0
244 239 0.0
244 240 0.0
244 241 0.0
244 242 0.0
244 243 0.0
244 244 0.0
244 245 0.0
244 246 0.0
244 247 0.0
244 248 0.0
244 249 0.0
244 250 0.0
244 251 0.0
244 252 0.0
244 253 0.0
244 254 0.0
244 255 6.21886679809e-06
244 256 0.0
244 257 6.21886679809e-06
244 258 0.0
244 259 0.000155471669952
244 260 0.0
244 261 0.000752482882569
244 262 0.0
244 263 0.000895516818925
244 264 0.0
244 265 0.025472478405
244 266 0.0
244 267 0.0035820672757
244 268 0.0
244 269 5.59698011828e-05
244 270 0.0
244 271 6.21886679809e-06
244 272 0.0
244 273 0.0
244 274 0.0
244 275 6.21886679809e-06
244 276 0.0
244 277 5.59698011828e-05
244 278 0.0
244 279 2.48754671924e-05
244 280 0.0
244 281 6.21886679809e-06
244 282 0.0
244 283 0.000895516818925
244 284 0.0
244 285 0.00388679174881
244 286 0.0
244 287 0.000752482882569
244 288 0.0
244 289 0.0035820672757
244 290 0.0
244 291 0.000621886679809
244 292 0.0
244 293 5.59698011828e-05
244 294 0.0
244 295 6.21886679809e-06
244 296 0.0
244 297 0.0
244 298 0.0
244 299 6.21886679809e-06
244 300 0.0
244 301 0.000155471669952
244 302 0.0
244 303 9.95018687695e-05
244 304 0.0
244 305 2.48754671924e-05
244 306 0.0
244 307 0.00453355389581
244 308 0.0
244 309 0.00139924502957
244 310 0.0
244 311 0.000155471669952
244 312 0.0
244 313 0.0
244 314 0.0
244 315 6.21886679809e-06
244 316 0.0
244 317 2.48754671924e-05
244 318 0.0
244 319 6.21886679809e-06
244 320 0.0
244 321 2.48754671924e-05
244 322 0.0
244 323 6.21886679809e-06
244 324 0.0
244 325 0.00139924502957
244 326 0.0
244 327 0.00139924502957
244 328 0.0
244 329 9.95018687695e-05
244 330 0.0
244 331 6.21886679809e-06
244 332 0.0
244 333 2.48754671924e-05
244 334 0.0
244 335 0.0
244 336 0.0
244 337 0.0
244 338 0.0
244 339 0.0
244 340 0.0
244 341 0.000304724473107
244 342 0.0
244 343 0.00139924502957
244 344 0.0
244 345 0.000304724473107
244 346 0.0
244 347 9.95018687695e-05
244 348 0.0
244 349 0.000895516818925
244 350 0.0
244 351 0.000621886679809
244 352 0.0
244 353 0.000155471669952
244 354 0.0
244 355 6.21886679809e-06
244 356 0.0
244 357 0.0
244 358 0.0
244 359 0.0
244 360 0.0
244 361 0.0
244 362 0.0
244 363 2.48754671924e-05
244 364 0.0
244 365 6.21886679809e-06
244 366 0.0
244 367 0.000304724473107
244 368 0.0
244 369 0.000155471669952
244 370 0.0
244 371 0.000398007475078
244 372 0.0
244 373 0.000155471669952
244 374 0.0
244 375 9.95018687695e-05
244 376 0.0
244 377 2.48754671924e-05
244 378 0.0
244 379 0.0
244 380 0.0
244 381 5.59698011828e-05
244 382 0.0
244 383 2.48754671924e-05
244 384 0.0
244 385 5.59698011828e-05
244 386 0.0
244 387 2.48754671924e-05
244 388 0.0
244 389 0.0
244 390 0.0
244 391 0.000223879204731
244 392 0.0
244 393 6.21886679809e-06
244 394 0.0
244 395 5.59698011828e-05
244 396 0.0
244 397 9.95018687695e-05
244 398 0.0
244 399 6.21886679809e-06
244 400 0.0
245 0 0.0
245 1 2.48754671924e-05
245 2 0.0
245 3 2.48754671924e-05
245 4 0.0
245 5 0.000155471669952
245 6 0.0
245 7 0.000304724473107
245 8 0.0
245 9 5.59698011828e-05
245 10 6.21886679809e-06
245 11 0.000398007475078
245 12 6.21886679809e-06
245 13 5.59698011828e-05
245 14 0.0
245 15 2.48754671924e-05
245 16 0.0
245 17 0.000155471669952
245 18 0.0
245 19 6.21886679809e-06
245 20 0.0
245 21 2.48754671924e-05
245 22 0.0
245 23 6.21886679809e-06
245 24 0.0
245 25 6.21886679809e-06
245 26 0.0
245 27 6.21886679809e-06
245 28 0.0
245 29 0.000304724473107
245 30 0.0
245 31 9.95018687695e-05
245 32 0.0
245 33 2.48754671924e-05
245 34 0.0
245 35 6.21886679809e-06
245 36 0.0
245 37 0.000621886679809
245 38 0.0
245 39 0.000223879204731
245 40 0.0
245 41 6.21886679809e-06
245 42 0.0
245 43 5.59698011828e-05
245 44 0.0
245 45 0.0
245 46 0.0
245 47 6.21886679809e-06
245 48 0.0
245 49 0.0
245 50 0.0
245 51 0.0
245 52 0.0
245 53 0.0
245 54 0.0
245 55 6.21886679809e-06
245 56 0.0
245 57 6.21886679809e-06
245 58 0.0
245 59 0.000155471669952
245 60 0.0
245 61 0.000895516818925
245 62 0.0
245 63 0.000223879204731
245 64 0.0
245 65 0.000304724473107
245 66 6.21886679809e-06
245 67 0.000304724473107
245 68 0.0
245 69 9.95018687695e-05
245 70 0.0
245 71 2.48754671924e-05
245 72 0.0
245 73 2.48754671924e-05
245 74 0.0
245 75 0.0
245 76 0.0
245 77 6.21886679809e-06
245 78 0.0
245 79 0.0
245 80 0.0
245 81 0.0
245 82 0.0
245 83 0.0
245 84 0.0
245 85 0.000304724473107
245 86 0.0
245 87 0.000621886679809
245 88 0.0
245 89 0.00179725250465
245 90 0.0
245 91 9.95018687695e-05
245 92 0.0
245 93 0.000752482882569
245 94 0.0
245 95 0.00179725250465
245 96 0.0
245 97 5.59698011828e-05
245 98 0.0
245 99 0.0
245 100 0.0
245 101 6.21886679809e-06
245 102 0.0
245 103 6.21886679809e-06
245 104 0.0
245 105 0.0
245 106 0.0
245 107 0.0
245 108 0.0
245 109 0.000304724473107
245 110 0.0
245 111 0.000155471669952
245 112 0.0
245 113 2.48754671924e-05
245 114 0.0
245 115 0.00453355389581
245 116 0.0
245 117 0.00201491284258
245 118 0.0
245 119 0.000304724473107
245 120 0.0
245 121 0.0
245 122 0.0
245 123 0.0
245 124 0.0
245 125 0.0
245 126 0.0
245 127 0.00201491284258
245 128 6.21886679809e-06
245 129 0.00995018687695
245 130 6.21886679809e-06
245 131 0.0048755915697
245 132 0.0
245 133 0.00761811182766
245 134 0.0
245 135 0.000752482882569
245 136 0.0
245 137 6.21886679809e-06
245 138 0.0
245 139 0.0
245 140 0.0
245 141 0.0
245 142 0.0
245 143 0.0
245 144 0.0
245 145 6.21886679809e-06
245 146 0.0
245 147 0.0
245 148 0.0
245 149 6.21886679809e-06
245 150 0.000155471669952
245 151 0.0048755915697
245 152 0.0
245 153 0.00718901001859
245 154 6.21886679809e-06
245 155 0.0209202679088
245 156 2.48754671924e-05
245 157 5.59698011828e-05
245 158 6.21886679809e-06
245 159 6.21886679809e-06
245 160 6.21886679809e-06
245 161 2.48754671924e-05
245 162 6.21886679809e-06
245 163 6.21886679809e-06
245 164 6.21886679809e-06
245 165 6.21886679809e-06
245 166 6.21886679809e-06
245 167 6.21886679809e-06
245 168 6.21886679809e-06
245 169 6.21886679809e-06
245 170 6.21886679809e-06
245 171 2.48754671924e-05
245 172 5.59698011828e-05
245 173 9.95018687695e-05
245 174 5.59698011828e-05
245 175 9.95018687695e-05
245 176 5.59698011828e-05
245 177 5.59698011828e-05
245 178 2.48754671924e-05
245 179 2.48754671924e-05
245 180 6.21886679809e-06
245 181 2.48754671924e-05
245 182 6.21886679809e-06
245 183 6.21886679809e-06
245 184 6.21886679809e-06
245 185 2.48754671924e-05
245 186 5.59698011828e-05
245 187 5.59698011828e-05
245 188 5.59698011828e-05
245 189 9.95018687695e-05
245 190 5.59698011828e-05
245 191 5.59698011828e-05
245 192 2.48754671924e-05
245 193 2.48754671924e-05
245 194 6.21886679809e-06
245 195 6.21886679809e-06
245 196 6.21886679809e-06
245 197 2.48754671924e-05
245 198 6.21886679809e-06
245 199 6.21886679809e-06
245 200 6.21886679809e-06
245 201 6.21886679809e-06
245 202 6.21886679809e-06
245 203 6.21886679809e-06
245 204 6.21886679809e-06
245 205 6.21886679809e-06
245 206 6.21886679809e-06
245 207 6.21886679809e-06
245 208 6.21886679809e-06
245 209 6.21886679809e-06
245 210 6.21886679809e-06
245 211 6.21886679809e-06
245 212 6.21886679809e-06
245 213 6.21886679809e-06
245 214 6.21886679809e-06
245 215 6.21886679809e-06
245 216 6.21886679809e-06
245 217 6.21886679809e-06
245 218 6.21886679809e-06
245 219 6.21886679809e-06
245 220 6.21886679809e-06
245 221 6.21886679809e-06
245 222 6.21886679809e-06
245 223 6.21886679809e-06
245 224 6.21886679809e-06
245 225 6.21886679809e-06
245 226 6.21886679809e-06
245 227 6.21886679809e-06
245 228 6.21886679809e-06
245 229 6.21886679809e-06
245 230 6.21886679809e-06
245 231 6.21886679809e-06
245 232 6.21886679809e-06
245 233 6.21886679809e-06
245 234 6.21886679809e-06
245 235 6.21886679809e-06
245 236 6.21886679809e-06
245 237 6.21886679809e-06
245 238 6.21886679809e-06
245 239 6.21886679809e-06
245 240 6.21886679809e-06
245 241 6.21886679809e-06
245 242 6.21886679809e-06
245 243 6.21886679809e-06
245 244 6.21886679809e-06
245 245 6.21886679809e-06
245 246 6.21886679809e-06
245 247 6.21886679809e-06
245 248 6.21886679809e-06
245 249 6.21886679809e-06
245 250 6.21886679809e-06
245 251 6.21886679809e-06
245 252 6.21886679809e-06
245 253 6.21886679809e-06
245 254 6.21886679809e-06
245 255 2.48754671924e-05
245 256 0.0
245 257 0.0
245 258 2.48754671924e-05
245 259 5.59698011828e-05
245 260 2.48754671924e-05
245 261 0.00105098848888
245 262 9.95018687695e-05
245 263 0.00139924502957
245 264 0.0
245 265 0.025472478405
245 266 6.21886679809e-06
245 267 0.0035820672757
245 268 0.0
245 269 5.59698011828e-05
245 270 0.0
245 271 6.21886679809e-06
245 272 0.0
245 273 0.0
245 274 0.0
245 275 6.21886679809e-06
245 276 0.0
245 277 5.59698011828e-05
245 278 0.0
245 279 2.48754671924e-05
245 280 0.0
245 281 6.21886679809e-06
245 282 0.0
245 283 0.000895516818925
245 284 0.0
245 285 0.00388679174881
245 286 0.0
245 287 0.000752482882569
245 288 0.0
245 289 0.0035820672757
245 290 0.0
245 291 0.000621886679809
245 292 0.0
245 293 5.59698011828e-05
245 294 0.0
245 295 6.21886679809e-06
245 296 0.0
245 297 0.0
245 298 0.0
245 299 6.21886679809e-06
245 300 0.0
245 301 0.000155471669952
245 302 0.0
245 303 9.95018687695e-05
245 304 6.21886679809e-06
245 305 6.21886679809e-06
245 306 6.21886679809e-06
245 307 0.00453355389581
245 308 0.0
245 309 0.00139924502957
245 310 0.0
245 311 0.000155471669952
245 312 0.0
245 313 0.0
245 314 0.0
245 315 6.21886679809e-06
245 316 0.0
245 317 2.48754671924e-05
245 318 0.0
245 319 6.21886679809e-06
245 320 0.0
245 321 6.21886679809e-06
245 322 6.21886679809e-06
245 323 2.48754671924e-05
245 324 0.0
245 325 0.00121889789243
245 326 6.21886679809e-06
245 327 0.00139924502957
245 328 0.0
245 329 9.95018687695e-05
245 330 0.0
245 331 6.21886679809e-06
245 332 0.0
245 333 2.48754671924e-05
245 334 0.0
245 335 0.0
245 336 0.0
245 337 0.0
245 338 0.0
245 339 0.0
245 340 0.0
245 341 0.000304724473107
245 342 0.0
245 343 0.00139924502957
245 344 0.0
245 345 0.000304724473107
245 346 0.0
245 347 9.95018687695e-05
245 348 0.0
245 349 0.000895516818925
245 350 0.0
245 351 0.000621886679809
245 352 0.0
245 353 0.000155471669952
245 354 0.0
245 355 6.21886679809e-06
245 356 0.0
245 357 0.0
245 358 0.0
245 359 0.0
245 360 0.0
245 361 0.0
245 362 0.0
245 363 2.48754671924e-05
245 364 0.0
245 365 6.21886679809e-06
245 366 0.0
245 367 0.000304724473107
245 368 0.0
245 369 0.000155471669952
245 370 6.21886679809e-06
245 371 0.000304724473107
245 372 6.21886679809e-06
245 373 9.95018687695e-05
245 374 6.21886679809e-06
245 375 0.000155471669952
245 376 0.0
245 377 2.48754671924e-05
245 378 0.0
245 379 0.0
245 380 0.0
245 381 5.59698011828e-05
245 382 0.0
245 383 2.48754671924e-05
245 384 0.0
245 385 2.48754671924e-05
245 386 6.21886679809e-06
245 387 9.95018687695e-05
245 388 6.21886679809e-06
245 389 6.21886679809e-06
245 390 6.21886679809e-06
245 391 0.000155471669952
245 392 0.0
245 393 6.21886679809e-06
245 394 0.0
245 395 5.59698011828e-05
245 396 0.0
245 397 9.95018687695e-05
245 398 0.0
245 399 6.21886679809e-06
245 400 0.0
246 0 0.0
246 1 2.48754671924e-05
246 2 0.0
246 3 2.48754671924e-05
246 4 0.0
246 5 0.000155471669952
246 6 0.0
246 7 0.000223879204731
246 8 0.0
246 9 2.48754671924e-05
246 10 0.0
246 11 0.000503728210645
246 12 0.0
246 13 5.59698011828e-05
246 14 0.0
246 15 2.48754671924e-05
246 16 0.0
246 17 0.000155471669952
246 18 0.0
246 19 6.21886679809e-06
246 20 0.0
246 21 2.48754671924e-05
246 22 0.0
246 23 6.21886679809e-06
246 24 0.0
246 25 6.21886679809e-06
246 26 0.0
246 27 6.21886679809e-06
246 28 0.0
246 29 0.000304724473107
246 30 0.0
246 31 9.95018687695e-05
246 32 0.0
246 33 2.48754671924e-05
246 34 0.0
246 35 6.21886679809e-06
246 36 0.0
246 37 0.000621886679809
246 38 0.0
246 39 0.000223879204731
246 40 0.0
246 41 6.21886679809e-06
246 42 0.0
246 43 5.59698011828e-05
246 44 0.0
246 45 0.0
246 46 0.0
246 47 6.21886679809e-06
246 48 0.0
246 49 0.0
246 50 0.0
246 51 0.0
246 52 0.0
246 53 0.0
246 54 0.0
246 55 6.21886679809e-06
246 56 0.0
246 57 6.21886679809e-06
246 58 0.0
246 59 0.000155471669952
246 60 0.0
246 61 0.000895516818925
246 62 0.0
246 63 0.000223879204731
246 64 0.0
246 65 0.000304724473107
246 66 0.0
246 67 0.000398007475078
246 68 0.0
246 69 9.95018687695e-05
246 70 0.0
246 71 6.21886679809e-06
246 72 0.0
246 73 2.48754671924e-05
246 74 0.0
246 75 0.0
246 76 0.0
246 77 6.21886679809e-06
246 78 0.0
246 79 0.0
246 80 0.0
246 81 0.0
246 82 0.0
246 83 0.0
246 84 0.0
246 85 0.000304724473107
246 86 0.0
246 87 0.000621886679809
246 88 0.0
246 89 0.00179725250465
246 90 0.0
246 91 9.95018687695e-05
246 92 0.0
246 93 0.000752482882569
246 94 0.0
246 95 0.00179725250465
246 96 0.0
246 97 5.59698011828e-05
246 98 0.0
246 99 0.0
246 100 0.0
246 101 6.21886679809e-06
246 102 0.0
246 103 6.21886679809e-06
246 104 0.0
246 105 0.0
246 106 0.0
246 107 0.0
246 108 0.0
246 109 0.000304724473107
246 110 0.0
246 111 0.000155471669952
246 112 0.0
246 113 2.48754671924e-05
246 114 0.0
246 115 0.00453355389581
246 116 0.0
246 117 0.00201491284258
246 118 0.0
246 119 0.000304724473107
246 120 0.0
246 121 0.0
246 122 0.0
246 123 0.0
246 124 0.0
246 125 0.0
246 126 0.0
246 127 0.00201491284258
246 128 0.0
246 129 0.00898004365644
246 130 0.0
246 131 0.0048755915697
246 132 0.0
246 133 0.00761811182766
246 134 0.0
246 135 0.000752482882569
246 136 0.0
246 137 6.21886679809e-06
246 138 0.0
246 139 0.0
246 140 0.0
246 141 0.0
246 142 0.0
246 143 0.0
246 144 0.0
246 145 6.21886679809e-06
246 146 0.0
246 147 0.0
246 148 0.0
246 149 0.0
246 150 0.0
246 151 0.00420395395551
246 152 0.0
246 153 0.00805965137033
246 154 0.0
246 155 0.0231404033557
246 156 0.0
246 157 6.21886679809e-06
246 158 0.0
246 159 0.0
246 160 0.0
246 161 6.21886679809e-06
246 162 0.0
246 163 0.0
246 164 0.0
246 165 0.0
246 166 0.0
246 167 0.0
246 168 0.0
246 169 0.0
246 170 0.0
246 171 0.0
246 172 0.0
246 173 6.21886679809e-06
246 174 0.0
246 175 0.0
246 176 0.0
246 177 6.21886679809e-06
246 178 0.0
246 179 6.21886679809e-06
246 180 0.0
246 181 6.21886679809e-06
246 182 0.0
246 183 0.0
246 184 0.0
246 185 0.0
246 186 0.0
246 187 0.0
246 188 0.0
246 189 0.0
246 190 0.0
246 191 0.0
246 192 0.0
246 193 6.21886679809e-06
246 194 0.0
246 195 0.0
246 196 0.0
246 197 6.21886679809e-06
246 198 0.0
246 199 0.0
246 200 0.0
246 201 0.0
246 202 0.0
246 203 0.0
246 204 0.0
246 205 0.0
246 206 0.0
246 207 0.0
246 208 0.0
246 209 0.0
246 210 0.0
246 211 0.0
246 212 0.0
246 213 0.0
246 214 0.0
246 215 0.0
246 216 0.0
246 217 0.0
246 218 0.0
246 219 0.0
246 220 0.0
246 221 0.0
246 222 0.0
246 223 0.0
246 224 0.0
246 225 0.0
246 226 0.0
246 227 0.0
246 228 0.0
246 229 0.0
246 230 0.0
246 231 0.0
246 232 0.0
246 233 0.0
246 234 0.0
246 235 0.0
246 236 0.0
246 237 0.0
246 238 0.0
246 239 0.0
246 240 0.0
246 241 0.0
246 242 0.0
246 243 0.0
246 244 0.0
246 245 0.0
246 246 0.0
246 247 0.0
246 248 0.0
246 249 0.0
246 250 0.0
246 251 0.0
246 252 0.0
246 253 0.0
246 254 0.0
246 255 0.0
246 256 0.0
246 257 0.0
246 258 0.0
246 259 0.000155471669952
246 260 0.0
246 261 0.000895516818925
246 262 0.0
246 263 0.000895516818925
246 264 0.0
246 265 0.025472478405
246 266 0.0
246 267 0.0035820672757
246 268 0.0
246 269 5.59698011828e-05
246 270 0.0
246 271 6.21886679809e-06
246 272 0.0
246 273 0.0
246 274 0.0
246 275 6.21886679809e-06
246 276 0.0
246 277 5.59698011828e-05
246 278 0.0
246 279 2.48754671924e-05
246 280 0.0
246 281 6.21886679809e-06
246 282 0.0
246 283 0.000895516818925
246 284 0.0
246 285 0.00388679174881
246 286 0.0
246 287 0.000752482882569
246 288 0.0
246 289 0.0035820672757
246 290 0.0
246 291 0.000621886679809
246 292 0.0
246 293 5.59698011828e-05
246 294 0.0
246 295 6.21886679809e-06
246 296 0.0
246 297 0.0
246 298 0.0
246 299 6.21886679809e-06
246 300 0.0
246 301 0.000155471669952
246 302 0.0
246 303 9.95018687695e-05
246 304 0.0
246 305 2.48754671924e-05
246 306 0.0
246 307 0.00453355389581
246 308 0.0
246 309 0.00139924502957
246 310 0.0
246 311 0.000155471669952
246 312 0.0
246 313 0.0
246 314 0.0
246 315 6.21886679809e-06
246 316 0.0
246 317 2.48754671924e-05
246 318 0.0
246 319 6.21886679809e-06
246 320 0.0
246 321 2.48754671924e-05
246 322 0.0
246 323 6.21886679809e-06
246 324 0.0
246 325 0.00139924502957
246 326 0.0
246 327 0.00139924502957
246 328 0.0
246 329 9.95018687695e-05
246 330 0.0
246 331 6.21886679809e-06
246 332 0.0
246 333 2.48754671924e-05
246 334 0.0
246 335 0.0
246 336 0.0
246 337 0.0
246 338 0.0
246 339 0.0
246 340 0.0
246 341 0.000304724473107
246 342 0.0
246 343 0.00139924502957
246 344 0.0
246 345 0.000304724473107
246 346 0.0
246 347 9.95018687695e-05
246 348 0.0
246 349 0.000895516818925
246 350 0.0
246 351 0.000621886679809
246 352 0.0
246 353 0.000155471669952
246 354 0.0
246 355 6.21886679809e-06
246 356 0.0
246 357 0.0
246 358 0.0
246 359 0.0
246 360 0.0
246 361 0.0
246 362 0.0
246 363 2.48754671924e-05
246 364 0.0
246 365 6.21886679809e-06
246 366 0.0
246 367 0.000304724473107
246 368 0.0
246 369 0.000155471669952
246 370 0.0
246 371 0.000398007475078
246 372 0.0
246 373 0.000155471669952
246 374 0.0
246 375 9.95018687695e-05
246 376 0.0
246 377 2.48754671924e-05
246 378 0.0
246 379 0.0
246 380 0.0
246 381 5.59698011828e-05
246 382 0.0
246 383 2.48754671924e-05
246 384 0.0
246 385 5.59698011828e-05
246 386 0.0
246 387 2.48754671924e-05
246 388 0.0
246 389 0.0
246 390 0.0
246 391 0.000223879204731
246 392 0.0
246 393 6.21886679809e-06
246 394 0.0
246 395 5.59698011828e-05
246 396 0.0
246 397 9.95018687695e-05
246 398 0.0
246 399 6.21886679809e-06
246 400 0.0
247 0 0.0
247 1 2.48754671924e-05
247 2 0.0
247 3 2.48754671924e-05
247 4 0.0
247 5 0.000155471669952
247 6 0.0
247 7 0.000223879204731
247 8 6.21886679809e-06
247 9 5.59698011828e-05
247 10 0.0
247 11 0.000503728210645
247 12 6.21886679809e-06
247 13 5.59698011828e-05
247 14 0.0
247 15 2.48754671924e-05
247 16 0.0
247 17 0.000155471669952
247 18 0.0
247 19 6.21886679809e-06
247 20 0.0
247 21 2.48754671924e-05
247 22 0.0
247 23 6.21886679809e-06
247 24 0.0
247 25 6.21886679809e-06
247 26 0.0
247 27 6.21886679809e-06
247 28 0.0
247 29 0.000304724473107
247 30 0.0
247 31 9.95018687695e-05
247 32 0.0
247 33 2.48754671924e-05
247 34 0.0
247 35 6.21886679809e-06
247 36 0.0
247 37 0.000621886679809
247 38 0.0
247 39 0.000223879204731
247 40 0.0
247 41 6.21886679809e-06
247 42 0.0
247 43 5.59698011828e-05
247 44 0.0
247 45 0.0
247 46 0.0
247 47 6.21886679809e-06
247 48 0.0
247 49 0.0
247 50 0.0
247 51 0.0
247 52 0.0
247 53 0.0
247 54 0.0
247 55 6.21886679809e-06
247 56 0.0
247 57 6.21886679809e-06
247 58 0.0
247 59 0.000155471669952
247 60 0.0
247 61 0.000895516818925
247 62 0.0
247 63 0.000223879204731
247 64 0.0
247 65 0.000304724473107
247 66 0.0
247 67 0.000398007475078
247 68 0.0
247 69 9.95018687695e-05
247 70 0.0
247 71 6.21886679809e-06
247 72 0.0
247 73 2.48754671924e-05
247 74 0.0
247 75 0.0
247 76 0.0
247 77 6.21886679809e-06
247 78 0.0
247 79 0.0
247 80 0.0
247 81 0.0
247 82 0.0
247 83 0.0
247 84 0.0
247 85 0.000304724473107
247 86 0.0
247 87 0.000621886679809
247 88 0.0
247 89 0.00179725250465
247 90 0.0
247 91 9.95018687695e-05
247 92 0.0
247 93 0.000752482882569
247 94 0.0
247 95 0.00179725250465
247 96 0.0
247 97 5.59698011828e-05
247 98 0.0
247 99 0.0
247 100 0.0
247 101 6.21886679809e-06
247 102 0.0
247 103 6.21886679809e-06
247 104 0.0
247 105 0.0
247 106 0.0
247 107 0.0
247 108 0.0
247 109 0.000304724473107
247 110 0.0
247 111 0.000155471669952
247 112 6.21886679809e-06
247 113 6.21886679809e-06
247 114 0.0
247 115 0.00453355389581
247 116 0.0
247 117 0.00201491284258
247 118 0.0
247 119 0.000304724473107
247 120 0.0
247 121 0.0
247 122 0.0
247 123 0.0
247 124 0.0
247 125 0.0
247 126 0.0
247 127 0.00201491284258
247 128 0.0
247 129 0.0094588963999
247 130 6.21886679809e-06
247 131 0.0048755915697
247 132 0.0
247 133 0.00718901001859
247 134 6.21886679809e-06
247 135 0.000895516818925
247 136 0.0
247 137 6.21886679809e-06
247 138 0.0
247 139 0.0
247 140 0.0
247 141 0.0
247 142 0.0
247 143 0.0
247 144 0.0
247 145 6.21886679809e-06
247 146 0.0
247 147 0.0
247 148 0.0
247 149 0.0
247 150 6.21886679809e-06
247 151 0.00559698011828
247 152 6.21886679809e-06
247 153 0.00761811182766
247 154 6.21886679809e-06
247 155 0.0188120720642
247 156 0.00139924502957
247 157 0.00224501091411
247 158 0.00328978053619
247 159 0.00328978053619
247 160 0.00328978053619
247 161 0.00300993153028
247 162 0.00328978053619
247 163 0.00328978053619
247 164 0.00328978053619
247 165 0.00328978053619
247 166 0.00328978053619
247 167 0.00328978053619
247 168 0.00328978053619
247 169 0.00328978053619
247 170 0.00328978053619
247 171 0.00300993153028
247 172 0.00300993153028
247 173 0.00274252025796
247 174 0.00300993153028
247 175 0.00300993153028
247 176 0.00300993153028
247 177 0.00274252025796
247 178 0.00300993153028
247 179 0.00300993153028
247 180 0.00328978053619
247 181 0.00300993153028
247 182 0.00328978053619
247 183 0.00328978053619
247 184 0.00328978053619
247 185 0.00300993153028
247 186 0.00300993153028
247 187 0.00300993153028
247 188 0.00300993153028
247 189 0.00300993153028
247 190 0.00300993153028
247 191 0.00300993153028
247 192 0.00300993153028
247 193 0.00300993153028
247 194 0.00328978053619
247 195 0.00328978053619
247 196 0.00328978053619
247 197 0.00300993153028
247 198 0.00328978053619
247 199 0.00328978053619
247 200 0.00328978053619
247 201 0.00328978053619
247 202 0.00328978053619
247 203 0.00328978053619
247 204 0.00328978053619
247 205 0.00328978053619
247 206 0.00328978053619
247 207 0.00328978053619
247 208 0.00328978053619
247 209 0.00328978053619
247 210 0.00328978053619
247 211 0.00328978053619
247 212 0.00328978053619
247 213 0.00328978053619
247 214 0.00328978053619
247 215 0.00328978053619
247 216 0.00328978053619
247 217 0.00328978053619
247 218 0.00328978053619
247 219 0.00328978053619
247 220 0.00328978053619
247 221 0.00328978053619
247 222 0.00328978053619
247 223 0.00328978053619
247 224 0.00328978053619
247 225 0.00328978053619
247 226 0.00328978053619
247 227 0.00328978053619
247 228 0.00328978053619
247 229 0.00328978053619
247 230 0.00328978053619
247 231 0.00328978053619
247 232 0.00328978053619
247 233 0.00328978053619
247 234 0.00328978053619
247 235 0.00328978053619
247 236 0.00328978053619
247 237 0.00328978053619
247 238 0.00328978053619
247 239 0.00328978053619
247 240 0.00328978053619
247 241 0.00328978053619
247 242 0.00328978053619
247 243 0.00328978053619
247 244 0.00328978053619
247 245 0.00328978053619
247 246 0.00328978053619
247 247 0.00328978053619
247 248 0.00328978053619
247 249 0.00328978053619
247 250 0.00328978053619
247 251 0.00328978053619
247 252 0.00328978053619
247 253 0.00300993153028
247 254 0.00328978053619
247 255 0.00328978053619
247 256 0.00328978053619
247 257 0.00274252025796
247 258 0.00224501091411
247 259 0.00105098848888
247 260 0.00224501091411
247 261 0.00761811182766
247 262 0.00201491284258
247 263 0.00274252025796
247 264 0.000223879204731
247 265 0.0322386054813
247 266 0.000304724473107
247 267 0.00274252025796
247 268 6.21886679809e-06
247 269 6.21886679809e-06
247 270 0.0
247 271 6.21886679809e-06
247 272 0.0
247 273 0.0
247 274 0.0
247 275 6.21886679809e-06
247 276 0.0
247 277 5.59698011828e-05
247 278 0.0
247 279 2.48754671924e-05
247 280 0.0
247 281 6.21886679809e-06
247 282 0.0
247 283 0.000895516818925
247 284 0.0
247 285 0.00388679174881
247 286 0.0
247 287 0.000752482882569
247 288 0.0
247 289 0.0035820672757
247 290 0.0
247 291 0.000621886679809
247 292 0.0
247 293 5.59698011828e-05
247 294 0.0
247 295 6.21886679809e-06
247 296 0.0
247 297 0.0
247 298 0.0
247 299 6.21886679809e-06
247 300 0.0
247 301 0.000155471669952
247 302 0.0
247 303 9.95018687695e-05
247 304 0.0
247 305 2.48754671924e-05
247 306 0.0
247 307 0.00453355389581
247 308 0.0
247 309 0.00139924502957
247 310 0.0
247 311 0.000155471669952
247 312 0.0
247 313 0.0
247 314 0.0
247 315 6.21886679809e-06
247 316 0.0
247 317 2.48754671924e-05
247 318 0.0
247 319 6.21886679809e-06
247 320 0.0
247 321 2.48754671924e-05
247 322 0.0
247 323 6.21886679809e-06
247 324 0.0
247 325 0.00139924502957
247 326 0.0
247 327 0.00139924502957
247 328 0.0
247 329 9.95018687695e-05
247 330 0.0
247 331 6.21886679809e-06
247 332 0.0
247 333 2.48754671924e-05
247 334 0.0
247 335 0.0
247 336 0.0
247 337 0.0
247 338 0.0
247 339 0.0
247 340 0.0
247 341 0.000304724473107
247 342 0.0
247 343 0.00139924502957
247 344 0.0
247 345 0.000304724473107
247 346 0.0
247 347 9.95018687695e-05
247 348 0.0
247 349 0.000895516818925
247 350 0.0
247 351 0.000621886679809
247 352 0.0
247 353 0.000155471669952
247 354 0.0
247 355 6.21886679809e-06
247 356 0.0
247 357 0.0
247 358 0.0
247 359 0.0
247 360 0.0
247 361 0.0
247 362 0.0
247 363 2.48754671924e-05
247 364 0.0
247 365 6.21886679809e-06
247 366 0.0
247 367 0.000304724473107
247 368 0.0
247 369 0.000155471669952
247 370 6.21886679809e-06
247 371 0.000304724473107
247 372 0.0
247 373 0.000155471669952
247 374 6.21886679809e-06
247 375 0.000155471669952
247 376 0.0
247 377 2.48754671924e-05
247 378 0.0
247 379 0.0
247 380 0.0
247 381 5.59698011828e-05
247 382 0.0
247 383 2.48754671924e-05
247 384 0.0
247 385 5.59698011828e-05
247 386 0.0
247 387 2.48754671924e-05
247 388 0.0
247 389 0.0
247 390 0.0
247 391 0.000223879204731
247 392 0.0
247 393 0.0
247 394 6.21886679809e-06
247 395 2.48754671924e-05
247 396 0.0
247 397 9.95018687695e-05
247 398 0.0
247 399 6.21886679809e-06
247 400 0.0
248 0 0.0
248 1 2.48754671924e-05
248 2 0.0
248 3 2.48754671924e-05
248 4 0.0
248 5 0.000155471669952
248 6 0.0
248 7 0.000304724473107
248 8 0.0
248 9 2.48754671924e-05
248 10 0.0
248 11 0.000503728210645
248 12 0.0
248 13 5.59698011828e-05
248 14 0.0
248 15 2.48754671924e-05
248 16 0.0
248 17 0.000155471669952
248 18 0.0
248 19 6.21886679809e-06
248 20 0.0
248 21 2.48754671924e-05
248 22 0.0
248 23 6.21886679809e-06
248 24 0.0
248 25 6.21886679809e-06
248 26 0.0
248 27 6.21886679809e-06
248 28 0.0
248 29 0.000304724473107
248 30 0.0
248 31 9.95018687695e-05
248 32 0.0
248 33 2.48754671924e-05
248 34 0.0
248 35 6.21886679809e-06
248 36 0.0
248 37 0.000621886679809
248 38 0.0
248 39 0.000223879204731
248 40 0.0
248 41 6.21886679809e-06
248 42 0.0
248 43 5.59698011828e-05
248 44 0.0
248 45 0.0
248 46 0.0
248 47 6.21886679809e-06
248 48 0.0
248 49 0.0
248 50 0.0
248 51 0.0
248 52 0.0
248 53 0.0
248 54 0.0
248 55 6.21886679809e-06
248 56 0.0
248 57 6.21886679809e-06
248 58 0.0
248 59 0.000155471669952
248 60 0.0
248 61 0.000895516818925
248 62 0.0
248 63 0.000223879204731
248 64 0.0
248 65 0.000304724473107
248 66 0.0
248 67 0.000398007475078
248 68 0.0
248 69 9.95018687695e-05
248 70 0.0
248 71 6.21886679809e-06
248 72 0.0
248 73 2.48754671924e-05
248 74 0.0
248 75 0.0
248 76 0.0
248 77 6.21886679809e-06
248 78 0.0
248 79 0.0
248 80 0.0
248 81 0.0
248 82 0.0
248 83 0.0
248 84 0.0
248 85 0.000304724473107
248 86 0.0
248 87 0.000621886679809
248 88 0.0
248 89 0.00179725250465
248 90 0.0
248 91 9.95018687695e-05
248 92 0.0
248 93 0.000752482882569
248 94 0.0
248 95 0.00179725250465
248 96 0.0
248 97 5.59698011828e-05
248 98 0.0
248 99 0.0
248 100 0.0
248 101 6.21886679809e-06
248 102 0.0
248 103 6.21886679809e-06
248 104 0.0
248 105 0.0
248 106 0.0
248 107 0.0
248 108 0.0
248 109 0.000304724473107
248 110 0.0
248 111 0.000155471669952
248 112 0.0
248 113 6.21886679809e-06
248 114 0.0
248 115 0.00453355389581
248 116 0.0
248 117 0.00201491284258
248 118 0.0
248 119 0.000304724473107
248 120 0.0
248 121 0.0
248 122 0.0
248 123 0.0
248 124 0.0
248 125 0.0
248 126 0.0
248 127 0.00201491284258
248 128 0.0
248 129 0.00898004365644
248 130 0.0
248 131 0.0048755915697
248 132 0.0
248 133 0.00761811182766
248 134 0.0
248 135 0.000752482882569
248 136 0.0
248 137 6.21886679809e-06
248 138 0.0
248 139 0.0
248 140 0.0
248 141 0.0
248 142 0.0
248 143 0.0
248 144 0.0
248 145 6.21886679809e-06
248 146 0.0
248 147 0.0
248 148 0.0
248 149 0.0
248 150 0.0
248 151 0.00559698011828
248 152 0.0
248 153 0.00636811960125
248 154 0.0
248 155 0.0188120720642
248 156 0.0
248 157 0.000155471669952
248 158 0.0
248 159 0.0
248 160 0.0
248 161 6.21886679809e-06
248 162 0.0
248 163 0.0
248 164 0.0
248 165 0.0
248 166 0.0
248 167 0.0
248 168 0.0
248 169 0.0
248 170 0.0
248 171 0.0
248 172 0.0
248 173 6.21886679809e-06
248 174 0.0
248 175 6.21886679809e-06
248 176 0.0
248 177 0.0
248 178 0.0
248 179 0.0
248 180 0.0
248 181 6.21886679809e-06
248 182 0.0
248 183 0.0
248 184 0.0
248 185 0.0
248 186 0.0
248 187 0.0
248 188 0.0
248 189 0.0
248 190 0.0
248 191 0.0
248 192 0.0
248 193 6.21886679809e-06
248 194 0.0
248 195 0.0
248 196 0.0
248 197 6.21886679809e-06
248 198 0.0
248 199 0.0
248 200 0.0
248 201 0.0
248 202 0.0
248 203 0.0
248 204 0.0
248 205 0.0
248 206 0.0
248 207 0.0
248 208 0.0
248 209 0.0
248 210 0.0
248 211 0.0
248 212 0.0
248 213 0.0
248 214 0.0
248 215 0.0
248 216 0.0
248 217 0.0
248 218 0.0
248 219 0.0
248 220 0.0
248 221 0.0
248 222 0.0
248 223 0.0
248 224 0.0
248 225 0.0
248 226 0.0
248 227 0.0
248 228 0.0
248 229 0.0
248 230 0.0
248 231 0.0
248 232 0.0
248 233 0.0
248 234 0.0
248 235 0.0
248 236 0.0
248 237 0.0
248 238 0.0
248 239 0.0
248 240 0.0
248 241 0.0
248 242 0.0
248 243 0.0
248 244 0.0
248 245 0.0
248 246 0.0
248 247 0.0
248 248 0.0
248 249 0.0
248 250 0.0
248 251 0.0
248 252 0.0
248 253 6.21886679809e-06
248 254 0.0
248 255 0.0
248 256 0.0
248 257 5.59698011828e-05
248 258 0.0
248 259 9.95018687695e-05
248 260 0.0
248 261 0.000621886679809
248 262 0.0
248 263 0.00159202990031
248 264 0.0
248 265 0.0262747122219
248 266 0.0
248 267 0.00328978053619
248 268 0.0
248 269 2.48754671924e-05
248 270 0.0
248 271 6.21886679809e-06
248 272 0.0
248 273 0.0
248 274 0.0
248 275 6.21886679809e-06
248 276 0.0
248 277 5.59698011828e-05
248 278 0.0
248 279 2.48754671924e-05
248 280 0.0
248 281 6.21886679809e-06
248 282 0.0
248 283 0.000895516818925
248 284 0.0
248 285 0.00388679174881
248 286 0.0
248 287 0.000752482882569
248 288 0.0
248 289 0.0035820672757
248 290 0.0
248 291 0.000621886679809
248 292 0.0
248 293 5.59698011828e-05
248 294 0.0
248 295 6.21886679809e-06
248 296 0.0
248 297 0.0
248 298 0.0
248 299 6.21886679809e-06
248 300 0.0
248 301 0.000155471669952
248 302 0.0
248 303 9.95018687695e-05
248 304 0.0
248 305 2.48754671924e-05
248 306 0.0
248 307 0.00453355389581
248 308 0.0
248 309 0.00139924502957
248 310 0.0
248 311 0.000155471669952
248 312 0.0
248 313 0.0
248 314 0.0
248 315 6.21886679809e-06
248 316 0.0
248 317 2.48754671924e-05
248 318 0.0
248 319 6.21886679809e-06
248 320 0.0
248 321 2.48754671924e-05
248 322 0.0
248 323 6.21886679809e-06
248 324 0.0
248 325 0.00139924502957
248 326 0.0
248 327 0.00139924502957
248 328 0.0
248 329 9.95018687695e-05
248 330 0.0
248 331 6.21886679809e-06
248 332 0.0
248 333 2.48754671924e-05
248 334 0.0
248 335 0.0
248 336 0.0
248 337 0.0
248 338 0.0
248 339 0.0
248 340 0.0
248 341 0.000304724473107
248 342 0.0
248 343 0.00139924502957
248 344 0.0
248 345 0.000304724473107
248 346 0.0
248 347 9.95018687695e-05
248 348 0.0
248 349 0.000895516818925
248 350 0.0
248 351 0.000621886679809
248 352 0.0
248 353 0.000155471669952
248 354 0.0
248 355 6.21886679809e-06
248 356 0.0
248 357 0.0
248 358 0.0
248 359 0.0
248 360 0.0
248 361 0.0
248 362 0.0
248 363 2.48754671924e-05
248 364 0.0
248 365 6.21886679809e-06
248 366 0.0
248 367 0.000304724473107
248 368 0.0
248 369 0.000155471669952
248 370 0.0
248 371 0.000398007475078
248 372 0.0
248 373 0.000155471669952
248 374 0.0
248 375 9.95018687695e-05
248 376 0.0
248 377 2.48754671924e-05
248 378 0.0
248 379 0.0
248 380 0.0
248 381 5.59698011828e-05
248 382 0.0
248 383 2.48754671924e-05
248 384 0.0
248 385 5.59698011828e-05
248 386 0.0
248 387 2.48754671924e-05
248 388 0.0
248 389 0.0
248 390 0.0
248 391 0.000223879204731
248 392 0.0
248 393 0.0
248 394 0.0
248 395 2.48754671924e-05
248 396 0.0
248 397 9.95018687695e-05
248 398 0.0
248 399 6.21886679809e-06
248 400 0.0
249 0 0.0
249 1 2.48754671924e-05
249 2 0.0
249 3 2.48754671924e-05
249 4 0.0
249 5 0.000155471669952
249 6 0.0
249 7 0.000304724473107
249 8 0.0
249 9 5.59698011828e-05
249 10 6.21886679809e-06
249 11 0.000398007475078
249 12 6.21886679809e-06
249 13 2.48754671924e-05
249 14 0.0
249 15 2.48754671924e-05
249 16 0.0
249 17 0.000155471669952
249 18 0.0
249 19 6.21886679809e-06
249 20 0.0
249 21 2.48754671924e-05
249 22 0.0
249 23 6.21886679809e-06
249 24 0.0
249 25 6.21886679809e-06
249 26 0.0
249 27 6.21886679809e-06
249 28 0.0
249 29 0.000304724473107
249 30 0.0
249 31 9.95018687695e-05
249 32 0.0
249 33 2.48754671924e-05
249 34 0.0
249 35 6.21886679809e-06
249 36 0.0
249 37 0.000621886679809
249 38 0.0
249 39 0.000223879204731
249 40 0.0
249 41 6.21886679809e-06
249 42 0.0
249 43 5.59698011828e-05
249 44 0.0
249 45 0.0
249 46 0.0
249 47 6.21886679809e-06
249 48 0.0
249 49 0.0
249 50 0.0
249 51 0.0
249 52 0.0
249 53 0.0
249 54 0.0
249 55 6.21886679809e-06
249 56 0.0
249 57 6.21886679809e-06
249 58 0.0
249 59 0.000155471669952
249 60 0.0
249 61 0.000895516818925
249 62 0.0
249 63 0.000223879204731
249 64 0.0
249 65 0.000304724473107
249 66 0.0
249 67 0.000398007475078
249 68 0.0
249 69 9.95018687695e-05
249 70 0.0
249 71 6.21886679809e-06
249 72 0.0
249 73 2.48754671924e-05
249 74 0.0
249 75 0.0
249 76 0.0
249 77 6.21886679809e-06
249 78 0.0
249 79 0.0
249 80 0.0
249 81 0.0
249 82 0.0
249 83 0.0
249 84 0.0
249 85 0.000304724473107
249 86 0.0
249 87 0.000621886679809
249 88 0.0
249 89 0.00179725250465
249 90 0.0
249 91 9.95018687695e-05
249 92 0.0
249 93 0.000752482882569
249 94 0.0
249 95 0.00179725250465
249 96 0.0
249 97 5.59698011828e-05
249 98 0.0
249 99 0.0
249 100 0.0
249 101 6.21886679809e-06
249 102 0.0
249 103 6.21886679809e-06
249 104 0.0
249 105 0.0
249 106 0.0
249 107 0.0
249 108 0.0
249 109 0.000304724473107
249 110 0.0
249 111 0.000223879204731
249 112 0.0
249 113 2.48754671924e-05
249 114 0.0
249 115 0.00453355389581
249 116 0.0
249 117 0.00201491284258
249 118 0.0
249 119 0.000304724473107
249 120 0.0
249 121 0.0
249 122 0.0
249 123 0.0
249 124 0.0
249 125 0.0
249 126 0.0
249 127 0.00201491284258
249 128 6.21886679809e-06
249 129 0.0094588963999
249 130 6.21886679809e-06
249 131 0.0048755915697
249 132 6.21886679809e-06
249 133 0.00761811182766
249 134 0.0
249 135 0.000752482882569
249 136 0.0
249 137 6.21886679809e-06
249 138 0.0
249 139 0.0
249 140 0.0
249 141 0.0
249 142 0.0
249 143 0.0
249 144 0.0
249 145 6.21886679809e-06
249 146 0.0
249 147 0.0
249 148 0.0
249 149 6.21886679809e-06
249 150 6.21886679809e-06
249 151 0.00636811960125
249 152 0.000223879204731
249 153 0.0052300669772
249 154 0.000621886679809
249 155 0.0155471669952
249 156 0.000398007475078
249 157 0.000155471669952
249 158 2.48754671924e-05
249 159 2.48754671924e-05
249 160 2.48754671924e-05
249 161 5.59698011828e-05
249 162 2.48754671924e-05
249 163 2.48754671924e-05
249 164 2.48754671924e-05
249 165 2.48754671924e-05
249 166 2.48754671924e-05
249 167 2.48754671924e-05
249 168 2.48754671924e-05
249 169 2.48754671924e-05
249 170 2.48754671924e-05
249 171 6.21886679809e-06
249 172 6.21886679809e-06
249 173 6.21886679809e-06
249 174 6.21886679809e-06
249 175 6.21886679809e-06
249 176 6.21886679809e-06
249 177 6.21886679809e-06
249 178 2.48754671924e-05
249 179 2.48754671924e-05
249 180 2.48754671924e-05
249 181 2.48754671924e-05
249 182 2.48754671924e-05
249 183 2.48754671924e-05
249 184 2.48754671924e-05
249 185 6.21886679809e-06
249 186 6.21886679809e-06
249 187 6.21886679809e-06
249 188 6.21886679809e-06
249 189 6.21886679809e-06
249 190 6.21886679809e-06
249 191 6.21886679809e-06
249 192 2.48754671924e-05
249 193 2.48754671924e-05
249 194 2.48754671924e-05
249 195 2.48754671924e-05
249 196 2.48754671924e-05
249 197 2.48754671924e-05
249 198 2.48754671924e-05
249 199 2.48754671924e-05
249 200 2.48754671924e-05
249 201 2.48754671924e-05
249 202 2.48754671924e-05
249 203 2.48754671924e-05
249 204 2.48754671924e-05
249 205 2.48754671924e-05
249 206 2.48754671924e-05
249 207 5.59698011828e-05
249 208 2.48754671924e-05
249 209 2.48754671924e-05
249 210 2.48754671924e-05
249 211 2.48754671924e-05
249 212 2.48754671924e-05
249 213 2.48754671924e-05
249 214 2.48754671924e-05
249 215 2.48754671924e-05
249 216 2.48754671924e-05
249 217 2.48754671924e-05
249 218 2.48754671924e-05
249 219 2.48754671924e-05
249 220 2.48754671924e-05
249 221 2.48754671924e-05
249 222 2.48754671924e-05
249 223 2.48754671924e-05
249 224 2.48754671924e-05
249 225 2.48754671924e-05
249 226 2.48754671924e-05
249 227 2.48754671924e-05
249 228 2.48754671924e-05
249 229 2.48754671924e-05
249 230 2.48754671924e-05
249 231 2.48754671924e-05
249 232 2.48754671924e-05
249 233 2.48754671924e-05
249 234 2.48754671924e-05
249 235 2.48754671924e-05
249 236 2.48754671924e-05
249 237 2.48754671924e-05
249 238 2.48754671924e-05
249 239 2.48754671924e-05
249 240 2.48754671924e-05
249 241 2.48754671924e-05
249 242 2.48754671924e-05
249 243 2.48754671924e-05
249 244 2.48754671924e-05
249 245 2.48754671924e-05
249 246 2.48754671924e-05
249 247 2.48754671924e-05
249 248 2.48754671924e-05
249 249 2.48754671924e-05
249 250 5.59698011828e-05
249 251 2.48754671924e-05
249 252 2.48754671924e-05
249 253 5.59698011828e-05
249 254 2.48754671924e-05
249 255 2.48754671924e-05
249 256 9.95018687695e-05
249 257 0.000398007475078
249 258 0.000223879204731
249 259 0.000398007475078
249 260 0.000223879204731
249 261 2.48754671924e-05
249 262 0.000304724473107
249 263 9.95018687695e-05
249 264 0.00139924502957
249 265 0.0161752725418
249 266 0.000398007475078
249 267 0.00636811960125
249 268 6.21886679809e-06
249 269 0.000304724473107
249 270 0.0
249 271 6.21886679809e-06
249 272 0.0
249 273 0.0
249 274 0.0
249 275 6.21886679809e-06
249 276 0.0
249 277 5.59698011828e-05
249 278 0.0
249 279 2.48754671924e-05
249 280 0.0
249 281 6.21886679809e-06
249 282 0.0
249 283 0.000895516818925
249 284 0.0
249 285 0.00388679174881
249 286 0.0
249 287 0.000752482882569
249 288 0.0
249 289 0.0035820672757
249 290 0.0
249 291 0.000621886679809
249 292 0.0
249 293 5.59698011828e-05
249 294 0.0
249 295 6.21886679809e-06
249 296 0.0
249 297 0.0
249 298 0.0
249 299 6.21886679809e-06
249 300 0.0
249 301 0.000155471669952
249 302 0.0
249 303 9.95018687695e-05
249 304 0.0
249 305 2.48754671924e-05
249 306 0.0
249 307 0.00453355389581
249 308 0.0
249 309 0.00139924502957
249 310 0.0
249 311 0.000155471669952
249 312 0.0
249 313 0.0
249 314 0.0
249 315 6.21886679809e-06
249 316 0.0
249 317 2.48754671924e-05
249 318 0.0
249 319 6.21886679809e-06
249 320 0.0
249 321 2.48754671924e-05
249 322 0.0
249 323 6.21886679809e-06
249 324 0.0
249 325 0.00139924502957
249 326 0.0
249 327 0.00139924502957
249 328 0.0
249 329 9.95018687695e-05
249 330 0.0
249 331 6.21886679809e-06
249 332 0.0
249 333 2.48754671924e-05
249 334 0.0
249 335 0.0
249 336 0.0
249 337 0.0
249 338 0.0
249 339 0.0
249 340 0.0
249 341 0.000304724473107
249 342 0.0
249 343 0.00139924502957
249 344 0.0
249 345 0.000304724473107
249 346 0.0
249 347 9.95018687695e-05
249 348 0.0
249 349 0.000895516818925
249 350 0.0
249 351 0.000621886679809
249 352 0.0
249 353 0.000155471669952
249 354 0.0
249 355 6.21886679809e-06
249 356 0.0
249 357 0.0
249 358 0.0
249 359 0.0
249 360 0.0
249 361 0.0
249 362 0.0
249 363 2.48754671924e-05
249 364 0.0
249 365 6.21886679809e-06
249 366 0.0
249 367 0.000304724473107
249 368 0.0
249 369 9.95018687695e-05
249 370 6.21886679809e-06
249 371 0.000304724473107
249 372 6.21886679809e-06
249 373 9.95018687695e-05
249 374 6.21886679809e-06
249 375 9.95018687695e-05
249 376 0.0
249 377 0.0
249 378 0.0
249 379 6.21886679809e-06
249 380 0.0
249 381 5.59698011828e-05
249 382 6.21886679809e-06
249 383 5.59698011828e-05
249 384 6.21886679809e-06
249 385 2.48754671924e-05
249 386 0.0
249 387 2.48754671924e-05
249 388 0.0
249 389 0.0
249 390 0.0
249 391 9.95018687695e-05
249 392 6.21886679809e-06
249 393 6.21886679809e-06
249 394 0.0
249 395 9.95018687695e-05
249 396 0.0
249 397 9.95018687695e-05
249 398 0.0
249 399 6.21886679809e-06
249 400 0.0
250 0 0.0
250 1 2.48754671924e-05
250 2 0.0
250 3 2.48754671924e-05
250 4 0.0
250 5 0.000155471669952
250 6 0.0
250 7 0.000304724473107
250 8 0.0
250 9 2.48754671924e-05
250 10 0.0
250 11 0.000398007475078
250 12 0.0
250 13 2.48754671924e-05
250 14 0.0
250 15 2.48754671924e-05
250 16 0.0
250 17 0.000155471669952
250 18 0.0
250 19 6.21886679809e-06
250 20 0.0
250 21 2.48754671924e-05
250 22 0.0
250 23 6.21886679809e-06
250 24 0.0
250 25 6.21886679809e-06
250 26 0.0
250 27 6.21886679809e-06
250 28 0.0
250 29 0.000304724473107
250 30 0.0
250 31 9.95018687695e-05
250 32 0.0
250 33 2.48754671924e-05
250 34 0.0
250 35 6.21886679809e-06
250 36 0.0
250 37 0.000621886679809
250 38 0.0
250 39 0.000223879204731
250 40 0.0
250 41 6.21886679809e-06
250 42 0.0
250 43 5.59698011828e-05
250 44 0.0
250 45 0.0
250 46 0.0
250 47 6.21886679809e-06
250 48 0.0
250 49 0.0
250 50 0.0
250 51 0.0
250 52 0.0
250 53 0.0
250 54 0.0
250 55 6.21886679809e-06
250 56 0.0
250 57 6.21886679809e-06
250 58 0.0
250 59 0.000155471669952
250 60 0.0
250 61 0.000895516818925
250 62 0.0
250 63 0.000223879204731
250 64 0.0
250 65 0.000304724473107
250 66 0.0
250 67 0.000398007475078
250 68 0.0
250 69 9.95018687695e-05
250 70 0.0
250 71 6.21886679809e-06
250 72 0.0
250 73 2.48754671924e-05
250 74 0.0
250 75 0.0
250 76 0.0
250 77 6.21886679809e-06
250 78 0.0
250 79 0.0
250 80 0.0
250 81 0.0
250 82 0.0
250 83 0.0
250 84 0.0
250 85 0.000304724473107
250 86 0.0
250 87 0.000621886679809
250 88 0.0
250 89 0.00179725250465
250 90 0.0
250 91 9.95018687695e-05
250 92 0.0
250 93 0.000752482882569
250 94 0.0
250 95 0.00179725250465
250 96 0.0
250 97 5.59698011828e-05
250 98 0.0
250 99 0.0
250 100 0.0
250 101 6.21886679809e-06
250 102 0.0
250 103 6.21886679809e-06
250 104 0.0
250 105 0.0
250 106 0.0
250 107 6.21886679809e-06
250 108 0.0
250 109 0.000398007475078
250 110 0.0
250 111 0.000223879204731
250 112 0.0
250 113 5.59698011828e-05
250 114 0.0
250 115 0.00453355389581
250 116 0.0
250 117 0.00201491284258
250 118 0.0
250 119 0.000304724473107
250 120 0.0
250 121 0.0
250 122 0.0
250 123 0.0
250 124 0.0
250 125 0.0
250 126 0.0
250 127 0.00179725250465
250 128 0.0
250 129 0.00851362864659
250 130 0.0
250 131 0.0048755915697
250 132 0.0
250 133 0.00851362864659
250 134 0.0
250 135 0.000621886679809
250 136 0.0
250 137 6.21886679809e-06
250 138 0.0
250 139 0.0
250 140 0.0
250 141 0.0
250 142 0.0
250 143 0.0
250 144 0.0
250 145 0.0
250 146 0.0
250 147 0.0
250 148 0.0
250 149 6.21886679809e-06
250 150 0.0
250 151 0.00453355389581
250 152 0.0
250 153 0.0125932052661
250 154 0.0
250 155 0.00179725250465
250 156 0.0
250 157 6.21886679809e-06
250 158 0.0
250 159 0.0
250 160 0.0
250 161 6.21886679809e-06
250 162 0.0
250 163 0.0
250 164 0.0
250 165 0.0
250 166 0.0
250 167 0.0
250 168 0.0
250 169 0.0
250 170 0.0
250 171 0.0
250 172 0.0
250 173 0.0
250 174 0.0
250 175 0.0
250 176 0.0
250 177 0.0
250 178 0.0
250 179 0.0
250 180 0.0
250 181 0.0
250 182 0.0
250 183 0.0
250 184 0.0
250 185 0.0
250 186 0.0
250 187 0.0
250 188 0.0
250 189 0.0
250 190 0.0
250 191 0.0
250 192 0.0
250 193 0.0
250 194 0.0
250 195 0.0
250 196 0.0
250 197 0.0
250 198 0.0
250 199 0.0
250 200 0.0
250 201 0.0
250 202 0.0
250 203 0.0
250 204 0.0
250 205 0.0
250 206 0.0
250 207 0.0
250 208 0.0
250 209 0.0
250 210 0.0
250 211 0.0
250 212 0.0
250 213 0.0
250 214 0.0
250 215 0.0
250 216 0.0
250 217 0.0
250 218 0.0
250 219 0.0
250 220 0.0
250 221 0.0
250 222 0.0
250 223 0.0
250 224 0.0
250 225 0.0
250 226 0.0
250 227 0.0
250 228 0.0
250 229 0.0
250 230 0.0
250 231 0.0
250 232 0.0
250 233 0.0
250 234 0.0
250 235 0.0
250 236 0.0
250 237 0.0
250 238 0.0
250 239 0.0
250 240 0.0
250 241 0.0
250 242 0.0
250 243 0.0
250 244 0.0
250 245 0.0
250 246 0.0
250 247 0.0
250 248 0.0
250 249 0.0
250 250 0.0
250 251 0.0
250 252 0.0
250 253 0.0
250 254 0.0
250 255 0.0
250 256 0.0
250 257 0.0
250 258 0.0
250 259 6.21886679809e-06
250 260 0.0
250 261 0.0
250 262 0.0
250 263 0.000155471669952
250 264 0.0
250 265 0.0188120720642
250 266 0.0
250 267 0.00718901001859
250 268 0.0
250 269 0.000621886679809
250 270 0.0
250 271 6.21886679809e-06
250 272 0.0
250 273 0.0
250 274 0.0
250 275 6.21886679809e-06
250 276 0.0
250 277 5.59698011828e-05
250 278 0.0
250 279 2.48754671924e-05
250 280 0.0
250 281 6.21886679809e-06
250 282 0.0
250 283 0.000895516818925
250 284 0.0
250 285 0.00388679174881
250 286 0.0
250 287 0.000752482882569
250 288 0.0
250 289 0.0035820672757
250 290 0.0
250 291 0.000621886679809
250 292 0.0
250 293 5.59698011828e-05
250 294 0.0
250 295 6.21886679809e-06
250 296 0.0
250 297 0.0
250 298 0.0
250 299 6.21886679809e-06
250 300 0.0
250 301 0.000155471669952
250 302 0.0
250 303 9.95018687695e-05
250 304 0.0
250 305 2.48754671924e-05
250 306 0.0
250 307 0.00453355389581
250 308 0.0
250 309 0.00139924502957
250 310 0.0
250 311 0.000155471669952
250 312 0.0
250 313 0.0
250 314 0.0
250 315 6.21886679809e-06
250 316 0.0
250 317 2.48754671924e-05
250 318 0.0
250 319 6.21886679809e-06
250 320 0.0
250 321 2.48754671924e-05
250 322 0.0
250 323 6.21886679809e-06
250 324 0.0
250 325 0.00139924502957
250 326 0.0
250 327 0.00139924502957
250 328 0.0
250 329 9.95018687695e-05
250 330 0.0
250 331 6.21886679809e-06
250 332 0.0
250 333 2.48754671924e-05
250 334 0.0
250 335 0.0
250 336 0.0
250 337 0.0
250 338 0.0
250 339 0.0
250 340 0.0
250 341 0.000304724473107
250 342 0.0
250 343 0.00139924502957
250 344 0.0
250 345 0.000304724473107
250 346 0.0
250 347 9.95018687695e-05
250 348 0.0
250 349 0.000895516818925
250 350 0.0
250 351 0.000621886679809
250 352 0.0
250 353 0.000155471669952
250 354 0.0
250 355 6.21886679809e-06
250 356 0.0
250 357 0.0
250 358 0.0
250 359 0.0
250 360 0.0
250 361 0.0
250 362 0.0
250 363 2.48754671924e-05
250 364 0.0
250 365 6.21886679809e-06
250 366 0.0
250 367 0.000223879204731
250 368 0.0
250 369 9.95018687695e-05
250 370 0.0
250 371 0.000398007475078
250 372 0.0
250 373 0.000155471669952
250 374 0.0
250 375 5.59698011828e-05
250 376 0.0
250 377 2.48754671924e-05
250 378 0.0
250 379 6.21886679809e-06
250 380 0.0
250 381 5.59698011828e-05
250 382 0.0
250 383 5.59698011828e-05
250 384 0.0
250 385 2.48754671924e-05
250 386 0.0
250 387 2.48754671924e-05
250 388 0.0
250 389 0.0
250 390 0.0
250 391 9.95018687695e-05
250 392 0.0
250 393 6.21886679809e-06
250 394 0.0
250 395 9.95018687695e-05
250 396 0.0
250 397 9.95018687695e-05
250 398 0.0
250 399 6.21886679809e-06
250 400 0.0
251 0 0.0
251 1 2.48754671924e-05
251 2 0.0
251 3 2.48754671924e-05
251 4 0.0
251 5 0.000155471669952
251 6 0.0
251 7 0.000398007475078
251 8 0.0
251 9 5.59698011828e-05
251 10 6.21886679809e-06
251 11 0.000398007475078
251 12 0.0
251 13 5.59698011828e-05
251 14 0.0
251 15 2.48754671924e-05
251 16 0.0
251 17 0.000155471669952
251 18 0.0
251 19 6.21886679809e-06
251 20 0.0
251 21 2.48754671924e-05
251 22 0.0
251 23 6.21886679809e-06
251 24 0.0
251 25 6.21886679809e-06
251 26 0.0
251 27 6.21886679809e-06
251 28 0.0
251 29 0.000304724473107
251 30 0.0
251 31 9.95018687695e-05
251 32 0.0
251 33 2.48754671924e-05
251 34 0.0
251 35 6.21886679809e-06
251 36 0.0
251 37 0.000621886679809
251 38 0.0
251 39 0.000223879204731
251 40 0.0
251 41 6.21886679809e-06
251 42 0.0
251 43 5.59698011828e-05
251 44 0.0
251 45 0.0
251 46 0.0
251 47 6.21886679809e-06
251 48 0.0
251 49 0.0
251 50 0.0
251 51 0.0
251 52 0.0
251 53 0.0
251 54 0.0
251 55 6.21886679809e-06
251 56 0.0
251 57 6.21886679809e-06
251 58 0.0
251 59 0.000155471669952
251 60 0.0
251 61 0.000895516818925
251 62 0.0
251 63 0.000223879204731
251 64 0.0
251 65 0.000304724473107
251 66 0.0
251 67 0.000398007475078
251 68 0.0
251 69 9.95018687695e-05
251 70 0.0
251 71 6.21886679809e-06
251 72 0.0
251 73 2.48754671924e-05
251 74 0.0
251 75 0.0
251 76 0.0
251 77 6.21886679809e-06
251 78 0.0
251 79 0.0
251 80 0.0
251 81 0.0
251 82 0.0
251 83 0.0
251 84 0.0
251 85 0.000304724473107
251 86 0.0
251 87 0.000621886679809
251 88 0.0
251 89 0.00179725250465
251 90 0.0
251 91 9.95018687695e-05
251 92 0.0
251 93 0.000752482882569
251 94 0.0
251 95 0.00179725250465
251 96 0.0
251 97 5.59698011828e-05
251 98 0.0
251 99 0.0
251 100 0.0
251 101 6.21886679809e-06
251 102 0.0
251 103 6.21886679809e-06
251 104 0.0
251 105 0.0
251 106 0.0
251 107 2.48754671924e-05
251 108 6.21886679809e-06
251 109 0.000398007475078
251 110 0.0
251 111 0.000223879204731
251 112 0.0
251 113 2.48754671924e-05
251 114 0.0
251 115 0.00453355389581
251 116 0.0
251 117 0.00201491284258
251 118 0.0
251 119 0.000304724473107
251 120 0.0
251 121 0.0
251 122 0.0
251 123 0.0
251 124 0.0
251 125 0.0
251 126 0.0
251 127 0.00159202990031
251 128 6.21886679809e-06
251 129 0.00851362864659
251 130 0.0
251 131 0.00453355389581
251 132 6.21886679809e-06
251 133 0.00805965137033
251 134 0.0
251 135 0.000621886679809
251 136 0.0
251 137 6.21886679809e-06
251 138 0.0
251 139 0.0
251 140 0.0
251 141 0.0
251 142 0.0
251 143 0.0
251 144 0.0
251 145 6.21886679809e-06
251 146 0.0
251 147 0.0
251 148 0.0
251 149 0.0
251 150 0.0
251 151 0.00159202990031
251 152 0.000155471669952
251 153 0.00898004365644
251 154 0.00597633099297
251 155 0.000503728210645
251 156 0.000155471669952
251 157 0.000304724473107
251 158 0.000304724473107
251 159 0.000223879204731
251 160 0.000304724473107
251 161 0.000304724473107
251 162 0.000304724473107
251 163 0.000304724473107
251 164 0.000304724473107
251 165 0.000304724473107
251 166 0.000304724473107
251 167 0.000304724473107
251 168 0.000304724473107
251 169 0.000304724473107
251 170 0.000304724473107
251 171 0.000304724473107
251 172 0.000304724473107
251 173 0.000304724473107
251 174 0.000304724473107
251 175 0.000304724473107
251 176 0.000304724473107
251 177 0.000304724473107
251 178 0.000304724473107
251 179 0.000304724473107
251 180 0.000304724473107
251 181 0.000223879204731
251 182 0.000304724473107
251 183 0.000304724473107
251 184 0.000304724473107
251 185 9.95018687695e-05
251 186 5.59698011828e-05
251 187 5.59698011828e-05
251 188 5.59698011828e-05
251 189 2.48754671924e-05
251 190 5.59698011828e-05
251 191 5.59698011828e-05
251 192 0.000223879204731
251 193 0.000304724473107
251 194 0.000304724473107
251 195 0.000304724473107
251 196 0.000304724473107
251 197 0.000304724473107
251 198 0.000304724473107
251 199 0.000304724473107
251 200 0.000304724473107
251 201 0.000304724473107
251 202 0.000304724473107
251 203 0.000304724473107
251 204 0.000304724473107
251 205 0.000304724473107
251 206 0.000223879204731
251 207 5.59698011828e-05
251 208 5.59698011828e-05
251 209 2.48754671924e-05
251 210 5.59698011828e-05
251 211 2.48754671924e-05
251 212 5.59698011828e-05
251 213 9.95018687695e-05
251 214 0.000304724473107
251 215 0.000304724473107
251 216 0.000304724473107
251 217 0.000304724473107
251 218 0.000304724473107
251 219 0.000304724473107
251 220 0.000304724473107
251 221 0.000304724473107
251 222 0.000304724473107
251 223 0.000304724473107
251 224 0.000304724473107
251 225 0.000304724473107
251 226 0.000304724473107
251 227 0.000304724473107
251 228 0.000304724473107
251 229 0.000304724473107
251 230 0.000304724473107
251 231 0.000304724473107
251 232 0.000304724473107
251 233 0.000304724473107
251 234 0.000304724473107
251 235 0.000304724473107
251 236 0.000304724473107
251 237 0.000304724473107
251 238 0.000304724473107
251 239 0.000304724473107
251 240 0.000304724473107
251 241 0.000304724473107
251 242 0.000304724473107
251 243 0.000304724473107
251 244 0.000304724473107
251 245 0.000304724473107
251 246 0.000304724473107
251 247 0.000304724473107
251 248 0.000304724473107
251 249 0.000155471669952
251 250 5.59698011828e-05
251 251 2.48754671924e-05
251 252 5.59698011828e-05
251 253 2.48754671924e-05
251 254 5.59698011828e-05
251 255 5.59698011828e-05
251 256 0.000155471669952
251 257 0.000304724473107
251 258 0.000398007475078
251 259 0.000398007475078
251 260 0.000398007475078
251 261 0.000223879204731
251 262 0.000304724473107
251 263 0.00179725250465
251 264 0.00718901001859
251 265 0.016815815822
251 266 2.48754671924e-05
251 267 0.00388679174881
251 268 6.21886679809e-06
251 269 5.59698011828e-05
251 270 6.21886679809e-06
251 271 6.21886679809e-06
251 272 0.0
251 273 0.0
251 274 0.0
251 275 6.21886679809e-06
251 276 0.0
251 277 5.59698011828e-05
251 278 0.0
251 279 2.48754671924e-05
251 280 0.0
251 281 6.21886679809e-06
251 282 0.0
251 283 0.000895516818925
251 284 0.0
251 285 0.00388679174881
251 286 0.0
251 287 0.000752482882569
251 288 0.0
251 289 0.0035820672757
251 290 0.0
251 291 0.000621886679809
251 292 0.0
251 293 5.59698011828e-05
251 294 0.0
251 295 6.21886679809e-06
251 296 0.0
251 297 0.0
251 298 0.0
251 299 6.21886679809e-06
251 300 0.0
251 301 0.000155471669952
251 302 0.0
251 303 9.95018687695e-05
251 304 0.0
251 305 2.48754671924e-05
251 306 0.0
251 307 0.00453355389581
251 308 0.0
251 309 0.00139924502957
251 310 0.0
251 311 0.000155471669952
251 312 0.0
251 313 0.0
251 314 0.0
251 315 6.21886679809e-06
251 316 0.0
251 317 2.48754671924e-05
251 318 0.0
251 319 6.21886679809e-06
251 320 0.0
251 321 2.48754671924e-05
251 322 0.0
251 323 6.21886679809e-06
251 324 0.0
251 325 0.00139924502957
251 326 0.0
251 327 0.00139924502957
251 328 0.0
251 329 9.95018687695e-05
251 330 0.0
251 331 6.21886679809e-06
251 332 0.0
251 333 2.48754671924e-05
251 334 0.0
251 335 0.0
251 336 0.0
251 337 0.0
251 338 0.0
251 339 0.0
251 340 0.0
251 341 0.000304724473107
251 342 0.0
251 343 0.00139924502957
251 344 0.0
251 345 0.000304724473107
251 346 0.0
251 347 9.95018687695e-05
251 348 0.0
251 349 0.000895516818925
251 350 0.0
251 351 0.000621886679809
251 352 0.0
251 353 0.000155471669952
251 354 0.0
251 355 6.21886679809e-06
251 356 0.0
251 357 0.0
251 358 0.0
251 359 0.0
251 360 0.0
251 361 0.0
251 362 0.0
251 363 2.48754671924e-05
251 364 0.0
251 365 6.21886679809e-06
251 366 0.0
251 367 0.000223879204731
251 368 0.0
251 369 9.95018687695e-05
251 370 0.0
251 371 0.000398007475078
251 372 6.21886679809e-06
251 373 0.000155471669952
251 374 0.0
251 375 5.59698011828e-05
251 376 6.21886679809e-06
251 377 5.59698011828e-05
251 378 6.21886679809e-06
251 379 0.0
251 380 6.21886679809e-06
251 381 5.59698011828e-05
251 382 6.21886679809e-06
251 383 5.59698011828e-05
251 384 6.21886679809e-06
251 385 2.48754671924e-05
251 386 0.0
251 387 2.48754671924e-05
251 388 0.0
251 389 0.0
251 390 0.0
251 391 5.59698011828e-05
251 392 6.21886679809e-06
251 393 2.48754671924e-05
251 394 2.48754671924e-05
251 395 0.000155471669952
251 396 6.21886679809e-06
251 397 5.59698011828e-05
251 398 0.0
251 399 6.21886679809e-06
251 400 0.0
252 0 0.0
252 1 2.48754671924e-05
252 2 0.0
252 3 2.48754671924e-05
252 4 0.0
252 5 0.000155471669952
252 6 0.0
252 7 0.000304724473107
252 8 0.0
252 9 2.48754671924e-05
252 10 0.0
252 11 0.000398007475078
252 12 0.0
252 13 5.59698011828e-05
252 14 0.0
252 15 2.48754671924e-05
252 16 0.0
252 17 0.000155471669952
252 18 0.0
252 19 6.21886679809e-06
252 20 0.0
252 21 2.48754671924e-05
252 22 0.0
252 23 6.21886679809e-06
252 24 0.0
252 25 6.21886679809e-06
252 26 0.0
252 27 6.21886679809e-06
252 28 0.0
252 29 0.000304724473107
252 30 0.0
252 31 9.95018687695e-05
252 32 0.0
252 33 2.48754671924e-05
252 34 0.0
252 35 6.21886679809e-06
252 36 0.0
252 37 0.000621886679809
252 38 0.0
252 39 0.000223879204731
252 40 0.0
252 41 6.21886679809e-06
252 42 0.0
252 43 5.59698011828e-05
252 44 0.0
252 45 0.0
252 46 0.0
252 47 6.21886679809e-06
252 48 0.0
252 49 0.0
252 50 0.0
252 51 0.0
252 52 0.0
252 53 0.0
252 54 0.0
252 55 6.21886679809e-06
252 56 0.0
252 57 6.21886679809e-06
252 58 0.0
252 59 0.000155471669952
252 60 0.0
252 61 0.000895516818925
252 62 0.0
252 63 0.000223879204731
252 64 0.0
252 65 0.000304724473107
252 66 0.0
252 67 0.000398007475078
252 68 0.0
252 69 9.95018687695e-05
252 70 0.0
252 71 6.21886679809e-06
252 72 0.0
252 73 2.48754671924e-05
252 74 0.0
252 75 0.0
252 76 0.0
252 77 6.21886679809e-06
252 78 0.0
252 79 0.0
252 80 0.0
252 81 0.0
252 82 0.0
252 83 0.0
252 84 0.0
252 85 0.000304724473107
252 86 0.0
252 87 0.000621886679809
252 88 0.0
252 89 0.00179725250465
252 90 0.0
252 91 9.95018687695e-05
252 92 0.0
252 93 0.000752482882569
252 94 0.0
252 95 0.00179725250465
252 96 0.0
252 97 5.59698011828e-05
252 98 0.0
252 99 0.0
252 100 0.0
252 101 6.21886679809e-06
252 102 0.0
252 103 6.21886679809e-06
252 104 0.0
252 105 0.0
252 106 0.0
252 107 6.21886679809e-06
252 108 0.0
252 109 0.000398007475078
252 110 0.0
252 111 0.000304724473107
252 112 0.0
252 113 2.48754671924e-05
252 114 0.0
252 115 0.00453355389581
252 116 0.0
252 117 0.00201491284258
252 118 0.0
252 119 0.000304724473107
252 120 0.0
252 121 0.0
252 122 0.0
252 123 0.0
252 124 0.0
252 125 0.0
252 126 0.0
252 127 0.00179725250465
252 128 0.0
252 129 0.00851362864659
252 130 0.0
252 131 0.0048755915697
252 132 0.0
252 133 0.00851362864659
252 134 0.0
252 135 0.000621886679809
252 136 0.0
252 137 6.21886679809e-06
252 138 0.0
252 139 0.0
252 140 0.0
252 141 0.0
252 142 0.0
252 143 0.0
252 144 0.0
252 145 6.21886679809e-06
252 146 0.0
252 147 0.0
252 148 0.0
252 149 6.21886679809e-06
252 150 0.0
252 151 0.000304724473107
252 152 0.0
252 153 5.59698011828e-05
252 154 0.0
252 155 0.000503728210645
252 156 0.0
252 157 0.0
252 158 0.0
252 159 6.21886679809e-06
252 160 0.0
252 161 0.0
252 162 0.0
252 163 0.0
252 164 0.0
252 165 0.0
252 166 0.0
252 167 0.0
252 168 0.0
252 169 0.0
252 170 0.0
252 171 0.0
252 172 0.0
252 173 0.0
252 174 0.0
252 175 0.0
252 176 0.0
252 177 0.0
252 178 0.0
252 179 0.0
252 180 0.0
252 181 6.21886679809e-06
252 182 0.0
252 183 0.0
252 184 0.0
252 185 0.0
252 186 0.0
252 187 0.0
252 188 0.0
252 189 6.21886679809e-06
252 190 0.0
252 191 0.0
252 192 0.0
252 193 6.21886679809e-06
252 194 0.0
252 195 0.0
252 196 0.0
252 197 6.21886679809e-06
252 198 0.0
252 199 0.0
252 200 0.0
252 201 0.0
252 202 0.0
252 203 0.0
252 204 0.0
252 205 0.0
252 206 0.0
252 207 6.21886679809e-06
252 208 0.0
252 209 6.21886679809e-06
252 210 0.0
252 211 6.21886679809e-06
252 212 0.0
252 213 0.0
252 214 0.0
252 215 0.0
252 216 0.0
252 217 0.0
252 218 0.0
252 219 0.0
252 220 0.0
252 221 0.0
252 222 0.0
252 223 0.0
252 224 0.0
252 225 0.0
252 226 0.0
252 227 0.0
252 228 0.0
252 229 0.0
252 230 0.0
252 231 0.0
252 232 0.0
252 233 0.0
252 234 0.0
252 235 0.0
252 236 0.0
252 237 0.0
252 238 0.0
252 239 0.0
252 240 0.0
252 241 0.0
252 242 0.0
252 243 0.0
252 244 0.0
252 245 0.0
252 246 0.0
252 247 0.0
252 248 0.0
252 249 0.0
252 250 0.0
252 251 6.21886679809e-06
252 252 0.0
252 253 6.21886679809e-06
252 254 0.0
252 255 0.0
252 256 0.0
252 257 6.21886679809e-06
252 258 0.0
252 259 6.21886679809e-06
252 260 0.0
252 261 6.21886679809e-06
252 262 0.0
252 263 2.48754671924e-05
252 264 0.0
252 265 0.00179725250465
252 266 0.0
252 267 0.000155471669952
252 268 0.0
252 269 6.21886679809e-06
252 270 0.0
252 271 0.0
252 272 0.0
252 273 0.0
252 274 0.0
252 275 0.0
252 276 0.0
252 277 5.59698011828e-05
252 278 0.0
252 279 2.48754671924e-05
252 280 0.0
252 281 6.21886679809e-06
252 282 0.0
252 283 0.000895516818925
252 284 0.0
252 285 0.00388679174881
252 286 0.0
252 287 0.000752482882569
252 288 0.0
252 289 0.0035820672757
252 290 0.0
252 291 0.000621886679809
252 292 0.0
252 293 5.59698011828e-05
252 294 0.0
252 295 6.21886679809e-06
252 296 0.0
252 297 0.0
252 298 0.0
252 299 6.21886679809e-06
252 300 0.0
252 301 0.000155471669952
252 302 0.0
252 303 9.95018687695e-05
252 304 0.0
252 305 2.48754671924e-05
252 306 0.0
252 307 0.00453355389581
252 308 0.0
252 309 0.00139924502957
252 310 0.0
252 311 0.000155471669952
252 312 0.0
252 313 0.0
252 314 0.0
252 315 6.21886679809e-06
252 316 0.0
252 317 2.48754671924e-05
252 318 0.0
252 319 6.21886679809e-06
252 320 0.0
252 321 2.48754671924e-05
252 322 0.0
252 323 6.21886679809e-06
252 324 0.0
252 325 0.00139924502957
252 326 0.0
252 327 0.00139924502957
252 328 0.0
252 329 9.95018687695e-05
252 330 0.0
252 331 6.21886679809e-06
252 332 0.0
252 333 2.48754671924e-05
252 334 0.0
252 335 0.0
252 336 0.0
252 337 0.0
252 338 0.0
252 339 0.0
252 340 0.0
252 341 0.000304724473107
252 342 0.0
252 343 0.00139924502957
252 344 0.0
252 345 0.000304724473107
252 346 0.0
252 347 9.95018687695e-05
252 348 0.0
252 349 0.000895516818925
252 350 0.0
252 351 0.000621886679809
252 352 0.0
252 353 0.000155471669952
252 354 0.0
252 355 6.21886679809e-06
252 356 0.0
252 357 0.0
252 358 0.0
252 359 0.0
252 360 0.0
252 361 0.0
252 362 0.0
252 363 2.48754671924e-05
252 364 0.0
252 365 6.21886679809e-06
252 366 0.0
252 367 0.000223879204731
252 368 0.0
252 369 9.95018687695e-05
252 370 0.0
252 371 0.000398007475078
252 372 0.0
252 373 0.000155471669952
252 374 0.0
252 375 5.59698011828e-05
252 376 0.0
252 377 6.21886679809e-06
252 378 0.0
252 379 6.21886679809e-06
252 380 0.0
252 381 9.95018687695e-05
252 382 0.0
252 383 2.48754671924e-05
252 384 0.0
252 385 2.48754671924e-05
252 386 0.0
252 387 2.48754671924e-05
252 388 0.0
252 389 0.0
252 390 0.0
252 391 9.95018687695e-05
252 392 0.0
252 393 6.21886679809e-06
252 394 0.0
252 395 5.59698011828e-05
252 396 0.0
252 397 9.95018687695e-05
252 398 0.0
252 399 6.21886679809e-06
252 400 0.0
253 0 0.0
253 1 2.48754671924e-05
253 2 0.0
253 3 2.48754671924e-05
253 4 0.0
253 5 0.000155471669952
253 6 0.0
253 7 0.000398007475078
253 8 0.0
253 9 5.59698011828e-05
253 10 6.21886679809e-06
253 11 0.000398007475078
253 12 0.0
253 13 2.48754671924e-05
253 14 6.21886679809e-06
253 15 5.59698011828e-05
253 16 0.0
253 17 0.000155471669952
253 18 0.0
253 19 6.21886679809e-06
253 20 0.0
253 21 2.48754671924e-05
253 22 0.0
253 23 6.21886679809e-06
253 24 0.0
253 25 6.21886679809e-06
253 26 0.0
253 27 6.21886679809e-06
253 28 0.0
253 29 0.000304724473107
253 30 0.0
253 31 9.95018687695e-05
253 32 0.0
253 33 2.48754671924e-05
253 34 0.0
253 35 6.21886679809e-06
253 36 0.0
253 37 0.000621886679809
253 38 0.0
253 39 0.000223879204731
253 40 0.0
253 41 6.21886679809e-06
253 42 0.0
253 43 5.59698011828e-05
253 44 0.0
253 45 0.0
253 46 0.0
253 47 6.21886679809e-06
253 48 0.0
253 49 0.0
253 50 0.0
253 51 0.0
253 52 0.0
253 53 0.0
253 54 0.0
253 55 6.21886679809e-06
253 56 0.0
253 57 6.21886679809e-06
253 58 0.0
253 59 0.000155471669952
253 60 0.0
253 61 0.000895516818925
253 62 0.0
253 63 0.000223879204731
253 64 0.0
253 65 0.000304724473107
253 66 0.0
253 67 0.000398007475078
253 68 0.0
253 69 9.95018687695e-05
253 70 0.0
253 71 6.21886679809e-06
253 72 0.0
253 73 2.48754671924e-05
253 74 0.0
253 75 0.0
253 76 0.0
253 77 6.21886679809e-06
253 78 0.0
253 79 0.0
253 80 0.0
253 81 0.0
253 82 0.0
253 83 0.0
253 84 0.0
253 85 0.000304724473107
253 86 0.0
253 87 0.000621886679809
253 88 0.0
253 89 0.00179725250465
253 90 0.0
253 91 9.95018687695e-05
253 92 0.0
253 93 0.000752482882569
253 94 0.0
253 95 0.00179725250465
253 96 0.0
253 97 5.59698011828e-05
253 98 0.0
253 99 0.0
253 100 0.0
253 101 6.21886679809e-06
253 102 0.0
253 103 6.21886679809e-06
253 104 0.0
253 105 0.0
253 106 0.0
253 107 6.21886679809e-06
253 108 0.0
253 109 0.000398007475078
253 110 0.0
253 111 0.000304724473107
253 112 0.0
253 113 2.48754671924e-05
253 114 0.0
253 115 0.00453355389581
253 116 0.0
253 117 0.00201491284258
253 118 0.0
253 119 0.000304724473107
253 120 0.0
253 121 0.0
253 122 0.0
253 123 0.0
253 124 0.0
253 125 0.0
253 126 0.0
253 127 0.00179725250465
253 128 0.0
253 129 0.00851362864659
253 130 0.0
253 131 0.0048755915697
253 132 0.0
253 133 0.00851362864659
253 134 0.0
253 135 0.000621886679809
253 136 0.0
253 137 6.21886679809e-06
253 138 0.0
253 139 0.0
253 140 0.0
253 141 0.0
253 142 0.0
253 143 0.0
253 144 0.0
253 145 6.21886679809e-06
253 146 0.0
253 147 0.0
253 148 0.0
253 149 6.21886679809e-06
253 150 2.48754671924e-05
253 151 9.95018687695e-05
253 152 2.48754671924e-05
253 153 0.00179725250465
253 154 0.00559698011828
253 155 0.00718901001859
253 156 0.00559698011828
253 157 0.0052300669772
253 158 0.0048755915697
253 159 0.0048755915697
253 160 0.0048755915697
253 161 0.0052300669772
253 162 0.0048755915697
253 163 0.0048755915697
253 164 0.0048755915697
253 165 0.0048755915697
253 166 0.0048755915697
253 167 0.0048755915697
253 168 0.0048755915697
253 169 0.0048755915697
253 170 0.0048755915697
253 171 0.0048755915697
253 172 0.0048755915697
253 173 0.0048755915697
253 174 0.0048755915697
253 175 0.0048755915697
253 176 0.0048755915697
253 177 0.0048755915697
253 178 0.0048755915697
253 179 0.0048755915697
253 180 0.0048755915697
253 181 0.0052300669772
253 182 0.0048755915697
253 183 0.0048755915697
253 184 0.0048755915697
253 185 0.0052300669772
253 186 0.0052300669772
253 187 0.0052300669772
253 188 0.0052300669772
253 189 0.0052300669772
253 190 0.0052300669772
253 191 0.0052300669772
253 192 0.0052300669772
253 193 0.0052300669772
253 194 0.0048755915697
253 195 0.0048755915697
253 196 0.0048755915697
253 197 0.0052300669772
253 198 0.0048755915697
253 199 0.0048755915697
253 200 0.0048755915697
253 201 0.0048755915697
253 202 0.0048755915697
253 203 0.0048755915697
253 204 0.0048755915697
253 205 0.0048755915697
253 206 0.0048755915697
253 207 0.0052300669772
253 208 0.0052300669772
253 209 0.00559698011828
253 210 0.0052300669772
253 211 0.00559698011828
253 212 0.0052300669772
253 213 0.0052300669772
253 214 0.0048755915697
253 215 0.0048755915697
253 216 0.0048755915697
253 217 0.0048755915697
253 218 0.0048755915697
253 219 0.0048755915697
253 220 0.0048755915697
253 221 0.0048755915697
253 222 0.0048755915697
253 223 0.0048755915697
253 224 0.0048755915697
253 225 0.0048755915697
253 226 0.0048755915697
253 227 0.0048755915697
253 228 0.0048755915697
253 229 0.0048755915697
253 230 0.0048755915697
253 231 0.0048755915697
253 232 0.0048755915697
253 233 0.0048755915697
253 234 0.0048755915697
253 235 0.0048755915697
253 236 0.0048755915697
253 237 0.0048755915697
253 238 0.0048755915697
253 239 0.0048755915697
253 240 0.0048755915697
253 241 0.0048755915697
253 242 0.0048755915697
253 243 0.0048755915697
253 244 0.0048755915697
253 245 0.0048755915697
253 246 0.0048755915697
253 247 0.0048755915697
253 248 0.0048755915697
253 249 0.0052300669772
253 250 0.0052300669772
253 251 0.00559698011828
253 252 0.0052300669772
253 253 0.0052300669772
253 254 0.0052300669772
253 255 0.00559698011828
253 256 0.0052300669772
253 257 0.0052300669772
253 258 0.0048755915697
253 259 0.0052300669772
253 260 0.0048755915697
253 261 0.0048755915697
253 262 0.0048755915697
253 263 0.00597633099297
253 264 0.00636811960125
253 265 0.00224501091411
253 266 0.000503728210645
253 267 5.59698011828e-05
253 268 0.0
253 269 2.48754671924e-05
253 270 2.48754671924e-05
253 271 6.21886679809e-06
253 272 0.0
253 273 0.0
253 274 0.0
253 275 6.21886679809e-06
253 276 0.0
253 277 5.59698011828e-05
253 278 0.0
253 279 2.48754671924e-05
253 280 0.0
253 281 6.21886679809e-06
253 282 0.0
253 283 0.000895516818925
253 284 0.0
253 285 0.00388679174881
253 286 0.0
253 287 0.000752482882569
253 288 0.0
253 289 0.0035820672757
253 290 0.0
253 291 0.000621886679809
253 292 0.0
253 293 5.59698011828e-05
253 294 0.0
253 295 6.21886679809e-06
253 296 0.0
253 297 0.0
253 298 0.0
253 299 6.21886679809e-06
253 300 0.0
253 301 0.000155471669952
253 302 0.0
253 303 9.95018687695e-05
253 304 6.21886679809e-06
253 305 6.21886679809e-06
253 306 6.21886679809e-06
253 307 0.00453355389581
253 308 0.0
253 309 0.00139924502957
253 310 0.0
253 311 0.000155471669952
253 312 0.0
253 313 0.0
253 314 0.0
253 315 6.21886679809e-06
253 316 0.0
253 317 2.48754671924e-05
253 318 0.0
253 319 6.21886679809e-06
253 320 0.0
253 321 2.48754671924e-05
253 322 0.0
253 323 6.21886679809e-06
253 324 0.0
253 325 0.00139924502957
253 326 0.0
253 327 0.00139924502957
253 328 0.0
253 329 9.95018687695e-05
253 330 0.0
253 331 6.21886679809e-06
253 332 0.0
253 333 2.48754671924e-05
253 334 0.0
253 335 0.0
253 336 0.0
253 337 0.0
253 338 0.0
253 339 0.0
253 340 0.0
253 341 0.000304724473107
253 342 0.0
253 343 0.00139924502957
253 344 0.0
253 345 0.000304724473107
253 346 0.0
253 347 9.95018687695e-05
253 348 0.0
253 349 0.000895516818925
253 350 0.0
253 351 0.000621886679809
253 352 0.0
253 353 0.000155471669952
253 354 0.0
253 355 6.21886679809e-06
253 356 0.0
253 357 0.0
253 358 0.0
253 359 0.0
253 360 0.0
253 361 0.0
253 362 0.0
253 363 2.48754671924e-05
253 364 0.0
253 365 6.21886679809e-06
253 366 0.0
253 367 0.000223879204731
253 368 0.0
253 369 9.95018687695e-05
253 370 0.0
253 371 0.000398007475078
253 372 6.21886679809e-06
253 373 0.000155471669952
253 374 0.0
253 375 5.59698011828e-05
253 376 6.21886679809e-06
253 377 2.48754671924e-05
253 378 0.0
253 379 6.21886679809e-06
253 380 0.0
253 381 9.95018687695e-05
253 382 0.0
253 383 2.48754671924e-05
253 384 0.0
253 385 2.48754671924e-05
253 386 6.21886679809e-06
253 387 5.59698011828e-05
253 388 6.21886679809e-06
253 389 6.21886679809e-06
253 390 6.21886679809e-06
253 391 5.59698011828e-05
253 392 6.21886679809e-06
253 393 2.48754671924e-05
253 394 6.21886679809e-06
253 395 9.95018687695e-05
253 396 6.21886679809e-06
253 397 5.59698011828e-05
253 398 0.0
253 399 6.21886679809e-06
253 400 0.0
254 0 0.0
254 1 2.48754671924e-05
254 2 0.0
254 3 2.48754671924e-05
254 4 0.0
254 5 0.000155471669952
254 6 0.0
254 7 0.000304724473107
254 8 0.0
254 9 2.48754671924e-05
254 10 0.0
254 11 0.000398007475078
254 12 0.0
254 13 5.59698011828e-05
254 14 0.0
254 15 2.48754671924e-05
254 16 0.0
254 17 0.000155471669952
254 18 0.0
254 19 6.21886679809e-06
254 20 0.0
254 21 2.48754671924e-05
254 22 0.0
254 23 6.21886679809e-06
254 24 0.0
254 25 6.21886679809e-06
254 26 0.0
254 27 6.21886679809e-06
254 28 0.0
254 29 0.000304724473107
254 30 0.0
254 31 9.95018687695e-05
254 32 0.0
254 33 2.48754671924e-05
254 34 0.0
254 35 6.21886679809e-06
254 36 0.0
254 37 0.000621886679809
254 38 0.0
254 39 0.000223879204731
254 40 0.0
254 41 6.21886679809e-06
254 42 0.0
254 43 5.59698011828e-05
254 44 0.0
254 45 0.0
254 46 0.0
254 47 6.21886679809e-06
254 48 0.0
254 49 0.0
254 50 0.0
254 51 0.0
254 52 0.0
254 53 0.0
254 54 0.0
254 55 6.21886679809e-06
254 56 0.0
254 57 6.21886679809e-06
254 58 0.0
254 59 0.000155471669952
254 60 0.0
254 61 0.000895516818925
254 62 0.0
254 63 0.000223879204731
254 64 0.0
254 65 0.000304724473107
254 66 0.0
254 67 0.000398007475078
254 68 0.0
254 69 9.95018687695e-05
254 70 0.0
254 71 6.21886679809e-06
254 72 0.0
254 73 2.48754671924e-05
254 74 0.0
254 75 0.0
254 76 0.0
254 77 6.21886679809e-06
254 78 0.0
254 79 0.0
254 80 0.0
254 81 0.0
254 82 0.0
254 83 0.0
254 84 0.0
254 85 0.000304724473107
254 86 0.0
254 87 0.000621886679809
254 88 0.0
254 89 0.00179725250465
254 90 0.0
254 91 9.95018687695e-05
254 92 0.0
254 93 0.000752482882569
254 94 0.0
254 95 0.00179725250465
254 96 0.0
254 97 5.59698011828e-05
254 98 0.0
254 99 0.0
254 100 0.0
254 101 6.21886679809e-06
254 102 0.0
254 103 6.21886679809e-06
254 104 0.0
254 105 0.0
254 106 0.0
254 107 6.21886679809e-06
254 108 0.0
254 109 0.000398007475078
254 110 0.0
254 111 0.000304724473107
254 112 0.0
254 113 2.48754671924e-05
254 114 0.0
254 115 0.00453355389581
254 116 0.0
254 117 0.00201491284258
254 118 0.0
254 119 0.000304724473107
254 120 0.0
254 121 0.0
254 122 0.0
254 123 0.0
254 124 0.0
254 125 0.0
254 126 0.0
254 127 0.00179725250465
254 128 0.0
254 129 0.00851362864659
254 130 0.0
254 131 0.0048755915697
254 132 0.0
254 133 0.00851362864659
254 134 0.0
254 135 0.000621886679809
254 136 0.0
254 137 6.21886679809e-06
254 138 0.0
254 139 0.0
254 140 0.0
254 141 0.0
254 142 0.0
254 143 0.0
254 144 0.0
254 145 0.0
254 146 0.0
254 147 0.0
254 148 0.0
254 149 0.0
254 150 0.0
254 151 0.0
254 152 0.0
254 153 2.48754671924e-05
254 154 0.0
254 155 2.48754671924e-05
254 156 0.0
254 157 2.48754671924e-05
254 158 0.0
254 159 0.0
254 160 0.0
254 161 6.21886679809e-06
254 162 0.0
254 163 0.0
254 164 0.0
254 165 0.0
254 166 0.0
254 167 0.0
254 168 0.0
254 169 0.0
254 170 0.0
254 171 0.0
254 172 0.0
254 173 0.0
254 174 0.0
254 175 0.0
254 176 0.0
254 177 0.0
254 178 0.0
254 179 0.0
254 180 0.0
254 181 0.0
254 182 0.0
254 183 0.0
254 184 0.0
254 185 0.0
254 186 0.0
254 187 0.0
254 188 0.0
254 189 0.0
254 190 0.0
254 191 0.0
254 192 0.0
254 193 0.0
254 194 0.0
254 195 0.0
254 196 0.0
254 197 0.0
254 198 0.0
254 199 0.0
254 200 0.0
254 201 0.0
254 202 0.0
254 203 0.0
254 204 0.0
254 205 0.0
254 206 0.0
254 207 0.0
254 208 0.0
254 209 0.0
254 210 0.0
254 211 0.0
254 212 0.0
254 213 0.0
254 214 0.0
254 215 0.0
254 216 0.0
254 217 0.0
254 218 0.0
254 219 0.0
254 220 0.0
254 221 0.0
254 222 0.0
254 223 0.0
254 224 0.0
254 225 0.0
254 226 0.0
254 227 0.0
254 228 0.0
254 229 0.0
254 230 0.0
254 231 0.0
254 232 0.0
254 233 0.0
254 234 0.0
254 235 0.0
254 236 0.0
254 237 0.0
254 238 0.0
254 239 0.0
254 240 0.0
254 241 0.0
254 242 0.0
254 243 0.0
254 244 0.0
254 245 0.0
254 246 0.0
254 247 0.0
254 248 0.0
254 249 0.0
254 250 0.0
254 251 0.0
254 252 0.0
254 253 0.0
254 254 0.0
254 255 0.0
254 256 0.0
254 257 0.0
254 258 0.0
254 259 0.0
254 260 0.0
254 261 0.0
254 262 0.0
254 263 0.0
254 264 0.0
254 265 2.48754671924e-05
254 266 0.0
254 267 0.0
254 268 0.0
254 269 6.21886679809e-06
254 270 0.0
254 271 6.21886679809e-06
254 272 0.0
254 273 0.0
254 274 0.0
254 275 6.21886679809e-06
254 276 0.0
254 277 5.59698011828e-05
254 278 0.0
254 279 2.48754671924e-05
254 280 0.0
254 281 6.21886679809e-06
254 282 0.0
254 283 0.000895516818925
254 284 0.0
254 285 0.00388679174881
254 286 0.0
254 287 0.000752482882569
254 288 0.0
254 289 0.0035820672757
254 290 0.0
254 291 0.000621886679809
254 292 0.0
254 293 5.59698011828e-05
254 294 0.0
254 295 6.21886679809e-06
254 296 0.0
254 297 0.0
254 298 0.0
254 299 6.21886679809e-06
254 300 0.0
254 301 0.000155471669952
254 302 0.0
254 303 9.95018687695e-05
254 304 0.0
254 305 2.48754671924e-05
254 306 0.0
254 307 0.00453355389581
254 308 0.0
254 309 0.00139924502957
254 310 0.0
254 311 0.000155471669952
254 312 0.0
254 313 0.0
254 314 0.0
254 315 6.21886679809e-06
254 316 0.0
254 317 2.48754671924e-05
254 318 0.0
254 319 6.21886679809e-06
254 320 0.0
254 321 2.48754671924e-05
254 322 0.0
254 323 6.21886679809e-06
254 324 0.0
254 325 0.00139924502957
254 326 0.0
254 327 0.00139924502957
254 328 0.0
254 329 9.95018687695e-05
254 330 0.0
254 331 6.21886679809e-06
254 332 0.0
254 333 2.48754671924e-05
254 334 0.0
254 335 0.0
254 336 0.0
254 337 0.0
254 338 0.0
254 339 0.0
254 340 0.0
254 341 0.000304724473107
254 342 0.0
254 343 0.00139924502957
254 344 0.0
254 345 0.000304724473107
254 346 0.0
254 347 9.95018687695e-05
254 348 0.0
254 349 0.000895516818925
254 350 0.0
254 351 0.000621886679809
254 352 0.0
254 353 0.000155471669952
254 354 0.0
254 355 6.21886679809e-06
254 356 0.0
254 357 0.0
254 358 0.0
254 359 0.0
254 360 0.0
254 361 0.0
254 362 0.0
254 363 2.48754671924e-05
254 364 0.0
254 365 6.21886679809e-06
254 366 0.0
254 367 0.000223879204731
254 368 0.0
254 369 9.95018687695e-05
254 370 0.0
254 371 0.000398007475078
254 372 0.0
254 373 0.000155471669952
254 374 0.0
254 375 5.59698011828e-05
254 376 0.0
254 377 6.21886679809e-06
254 378 0.0
254 379 6.21886679809e-06
254 380 0.0
254 381 9.95018687695e-05
254 382 0.0
254 383 2.48754671924e-05
254 384 0.0
254 385 2.48754671924e-05
254 386 0.0
254 387 2.48754671924e-05
254 388 0.0
254 389 0.0
254 390 0.0
254 391 9.95018687695e-05
254 392 0.0
254 393 6.21886679809e-06
254 394 0.0
254 395 5.59698011828e-05
254 396 0.0
254 397 9.95018687695e-05
254 398 0.0
254 399 6.21886679809e-06
254 400 0.0
255 0 0.0
255 1 2.48754671924e-05
255 2 0.0
255 3 2.48754671924e-05
255 4 0.0
255 5 0.000155471669952
255 6 0.0
255 7 0.000223879204731
255 8 0.0
255 9 5.59698011828e-05
255 10 0.0
255 11 0.000398007475078
255 12 6.21886679809e-06
255 13 2.48754671924e-05
255 14 0.0
255 15 2.48754671924e-05
255 16 0.0
255 17 0.000155471669952
255 18 0.0
255 19 6.21886679809e-06
255 20 0.0
255 21 2.48754671924e-05
255 22 0.0
255 23 6.21886679809e-06
255 24 0.0
255 25 6.21886679809e-06
255 26 0.0
255 27 6.21886679809e-06
255 28 0.0
255 29 0.000304724473107
255 30 0.0
255 31 9.95018687695e-05
255 32 0.0
255 33 2.48754671924e-05
255 34 0.0
255 35 6.21886679809e-06
255 36 0.0
255 37 0.000621886679809
255 38 0.0
255 39 0.000223879204731
255 40 0.0
255 41 6.21886679809e-06
255 42 0.0
255 43 5.59698011828e-05
255 44 0.0
255 45 0.0
255 46 0.0
255 47 6.21886679809e-06
255 48 0.0
255 49 0.0
255 50 0.0
255 51 0.0
255 52 0.0
255 53 0.0
255 54 0.0
255 55 6.21886679809e-06
255 56 0.0
255 57 6.21886679809e-06
255 58 0.0
255 59 0.000155471669952
255 60 6.21886679809e-06
255 61 0.00121889789243
255 62 6.21886679809e-06
255 63 0.000155471669952
255 64 0.0
255 65 0.000304724473107
255 66 0.0
255 67 0.000398007475078
255 68 0.0
255 69 9.95018687695e-05
255 70 0.0
255 71 6.21886679809e-06
255 72 0.0
255 73 2.48754671924e-05
255 74 0.0
255 75 0.0
255 76 0.0
255 77 6.21886679809e-06
255 78 0.0
255 79 0.0
255 80 0.0
255 81 0.0
255 82 0.0
255 83 0.0
255 84 0.0
255 85 0.000304724473107
255 86 0.0
255 87 0.000621886679809
255 88 0.0
255 89 0.00179725250465
255 90 0.0
255 91 9.95018687695e-05
255 92 0.0
255 93 0.000752482882569
255 94 0.0
255 95 0.00179725250465
255 96 0.0
255 97 5.59698011828e-05
255 98 0.0
255 99 0.0
255 100 0.0
255 101 6.21886679809e-06
255 102 0.0
255 103 6.21886679809e-06
255 104 0.0
255 105 0.0
255 106 0.0
255 107 2.48754671924e-05
255 108 6.21886679809e-06
255 109 0.000398007475078
255 110 0.0
255 111 0.000223879204731
255 112 6.21886679809e-06
255 113 5.59698011828e-05
255 114 0.0
255 115 0.00453355389581
255 116 0.0
255 117 0.00201491284258
255 118 0.0
255 119 0.000304724473107
255 120 0.0
255 121 0.0
255 122 0.0
255 123 0.0
255 124 0.0
255 125 0.0
255 126 0.0
255 127 0.00179725250465
255 128 0.0
255 129 0.00851362864659
255 130 0.0
255 131 0.0048755915697
255 132 0.0
255 133 0.00851362864659
255 134 0.0
255 135 0.000621886679809
255 136 0.0
255 137 6.21886679809e-06
255 138 0.0
255 139 0.0
255 140 0.0
255 141 0.0
255 142 0.0
255 143 0.0
255 144 0.0
255 145 6.21886679809e-06
255 146 0.0
255 147 0.0
255 148 0.0
255 149 6.21886679809e-06
255 150 6.21886679809e-06
255 151 2.48754671924e-05
255 152 5.59698011828e-05
255 153 6.21886679809e-06
255 154 0.000304724473107
255 155 5.59698011828e-05
255 156 9.95018687695e-05
255 157 0.000223879204731
255 158 0.000304724473107
255 159 0.000304724473107
255 160 0.000304724473107
255 161 0.000223879204731
255 162 0.000304724473107
255 163 0.000304724473107
255 164 0.000304724473107
255 165 0.000304724473107
255 166 0.000304724473107
255 167 0.000304724473107
255 168 0.000304724473107
255 169 0.000304724473107
255 170 0.000304724473107
255 171 0.000304724473107
255 172 0.000304724473107
255 173 0.000304724473107
255 174 0.000304724473107
255 175 0.000304724473107
255 176 0.000304724473107
255 177 0.000304724473107
255 178 0.000304724473107
255 179 0.000304724473107
255 180 0.000304724473107
255 181 0.000304724473107
255 182 0.000304724473107
255 183 0.000304724473107
255 184 0.000304724473107
255 185 0.000223879204731
255 186 0.000155471669952
255 187 0.000155471669952
255 188 0.000155471669952
255 189 0.000155471669952
255 190 0.000155471669952
255 191 0.000155471669952
255 192 0.000223879204731
255 193 0.000304724473107
255 194 0.000304724473107
255 195 0.000304724473107
255 196 0.000304724473107
255 197 0.000304724473107
255 198 0.000304724473107
255 199 0.000304724473107
255 200 0.000304724473107
255 201 0.000304724473107
255 202 0.000304724473107
255 203 0.000304724473107
255 204 0.000304724473107
255 205 0.000304724473107
255 206 0.000223879204731
255 207 0.000155471669952
255 208 0.000155471669952
255 209 0.000155471669952
255 210 0.000155471669952
255 211 0.000155471669952
255 212 0.000155471669952
255 213 0.000155471669952
255 214 0.000304724473107
255 215 0.000304724473107
255 216 0.000304724473107
255 217 0.000304724473107
255 218 0.000304724473107
255 219 0.000304724473107
255 220 0.000304724473107
255 221 0.000304724473107
255 222 0.000304724473107
255 223 0.000304724473107
255 224 0.000304724473107
255 225 0.000304724473107
255 226 0.000304724473107
255 227 0.000304724473107
255 228 0.000304724473107
255 229 0.000304724473107
255 230 0.000304724473107
255 231 0.000304724473107
255 232 0.000304724473107
255 233 0.000304724473107
255 234 0.000304724473107
255 235 0.000304724473107
255 236 0.000304724473107
255 237 0.000304724473107
255 238 0.000304724473107
255 239 0.000304724473107
255 240 0.000304724473107
255 241 0.000304724473107
255 242 0.000304724473107
255 243 0.000304724473107
255 244 0.000304724473107
255 245 0.000304724473107
255 246 0.000304724473107
255 247 0.000304724473107
255 248 0.000304724473107
255 249 0.000223879204731
255 250 0.000155471669952
255 251 0.000155471669952
255 252 0.000155471669952
255 253 0.000155471669952
255 254 0.000155471669952
255 255 0.000155471669952
255 256 0.000223879204731
255 257 0.000304724473107
255 258 0.000304724473107
255 259 0.000304724473107
255 260 0.000304724473107
255 261 0.000223879204731
255 262 0.000304724473107
255 263 0.000223879204731
255 264 0.000223879204731
255 265 6.21886679809e-06
255 266 0.0
255 267 6.21886679809e-06
255 268 0.0
255 269 6.21886679809e-06
255 270 0.0
255 271 2.48754671924e-05
255 272 0.0
255 273 0.0
255 274 0.0
255 275 6.21886679809e-06
255 276 0.0
255 277 5.59698011828e-05
255 278 0.0
255 279 2.48754671924e-05
255 280 0.0
255 281 6.21886679809e-06
255 282 0.0
255 283 0.000895516818925
255 284 0.0
255 285 0.00388679174881
255 286 0.0
255 287 0.000752482882569
255 288 0.0
255 289 0.0035820672757
255 290 0.0
255 291 0.000621886679809
255 292 0.0
255 293 5.59698011828e-05
255 294 0.0
255 295 6.21886679809e-06
255 296 0.0
255 297 0.0
255 298 0.0
255 299 6.21886679809e-06
255 300 0.0
255 301 9.95018687695e-05
255 302 6.21886679809e-06
255 303 9.95018687695e-05
255 304 0.0
255 305 2.48754671924e-05
255 306 0.0
255 307 0.00453355389581
255 308 0.0
255 309 0.00139924502957
255 310 0.0
255 311 0.000155471669952
255 312 0.0
255 313 0.0
255 314 0.0
255 315 6.21886679809e-06
255 316 0.0
255 317 2.48754671924e-05
255 318 0.0
255 319 6.21886679809e-06
255 320 0.0
255 321 2.48754671924e-05
255 322 0.0
255 323 6.21886679809e-06
255 324 0.0
255 325 0.00139924502957
255 326 0.0
255 327 0.00139924502957
255 328 0.0
255 329 9.95018687695e-05
255 330 0.0
255 331 6.21886679809e-06
255 332 0.0
255 333 2.48754671924e-05
255 334 0.0
255 335 0.0
255 336 0.0
255 337 0.0
255 338 0.0
255 339 0.0
255 340 0.0
255 341 0.000304724473107
255 342 0.0
255 343 0.00139924502957
255 344 0.0
255 345 0.000304724473107
255 346 0.0
255 347 9.95018687695e-05
255 348 0.0
255 349 0.000895516818925
255 350 0.0
255 351 0.000621886679809
255 352 0.0
255 353 9.95018687695e-05
255 354 0.0
255 355 6.21886679809e-06
255 356 6.21886679809e-06
255 357 0.0
255 358 0.0
255 359 0.0
255 360 0.0
255 361 0.0
255 362 0.0
255 363 2.48754671924e-05
255 364 0.0
255 365 6.21886679809e-06
255 366 0.0
255 367 0.000223879204731
255 368 0.0
255 369 9.95018687695e-05
255 370 6.21886679809e-06
255 371 0.000398007475078
255 372 0.0
255 373 0.000155471669952
255 374 6.21886679809e-06
255 375 5.59698011828e-05
255 376 0.0
255 377 5.59698011828e-05
255 378 6.21886679809e-06
255 379 0.0
255 380 6.21886679809e-06
255 381 2.48754671924e-05
255 382 0.0
255 383 5.59698011828e-05
255 384 6.21886679809e-06
255 385 6.21886679809e-06
255 386 0.0
255 387 2.48754671924e-05
255 388 0.0
255 389 0.0
255 390 0.0
255 391 9.95018687695e-05
255 392 0.0
255 393 6.21886679809e-06
255 394 6.21886679809e-06
255 395 5.59698011828e-05
255 396 0.0
255 397 9.95018687695e-05
255 398 0.0
255 399 6.21886679809e-06
255 400 0.0
256 0 0.0
256 1 2.48754671924e-05
256 2 0.0
256 3 2.48754671924e-05
256 4 0.0
256 5 0.000155471669952
256 6 0.0
256 7 0.000304724473107
256 8 0.0
256 9 2.48754671924e-05
256 10 0.0
256 11 0.000304724473107
256 12 0.0
256 13 5.59698011828e-05
256 14 0.0
256 15 2.48754671924e-05
256 16 0.0
256 17 9.95018687695e-05
256 18 0.0
256 19 6.21886679809e-06
256 20 0.0
256 21 2.48754671924e-05
256 22 0.0
256 23 6.21886679809e-06
256 24 0.0
256 25 6.21886679809e-06
256 26 0.0
256 27 6.21886679809e-06
256 28 0.0
256 29 0.000304724473107
256 30 0.0
256 31 9.95018687695e-05
256 32 0.0
256 33 2.48754671924e-05
256 34 0.0
256 35 6.21886679809e-06
256 36 0.0
256 37 0.000621886679809
256 38 0.0
256 39 0.000223879204731
256 40 0.0
256 41 6.21886679809e-06
256 42 0.0
256 43 5.59698011828e-05
256 44 0.0
256 45 0.0
256 46 0.0
256 47 6.21886679809e-06
256 48 0.0
256 49 0.0
256 50 0.0
256 51 0.0
256 52 0.0
256 53 0.0
256 54 0.0
256 55 6.21886679809e-06
256 56 0.0
256 57 6.21886679809e-06
256 58 0.0
256 59 0.000155471669952
256 60 0.0
256 61 0.00121889789243
256 62 0.0
256 63 0.000155471669952
256 64 0.0
256 65 0.000304724473107
256 66 0.0
256 67 0.000398007475078
256 68 0.0
256 69 9.95018687695e-05
256 70 0.0
256 71 6.21886679809e-06
256 72 0.0
256 73 2.48754671924e-05
256 74 0.0
256 75 0.0
256 76 0.0
256 77 6.21886679809e-06
256 78 0.0
256 79 0.0
256 80 0.0
256 81 0.0
256 82 0.0
256 83 0.0
256 84 0.0
256 85 0.000304724473107
256 86 0.0
256 87 0.000621886679809
256 88 0.0
256 89 0.00179725250465
256 90 0.0
256 91 9.95018687695e-05
256 92 0.0
256 93 0.000752482882569
256 94 0.0
256 95 0.00179725250465
256 96 0.0
256 97 5.59698011828e-05
256 98 0.0
256 99 0.0
256 100 0.0
256 101 6.21886679809e-06
256 102 0.0
256 103 6.21886679809e-06
256 104 0.0
256 105 0.0
256 106 0.0
256 107 0.0
256 108 0.0
256 109 0.000304724473107
256 110 0.0
256 111 0.000223879204731
256 112 0.0
256 113 2.48754671924e-05
256 114 0.0
256 115 0.00453355389581
256 116 0.0
256 117 0.00201491284258
256 118 0.0
256 119 0.000304724473107
256 120 0.0
256 121 0.0
256 122 0.0
256 123 0.0
256 124 0.0
256 125 0.0
256 126 0.0
256 127 0.00179725250465
256 128 0.0
256 129 0.00851362864659
256 130 0.0
256 131 0.0048755915697
256 132 0.0
256 133 0.00851362864659
256 134 0.0
256 135 0.000621886679809
256 136 0.0
256 137 6.21886679809e-06
256 138 0.0
256 139 0.0
256 140 0.0
256 141 0.0
256 142 0.0
256 143 0.0
256 144 0.0
256 145 6.21886679809e-06
256 146 0.0
256 147 0.0
256 148 0.0
256 149 0.0
256 150 0.0
256 151 0.0
256 152 0.0
256 153 5.59698011828e-05
256 154 0.0
256 155 2.48754671924e-05
256 156 0.0
256 157 0.0
256 158 0.0
256 159 0.0
256 160 0.0
256 161 0.0
256 162 0.0
256 163 0.0
256 164 0.0
256 165 0.0
256 166 0.0
256 167 0.0
256 168 0.0
256 169 0.0
256 170 0.0
256 171 0.0
256 172 0.0
256 173 0.0
256 174 0.0
256 175 0.0
256 176 0.0
256 177 0.0
256 178 0.0
256 179 0.0
256 180 0.0
256 181 6.21886679809e-06
256 182 0.0
256 183 0.0
256 184 0.0
256 185 6.21886679809e-06
256 186 0.0
256 187 0.0
256 188 0.0
256 189 6.21886679809e-06
256 190 0.0
256 191 0.0
256 192 0.0
256 193 0.0
256 194 0.0
256 195 0.0
256 196 0.0
256 197 0.0
256 198 0.0
256 199 0.0
256 200 0.0
256 201 0.0
256 202 0.0
256 203 0.0
256 204 0.0
256 205 0.0
256 206 0.0
256 207 0.0
256 208 0.0
256 209 6.21886679809e-06
256 210 0.0
256 211 6.21886679809e-06
256 212 0.0
256 213 0.0
256 214 0.0
256 215 0.0
256 216 0.0
256 217 0.0
256 218 0.0
256 219 0.0
256 220 0.0
256 221 0.0
256 222 0.0
256 223 0.0
256 224 0.0
256 225 0.0
256 226 0.0
256 227 0.0
256 228 0.0
256 229 0.0
256 230 0.0
256 231 0.0
256 232 0.0
256 233 0.0
256 234 0.0
256 235 0.0
256 236 0.0
256 237 0.0
256 238 0.0
256 239 0.0
256 240 0.0
256 241 0.0
256 242 0.0
256 243 0.0
256 244 0.0
256 245 0.0
256 246 0.0
256 247 0.0
256 248 0.0
256 249 6.21886679809e-06
256 250 0.0
256 251 6.21886679809e-06
256 252 0.0
256 253 6.21886679809e-06
256 254 0.0
256 255 0.0
256 256 0.0
256 257 0.0
256 258 0.0
256 259 0.0
256 260 0.0
256 261 0.0
256 262 0.0
256 263 0.0
256 264 0.0
256 265 6.21886679809e-06
256 266 0.0
256 267 6.21886679809e-06
256 268 0.0
256 269 0.0
256 270 0.0
256 271 6.21886679809e-06
256 272 0.0
256 273 0.0
256 274 0.0
256 275 6.21886679809e-06
256 276 0.0
256 277 5.59698011828e-05
256 278 0.0
256 279 2.48754671924e-05
256 280 0.0
256 281 6.21886679809e-06
256 282 0.0
256 283 0.000895516818925
256 284 0.0
256 285 0.00388679174881
256 286 0.0
256 287 0.000752482882569
256 288 0.0
256 289 0.0035820672757
256 290 0.0
256 291 0.000621886679809
256 292 0.0
256 293 5.59698011828e-05
256 294 0.0
256 295 6.21886679809e-06
256 296 0.0
256 297 0.0
256 298 0.0
256 299 6.21886679809e-06
256 300 0.0
256 301 0.000155471669952
256 302 0.0
256 303 0.000155471669952
256 304 0.0
256 305 5.59698011828e-05
256 306 0.0
256 307 0.00453355389581
256 308 0.0
256 309 0.00139924502957
256 310 0.0
256 311 0.000155471669952
256 312 0.0
256 313 0.0
256 314 0.0
256 315 6.21886679809e-06
256 316 0.0
256 317 2.48754671924e-05
256 318 0.0
256 319 6.21886679809e-06
256 320 0.0
256 321 2.48754671924e-05
256 322 0.0
256 323 6.21886679809e-06
256 324 0.0
256 325 0.00139924502957
256 326 0.0
256 327 0.00139924502957
256 328 0.0
256 329 9.95018687695e-05
256 330 0.0
256 331 6.21886679809e-06
256 332 0.0
256 333 2.48754671924e-05
256 334 0.0
256 335 0.0
256 336 0.0
256 337 0.0
256 338 0.0
256 339 0.0
256 340 0.0
256 341 0.000304724473107
256 342 0.0
256 343 0.00139924502957
256 344 0.0
256 345 0.000304724473107
256 346 0.0
256 347 9.95018687695e-05
256 348 0.0
256 349 0.000895516818925
256 350 0.0
256 351 0.000752482882569
256 352 0.0
256 353 0.000155471669952
256 354 0.0
256 355 0.0
256 356 0.0
256 357 0.0
256 358 0.0
256 359 0.0
256 360 0.0
256 361 0.0
256 362 0.0
256 363 2.48754671924e-05
256 364 0.0
256 365 6.21886679809e-06
256 366 0.0
256 367 0.000304724473107
256 368 0.0
256 369 9.95018687695e-05
256 370 0.0
256 371 0.000398007475078
256 372 0.0
256 373 0.000223879204731
256 374 0.0
256 375 5.59698011828e-05
256 376 0.0
256 377 0.0
256 378 0.0
256 379 6.21886679809e-06
256 380 0.0
256 381 5.59698011828e-05
256 382 0.0
256 383 5.59698011828e-05
256 384 0.0
256 385 2.48754671924e-05
256 386 0.0
256 387 6.21886679809e-06
256 388 0.0
256 389 6.21886679809e-06
256 390 0.0
256 391 0.000155471669952
256 392 0.0
256 393 6.21886679809e-06
256 394 0.0
256 395 5.59698011828e-05
256 396 0.0
256 397 5.59698011828e-05
256 398 0.0
256 399 6.21886679809e-06
256 400 0.0
257 0 0.0
257 1 2.48754671924e-05
257 2 0.0
257 3 2.48754671924e-05
257 4 0.0
257 5 0.000155471669952
257 6 0.0
257 7 0.000398007475078
257 8 2.48754671924e-05
257 9 2.48754671924e-05
257 10 0.0
257 11 9.95018687695e-05
257 12 0.0
257 13 5.59698011828e-05
257 14 0.0
257 15 2.48754671924e-05
257 16 0.0
257 17 9.95018687695e-05
257 18 0.0
257 19 6.21886679809e-06
257 20 0.0
257 21 2.48754671924e-05
257 22 0.0
257 23 6.21886679809e-06
257 24 0.0
257 25 6.21886679809e-06
257 26 0.0
257 27 6.21886679809e-06
257 28 0.0
257 29 0.000304724473107
257 30 0.0
257 31 9.95018687695e-05
257 32 0.0
257 33 2.48754671924e-05
257 34 0.0
257 35 6.21886679809e-06
257 36 0.0
257 37 0.000621886679809
257 38 0.0
257 39 0.000223879204731
257 40 0.0
257 41 6.21886679809e-06
257 42 0.0
257 43 5.59698011828e-05
257 44 0.0
257 45 0.0
257 46 0.0
257 47 6.21886679809e-06
257 48 0.0
257 49 0.0
257 50 0.0
257 51 0.0
257 52 0.0
257 53 0.0
257 54 0.0
257 55 6.21886679809e-06
257 56 0.0
257 57 9.95018687695e-05
257 58 0.0
257 59 0.000155471669952
257 60 0.0
257 61 0.00121889789243
257 62 6.21886679809e-06
257 63 0.000223879204731
257 64 0.0
257 65 0.000304724473107
257 66 0.0
257 67 0.000398007475078
257 68 0.0
257 69 9.95018687695e-05
257 70 0.0
257 71 6.21886679809e-06
257 72 0.0
257 73 2.48754671924e-05
257 74 0.0
257 75 0.0
257 76 0.0
257 77 6.21886679809e-06
257 78 0.0
257 79 0.0
257 80 0.0
257 81 0.0
257 82 0.0
257 83 0.0
257 84 0.0
257 85 0.000304724473107
257 86 0.0
257 87 0.000621886679809
257 88 0.0
257 89 0.00179725250465
257 90 0.0
257 91 9.95018687695e-05
257 92 0.0
257 93 0.000752482882569
257 94 0.0
257 95 0.00179725250465
257 96 0.0
257 97 5.59698011828e-05
257 98 0.0
257 99 0.0
257 100 0.0
257 101 6.21886679809e-06
257 102 0.0
257 103 6.21886679809e-06
257 104 0.0
257 105 0.0
257 106 0.0
257 107 0.0
257 108 6.21886679809e-06
257 109 0.000223879204731
257 110 0.0
257 111 0.000155471669952
257 112 0.0
257 113 6.21886679809e-06
257 114 0.0
257 115 0.00453355389581
257 116 0.0
257 117 0.00201491284258
257 118 0.0
257 119 0.000304724473107
257 120 0.0
257 121 0.0
257 122 0.0
257 123 0.0
257 124 0.0
257 125 0.0
257 126 0.0
257 127 0.00179725250465
257 128 0.0
257 129 0.00851362864659
257 130 0.0
257 131 0.0048755915697
257 132 0.0
257 133 0.00851362864659
257 134 0.0
257 135 0.000621886679809
257 136 0.0
257 137 6.21886679809e-06
257 138 0.0
257 139 0.0
257 140 0.0
257 141 0.0
257 142 0.0
257 143 0.0
257 144 0.0
257 145 6.21886679809e-06
257 146 0.0
257 147 0.0
257 148 0.0
257 149 6.21886679809e-06
257 150 6.21886679809e-06
257 151 2.48754671924e-05
257 152 2.48754671924e-05
257 153 9.95018687695e-05
257 154 9.95018687695e-05
257 155 9.95018687695e-05
257 156 2.48754671924e-05
257 157 2.48754671924e-05
257 158 2.48754671924e-05
257 159 2.48754671924e-05
257 160 2.48754671924e-05
257 161 2.48754671924e-05
257 162 2.48754671924e-05
257 163 2.48754671924e-05
257 164 2.48754671924e-05
257 165 2.48754671924e-05
257 166 2.48754671924e-05
257 167 2.48754671924e-05
257 168 2.48754671924e-05
257 169 2.48754671924e-05
257 170 2.48754671924e-05
257 171 2.48754671924e-05
257 172 2.48754671924e-05
257 173 2.48754671924e-05
257 174 2.48754671924e-05
257 175 2.48754671924e-05
257 176 2.48754671924e-05
257 177 2.48754671924e-05
257 178 2.48754671924e-05
257 179 2.48754671924e-05
257 180 2.48754671924e-05
257 181 5.59698011828e-05
257 182 2.48754671924e-05
257 183 2.48754671924e-05
257 184 2.48754671924e-05
257 185 5.59698011828e-05
257 186 5.59698011828e-05
257 187 5.59698011828e-05
257 188 5.59698011828e-05
257 189 9.95018687695e-05
257 190 5.59698011828e-05
257 191 5.59698011828e-05
257 192 2.48754671924e-05
257 193 2.48754671924e-05
257 194 2.48754671924e-05
257 195 2.48754671924e-05
257 196 2.48754671924e-05
257 197 2.48754671924e-05
257 198 2.48754671924e-05
257 199 2.48754671924e-05
257 200 2.48754671924e-05
257 201 2.48754671924e-05
257 202 2.48754671924e-05
257 203 2.48754671924e-05
257 204 2.48754671924e-05
257 205 2.48754671924e-05
257 206 2.48754671924e-05
257 207 5.59698011828e-05
257 208 5.59698011828e-05
257 209 9.95018687695e-05
257 210 5.59698011828e-05
257 211 9.95018687695e-05
257 212 5.59698011828e-05
257 213 5.59698011828e-05
257 214 2.48754671924e-05
257 215 2.48754671924e-05
257 216 2.48754671924e-05
257 217 2.48754671924e-05
257 218 2.48754671924e-05
257 219 2.48754671924e-05
257 220 2.48754671924e-05
257 221 2.48754671924e-05
257 222 2.48754671924e-05
257 223 2.48754671924e-05
257 224 2.48754671924e-05
257 225 2.48754671924e-05
257 226 2.48754671924e-05
257 227 2.48754671924e-05
257 228 2.48754671924e-05
257 229 2.48754671924e-05
257 230 2.48754671924e-05
257 231 2.48754671924e-05
257 232 2.48754671924e-05
257 233 2.48754671924e-05
257 234 2.48754671924e-05
257 235 2.48754671924e-05
257 236 2.48754671924e-05
257 237 2.48754671924e-05
257 238 2.48754671924e-05
257 239 2.48754671924e-05
257 240 2.48754671924e-05
257 241 2.48754671924e-05
257 242 2.48754671924e-05
257 243 2.48754671924e-05
257 244 2.48754671924e-05
257 245 2.48754671924e-05
257 246 2.48754671924e-05
257 247 2.48754671924e-05
257 248 2.48754671924e-05
257 249 5.59698011828e-05
257 250 5.59698011828e-05
257 251 9.95018687695e-05
257 252 5.59698011828e-05
257 253 9.95018687695e-05
257 254 5.59698011828e-05
257 255 5.59698011828e-05
257 256 2.48754671924e-05
257 257 2.48754671924e-05
257 258 2.48754671924e-05
257 259 2.48754671924e-05
257 260 2.48754671924e-05
257 261 2.48754671924e-05
257 262 2.48754671924e-05
257 263 2.48754671924e-05
257 264 2.48754671924e-05
257 265 2.48754671924e-05
257 266 6.21886679809e-06
257 267 6.21886679809e-06
257 268 6.21886679809e-06
257 269 2.48754671924e-05
257 270 2.48754671924e-05
257 271 6.21886679809e-06
257 272 0.0
257 273 0.0
257 274 0.0
257 275 6.21886679809e-06
257 276 0.0
257 277 5.59698011828e-05
257 278 0.0
257 279 2.48754671924e-05
257 280 0.0
257 281 6.21886679809e-06
257 282 0.0
257 283 0.000895516818925
257 284 0.0
257 285 0.00388679174881
257 286 0.0
257 287 0.000752482882569
257 288 0.0
257 289 0.0035820672757
257 290 0.0
257 291 0.000621886679809
257 292 0.0
257 293 5.59698011828e-05
257 294 0.0
257 295 6.21886679809e-06
257 296 0.0
257 297 0.0
257 298 0.0
257 299 6.21886679809e-06
257 300 0.0
257 301 0.000155471669952
257 302 6.21886679809e-06
257 303 0.000223879204731
257 304 6.21886679809e-06
257 305 5.59698011828e-05
257 306 0.0
257 307 0.00453355389581
257 308 0.0
257 309 0.00139924502957
257 310 0.0
257 311 0.000155471669952
257 312 0.0
257 313 0.0
257 314 0.0
257 315 6.21886679809e-06
257 316 0.0
257 317 2.48754671924e-05
257 318 0.0
257 319 6.21886679809e-06
257 320 0.0
257 321 2.48754671924e-05
257 322 0.0
257 323 6.21886679809e-06
257 324 0.0
257 325 0.00139924502957
257 326 0.0
257 327 0.00139924502957
257 328 0.0
257 329 9.95018687695e-05
257 330 0.0
257 331 6.21886679809e-06
257 332 0.0
257 333 2.48754671924e-05
257 334 0.0
257 335 0.0
257 336 0.0
257 337 0.0
257 338 0.0
257 339 0.0
257 340 0.0
257 341 0.000304724473107
257 342 0.0
257 343 0.00139924502957
257 344 0.0
257 345 0.000304724473107
257 346 0.0
257 347 9.95018687695e-05
257 348 0.0
257 349 0.00105098848888
257 350 0.0
257 351 0.000895516818925
257 352 0.0
257 353 0.000223879204731
257 354 0.0
257 355 0.0
257 356 0.0
257 357 0.0
257 358 0.0
257 359 0.0
257 360 0.0
257 361 0.0
257 362 0.0
257 363 2.48754671924e-05
257 364 0.0
257 365 6.21886679809e-06
257 366 0.0
257 367 0.000304724473107
257 368 0.0
257 369 0.000155471669952
257 370 6.21886679809e-06
257 371 0.000304724473107
257 372 6.21886679809e-06
257 373 0.000223879204731
257 374 6.21886679809e-06
257 375 0.000155471669952
257 376 2.48754671924e-05
257 377 0.0
257 378 6.21886679809e-06
257 379 0.0
257 380 6.21886679809e-06
257 381 2.48754671924e-05
257 382 2.48754671924e-05
257 383 9.95018687695e-05
257 384 6.21886679809e-06
257 385 5.59698011828e-05
257 386 0.0
257 387 5.59698011828e-05
257 388 0.0
257 389 6.21886679809e-06
257 390 0.0
257 391 9.95018687695e-05
257 392 0.0
257 393 5.59698011828e-05
257 394 2.48754671924e-05
257 395 0.000155471669952
257 396 6.21886679809e-06
257 397 5.59698011828e-05
257 398 0.0
257 399 6.21886679809e-06
257 400 0.0
258 0 0.0
258 1 2.48754671924e-05
258 2 0.0
258 3 2.48754671924e-05
258 4 0.0
258 5 0.000155471669952
258 6 0.0
258 7 0.000621886679809
258 8 0.0
258 9 6.21886679809e-06
258 10 0.0
258 11 9.95018687695e-05
258 12 0.0
258 13 5.59698011828e-05
258 14 0.0
258 15 2.48754671924e-05
258 16 0.0
258 17 9.95018687695e-05
258 18 0.0
258 19 6.21886679809e-06
258 20 0.0
258 21 2.48754671924e-05
258 22 0.0
258 23 6.21886679809e-06
258 24 0.0
258 25 6.21886679809e-06
258 26 0.0
258 27 6.21886679809e-06
258 28 0.0
258 29 0.000304724473107
258 30 0.0
258 31 9.95018687695e-05
258 32 0.0
258 33 2.48754671924e-05
258 34 0.0
258 35 6.21886679809e-06
258 36 0.0
258 37 0.000621886679809
258 38 0.0
258 39 0.000223879204731
258 40 0.0
258 41 6.21886679809e-06
258 42 0.0
258 43 5.59698011828e-05
258 44 0.0
258 45 0.0
258 46 0.0
258 47 6.21886679809e-06
258 48 0.0
258 49 0.0
258 50 0.0
258 51 0.0
258 52 0.0
258 53 0.0
258 54 0.0
258 55 6.21886679809e-06
258 56 0.0
258 57 9.95018687695e-05
258 58 0.0
258 59 0.000155471669952
258 60 0.0
258 61 0.00121889789243
258 62 0.0
258 63 0.000155471669952
258 64 0.0
258 65 0.000223879204731
258 66 0.0
258 67 0.000398007475078
258 68 0.0
258 69 9.95018687695e-05
258 70 0.0
258 71 6.21886679809e-06
258 72 0.0
258 73 2.48754671924e-05
258 74 0.0
258 75 0.0
258 76 0.0
258 77 6.21886679809e-06
258 78 0.0
258 79 0.0
258 80 0.0
258 81 0.0
258 82 0.0
258 83 0.0
258 84 0.0
258 85 0.000304724473107
258 86 0.0
258 87 0.000621886679809
258 88 0.0
258 89 0.00179725250465
258 90 0.0
258 91 9.95018687695e-05
258 92 0.0
258 93 0.000752482882569
258 94 0.0
258 95 0.00179725250465
258 96 0.0
258 97 5.59698011828e-05
258 98 0.0
258 99 0.0
258 100 0.0
258 101 6.21886679809e-06
258 102 0.0
258 103 6.21886679809e-06
258 104 0.0
258 105 0.0
258 106 0.0
258 107 0.0
258 108 0.0
258 109 0.000304724473107
258 110 0.0
258 111 0.000155471669952
258 112 0.0
258 113 2.48754671924e-05
258 114 0.0
258 115 0.00453355389581
258 116 0.0
258 117 0.00201491284258
258 118 0.0
258 119 0.000304724473107
258 120 0.0
258 121 0.0
258 122 0.0
258 123 0.0
258 124 0.0
258 125 0.0
258 126 0.0
258 127 0.00179725250465
258 128 0.0
258 129 0.00851362864659
258 130 0.0
258 131 0.0048755915697
258 132 0.0
258 133 0.00851362864659
258 134 0.0
258 135 0.000621886679809
258 136 0.0
258 137 6.21886679809e-06
258 138 0.0
258 139 0.0
258 140 0.0
258 141 0.0
258 142 0.0
258 143 0.0
258 144 0.0
258 145 0.0
258 146 0.0
258 147 0.0
258 148 0.0
258 149 0.0
258 150 0.0
258 151 0.0
258 152 0.0
258 153 0.0
258 154 0.0
258 155 0.0
258 156 0.0
258 157 0.0
258 158 0.0
258 159 0.0
258 160 0.0
258 161 0.0
258 162 0.0
258 163 0.0
258 164 0.0
258 165 0.0
258 166 0.0
258 167 0.0
258 168 0.0
258 169 0.0
258 170 0.0
258 171 0.0
258 172 0.0
258 173 0.0
258 174 0.0
258 175 0.0
258 176 0.0
258 177 0.0
258 178 0.0
258 179 0.0
258 180 0.0
258 181 0.0
258 182 0.0
258 183 0.0
258 184 0.0
258 185 0.0
258 186 0.0
258 187 0.0
258 188 0.0
258 189 0.0
258 190 0.0
258 191 0.0
258 192 0.0
258 193 0.0
258 194 0.0
258 195 0.0
258 196 0.0
258 197 0.0
258 198 0.0
258 199 0.0
258 200 0.0
258 201 0.0
258 202 0.0
258 203 0.0
258 204 0.0
258 205 0.0
258 206 0.0
258 207 0.0
258 208 0.0
258 209 0.0
258 210 0.0
258 211 0.0
258 212 0.0
258 213 0.0
258 214 0.0
258 215 0.0
258 216 0.0
258 217 0.0
258 218 0.0
258 219 0.0
258 220 0.0
258 221 0.0
258 222 0.0
258 223 0.0
258 224 0.0
258 225 0.0
258 226 0.0
258 227 0.0
258 228 0.0
258 229 0.0
258 230 0.0
258 231 0.0
258 232 0.0
258 233 0.0
258 234 0.0
258 235 0.0
258 236 0.0
258 237 0.0
258 238 0.0
258 239 0.0
258 240 0.0
258 241 0.0
258 242 0.0
258 243 0.0
258 244 0.0
258 245 0.0
258 246 0.0
258 247 0.0
258 248 0.0
258 249 0.0
258 250 0.0
258 251 0.0
258 252 0.0
258 253 0.0
258 254 0.0
258 255 0.0
258 256 0.0
258 257 0.0
258 258 0.0
258 259 0.0
258 260 0.0
258 261 0.0
258 262 0.0
258 263 0.0
258 264 0.0
258 265 0.0
258 266 0.0
258 267 0.0
258 268 0.0
258 269 0.0
258 270 0.0
258 271 0.0
258 272 0.0
258 273 0.0
258 274 0.0
258 275 0.0
258 276 0.0
258 277 5.59698011828e-05
258 278 0.0
258 279 2.48754671924e-05
258 280 0.0
258 281 6.21886679809e-06
258 282 0.0
258 283 0.000895516818925
258 284 0.0
258 285 0.00388679174881
258 286 0.0
258 287 0.000752482882569
258 288 0.0
258 289 0.0035820672757
258 290 0.0
258 291 0.000621886679809
258 292 0.0
258 293 5.59698011828e-05
258 294 0.0
258 295 6.21886679809e-06
258 296 0.0
258 297 0.0
258 298 0.0
258 299 6.21886679809e-06
258 300 0.0
258 301 0.000223879204731
258 302 0.0
258 303 0.000155471669952
258 304 0.0
258 305 5.59698011828e-05
258 306 0.0
258 307 0.00453355389581
258 308 0.0
258 309 0.00139924502957
258 310 0.0
258 311 0.000155471669952
258 312 0.0
258 313 0.0
258 314 0.0
258 315 6.21886679809e-06
258 316 0.0
258 317 2.48754671924e-05
258 318 0.0
258 319 6.21886679809e-06
258 320 0.0
258 321 2.48754671924e-05
258 322 0.0
258 323 6.21886679809e-06
258 324 0.0
258 325 0.00139924502957
258 326 0.0
258 327 0.00139924502957
258 328 0.0
258 329 9.95018687695e-05
258 330 0.0
258 331 6.21886679809e-06
258 332 0.0
258 333 2.48754671924e-05
258 334 0.0
258 335 0.0
258 336 0.0
258 337 0.0
258 338 0.0
258 339 0.0
258 340 0.0
258 341 0.000304724473107
258 342 0.0
258 343 0.00139924502957
258 344 0.0
258 345 0.000304724473107
258 346 0.0
258 347 9.95018687695e-05
258 348 0.0
258 349 0.00105098848888
258 350 0.0
258 351 0.000895516818925
258 352 0.0
258 353 0.000223879204731
258 354 0.0
258 355 0.0
258 356 0.0
258 357 0.0
258 358 0.0
258 359 0.0
258 360 0.0
258 361 0.0
258 362 0.0
258 363 2.48754671924e-05
258 364 0.0
258 365 6.21886679809e-06
258 366 0.0
258 367 0.000304724473107
258 368 0.0
258 369 9.95018687695e-05
258 370 0.0
258 371 0.000398007475078
258 372 0.0
258 373 0.000223879204731
258 374 0.0
258 375 9.95018687695e-05
258 376 0.0
258 377 2.48754671924e-05
258 378 0.0
258 379 0.0
258 380 0.0
258 381 5.59698011828e-05
258 382 0.0
258 383 5.59698011828e-05
258 384 0.0
258 385 5.59698011828e-05
258 386 0.0
258 387 5.59698011828e-05
258 388 0.0
258 389 6.21886679809e-06
258 390 0.0
258 391 9.95018687695e-05
258 392 0.0
258 393 6.21886679809e-06
258 394 0.0
258 395 9.95018687695e-05
258 396 0.0
258 397 9.95018687695e-05
258 398 0.0
258 399 2.48754671924e-05
258 400 0.0
259 0 0.0
259 1 2.48754671924e-05
259 2 0.0
259 3 2.48754671924e-05
259 4 0.0
259 5 0.000155471669952
259 6 0.0
259 7 0.000503728210645
259 8 6.21886679809e-06
259 9 6.21886679809e-06
259 10 0.0
259 11 9.95018687695e-05
259 12 0.0
259 13 2.48754671924e-05
259 14 6.21886679809e-06
259 15 2.48754671924e-05
259 16 0.0
259 17 0.000155471669952
259 18 0.0
259 19 6.21886679809e-06
259 20 0.0
259 21 2.48754671924e-05
259 22 0.0
259 23 6.21886679809e-06
259 24 0.0
259 25 6.21886679809e-06
259 26 0.0
259 27 6.21886679809e-06
259 28 0.0
259 29 0.000304724473107
259 30 0.0
259 31 9.95018687695e-05
259 32 0.0
259 33 2.48754671924e-05
259 34 0.0
259 35 6.21886679809e-06
259 36 0.0
259 37 0.000621886679809
259 38 0.0
259 39 0.000223879204731
259 40 0.0
259 41 6.21886679809e-06
259 42 0.0
259 43 5.59698011828e-05
259 44 0.0
259 45 0.0
259 46 0.0
259 47 6.21886679809e-06
259 48 0.0
259 49 0.0
259 50 0.0
259 51 0.0
259 52 0.0
259 53 0.0
259 54 0.0
259 55 6.21886679809e-06
259 56 0.0
259 57 9.95018687695e-05
259 58 0.0
259 59 0.000155471669952
259 60 0.0
259 61 0.00121889789243
259 62 0.0
259 63 0.000155471669952
259 64 0.0
259 65 0.000223879204731
259 66 0.0
259 67 0.000398007475078
259 68 0.0
259 69 9.95018687695e-05
259 70 0.0
259 71 6.21886679809e-06
259 72 0.0
259 73 2.48754671924e-05
259 74 0.0
259 75 0.0
259 76 0.0
259 77 6.21886679809e-06
259 78 0.0
259 79 0.0
259 80 0.0
259 81 0.0
259 82 0.0
259 83 0.0
259 84 0.0
259 85 0.000304724473107
259 86 0.0
259 87 0.000621886679809
259 88 0.0
259 89 0.00179725250465
259 90 0.0
259 91 9.95018687695e-05
259 92 0.0
259 93 0.000752482882569
259 94 0.0
259 95 0.00179725250465
259 96 0.0
259 97 5.59698011828e-05
259 98 0.0
259 99 0.0
259 100 0.0
259 101 6.21886679809e-06
259 102 0.0
259 103 6.21886679809e-06
259 104 0.0
259 105 0.0
259 106 0.0
259 107 0.0
259 108 0.0
259 109 0.000304724473107
259 110 0.0
259 111 0.000155471669952
259 112 0.0
259 113 2.48754671924e-05
259 114 0.0
259 115 0.00453355389581
259 116 0.0
259 117 0.00201491284258
259 118 0.0
259 119 0.000304724473107
259 120 0.0
259 121 0.0
259 122 0.0
259 123 0.0
259 124 0.0
259 125 0.0
259 126 0.0
259 127 0.00179725250465
259 128 0.0
259 129 0.00851362864659
259 130 6.21886679809e-06
259 131 0.00453355389581
259 132 0.0
259 133 0.00805965137033
259 134 6.21886679809e-06
259 135 0.000752482882569
259 136 0.0
259 137 6.21886679809e-06
259 138 0.0
259 139 6.21886679809e-06
259 140 0.0
259 141 0.0
259 142 0.0
259 143 6.21886679809e-06
259 144 6.21886679809e-06
259 145 6.21886679809e-06
259 146 6.21886679809e-06
259 147 2.48754671924e-05
259 148 6.21886679809e-06
259 149 6.21886679809e-06
259 150 0.0
259 151 0.0
259 152 0.0
259 153 0.0
259 154 0.0
259 155 0.0
259 156 0.0
259 157 0.0
259 158 0.0
259 159 0.0
259 160 0.0
259 161 0.0
259 162 0.0
259 163 0.0
259 164 0.0
259 165 0.0
259 166 0.0
259 167 0.0
259 168 0.0
259 169 0.0
259 170 0.0
259 171 6.21886679809e-06
259 172 6.21886679809e-06
259 173 2.48754671924e-05
259 174 6.21886679809e-06
259 175 2.48754671924e-05
259 176 6.21886679809e-06
259 177 6.21886679809e-06
259 178 0.0
259 179 0.0
259 180 0.0
259 181 0.0
259 182 0.0
259 183 0.0
259 184 0.0
259 185 0.0
259 186 0.0
259 187 0.0
259 188 0.0
259 189 0.0
259 190 0.0
259 191 0.0
259 192 0.0
259 193 0.0
259 194 0.0
259 195 0.0
259 196 0.0
259 197 0.0
259 198 0.0
259 199 6.21886679809e-06
259 200 6.21886679809e-06
259 201 2.48754671924e-05
259 202 6.21886679809e-06
259 203 6.21886679809e-06
259 204 6.21886679809e-06
259 205 2.48754671924e-05
259 206 6.21886679809e-06
259 207 6.21886679809e-06
259 208 0.0
259 209 0.0
259 210 0.0
259 211 0.0
259 212 0.0
259 213 0.0
259 214 0.0
259 215 0.0
259 216 0.0
259 217 0.0
259 218 0.0
259 219 0.0
259 220 0.0
259 221 0.0
259 222 0.0
259 223 0.0
259 224 0.0
259 225 0.0
259 226 0.0
259 227 0.0
259 228 0.0
259 229 0.0
259 230 0.0
259 231 0.0
259 232 0.0
259 233 0.0
259 234 0.0
259 235 0.0
259 236 0.0
259 237 0.0
259 238 0.0
259 239 0.0
259 240 0.0
259 241 0.0
259 242 0.0
259 243 6.21886679809e-06
259 244 6.21886679809e-06
259 245 2.48754671924e-05
259 246 6.21886679809e-06
259 247 2.48754671924e-05
259 248 6.21886679809e-06
259 249 6.21886679809e-06
259 250 0.0
259 251 0.0
259 252 0.0
259 253 0.0
259 254 0.0
259 255 0.0
259 256 0.0
259 257 0.0
259 258 0.0
259 259 0.0
259 260 0.0
259 261 0.0
259 262 0.0
259 263 0.0
259 264 0.0
259 265 0.0
259 266 0.0
259 267 0.0
259 268 0.0
259 269 0.0
259 270 0.0
259 271 0.0
259 272 0.0
259 273 0.0
259 274 0.0
259 275 0.0
259 276 0.0
259 277 5.59698011828e-05
259 278 6.21886679809e-06
259 279 5.59698011828e-05
259 280 0.0
259 281 6.21886679809e-06
259 282 0.0
259 283 0.000895516818925
259 284 0.0
259 285 0.00388679174881
259 286 0.0
259 287 0.000621886679809
259 288 6.21886679809e-06
259 289 0.00388679174881
259 290 0.0
259 291 0.000621886679809
259 292 6.21886679809e-06
259 293 9.95018687695e-05
259 294 0.0
259 295 6.21886679809e-06
259 296 0.0
259 297 0.0
259 298 0.0
259 299 6.21886679809e-06
259 300 0.0
259 301 0.000223879204731
259 302 0.0
259 303 0.000223879204731
259 304 6.21886679809e-06
259 305 2.48754671924e-05
259 306 0.0
259 307 0.00453355389581
259 308 0.0
259 309 0.00139924502957
259 310 0.0
259 311 0.000155471669952
259 312 0.0
259 313 0.0
259 314 0.0
259 315 6.21886679809e-06
259 316 0.0
259 317 2.48754671924e-05
259 318 0.0
259 319 6.21886679809e-06
259 320 0.0
259 321 2.48754671924e-05
259 322 0.0
259 323 6.21886679809e-06
259 324 0.0
259 325 0.00139924502957
259 326 0.0
259 327 0.00139924502957
259 328 0.0
259 329 9.95018687695e-05
259 330 0.0
259 331 6.21886679809e-06
259 332 0.0
259 333 2.48754671924e-05
259 334 0.0
259 335 0.0
259 336 0.0
259 337 0.0
259 338 0.0
259 339 0.0
259 340 0.0
259 341 0.000304724473107
259 342 0.0
259 343 0.00139924502957
259 344 0.0
259 345 0.000304724473107
259 346 0.0
259 347 9.95018687695e-05
259 348 0.0
259 349 0.00105098848888
259 350 0.0
259 351 0.000895516818925
259 352 0.0
259 353 0.000223879204731
259 354 0.0
259 355 6.21886679809e-06
259 356 6.21886679809e-06
259 357 6.21886679809e-06
259 358 0.0
259 359 0.0
259 360 0.0
259 361 0.0
259 362 0.0
259 363 2.48754671924e-05
259 364 0.0
259 365 6.21886679809e-06
259 366 0.0
259 367 0.000304724473107
259 368 0.0
259 369 9.95018687695e-05
259 370 0.0
259 371 0.000398007475078
259 372 0.0
259 373 0.000223879204731
259 374 0.0
259 375 0.000155471669952
259 376 6.21886679809e-06
259 377 6.21886679809e-06
259 378 0.0
259 379 0.0
259 380 0.0
259 381 5.59698011828e-05
259 382 0.0
259 383 5.59698011828e-05
259 384 0.0
259 385 5.59698011828e-05
259 386 0.0
259 387 5.59698011828e-05
259 388 0.0
259 389 2.48754671924e-05
259 390 6.21886679809e-06
259 391 2.48754671924e-05
259 392 6.21886679809e-06
259 393 2.48754671924e-05
259 394 0.0
259 395 9.95018687695e-05
259 396 6.21886679809e-06
259 397 5.59698011828e-05
259 398 0.0
259 399 6.21886679809e-06
259 400 0.0
260 0 0.0
260 1 2.48754671924e-05
260 2 0.0
260 3 2.48754671924e-05
260 4 0.0
260 5 0.000155471669952
260 6 0.0
260 7 0.000621886679809
260 8 0.0
260 9 6.21886679809e-06
260 10 0.0
260 11 9.95018687695e-05
260 12 0.0
260 13 5.59698011828e-05
260 14 0.0
260 15 2.48754671924e-05
260 16 0.0
260 17 9.95018687695e-05
260 18 0.0
260 19 6.21886679809e-06
260 20 0.0
260 21 2.48754671924e-05
260 22 0.0
260 23 6.21886679809e-06
260 24 0.0
260 25 6.21886679809e-06
260 26 0.0
260 27 6.21886679809e-06
260 28 0.0
260 29 0.000304724473107
260 30 0.0
260 31 9.95018687695e-05
260 32 0.0
260 33 2.48754671924e-05
260 34 0.0
260 35 6.21886679809e-06
260 36 0.0
260 37 0.000621886679809
260 38 0.0
260 39 0.000223879204731
260 40 0.0
260 41 6.21886679809e-06
260 42 0.0
260 43 5.59698011828e-05
260 44 0.0
260 45 0.0
260 46 0.0
260 47 6.21886679809e-06
260 48 0.0
260 49 0.0
260 50 0.0
260 51 0.0
260 52 0.0
260 53 0.0
260 54 0.0
260 55 6.21886679809e-06
260 56 0.0
260 57 9.95018687695e-05
260 58 0.0
260 59 0.000155471669952
260 60 0.0
260 61 0.00121889789243
260 62 0.0
260 63 0.000155471669952
260 64 0.0
260 65 0.000223879204731
260 66 0.0
260 67 0.000398007475078
260 68 0.0
260 69 9.95018687695e-05
260 70 0.0
260 71 6.21886679809e-06
260 72 0.0
260 73 2.48754671924e-05
260 74 0.0
260 75 0.0
260 76 0.0
260 77 6.21886679809e-06
260 78 0.0
260 79 0.0
260 80 0.0
260 81 0.0
260 82 0.0
260 83 0.0
260 84 0.0
260 85 0.000304724473107
260 86 0.0
260 87 0.000621886679809
260 88 0.0
260 89 0.00179725250465
260 90 0.0
260 91 9.95018687695e-05
260 92 0.0
260 93 0.000752482882569
260 94 0.0
260 95 0.00179725250465
260 96 0.0
260 97 5.59698011828e-05
260 98 0.0
260 99 0.0
260 100 0.0
260 101 6.21886679809e-06
260 102 0.0
260 103 6.21886679809e-06
260 104 0.0
260 105 0.0
260 106 0.0
260 107 0.0
260 108 0.0
260 109 0.000304724473107
260 110 0.0
260 111 0.000155471669952
260 112 0.0
260 113 2.48754671924e-05
260 114 0.0
260 115 0.00453355389581
260 116 0.0
260 117 0.00201491284258
260 118 0.0
260 119 0.000304724473107
260 120 0.0
260 121 0.0
260 122 0.0
260 123 0.0
260 124 0.0
260 125 0.0
260 126 0.0
260 127 0.00179725250465
260 128 0.0
260 129 0.00851362864659
260 130 0.0
260 131 0.0048755915697
260 132 0.0
260 133 0.00851362864659
260 134 0.0
260 135 0.000621886679809
260 136 0.0
260 137 6.21886679809e-06
260 138 0.0
260 139 0.0
260 140 0.0
260 141 0.0
260 142 0.0
260 143 0.0
260 144 0.0
260 145 0.0
260 146 0.0
260 147 0.0
260 148 0.0
260 149 0.0
260 150 0.0
260 151 0.0
260 152 0.0
260 153 0.0
260 154 0.0
260 155 0.0
260 156 0.0
260 157 0.0
260 158 0.0
260 159 0.0
260 160 0.0
260 161 0.0
260 162 0.0
260 163 0.0
260 164 0.0
260 165 0.0
260 166 0.0
260 167 0.0
260 168 0.0
260 169 0.0
260 170 0.0
260 171 0.0
260 172 0.0
260 173 0.0
260 174 0.0
260 175 0.0
260 176 0.0
260 177 0.0
260 178 0.0
260 179 0.0
260 180 0.0
260 181 0.0
260 182 0.0
260 183 0.0
260 184 0.0
260 185 0.0
260 186 0.0
260 187 0.0
260 188 0.0
260 189 0.0
260 190 0.0
260 191 0.0
260 192 0.0
260 193 0.0
260 194 0.0
260 195 0.0
260 196 0.0
260 197 0.0
260 198 0.0
260 199 0.0
260 200 0.0
260 201 0.0
260 202 0.0
260 203 0.0
260 204 0.0
260 205 0.0
260 206 0.0
260 207 0.0
260 208 0.0
260 209 0.0
260 210 0.0
260 211 0.0
260 212 0.0
260 213 0.0
260 214 0.0
260 215 0.0
260 216 0.0
260 217 0.0
260 218 0.0
260 219 0.0
260 220 0.0
260 221 0.0
260 222 0.0
260 223 0.0
260 224 0.0
260 225 0.0
260 226 0.0
260 227 0.0
260 228 0.0
260 229 0.0
260 230 0.0
260 231 0.0
260 232 0.0
260 233 0.0
260 234 0.0
260 235 0.0
260 236 0.0
260 237 0.0
260 238 0.0
260 239 0.0
260 240 0.0
260 241 0.0
260 242 0.0
260 243 0.0
260 244 0.0
260 245 0.0
260 246 0.0
260 247 0.0
260 248 0.0
260 249 0.0
260 250 0.0
260 251 0.0
260 252 0.0
260 253 0.0
260 254 0.0
260 255 0.0
260 256 0.0
260 257 0.0
260 258 0.0
260 259 0.0
260 260 0.0
260 261 0.0
260 262 0.0
260 263 0.0
260 264 0.0
260 265 0.0
260 266 0.0
260 267 0.0
260 268 0.0
260 269 0.0
260 270 0.0
260 271 0.0
260 272 0.0
260 273 0.0
260 274 0.0
260 275 0.0
260 276 0.0
260 277 5.59698011828e-05
260 278 0.0
260 279 2.48754671924e-05
260 280 0.0
260 281 6.21886679809e-06
260 282 0.0
260 283 0.000895516818925
260 284 0.0
260 285 0.00388679174881
260 286 0.0
260 287 0.000752482882569
260 288 0.0
260 289 0.0035820672757
260 290 0.0
260 291 0.000621886679809
260 292 0.0
260 293 5.59698011828e-05
260 294 0.0
260 295 6.21886679809e-06
260 296 0.0
260 297 0.0
260 298 0.0
260 299 6.21886679809e-06
260 300 0.0
260 301 0.000223879204731
260 302 0.0
260 303 0.000155471669952
260 304 0.0
260 305 5.59698011828e-05
260 306 0.0
260 307 0.00453355389581
260 308 0.0
260 309 0.00139924502957
260 310 0.0
260 311 0.000155471669952
260 312 0.0
260 313 0.0
260 314 0.0
260 315 6.21886679809e-06
260 316 0.0
260 317 2.48754671924e-05
260 318 0.0
260 319 6.21886679809e-06
260 320 0.0
260 321 2.48754671924e-05
260 322 0.0
260 323 6.21886679809e-06
260 324 0.0
260 325 0.00139924502957
260 326 0.0
260 327 0.00139924502957
260 328 0.0
260 329 9.95018687695e-05
260 330 0.0
260 331 6.21886679809e-06
260 332 0.0
260 333 2.48754671924e-05
260 334 0.0
260 335 0.0
260 336 0.0
260 337 0.0
260 338 0.0
260 339 0.0
260 340 0.0
260 341 0.000304724473107
260 342 0.0
260 343 0.00139924502957
260 344 0.0
260 345 0.000304724473107
260 346 0.0
260 347 9.95018687695e-05
260 348 0.0
260 349 0.00105098848888
260 350 0.0
260 351 0.000895516818925
260 352 0.0
260 353 0.000223879204731
260 354 0.0
260 355 0.0
260 356 0.0
260 357 0.0
260 358 0.0
260 359 0.0
260 360 0.0
260 361 0.0
260 362 0.0
260 363 2.48754671924e-05
260 364 0.0
260 365 6.21886679809e-06
260 366 0.0
260 367 0.000304724473107
260 368 0.0
260 369 9.95018687695e-05
260 370 0.0
260 371 0.000398007475078
260 372 0.0
260 373 0.000223879204731
260 374 0.0
260 375 9.95018687695e-05
260 376 0.0
260 377 2.48754671924e-05
260 378 0.0
260 379 0.0
260 380 0.0
260 381 5.59698011828e-05
260 382 0.0
260 383 5.59698011828e-05
260 384 0.0
260 385 5.59698011828e-05
260 386 0.0
260 387 5.59698011828e-05
260 388 0.0
260 389 6.21886679809e-06
260 390 0.0
260 391 9.95018687695e-05
260 392 0.0
260 393 6.21886679809e-06
260 394 0.0
260 395 9.95018687695e-05
260 396 0.0
260 397 9.95018687695e-05
260 398 0.0
260 399 2.48754671924e-05
260 400 0.0
261 0 0.0
261 1 2.48754671924e-05
261 2 0.0
261 3 2.48754671924e-05
261 4 0.0
261 5 0.000155471669952
261 6 0.0
261 7 0.000621886679809
261 8 0.0
261 9 6.21886679809e-06
261 10 6.21886679809e-06
261 11 2.48754671924e-05
261 12 6.21886679809e-06
261 13 2.48754671924e-05
261 14 0.0
261 15 6.21886679809e-06
261 16 0.0
261 17 9.95018687695e-05
261 18 0.0
261 19 6.21886679809e-06
261 20 0.0
261 21 2.48754671924e-05
261 22 0.0
261 23 6.21886679809e-06
261 24 0.0
261 25 6.21886679809e-06
261 26 0.0
261 27 6.21886679809e-06
261 28 0.0
261 29 0.000304724473107
261 30 0.0
261 31 9.95018687695e-05
261 32 0.0
261 33 2.48754671924e-05
261 34 0.0
261 35 6.21886679809e-06
261 36 0.0
261 37 0.000621886679809
261 38 0.0
261 39 0.000223879204731
261 40 0.0
261 41 6.21886679809e-06
261 42 0.0
261 43 5.59698011828e-05
261 44 0.0
261 45 0.0
261 46 0.0
261 47 6.21886679809e-06
261 48 0.0
261 49 0.0
261 50 0.0
261 51 0.0
261 52 0.0
261 53 0.0
261 54 0.0
261 55 6.21886679809e-06
261 56 0.0
261 57 9.95018687695e-05
261 58 0.0
261 59 0.000155471669952
261 60 6.21886679809e-06
261 61 0.00159202990031
261 62 6.21886679809e-06
261 63 0.000155471669952
261 64 0.0
261 65 0.000223879204731
261 66 0.0
261 67 0.000398007475078
261 68 0.0
261 69 9.95018687695e-05
261 70 0.0
261 71 6.21886679809e-06
261 72 0.0
261 73 2.48754671924e-05
261 74 0.0
261 75 0.0
261 76 0.0
261 77 6.21886679809e-06
261 78 0.0
261 79 0.0
261 80 0.0
261 81 0.0
261 82 0.0
261 83 0.0
261 84 0.0
261 85 0.000304724473107
261 86 0.0
261 87 0.000621886679809
261 88 0.0
261 89 0.00179725250465
261 90 0.0
261 91 9.95018687695e-05
261 92 0.0
261 93 0.000752482882569
261 94 0.0
261 95 0.00179725250465
261 96 0.0
261 97 5.59698011828e-05
261 98 0.0
261 99 0.0
261 100 0.0
261 101 6.21886679809e-06
261 102 0.0
261 103 6.21886679809e-06
261 104 0.0
261 105 0.0
261 106 0.0
261 107 0.0
261 108 0.0
261 109 0.000304724473107
261 110 0.0
261 111 0.000155471669952
261 112 0.0
261 113 2.48754671924e-05
261 114 0.0
261 115 0.00453355389581
261 116 0.0
261 117 0.00201491284258
261 118 0.0
261 119 0.000304724473107
261 120 0.0
261 121 0.0
261 122 0.0
261 123 0.0
261 124 0.0
261 125 0.0
261 126 0.0
261 127 0.00159202990031
261 128 6.21886679809e-06
261 129 0.00851362864659
261 130 0.0
261 131 0.00453355389581
261 132 6.21886679809e-06
261 133 0.00805965137033
261 134 0.0
261 135 0.000621886679809
261 136 0.0
261 137 6.21886679809e-06
261 138 0.0
261 139 0.0
261 140 0.0
261 141 0.0
261 142 0.0
261 143 0.0
261 144 0.0
261 145 0.0
261 146 0.0
261 147 0.0
261 148 0.0
261 149 0.0
261 150 0.0
261 151 0.0
261 152 0.0
261 153 0.0
261 154 0.0
261 155 0.0
261 156 0.0
261 157 0.0
261 158 0.0
261 159 0.0
261 160 0.0
261 161 0.0
261 162 0.0
261 163 0.0
261 164 0.0
261 165 0.0
261 166 0.0
261 167 0.0
261 168 0.0
261 169 0.0
261 170 0.0
261 171 0.0
261 172 0.0
261 173 0.0
261 174 0.0
261 175 0.0
261 176 0.0
261 177 0.0
261 178 0.0
261 179 0.0
261 180 0.0
261 181 0.0
261 182 0.0
261 183 0.0
261 184 0.0
261 185 0.0
261 186 0.0
261 187 0.0
261 188 0.0
261 189 0.0
261 190 0.0
261 191 0.0
261 192 0.0
261 193 0.0
261 194 0.0
261 195 0.0
261 196 0.0
261 197 0.0
261 198 0.0
261 199 0.0
261 200 0.0
261 201 0.0
261 202 0.0
261 203 0.0
261 204 0.0
261 205 0.0
261 206 0.0
261 207 0.0
261 208 0.0
261 209 0.0
261 210 0.0
261 211 0.0
261 212 0.0
261 213 0.0
261 214 0.0
261 215 0.0
261 216 0.0
261 217 0.0
261 218 0.0
261 219 0.0
261 220 0.0
261 221 0.0
261 222 0.0
261 223 0.0
261 224 0.0
261 225 0.0
261 226 0.0
261 227 0.0
261 228 0.0
261 229 0.0
261 230 0.0
261 231 0.0
261 232 0.0
261 233 0.0
261 234 0.0
261 235 0.0
261 236 0.0
261 237 0.0
261 238 0.0
261 239 0.0
261 240 0.0
261 241 0.0
261 242 0.0
261 243 0.0
261 244 0.0
261 245 0.0
261 246 0.0
261 247 0.0
261 248 0.0
261 249 0.0
261 250 0.0
261 251 0.0
261 252 0.0
261 253 0.0
261 254 0.0
261 255 0.0
261 256 0.0
261 257 0.0
261 258 0.0
261 259 0.0
261 260 0.0
261 261 0.0
261 262 0.0
261 263 0.0
261 264 0.0
261 265 0.0
261 266 0.0
261 267 0.0
261 268 0.0
261 269 0.0
261 270 0.0
261 271 0.0
261 272 0.0
261 273 0.0
261 274 0.0
261 275 0.0
261 276 0.0
261 277 5.59698011828e-05
261 278 0.0
261 279 2.48754671924e-05
261 280 0.0
261 281 6.21886679809e-06
261 282 0.0
261 283 0.00105098848888
261 284 6.21886679809e-06
261 285 0.0035820672757
261 286 0.0
261 287 0.000752482882569
261 288 0.0
261 289 0.0035820672757
261 290 0.0
261 291 0.000621886679809
261 292 0.0
261 293 5.59698011828e-05
261 294 0.0
261 295 6.21886679809e-06
261 296 0.0
261 297 0.0
261 298 0.0
261 299 6.21886679809e-06
261 300 0.0
261 301 0.000155471669952
261 302 6.21886679809e-06
261 303 0.000223879204731
261 304 0.0
261 305 5.59698011828e-05
261 306 6.21886679809e-06
261 307 0.00420395395551
261 308 0.0
261 309 0.00139924502957
261 310 0.0
261 311 0.000155471669952
261 312 0.0
261 313 0.0
261 314 0.0
261 315 6.21886679809e-06
261 316 0.0
261 317 2.48754671924e-05
261 318 0.0
261 319 6.21886679809e-06
261 320 0.0
261 321 2.48754671924e-05
261 322 0.0
261 323 6.21886679809e-06
261 324 0.0
261 325 0.00139924502957
261 326 0.0
261 327 0.00139924502957
261 328 0.0
261 329 9.95018687695e-05
261 330 0.0
261 331 6.21886679809e-06
261 332 0.0
261 333 2.48754671924e-05
261 334 0.0
261 335 0.0
261 336 0.0
261 337 0.0
261 338 0.0
261 339 0.0
261 340 0.0
261 341 0.000304724473107
261 342 0.0
261 343 0.00139924502957
261 344 0.0
261 345 0.000304724473107
261 346 0.0
261 347 9.95018687695e-05
261 348 0.0
261 349 0.00105098848888
261 350 0.0
261 351 0.000895516818925
261 352 0.0
261 353 0.000223879204731
261 354 0.0
261 355 0.0
261 356 0.0
261 357 0.0
261 358 0.0
261 359 0.0
261 360 0.0
261 361 0.0
261 362 0.0
261 363 2.48754671924e-05
261 364 0.0
261 365 6.21886679809e-06
261 366 0.0
261 367 0.000304724473107
261 368 0.0
261 369 0.000155471669952
261 370 6.21886679809e-06
261 371 0.000304724473107
261 372 6.21886679809e-06
261 373 0.000155471669952
261 374 0.0
261 375 9.95018687695e-05
261 376 0.0
261 377 2.48754671924e-05
261 378 0.0
261 379 0.0
261 380 0.0
261 381 5.59698011828e-05
261 382 0.0
261 383 5.59698011828e-05
261 384 6.21886679809e-06
261 385 2.48754671924e-05
261 386 6.21886679809e-06
261 387 5.59698011828e-05
261 388 0.0
261 389 6.21886679809e-06
261 390 0.0
261 391 9.95018687695e-05
261 392 0.0
261 393 6.21886679809e-06
261 394 0.0
261 395 9.95018687695e-05
261 396 0.0
261 397 5.59698011828e-05
261 398 6.21886679809e-06
261 399 2.48754671924e-05
261 400 0.0
262 0 0.0
262 1 2.48754671924e-05
262 2 0.0
262 3 2.48754671924e-05
262 4 0.0
262 5 0.000155471669952
262 6 0.0
262 7 0.000621886679809
262 8 0.0
262 9 6.21886679809e-06
262 10 0.0
262 11 9.95018687695e-05
262 12 0.0
262 13 5.59698011828e-05
262 14 0.0
262 15 2.48754671924e-05
262 16 0.0
262 17 9.95018687695e-05
262 18 0.0
262 19 6.21886679809e-06
262 20 0.0
262 21 2.48754671924e-05
262 22 0.0
262 23 6.21886679809e-06
262 24 0.0
262 25 6.21886679809e-06
262 26 0.0
262 27 6.21886679809e-06
262 28 0.0
262 29 0.000304724473107
262 30 0.0
262 31 9.95018687695e-05
262 32 0.0
262 33 2.48754671924e-05
262 34 0.0
262 35 6.21886679809e-06
262 36 0.0
262 37 0.000621886679809
262 38 0.0
262 39 0.000223879204731
262 40 0.0
262 41 6.21886679809e-06
262 42 0.0
262 43 5.59698011828e-05
262 44 0.0
262 45 0.0
262 46 0.0
262 47 6.21886679809e-06
262 48 0.0
262 49 0.0
262 50 0.0
262 51 0.0
262 52 0.0
262 53 0.0
262 54 0.0
262 55 6.21886679809e-06
262 56 0.0
262 57 9.95018687695e-05
262 58 0.0
262 59 0.000155471669952
262 60 0.0
262 61 0.00121889789243
262 62 0.0
262 63 0.000155471669952
262 64 0.0
262 65 0.000223879204731
262 66 0.0
262 67 0.000398007475078
262 68 0.0
262 69 9.95018687695e-05
262 70 0.0
262 71 6.21886679809e-06
262 72 0.0
262 73 2.48754671924e-05
262 74 0.0
262 75 0.0
262 76 0.0
262 77 6.21886679809e-06
262 78 0.0
262 79 0.0
262 80 0.0
262 81 0.0
262 82 0.0
262 83 0.0
262 84 0.0
262 85 0.000304724473107
262 86 0.0
262 87 0.000621886679809
262 88 0.0
262 89 0.00179725250465
262 90 0.0
262 91 9.95018687695e-05
262 92 0.0
262 93 0.000752482882569
262 94 0.0
262 95 0.00179725250465
262 96 0.0
262 97 5.59698011828e-05
262 98 0.0
262 99 0.0
262 100 0.0
262 101 6.21886679809e-06
262 102 0.0
262 103 6.21886679809e-06
262 104 0.0
262 105 0.0
262 106 0.0
262 107 0.0
262 108 0.0
262 109 0.000304724473107
262 110 0.0
262 111 0.000155471669952
262 112 0.0
262 113 2.48754671924e-05
262 114 0.0
262 115 0.00453355389581
262 116 0.0
262 117 0.00201491284258
262 118 0.0
262 119 0.000304724473107
262 120 0.0
262 121 0.0
262 122 0.0
262 123 0.0
262 124 0.0
262 125 0.0
262 126 0.0
262 127 0.00179725250465
262 128 0.0
262 129 0.00851362864659
262 130 0.0
262 131 0.0048755915697
262 132 0.0
262 133 0.00851362864659
262 134 0.0
262 135 0.000621886679809
262 136 0.0
262 137 6.21886679809e-06
262 138 0.0
262 139 0.0
262 140 0.0
262 141 0.0
262 142 0.0
262 143 0.0
262 144 0.0
262 145 0.0
262 146 0.0
262 147 0.0
262 148 0.0
262 149 0.0
262 150 0.0
262 151 0.0
262 152 0.0
262 153 0.0
262 154 0.0
262 155 0.0
262 156 0.0
262 157 0.0
262 158 0.0
262 159 0.0
262 160 0.0
262 161 0.0
262 162 0.0
262 163 0.0
262 164 0.0
262 165 0.0
262 166 0.0
262 167 0.0
262 168 0.0
262 169 0.0
262 170 0.0
262 171 0.0
262 172 0.0
262 173 0.0
262 174 0.0
262 175 0.0
262 176 0.0
262 177 0.0
262 178 0.0
262 179 0.0
262 180 0.0
262 181 0.0
262 182 0.0
262 183 0.0
262 184 0.0
262 185 0.0
262 186 0.0
262 187 0.0
262 188 0.0
262 189 0.0
262 190 0.0
262 191 0.0
262 192 0.0
262 193 0.0
262 194 0.0
262 195 0.0
262 196 0.0
262 197 0.0
262 198 0.0
262 199 0.0
262 200 0.0
262 201 0.0
262 202 0.0
262 203 0.0
262 204 0.0
262 205 0.0
262 206 0.0
262 207 0.0
262 208 0.0
262 209 0.0
262 210 0.0
262 211 0.0
262 212 0.0
262 213 0.0
262 214 0.0
262 215 0.0
262 216 0.0
262 217 0.0
262 218 0.0
262 219 0.0
262 220 0.0
262 221 0.0
262 222 0.0
262 223 0.0
262 224 0.0
262 225 0.0
262 226 0.0
262 227 0.0
262 228 0.0
262 229 0.0
262 230 0.0
262 231 0.0
262 232 0.0
262 233 0.0
262 234 0.0
262 235 0.0
262 236 0.0
262 237 0.0
262 238 0.0
262 239 0.0
262 240 0.0
262 241 0.0
262 242 0.0
262 243 0.0
262 244 0.0
262 245 0.0
262 246 0.0
262 247 0.0
262 248 0.0
262 249 0.0
262 250 0.0
262 251 0.0
262 252 0.0
262 253 0.0
262 254 0.0
262 255 0.0
262 256 0.0
262 257 0.0
262 258 0.0
262 259 0.0
262 260 0.0
262 261 0.0
262 262 0.0
262 263 0.0
262 264 0.0
262 265 0.0
262 266 0.0
262 267 0.0
262 268 0.0
262 269 0.0
262 270 0.0
262 271 0.0
262 272 0.0
262 273 0.0
262 274 0.0
262 275 0.0
262 276 0.0
262 277 5.59698011828e-05
262 278 0.0
262 279 2.48754671924e-05
262 280 0.0
262 281 6.21886679809e-06
262 282 0.0
262 283 0.000895516818925
262 284 0.0
262 285 0.00388679174881
262 286 0.0
262 287 0.000752482882569
262 288 0.0
262 289 0.0035820672757
262 290 0.0
262 291 0.000621886679809
262 292 0.0
262 293 5.59698011828e-05
262 294 0.0
262 295 6.21886679809e-06
262 296 0.0
262 297 0.0
262 298 0.0
262 299 6.21886679809e-06
262 300 0.0
262 301 0.000223879204731
262 302 0.0
262 303 0.000155471669952
262 304 0.0
262 305 5.59698011828e-05
262 306 0.0
262 307 0.00453355389581
262 308 0.0
262 309 0.00139924502957
262 310 0.0
262 311 0.000155471669952
262 312 0.0
262 313 0.0
262 314 0.0
262 315 6.21886679809e-06
262 316 0.0
262 317 2.48754671924e-05
262 318 0.0
262 319 6.21886679809e-06
262 320 0.0
262 321 2.48754671924e-05
262 322 0.0
262 323 6.21886679809e-06
262 324 0.0
262 325 0.00139924502957
262 326 0.0
262 327 0.00139924502957
262 328 0.0
262 329 9.95018687695e-05
262 330 0.0
262 331 6.21886679809e-06
262 332 0.0
262 333 2.48754671924e-05
262 334 0.0
262 335 0.0
262 336 0.0
262 337 0.0
262 338 0.0
262 339 0.0
262 340 0.0
262 341 0.000304724473107
262 342 0.0
262 343 0.00139924502957
262 344 0.0
262 345 0.000304724473107
262 346 0.0
262 347 9.95018687695e-05
262 348 0.0
262 349 0.00105098848888
262 350 0.0
262 351 0.000895516818925
262 352 0.0
262 353 0.000223879204731
262 354 0.0
262 355 0.0
262 356 0.0
262 357 0.0
262 358 0.0
262 359 0.0
262 360 0.0
262 361 0.0
262 362 0.0
262 363 2.48754671924e-05
262 364 0.0
262 365 6.21886679809e-06
262 366 0.0
262 367 0.000304724473107
262 368 0.0
262 369 9.95018687695e-05
262 370 0.0
262 371 0.000398007475078
262 372 0.0
262 373 0.000223879204731
262 374 0.0
262 375 9.95018687695e-05
262 376 0.0
262 377 2.48754671924e-05
262 378 0.0
262 379 0.0
262 380 0.0
262 381 5.59698011828e-05
262 382 0.0
262 383 5.59698011828e-05
262 384 0.0
262 385 5.59698011828e-05
262 386 0.0
262 387 5.59698011828e-05
262 388 0.0
262 389 6.21886679809e-06
262 390 0.0
262 391 9.95018687695e-05
262 392 0.0
262 393 6.21886679809e-06
262 394 0.0
262 395 9.95018687695e-05
262 396 0.0
262 397 9.95018687695e-05
262 398 0.0
262 399 2.48754671924e-05
262 400 0.0
263 0 0.0
263 1 2.48754671924e-05
263 2 0.0
263 3 2.48754671924e-05
263 4 0.0
263 5 0.000155471669952
263 6 0.0
263 7 0.000398007475078
263 8 2.48754671924e-05
263 9 2.48754671924e-05
263 10 0.0
263 11 0.000155471669952
263 12 0.0
263 13 2.48754671924e-05
263 14 6.21886679809e-06
263 15 2.48754671924e-05
263 16 0.0
263 17 0.000155471669952
263 18 0.0
263 19 6.21886679809e-06
263 20 0.0
263 21 2.48754671924e-05
263 22 0.0
263 23 6.21886679809e-06
263 24 0.0
263 25 6.21886679809e-06
263 26 0.0
263 27 6.21886679809e-06
263 28 0.0
263 29 0.000304724473107
263 30 0.0
263 31 9.95018687695e-05
263 32 0.0
263 33 2.48754671924e-05
263 34 0.0
263 35 6.21886679809e-06
263 36 0.0
263 37 0.000621886679809
263 38 0.0
263 39 0.000223879204731
263 40 0.0
263 41 6.21886679809e-06
263 42 0.0
263 43 5.59698011828e-05
263 44 0.0
263 45 0.0
263 46 0.0
263 47 6.21886679809e-06
263 48 0.0
263 49 0.0
263 50 0.0
263 51 0.0
263 52 0.0
263 53 0.0
263 54 0.0
263 55 6.21886679809e-06
263 56 0.0
263 57 5.59698011828e-05
263 58 0.0
263 59 0.000155471669952
263 60 0.0
263 61 0.00121889789243
263 62 0.0
263 63 0.000223879204731
263 64 0.0
263 65 0.000304724473107
263 66 0.0
263 67 0.000398007475078
263 68 0.0
263 69 9.95018687695e-05
263 70 0.0
263 71 6.21886679809e-06
263 72 0.0
263 73 2.48754671924e-05
263 74 0.0
263 75 0.0
263 76 0.0
263 77 6.21886679809e-06
263 78 0.0
263 79 0.0
263 80 0.0
263 81 0.0
263 82 0.0
263 83 0.0
263 84 0.0
263 85 0.000304724473107
263 86 0.0
263 87 0.000621886679809
263 88 0.0
263 89 0.00179725250465
263 90 0.0
263 91 9.95018687695e-05
263 92 0.0
263 93 0.000752482882569
263 94 0.0
263 95 0.00179725250465
263 96 0.0
263 97 5.59698011828e-05
263 98 0.0
263 99 0.0
263 100 0.0
263 101 6.21886679809e-06
263 102 0.0
263 103 6.21886679809e-06
263 104 0.0
263 105 0.0
263 106 0.0
263 107 0.0
263 108 0.0
263 109 0.000304724473107
263 110 0.0
263 111 0.000155471669952
263 112 0.0
263 113 2.48754671924e-05
263 114 0.0
263 115 0.00453355389581
263 116 0.0
263 117 0.00201491284258
263 118 0.0
263 119 0.000304724473107
263 120 0.0
263 121 0.0
263 122 0.0
263 123 0.0
263 124 0.0
263 125 0.0
263 126 0.0
263 127 0.00201491284258
263 128 6.21886679809e-06
263 129 0.0094588963999
263 130 6.21886679809e-06
263 131 0.0048755915697
263 132 0.0
263 133 0.00761811182766
263 134 2.48754671924e-05
263 135 0.000752482882569
263 136 0.0
263 137 6.21886679809e-06
263 138 0.0
263 139 6.21886679809e-06
263 140 0.0
263 141 0.0
263 142 0.0
263 143 6.21886679809e-06
263 144 6.21886679809e-06
263 145 6.21886679809e-06
263 146 6.21886679809e-06
263 147 2.48754671924e-05
263 148 6.21886679809e-06
263 149 6.21886679809e-06
263 150 0.0
263 151 0.0
263 152 0.0
263 153 0.0
263 154 0.0
263 155 0.0
263 156 0.0
263 157 0.0
263 158 0.0
263 159 0.0
263 160 0.0
263 161 0.0
263 162 0.0
263 163 0.0
263 164 0.0
263 165 0.0
263 166 0.0
263 167 0.0
263 168 0.0
263 169 0.0
263 170 0.0
263 171 6.21886679809e-06
263 172 6.21886679809e-06
263 173 2.48754671924e-05
263 174 6.21886679809e-06
263 175 2.48754671924e-05
263 176 6.21886679809e-06
263 177 6.21886679809e-06
263 178 0.0
263 179 0.0
263 180 0.0
263 181 0.0
263 182 0.0
263 183 0.0
263 184 0.0
263 185 0.0
263 186 0.0
263 187 0.0
263 188 0.0
263 189 0.0
263 190 0.0
263 191 0.0
263 192 0.0
263 193 0.0
263 194 0.0
263 195 0.0
263 196 0.0
263 197 0.0
263 198 0.0
263 199 6.21886679809e-06
263 200 6.21886679809e-06
263 201 2.48754671924e-05
263 202 6.21886679809e-06
263 203 6.21886679809e-06
263 204 6.21886679809e-06
263 205 2.48754671924e-05
263 206 6.21886679809e-06
263 207 6.21886679809e-06
263 208 0.0
263 209 0.0
263 210 0.0
263 211 0.0
263 212 0.0
263 213 0.0
263 214 0.0
263 215 0.0
263 216 0.0
263 217 0.0
263 218 0.0
263 219 0.0
263 220 0.0
263 221 0.0
263 222 0.0
263 223 0.0
263 224 0.0
263 225 0.0
263 226 0.0
263 227 0.0
263 228 0.0
263 229 0.0
263 230 0.0
263 231 0.0
263 232 0.0
263 233 0.0
263 234 0.0
263 235 0.0
263 236 0.0
263 237 0.0
263 238 0.0
263 239 0.0
263 240 0.0
263 241 0.0
263 242 0.0
263 243 6.21886679809e-06
263 244 6.21886679809e-06
263 245 2.48754671924e-05
263 246 6.21886679809e-06
263 247 2.48754671924e-05
263 248 6.21886679809e-06
263 249 6.21886679809e-06
263 250 0.0
263 251 0.0
263 252 0.0
263 253 0.0
263 254 0.0
263 255 0.0
263 256 0.0
263 257 0.0
263 258 0.0
263 259 0.0
263 260 0.0
263 261 0.0
263 262 0.0
263 263 0.0
263 264 0.0
263 265 0.0
263 266 0.0
263 267 0.0
263 268 0.0
263 269 0.0
263 270 0.0
263 271 0.0
263 272 0.0
263 273 0.0
263 274 0.0
263 275 0.0
263 276 0.0
263 277 5.59698011828e-05
263 278 6.21886679809e-06
263 279 5.59698011828e-05
263 280 0.0
263 281 6.21886679809e-06
263 282 0.0
263 283 0.000895516818925
263 284 6.21886679809e-06
263 285 0.00420395395551
263 286 0.0
263 287 0.000621886679809
263 288 5.59698011828e-05
263 289 0.00420395395551
263 290 0.0
263 291 0.000621886679809
263 292 0.0
263 293 9.95018687695e-05
263 294 0.0
263 295 6.21886679809e-06
263 296 0.0
263 297 0.0
263 298 0.0
263 299 6.21886679809e-06
263 300 0.0
263 301 0.000223879204731
263 302 0.0
263 303 0.000155471669952
263 304 6.21886679809e-06
263 305 2.48754671924e-05
263 306 0.0
263 307 0.00453355389581
263 308 0.0
263 309 0.00139924502957
263 310 0.0
263 311 0.000155471669952
263 312 0.0
263 313 0.0
263 314 0.0
263 315 6.21886679809e-06
263 316 0.0
263 317 2.48754671924e-05
263 318 0.0
263 319 6.21886679809e-06
263 320 0.0
263 321 2.48754671924e-05
263 322 0.0
263 323 6.21886679809e-06
263 324 0.0
263 325 0.00139924502957
263 326 0.0
263 327 0.00139924502957
263 328 0.0
263 329 9.95018687695e-05
263 330 0.0
263 331 6.21886679809e-06
263 332 0.0
263 333 2.48754671924e-05
263 334 0.0
263 335 0.0
263 336 0.0
263 337 0.0
263 338 0.0
263 339 0.0
263 340 0.0
263 341 0.000304724473107
263 342 0.0
263 343 0.00139924502957
263 344 0.0
263 345 0.000304724473107
263 346 0.0
263 347 9.95018687695e-05
263 348 0.0
263 349 0.000895516818925
263 350 0.0
263 351 0.000895516818925
263 352 0.0
263 353 0.000155471669952
263 354 0.0
263 355 6.21886679809e-06
263 356 6.21886679809e-06
263 357 6.21886679809e-06
263 358 0.0
263 359 0.0
263 360 0.0
263 361 0.0
263 362 0.0
263 363 2.48754671924e-05
263 364 0.0
263 365 6.21886679809e-06
263 366 0.0
263 367 0.000304724473107
263 368 0.0
263 369 9.95018687695e-05
263 370 0.0
263 371 0.000398007475078
263 372 0.0
263 373 0.000155471669952
263 374 0.0
263 375 0.000155471669952
263 376 6.21886679809e-06
263 377 6.21886679809e-06
263 378 0.0
263 379 0.0
263 380 0.0
263 381 5.59698011828e-05
263 382 0.0
263 383 5.59698011828e-05
263 384 0.0
263 385 2.48754671924e-05
263 386 0.0
263 387 5.59698011828e-05
263 388 6.21886679809e-06
263 389 2.48754671924e-05
263 390 6.21886679809e-06
263 391 2.48754671924e-05
263 392 6.21886679809e-06
263 393 2.48754671924e-05
263 394 0.0
263 395 5.59698011828e-05
263 396 6.21886679809e-06
263 397 2.48754671924e-05
263 398 0.0
263 399 6.21886679809e-06
263 400 0.0
264 0 0.0
264 1 2.48754671924e-05
264 2 0.0
264 3 2.48754671924e-05
264 4 0.0
264 5 0.000155471669952
264 6 0.0
264 7 0.000223879204731
264 8 0.0
264 9 5.59698011828e-05
264 10 0.0
264 11 0.000398007475078
264 12 0.0
264 13 5.59698011828e-05
264 14 0.0
264 15 2.48754671924e-05
264 16 0.0
264 17 0.000155471669952
264 18 0.0
264 19 6.21886679809e-06
264 20 0.0
264 21 2.48754671924e-05
264 22 0.0
264 23 6.21886679809e-06
264 24 0.0
264 25 6.21886679809e-06
264 26 0.0
264 27 6.21886679809e-06
264 28 0.0
264 29 0.000304724473107
264 30 0.0
264 31 9.95018687695e-05
264 32 0.0
264 33 2.48754671924e-05
264 34 0.0
264 35 6.21886679809e-06
264 36 0.0
264 37 0.000621886679809
264 38 0.0
264 39 0.000223879204731
264 40 0.0
264 41 6.21886679809e-06
264 42 0.0
264 43 5.59698011828e-05
264 44 0.0
264 45 0.0
264 46 0.0
264 47 6.21886679809e-06
264 48 0.0
264 49 0.0
264 50 0.0
264 51 0.0
264 52 0.0
264 53 0.0
264 54 0.0
264 55 6.21886679809e-06
264 56 0.0
264 57 6.21886679809e-06
264 58 0.0
264 59 0.000155471669952
264 60 0.0
264 61 0.000895516818925
264 62 0.0
264 63 0.000223879204731
264 64 0.0
264 65 0.000304724473107
264 66 0.0
264 67 0.000398007475078
264 68 0.0
264 69 9.95018687695e-05
264 70 0.0
264 71 6.21886679809e-06
264 72 0.0
264 73 2.48754671924e-05
264 74 0.0
264 75 0.0
264 76 0.0
264 77 6.21886679809e-06
264 78 0.0
264 79 0.0
264 80 0.0
264 81 0.0
264 82 0.0
264 83 0.0
264 84 0.0
264 85 0.000304724473107
264 86 0.0
264 87 0.000621886679809
264 88 0.0
264 89 0.00179725250465
264 90 0.0
264 91 9.95018687695e-05
264 92 0.0
264 93 0.000752482882569
264 94 0.0
264 95 0.00179725250465
264 96 0.0
264 97 5.59698011828e-05
264 98 0.0
264 99 0.0
264 100 0.0
264 101 6.21886679809e-06
264 102 0.0
264 103 6.21886679809e-06
264 104 0.0
264 105 0.0
264 106 0.0
264 107 0.0
264 108 0.0
264 109 0.000304724473107
264 110 0.0
264 111 0.000155471669952
264 112 0.0
264 113 2.48754671924e-05
264 114 0.0
264 115 0.00453355389581
264 116 0.0
264 117 0.00201491284258
264 118 0.0
264 119 0.000304724473107
264 120 0.0
264 121 0.0
264 122 0.0
264 123 0.0
264 124 0.0
264 125 0.0
264 126 0.0
264 127 0.00224501091411
264 128 0.0
264 129 0.00898004365644
264 130 0.0
264 131 0.00453355389581
264 132 0.0
264 133 0.00761811182766
264 134 0.0
264 135 0.000752482882569
264 136 0.0
264 137 6.21886679809e-06
264 138 0.0
264 139 6.21886679809e-06
264 140 0.0
264 141 0.0
264 142 0.0
264 143 0.0
264 144 0.0
264 145 0.0
264 146 0.0
264 147 6.21886679809e-06
264 148 0.0
264 149 0.0
264 150 0.0
264 151 0.0
264 152 0.0
264 153 0.0
264 154 0.0
264 155 0.0
264 156 0.0
264 157 0.0
264 158 0.0
264 159 0.0
264 160 0.0
264 161 0.0
264 162 0.0
264 163 0.0
264 164 0.0
264 165 0.0
264 166 0.0
264 167 0.0
264 168 0.0
264 169 0.0
264 170 0.0
264 171 0.0
264 172 0.0
264 173 6.21886679809e-06
264 174 0.0
264 175 6.21886679809e-06
264 176 0.0
264 177 0.0
264 178 0.0
264 179 0.0
264 180 0.0
264 181 0.0
264 182 0.0
264 183 0.0
264 184 0.0
264 185 0.0
264 186 0.0
264 187 0.0
264 188 0.0
264 189 0.0
264 190 0.0
264 191 0.0
264 192 0.0
264 193 0.0
264 194 0.0
264 195 0.0
264 196 0.0
264 197 0.0
264 198 0.0
264 199 6.21886679809e-06
264 200 0.0
264 201 6.21886679809e-06
264 202 0.0
264 203 0.0
264 204 0.0
264 205 6.21886679809e-06
264 206 0.0
264 207 6.21886679809e-06
264 208 0.0
264 209 0.0
264 210 0.0
264 211 0.0
264 212 0.0
264 213 0.0
264 214 0.0
264 215 0.0
264 216 0.0
264 217 0.0
264 218 0.0
264 219 0.0
264 220 0.0
264 221 0.0
264 222 0.0
264 223 0.0
264 224 0.0
264 225 0.0
264 226 0.0
264 227 0.0
264 228 0.0
264 229 0.0
264 230 0.0
264 231 0.0
264 232 0.0
264 233 0.0
264 234 0.0
264 235 0.0
264 236 0.0
264 237 0.0
264 238 0.0
264 239 0.0
264 240 0.0
264 241 0.0
264 242 0.0
264 243 0.0
264 244 0.0
264 245 6.21886679809e-06
264 246 0.0
264 247 6.21886679809e-06
264 248 0.0
264 249 6.21886679809e-06
264 250 0.0
264 251 0.0
264 252 0.0
264 253 0.0
264 254 0.0
264 255 0.0
264 256 0.0
264 257 0.0
264 258 0.0
264 259 0.0
264 260 0.0
264 261 0.0
264 262 0.0
264 263 0.0
264 264 0.0
264 265 0.0
264 266 0.0
264 267 0.0
264 268 0.0
264 269 0.0
264 270 0.0
264 271 0.0
264 272 0.0
264 273 0.0
264 274 0.0
264 275 0.0
264 276 0.0
264 277 5.59698011828e-05
264 278 0.0
264 279 5.59698011828e-05
264 280 0.0
264 281 0.0
264 282 0.0
264 283 0.000621886679809
264 284 0.0
264 285 0.00559698011828
264 286 0.0
264 287 0.00121889789243
264 288 0.0
264 289 0.00453355389581
264 290 0.0
264 291 0.000895516818925
264 292 0.0
264 293 9.95018687695e-05
264 294 0.0
264 295 6.21886679809e-06
264 296 0.0
264 297 0.0
264 298 0.0
264 299 6.21886679809e-06
264 300 0.0
264 301 0.000155471669952
264 302 0.0
264 303 9.95018687695e-05
264 304 0.0
264 305 2.48754671924e-05
264 306 0.0
264 307 0.00453355389581
264 308 0.0
264 309 0.00139924502957
264 310 0.0
264 311 0.000155471669952
264 312 0.0
264 313 0.0
264 314 0.0
264 315 6.21886679809e-06
264 316 0.0
264 317 2.48754671924e-05
264 318 0.0
264 319 6.21886679809e-06
264 320 0.0
264 321 2.48754671924e-05
264 322 0.0
264 323 6.21886679809e-06
264 324 0.0
264 325 0.00139924502957
264 326 0.0
264 327 0.00139924502957
264 328 0.0
264 329 9.95018687695e-05
264 330 0.0
264 331 6.21886679809e-06
264 332 0.0
264 333 2.48754671924e-05
264 334 0.0
264 335 0.0
264 336 0.0
264 337 0.0
264 338 0.0
264 339 0.0
264 340 0.0
264 341 0.000304724473107
264 342 0.0
264 343 0.00139924502957
264 344 0.0
264 345 0.000304724473107
264 346 0.0
264 347 9.95018687695e-05
264 348 0.0
264 349 0.000895516818925
264 350 0.0
264 351 0.000621886679809
264 352 0.0
264 353 9.95018687695e-05
264 354 0.0
264 355 0.0
264 356 0.0
264 357 6.21886679809e-06
264 358 0.0
264 359 0.0
264 360 0.0
264 361 0.0
264 362 0.0
264 363 2.48754671924e-05
264 364 0.0
264 365 6.21886679809e-06
264 366 0.0
264 367 0.000223879204731
264 368 0.0
264 369 9.95018687695e-05
264 370 0.0
264 371 0.000503728210645
264 372 0.0
264 373 0.000155471669952
264 374 0.0
264 375 9.95018687695e-05
264 376 0.0
264 377 2.48754671924e-05
264 378 0.0
264 379 0.0
264 380 0.0
264 381 5.59698011828e-05
264 382 0.0
264 383 2.48754671924e-05
264 384 0.0
264 385 2.48754671924e-05
264 386 0.0
264 387 2.48754671924e-05
264 388 0.0
264 389 0.0
264 390 0.0
264 391 5.59698011828e-05
264 392 0.0
264 393 5.59698011828e-05
264 394 0.0
264 395 6.21886679809e-06
264 396 0.0
264 397 0.0
264 398 0.0
264 399 6.21886679809e-06
264 400 0.0
265 0 0.0
265 1 2.48754671924e-05
265 2 0.0
265 3 2.48754671924e-05
265 4 0.0
265 5 0.000155471669952
265 6 0.0
265 7 0.000304724473107
265 8 6.21886679809e-06
265 9 5.59698011828e-05
265 10 0.0
265 11 0.000398007475078
265 12 0.0
265 13 5.59698011828e-05
265 14 0.0
265 15 2.48754671924e-05
265 16 0.0
265 17 0.000155471669952
265 18 0.0
265 19 6.21886679809e-06
265 20 0.0
265 21 2.48754671924e-05
265 22 0.0
265 23 6.21886679809e-06
265 24 0.0
265 25 6.21886679809e-06
265 26 0.0
265 27 6.21886679809e-06
265 28 0.0
265 29 0.000304724473107
265 30 0.0
265 31 9.95018687695e-05
265 32 0.0
265 33 2.48754671924e-05
265 34 0.0
265 35 6.21886679809e-06
265 36 0.0
265 37 0.000621886679809
265 38 0.0
265 39 0.000223879204731
265 40 0.0
265 41 6.21886679809e-06
265 42 0.0
265 43 5.59698011828e-05
265 44 0.0
265 45 0.0
265 46 0.0
265 47 6.21886679809e-06
265 48 0.0
265 49 0.0
265 50 0.0
265 51 0.0
265 52 0.0
265 53 0.0
265 54 0.0
265 55 6.21886679809e-06
265 56 0.0
265 57 6.21886679809e-06
265 58 0.0
265 59 0.000155471669952
265 60 0.0
265 61 0.000895516818925
265 62 0.0
265 63 0.000223879204731
265 64 0.0
265 65 0.000304724473107
265 66 0.0
265 67 0.000398007475078
265 68 0.0
265 69 9.95018687695e-05
265 70 0.0
265 71 6.21886679809e-06
265 72 0.0
265 73 2.48754671924e-05
265 74 0.0
265 75 0.0
265 76 0.0
265 77 6.21886679809e-06
265 78 0.0
265 79 0.0
265 80 0.0
265 81 0.0
265 82 0.0
265 83 0.0
265 84 0.0
265 85 0.000304724473107
265 86 0.0
265 87 0.000621886679809
265 88 0.0
265 89 0.00179725250465
265 90 0.0
265 91 9.95018687695e-05
265 92 0.0
265 93 0.000752482882569
265 94 0.0
265 95 0.00179725250465
265 96 0.0
265 97 5.59698011828e-05
265 98 0.0
265 99 0.0
265 100 0.0
265 101 6.21886679809e-06
265 102 0.0
265 103 6.21886679809e-06
265 104 0.0
265 105 0.0
265 106 0.0
265 107 0.0
265 108 0.0
265 109 0.000304724473107
265 110 0.0
265 111 0.000155471669952
265 112 0.0
265 113 2.48754671924e-05
265 114 0.0
265 115 0.00453355389581
265 116 0.0
265 117 0.00201491284258
265 118 0.0
265 119 0.000304724473107
265 120 0.0
265 121 0.0
265 122 0.0
265 123 0.0
265 124 0.0
265 125 0.0
265 126 0.0
265 127 0.00179725250465
265 128 6.21886679809e-06
265 129 0.00898004365644
265 130 2.48754671924e-05
265 131 0.00453355389581
265 132 6.21886679809e-06
265 133 0.00851362864659
265 134 6.21886679809e-06
265 135 0.00105098848888
265 136 5.59698011828e-05
265 137 2.48754671924e-05
265 138 5.59698011828e-05
265 139 9.95018687695e-05
265 140 5.59698011828e-05
265 141 5.59698011828e-05
265 142 5.59698011828e-05
265 143 9.95018687695e-05
265 144 9.95018687695e-05
265 145 9.95018687695e-05
265 146 9.95018687695e-05
265 147 0.000155471669952
265 148 9.95018687695e-05
265 149 9.95018687695e-05
265 150 5.59698011828e-05
265 151 5.59698011828e-05
265 152 5.59698011828e-05
265 153 5.59698011828e-05
265 154 5.59698011828e-05
265 155 5.59698011828e-05
265 156 5.59698011828e-05
265 157 5.59698011828e-05
265 158 5.59698011828e-05
265 159 5.59698011828e-05
265 160 5.59698011828e-05
265 161 5.59698011828e-05
265 162 5.59698011828e-05
265 163 5.59698011828e-05
265 164 5.59698011828e-05
265 165 5.59698011828e-05
265 166 5.59698011828e-05
265 167 5.59698011828e-05
265 168 5.59698011828e-05
265 169 5.59698011828e-05
265 170 5.59698011828e-05
265 171 9.95018687695e-05
265 172 9.95018687695e-05
265 173 0.000155471669952
265 174 9.95018687695e-05
265 175 0.000155471669952
265 176 9.95018687695e-05
265 177 9.95018687695e-05
265 178 5.59698011828e-05
265 179 5.59698011828e-05
265 180 5.59698011828e-05
265 181 5.59698011828e-05
265 182 5.59698011828e-05
265 183 5.59698011828e-05
265 184 5.59698011828e-05
265 185 5.59698011828e-05
265 186 5.59698011828e-05
265 187 5.59698011828e-05
265 188 5.59698011828e-05
265 189 5.59698011828e-05
265 190 5.59698011828e-05
265 191 5.59698011828e-05
265 192 5.59698011828e-05
265 193 5.59698011828e-05
265 194 5.59698011828e-05
265 195 5.59698011828e-05
265 196 5.59698011828e-05
265 197 5.59698011828e-05
265 198 5.59698011828e-05
265 199 9.95018687695e-05
265 200 9.95018687695e-05
265 201 0.000155471669952
265 202 9.95018687695e-05
265 203 9.95018687695e-05
265 204 9.95018687695e-05
265 205 0.000155471669952
265 206 9.95018687695e-05
265 207 9.95018687695e-05
265 208 5.59698011828e-05
265 209 5.59698011828e-05
265 210 5.59698011828e-05
265 211 5.59698011828e-05
265 212 5.59698011828e-05
265 213 5.59698011828e-05
265 214 5.59698011828e-05
265 215 5.59698011828e-05
265 216 5.59698011828e-05
265 217 5.59698011828e-05
265 218 5.59698011828e-05
265 219 5.59698011828e-05
265 220 5.59698011828e-05
265 221 5.59698011828e-05
265 222 5.59698011828e-05
265 223 5.59698011828e-05
265 224 5.59698011828e-05
265 225 5.59698011828e-05
265 226 5.59698011828e-05
265 227 5.59698011828e-05
265 228 5.59698011828e-05
265 229 5.59698011828e-05
265 230 5.59698011828e-05
265 231 5.59698011828e-05
265 232 5.59698011828e-05
265 233 5.59698011828e-05
265 234 5.59698011828e-05
265 235 5.59698011828e-05
265 236 5.59698011828e-05
265 237 5.59698011828e-05
265 238 5.59698011828e-05
265 239 5.59698011828e-05
265 240 5.59698011828e-05
265 241 9.95018687695e-05
265 242 9.95018687695e-05
265 243 0.000155471669952
265 244 9.95018687695e-05
265 245 9.95018687695e-05
265 246 9.95018687695e-05
265 247 0.000155471669952
265 248 9.95018687695e-05
265 249 9.95018687695e-05
265 250 5.59698011828e-05
265 251 5.59698011828e-05
265 252 5.59698011828e-05
265 253 5.59698011828e-05
265 254 5.59698011828e-05
265 255 5.59698011828e-05
265 256 5.59698011828e-05
265 257 5.59698011828e-05
265 258 5.59698011828e-05
265 259 5.59698011828e-05
265 260 5.59698011828e-05
265 261 5.59698011828e-05
265 262 5.59698011828e-05
265 263 5.59698011828e-05
265 264 5.59698011828e-05
265 265 5.59698011828e-05
265 266 5.59698011828e-05
265 267 5.59698011828e-05
265 268 5.59698011828e-05
265 269 5.59698011828e-05
265 270 5.59698011828e-05
265 271 5.59698011828e-05
265 272 5.59698011828e-05
265 273 5.59698011828e-05
265 274 5.59698011828e-05
265 275 5.59698011828e-05
265 276 5.59698011828e-05
265 277 5.59698011828e-05
265 278 5.59698011828e-05
265 279 0.000155471669952
265 280 0.000155471669952
265 281 0.000155471669952
265 282 2.48754671924e-05
265 283 0.000752482882569
265 284 0.0
265 285 0.00597633099297
265 286 6.21886679809e-06
265 287 0.00105098848888
265 288 9.95018687695e-05
265 289 0.0035820672757
265 290 6.21886679809e-06
265 291 0.000398007475078
265 292 6.21886679809e-06
265 293 9.95018687695e-05
265 294 0.0
265 295 6.21886679809e-06
265 296 0.0
265 297 0.0
265 298 0.0
265 299 6.21886679809e-06
265 300 0.0
265 301 0.000155471669952
265 302 0.0
265 303 9.95018687695e-05
265 304 0.0
265 305 2.48754671924e-05
265 306 0.0
265 307 0.00453355389581
265 308 0.0
265 309 0.00139924502957
265 310 0.0
265 311 0.000155471669952
265 312 0.0
265 313 0.0
265 314 0.0
265 315 6.21886679809e-06
265 316 0.0
265 317 2.48754671924e-05
265 318 0.0
265 319 6.21886679809e-06
265 320 0.0
265 321 2.48754671924e-05
265 322 0.0
265 323 6.21886679809e-06
265 324 0.0
265 325 0.00139924502957
265 326 0.0
265 327 0.00139924502957
265 328 0.0
265 329 9.95018687695e-05
265 330 0.0
265 331 6.21886679809e-06
265 332 0.0
265 333 2.48754671924e-05
265 334 0.0
265 335 0.0
265 336 0.0
265 337 0.0
265 338 0.0
265 339 0.0
265 340 0.0
265 341 0.000304724473107
265 342 0.0
265 343 0.00139924502957
265 344 0.0
265 345 0.000304724473107
265 346 0.0
265 347 9.95018687695e-05
265 348 0.0
265 349 0.000895516818925
265 350 0.0
265 351 0.000621886679809
265 352 0.0
265 353 0.000155471669952
265 354 0.0
265 355 0.0
265 356 6.21886679809e-06
265 357 6.21886679809e-06
265 358 0.0
265 359 0.0
265 360 0.0
265 361 0.0
265 362 0.0
265 363 2.48754671924e-05
265 364 0.0
265 365 6.21886679809e-06
265 366 0.0
265 367 0.000304724473107
265 368 0.0
265 369 0.000155471669952
265 370 0.0
265 371 0.000398007475078
265 372 0.0
265 373 0.000155471669952
265 374 0.0
265 375 9.95018687695e-05
265 376 0.0
265 377 2.48754671924e-05
265 378 0.0
265 379 0.0
265 380 6.21886679809e-06
265 381 2.48754671924e-05
265 382 6.21886679809e-06
265 383 5.59698011828e-05
265 384 6.21886679809e-06
265 385 2.48754671924e-05
265 386 0.0
265 387 2.48754671924e-05
265 388 0.0
265 389 0.0
265 390 0.0
265 391 5.59698011828e-05
265 392 6.21886679809e-06
265 393 5.59698011828e-05
265 394 0.0
265 395 6.21886679809e-06
265 396 0.0
265 397 0.0
265 398 0.0
265 399 6.21886679809e-06
265 400 0.0
266 0 0.0
266 1 2.48754671924e-05
266 2 0.0
266 3 2.48754671924e-05
266 4 0.0
266 5 0.000155471669952
266 6 0.0
266 7 0.000304724473107
266 8 0.0
266 9 2.48754671924e-05
266 10 0.0
266 11 0.000398007475078
266 12 0.0
266 13 5.59698011828e-05
266 14 0.0
266 15 2.48754671924e-05
266 16 0.0
266 17 0.000155471669952
266 18 0.0
266 19 6.21886679809e-06
266 20 0.0
266 21 2.48754671924e-05
266 22 0.0
266 23 6.21886679809e-06
266 24 0.0
266 25 6.21886679809e-06
266 26 0.0
266 27 6.21886679809e-06
266 28 0.0
266 29 0.000304724473107
266 30 0.0
266 31 9.95018687695e-05
266 32 0.0
266 33 2.48754671924e-05
266 34 0.0
266 35 6.21886679809e-06
266 36 0.0
266 37 0.000621886679809
266 38 0.0
266 39 0.000223879204731
266 40 0.0
266 41 6.21886679809e-06
266 42 0.0
266 43 5.59698011828e-05
266 44 0.0
266 45 0.0
266 46 0.0
266 47 6.21886679809e-06
266 48 0.0
266 49 0.0
266 50 0.0
266 51 0.0
266 52 0.0
266 53 0.0
266 54 0.0
266 55 6.21886679809e-06
266 56 0.0
266 57 6.21886679809e-06
266 58 0.0
266 59 0.000155471669952
266 60 0.0
266 61 0.000895516818925
266 62 0.0
266 63 0.000223879204731
266 64 0.0
266 65 0.000304724473107
266 66 0.0
266 67 0.000398007475078
266 68 0.0
266 69 9.95018687695e-05
266 70 0.0
266 71 6.21886679809e-06
266 72 0.0
266 73 2.48754671924e-05
266 74 0.0
266 75 0.0
266 76 0.0
266 77 6.21886679809e-06
266 78 0.0
266 79 0.0
266 80 0.0
266 81 0.0
266 82 0.0
266 83 0.0
266 84 0.0
266 85 0.000304724473107
266 86 0.0
266 87 0.000621886679809
266 88 0.0
266 89 0.00179725250465
266 90 0.0
266 91 9.95018687695e-05
266 92 0.0
266 93 0.000752482882569
266 94 0.0
266 95 0.00179725250465
266 96 0.0
266 97 5.59698011828e-05
266 98 0.0
266 99 0.0
266 100 0.0
266 101 6.21886679809e-06
266 102 0.0
266 103 6.21886679809e-06
266 104 0.0
266 105 0.0
266 106 0.0
266 107 0.0
266 108 0.0
266 109 0.000304724473107
266 110 0.0
266 111 0.000155471669952
266 112 0.0
266 113 2.48754671924e-05
266 114 0.0
266 115 0.00453355389581
266 116 0.0
266 117 0.00201491284258
266 118 0.0
266 119 0.000304724473107
266 120 0.0
266 121 0.0
266 122 0.0
266 123 0.0
266 124 0.0
266 125 0.0
266 126 0.0
266 127 0.00179725250465
266 128 0.0
266 129 0.0094588963999
266 130 0.0
266 131 0.0048755915697
266 132 0.0
266 133 0.00453355389581
266 134 0.0
266 135 0.000304724473107
266 136 0.0
266 137 0.0
266 138 0.0
266 139 6.21886679809e-06
266 140 0.0
266 141 0.0
266 142 0.0
266 143 0.0
266 144 0.0
266 145 0.0
266 146 0.0
266 147 6.21886679809e-06
266 148 0.0
266 149 0.0
266 150 0.0
266 151 0.0
266 152 0.0
266 153 0.0
266 154 0.0
266 155 0.0
266 156 0.0
266 157 0.0
266 158 0.0
266 159 0.0
266 160 0.0
266 161 0.0
266 162 0.0
266 163 0.0
266 164 0.0
266 165 0.0
266 166 0.0
266 167 0.0
266 168 0.0
266 169 0.0
266 170 0.0
266 171 0.0
266 172 0.0
266 173 6.21886679809e-06
266 174 0.0
266 175 6.21886679809e-06
266 176 0.0
266 177 0.0
266 178 0.0
266 179 0.0
266 180 0.0
266 181 0.0
266 182 0.0
266 183 0.0
266 184 0.0
266 185 0.0
266 186 0.0
266 187 0.0
266 188 0.0
266 189 0.0
266 190 0.0
266 191 0.0
266 192 0.0
266 193 0.0
266 194 0.0
266 195 0.0
266 196 0.0
266 197 0.0
266 198 0.0
266 199 6.21886679809e-06
266 200 0.0
266 201 6.21886679809e-06
266 202 0.0
266 203 0.0
266 204 0.0
266 205 6.21886679809e-06
266 206 0.0
266 207 6.21886679809e-06
266 208 0.0
266 209 0.0
266 210 0.0
266 211 0.0
266 212 0.0
266 213 0.0
266 214 0.0
266 215 0.0
266 216 0.0
266 217 0.0
266 218 0.0
266 219 0.0
266 220 0.0
266 221 0.0
266 222 0.0
266 223 0.0
266 224 0.0
266 225 0.0
266 226 0.0
266 227 0.0
266 228 0.0
266 229 0.0
266 230 0.0
266 231 0.0
266 232 0.0
266 233 0.0
266 234 0.0
266 235 0.0
266 236 0.0
266 237 0.0
266 238 0.0
266 239 0.0
266 240 0.0
266 241 6.21886679809e-06
266 242 0.0
266 243 6.21886679809e-06
266 244 0.0
266 245 0.0
266 246 0.0
266 247 6.21886679809e-06
266 248 0.0
266 249 6.21886679809e-06
266 250 0.0
266 251 0.0
266 252 0.0
266 253 0.0
266 254 0.0
266 255 0.0
266 256 0.0
266 257 0.0
266 258 0.0
266 259 0.0
266 260 0.0
266 261 0.0
266 262 0.0
266 263 0.0
266 264 0.0
266 265 0.0
266 266 0.0
266 267 0.0
266 268 0.0
266 269 0.0
266 270 0.0
266 271 0.0
266 272 0.0
266 273 0.0
266 274 0.0
266 275 0.0
266 276 0.0
266 277 2.48754671924e-05
266 278 0.0
266 279 6.21886679809e-06
266 280 0.0
266 281 9.95018687695e-05
266 282 0.0
266 283 0.000304724473107
266 284 0.0
266 285 0.0048755915697
266 286 0.0
266 287 0.000895516818925
266 288 0.0
266 289 0.0035820672757
266 290 0.0
266 291 0.000621886679809
266 292 0.0
266 293 9.95018687695e-05
266 294 0.0
266 295 6.21886679809e-06
266 296 0.0
266 297 0.0
266 298 0.0
266 299 6.21886679809e-06
266 300 0.0
266 301 0.000155471669952
266 302 0.0
266 303 9.95018687695e-05
266 304 0.0
266 305 2.48754671924e-05
266 306 0.0
266 307 0.00453355389581
266 308 0.0
266 309 0.00139924502957
266 310 0.0
266 311 0.000155471669952
266 312 0.0
266 313 0.0
266 314 0.0
266 315 6.21886679809e-06
266 316 0.0
266 317 2.48754671924e-05
266 318 0.0
266 319 6.21886679809e-06
266 320 0.0
266 321 2.48754671924e-05
266 322 0.0
266 323 6.21886679809e-06
266 324 0.0
266 325 0.00139924502957
266 326 0.0
266 327 0.00139924502957
266 328 0.0
266 329 9.95018687695e-05
266 330 0.0
266 331 6.21886679809e-06
266 332 0.0
266 333 2.48754671924e-05
266 334 0.0
266 335 0.0
266 336 0.0
266 337 0.0
266 338 0.0
266 339 0.0
266 340 0.0
266 341 0.000304724473107
266 342 0.0
266 343 0.00139924502957
266 344 0.0
266 345 0.000304724473107
266 346 0.0
266 347 9.95018687695e-05
266 348 0.0
266 349 0.000895516818925
266 350 0.0
266 351 0.000621886679809
266 352 0.0
266 353 0.000155471669952
266 354 0.0
266 355 6.21886679809e-06
266 356 0.0
266 357 0.0
266 358 0.0
266 359 0.0
266 360 0.0
266 361 0.0
266 362 0.0
266 363 2.48754671924e-05
266 364 0.0
266 365 6.21886679809e-06
266 366 0.0
266 367 0.000304724473107
266 368 0.0
266 369 0.000155471669952
266 370 0.0
266 371 0.000398007475078
266 372 0.0
266 373 0.000155471669952
266 374 0.0
266 375 9.95018687695e-05
266 376 0.0
266 377 2.48754671924e-05
266 378 0.0
266 379 0.0
266 380 0.0
266 381 5.59698011828e-05
266 382 0.0
266 383 2.48754671924e-05
266 384 0.0
266 385 5.59698011828e-05
266 386 0.0
266 387 2.48754671924e-05
266 388 0.0
266 389 0.0
266 390 0.0
266 391 5.59698011828e-05
266 392 0.0
266 393 5.59698011828e-05
266 394 0.0
266 395 6.21886679809e-06
266 396 0.0
266 397 0.0
266 398 0.0
266 399 6.21886679809e-06
266 400 0.0
267 0 0.0
267 1 2.48754671924e-05
267 2 0.0
267 3 2.48754671924e-05
267 4 0.0
267 5 0.000155471669952
267 6 0.0
267 7 0.000304724473107
267 8 0.0
267 9 2.48754671924e-05
267 10 0.0
267 11 0.000398007475078
267 12 0.0
267 13 5.59698011828e-05
267 14 0.0
267 15 2.48754671924e-05
267 16 0.0
267 17 0.000155471669952
267 18 0.0
267 19 6.21886679809e-06
267 20 0.0
267 21 2.48754671924e-05
267 22 0.0
267 23 6.21886679809e-06
267 24 0.0
267 25 6.21886679809e-06
267 26 0.0
267 27 6.21886679809e-06
267 28 0.0
267 29 0.000304724473107
267 30 0.0
267 31 9.95018687695e-05
267 32 0.0
267 33 2.48754671924e-05
267 34 0.0
267 35 6.21886679809e-06
267 36 0.0
267 37 0.000621886679809
267 38 0.0
267 39 0.000223879204731
267 40 0.0
267 41 6.21886679809e-06
267 42 0.0
267 43 5.59698011828e-05
267 44 0.0
267 45 0.0
267 46 0.0
267 47 6.21886679809e-06
267 48 0.0
267 49 0.0
267 50 0.0
267 51 0.0
267 52 0.0
267 53 0.0
267 54 0.0
267 55 6.21886679809e-06
267 56 0.0
267 57 6.21886679809e-06
267 58 0.0
267 59 0.000155471669952
267 60 0.0
267 61 0.000895516818925
267 62 0.0
267 63 0.000223879204731
267 64 0.0
267 65 0.000304724473107
267 66 0.0
267 67 0.000398007475078
267 68 0.0
267 69 9.95018687695e-05
267 70 0.0
267 71 6.21886679809e-06
267 72 0.0
267 73 2.48754671924e-05
267 74 0.0
267 75 0.0
267 76 0.0
267 77 6.21886679809e-06
267 78 0.0
267 79 0.0
267 80 0.0
267 81 0.0
267 82 0.0
267 83 0.0
267 84 0.0
267 85 0.000304724473107
267 86 0.0
267 87 0.000621886679809
267 88 0.0
267 89 0.00179725250465
267 90 0.0
267 91 9.95018687695e-05
267 92 0.0
267 93 0.000752482882569
267 94 0.0
267 95 0.00179725250465
267 96 0.0
267 97 5.59698011828e-05
267 98 0.0
267 99 0.0
267 100 0.0
267 101 6.21886679809e-06
267 102 0.0
267 103 6.21886679809e-06
267 104 0.0
267 105 0.0
267 106 0.0
267 107 0.0
267 108 0.0
267 109 0.000304724473107
267 110 0.0
267 111 0.000155471669952
267 112 0.0
267 113 2.48754671924e-05
267 114 0.0
267 115 0.00453355389581
267 116 0.0
267 117 0.00201491284258
267 118 0.0
267 119 0.000304724473107
267 120 0.0
267 121 0.0
267 122 0.0
267 123 0.0
267 124 0.0
267 125 0.0
267 126 0.0
267 127 0.00201491284258
267 128 0.0
267 129 0.00995018687695
267 130 9.95018687695e-05
267 131 0.00248754671924
267 132 0.000304724473107
267 133 0.000503728210645
267 134 0.000304724473107
267 135 0.00105098848888
267 136 0.00139924502957
267 137 0.00139924502957
267 138 0.00139924502957
267 139 0.00139924502957
267 140 0.00139924502957
267 141 0.00121889789243
267 142 0.00121889789243
267 143 0.000895516818925
267 144 0.00105098848888
267 145 0.00105098848888
267 146 0.00105098848888
267 147 0.000895516818925
267 148 0.00105098848888
267 149 0.00105098848888
267 150 0.00139924502957
267 151 0.00139924502957
267 152 0.00139924502957
267 153 0.00139924502957
267 154 0.00139924502957
267 155 0.00139924502957
267 156 0.00139924502957
267 157 0.00139924502957
267 158 0.00139924502957
267 159 0.00139924502957
267 160 0.00139924502957
267 161 0.00139924502957
267 162 0.00139924502957
267 163 0.00139924502957
267 164 0.00139924502957
267 165 0.00139924502957
267 166 0.00139924502957
267 167 0.00139924502957
267 168 0.00139924502957
267 169 0.00139924502957
267 170 0.00139924502957
267 171 0.00105098848888
267 172 0.00105098848888
267 173 0.000895516818925
267 174 0.00105098848888
267 175 0.000895516818925
267 176 0.00105098848888
267 177 0.00105098848888
267 178 0.00139924502957
267 179 0.00139924502957
267 180 0.00139924502957
267 181 0.00139924502957
267 182 0.00139924502957
267 183 0.00139924502957
267 184 0.00139924502957
267 185 0.00139924502957
267 186 0.00139924502957
267 187 0.00139924502957
267 188 0.00139924502957
267 189 0.00139924502957
267 190 0.00139924502957
267 191 0.00139924502957
267 192 0.00139924502957
267 193 0.00139924502957
267 194 0.00139924502957
267 195 0.00139924502957
267 196 0.00139924502957
267 197 0.00139924502957
267 198 0.00139924502957
267 199 0.00121889789243
267 200 0.00105098848888
267 201 0.000895516818925
267 202 0.00105098848888
267 203 0.00105098848888
267 204 0.00105098848888
267 205 0.000895516818925
267 206 0.00105098848888
267 207 0.00121889789243
267 208 0.00139924502957
267 209 0.00139924502957
267 210 0.00139924502957
267 211 0.00139924502957
267 212 0.00139924502957
267 213 0.00139924502957
267 214 0.00139924502957
267 215 0.00139924502957
267 216 0.00139924502957
267 217 0.00139924502957
267 218 0.00139924502957
267 219 0.00139924502957
267 220 0.00139924502957
267 221 0.00139924502957
267 222 0.00139924502957
267 223 0.00139924502957
267 224 0.00139924502957
267 225 0.00139924502957
267 226 0.00139924502957
267 227 0.00139924502957
267 228 0.00139924502957
267 229 0.00139924502957
267 230 0.00139924502957
267 231 0.00139924502957
267 232 0.00139924502957
267 233 0.00139924502957
267 234 0.00139924502957
267 235 0.00139924502957
267 236 0.00139924502957
267 237 0.00139924502957
267 238 0.00139924502957
267 239 0.00139924502957
267 240 0.00139924502957
267 241 0.00121889789243
267 242 0.00121889789243
267 243 0.000895516818925
267 244 0.00105098848888
267 245 0.00105098848888
267 246 0.00105098848888
267 247 0.000895516818925
267 248 0.00105098848888
267 249 0.00121889789243
267 250 0.00139924502957
267 251 0.00139924502957
267 252 0.00139924502957
267 253 0.00139924502957
267 254 0.00139924502957
267 255 0.00139924502957
267 256 0.00139924502957
267 257 0.00139924502957
267 258 0.00139924502957
267 259 0.00139924502957
267 260 0.00139924502957
267 261 0.00139924502957
267 262 0.00139924502957
267 263 0.00139924502957
267 264 0.00139924502957
267 265 0.00139924502957
267 266 0.00139924502957
267 267 0.00139924502957
267 268 0.00139924502957
267 269 0.00139924502957
267 270 0.00139924502957
267 271 0.00139924502957
267 272 0.00139924502957
267 273 0.00139924502957
267 274 0.00139924502957
267 275 0.00139924502957
267 276 0.00139924502957
267 277 0.00121889789243
267 278 0.00179725250465
267 279 0.000895516818925
267 280 0.00139924502957
267 281 0.00105098848888
267 282 0.00159202990031
267 283 0.000621886679809
267 284 0.00105098848888
267 285 0.000752482882569
267 286 5.59698011828e-05
267 287 0.00179725250465
267 288 0.000155471669952
267 289 0.00420395395551
267 290 0.0
267 291 0.00179725250465
267 292 6.21886679809e-06
267 293 0.000223879204731
267 294 0.0
267 295 6.21886679809e-06
267 296 0.0
267 297 0.0
267 298 0.0
267 299 6.21886679809e-06
267 300 0.0
267 301 0.000155471669952
267 302 0.0
267 303 9.95018687695e-05
267 304 0.0
267 305 2.48754671924e-05
267 306 0.0
267 307 0.00453355389581
267 308 0.0
267 309 0.00139924502957
267 310 0.0
267 311 0.000155471669952
267 312 0.0
267 313 0.0
267 314 0.0
267 315 6.21886679809e-06
267 316 0.0
267 317 2.48754671924e-05
267 318 0.0
267 319 6.21886679809e-06
267 320 0.0
267 321 2.48754671924e-05
267 322 0.0
267 323 6.21886679809e-06
267 324 0.0
267 325 0.00139924502957
267 326 0.0
267 327 0.00139924502957
267 328 0.0
267 329 9.95018687695e-05
267 330 0.0
267 331 6.21886679809e-06
267 332 0.0
267 333 2.48754671924e-05
267 334 0.0
267 335 0.0
267 336 0.0
267 337 0.0
267 338 0.0
267 339 0.0
267 340 0.0
267 341 0.000304724473107
267 342 0.0
267 343 0.00139924502957
267 344 0.0
267 345 0.000304724473107
267 346 0.0
267 347 9.95018687695e-05
267 348 0.0
267 349 0.000895516818925
267 350 0.0
267 351 0.000621886679809
267 352 0.0
267 353 0.000155471669952
267 354 0.0
267 355 6.21886679809e-06
267 356 0.0
267 357 0.0
267 358 0.0
267 359 0.0
267 360 0.0
267 361 0.0
267 362 0.0
267 363 2.48754671924e-05
267 364 0.0
267 365 6.21886679809e-06
267 366 0.0
267 367 0.000304724473107
267 368 0.0
267 369 0.000155471669952
267 370 6.21886679809e-06
267 371 0.000304724473107
267 372 0.0
267 373 0.000155471669952
267 374 0.0
267 375 9.95018687695e-05
267 376 0.0
267 377 2.48754671924e-05
267 378 0.0
267 379 0.0
267 380 0.0
267 381 5.59698011828e-05
267 382 0.0
267 383 2.48754671924e-05
267 384 0.0
267 385 5.59698011828e-05
267 386 0.0
267 387 2.48754671924e-05
267 388 0.0
267 389 0.0
267 390 0.0
267 391 5.59698011828e-05
267 392 0.0
267 393 5.59698011828e-05
267 394 0.0
267 395 6.21886679809e-06
267 396 0.0
267 397 0.0
267 398 0.0
267 399 6.21886679809e-06
267 400 0.0
268 0 0.0
268 1 2.48754671924e-05
268 2 0.0
268 3 2.48754671924e-05
268 4 0.0
268 5 0.000155471669952
268 6 0.0
268 7 0.000304724473107
268 8 0.0
268 9 2.48754671924e-05
268 10 0.0
268 11 0.000398007475078
268 12 0.0
268 13 5.59698011828e-05
268 14 0.0
268 15 2.48754671924e-05
268 16 0.0
268 17 0.000155471669952
268 18 0.0
268 19 6.21886679809e-06
268 20 0.0
268 21 2.48754671924e-05
268 22 0.0
268 23 6.21886679809e-06
268 24 0.0
268 25 6.21886679809e-06
268 26 0.0
268 27 6.21886679809e-06
268 28 0.0
268 29 0.000304724473107
268 30 0.0
268 31 9.95018687695e-05
268 32 0.0
268 33 2.48754671924e-05
268 34 0.0
268 35 6.21886679809e-06
268 36 0.0
268 37 0.000621886679809
268 38 0.0
268 39 0.000223879204731
268 40 0.0
268 41 6.21886679809e-06
268 42 0.0
268 43 5.59698011828e-05
268 44 0.0
268 45 0.0
268 46 0.0
268 47 6.21886679809e-06
268 48 0.0
268 49 0.0
268 50 0.0
268 51 0.0
268 52 0.0
268 53 0.0
268 54 0.0
268 55 6.21886679809e-06
268 56 0.0
268 57 6.21886679809e-06
268 58 0.0
268 59 0.000155471669952
268 60 0.0
268 61 0.000895516818925
268 62 0.0
268 63 0.000223879204731
268 64 0.0
268 65 0.000304724473107
268 66 0.0
268 67 0.000398007475078
268 68 0.0
268 69 9.95018687695e-05
268 70 0.0
268 71 6.21886679809e-06
268 72 0.0
268 73 2.48754671924e-05
268 74 0.0
268 75 0.0
268 76 0.0
268 77 6.21886679809e-06
268 78 0.0
268 79 0.0
268 80 0.0
268 81 0.0
268 82 0.0
268 83 0.0
268 84 0.0
268 85 0.000304724473107
268 86 0.0
268 87 0.000621886679809
268 88 0.0
268 89 0.00179725250465
268 90 0.0
268 91 9.95018687695e-05
268 92 0.0
268 93 0.000752482882569
268 94 0.0
268 95 0.00179725250465
268 96 0.0
268 97 5.59698011828e-05
268 98 0.0
268 99 0.0
268 100 0.0
268 101 6.21886679809e-06
268 102 0.0
268 103 6.21886679809e-06
268 104 0.0
268 105 0.0
268 106 0.0
268 107 0.0
268 108 0.0
268 109 0.000304724473107
268 110 0.0
268 111 0.000155471669952
268 112 0.0
268 113 2.48754671924e-05
268 114 0.0
268 115 0.00453355389581
268 116 0.0
268 117 0.00201491284258
268 118 0.0
268 119 0.000304724473107
268 120 0.0
268 121 0.0
268 122 0.0
268 123 0.0
268 124 0.0
268 125 0.0
268 126 0.0
268 127 0.00201491284258
268 128 0.0
268 129 0.00995018687695
268 130 0.0
268 131 0.00420395395551
268 132 0.0
268 133 6.21886679809e-06
268 134 0.0
268 135 5.59698011828e-05
268 136 0.0
268 137 6.21886679809e-06
268 138 0.0
268 139 0.0
268 140 0.0
268 141 6.21886679809e-06
268 142 0.0
268 143 6.21886679809e-06
268 144 0.0
268 145 0.0
268 146 0.0
268 147 6.21886679809e-06
268 148 0.0
268 149 0.0
268 150 0.0
268 151 0.0
268 152 0.0
268 153 0.0
268 154 0.0
268 155 0.0
268 156 0.0
268 157 0.0
268 158 0.0
268 159 0.0
268 160 0.0
268 161 0.0
268 162 0.0
268 163 0.0
268 164 0.0
268 165 0.0
268 166 0.0
268 167 0.0
268 168 0.0
268 169 0.0
268 170 0.0
268 171 0.0
268 172 0.0
268 173 6.21886679809e-06
268 174 0.0
268 175 6.21886679809e-06
268 176 0.0
268 177 0.0
268 178 0.0
268 179 0.0
268 180 0.0
268 181 0.0
268 182 0.0
268 183 0.0
268 184 0.0
268 185 0.0
268 186 0.0
268 187 0.0
268 188 0.0
268 189 0.0
268 190 0.0
268 191 0.0
268 192 0.0
268 193 0.0
268 194 0.0
268 195 0.0
268 196 0.0
268 197 0.0
268 198 0.0
268 199 0.0
268 200 0.0
268 201 6.21886679809e-06
268 202 0.0
268 203 0.0
268 204 0.0
268 205 6.21886679809e-06
268 206 0.0
268 207 6.21886679809e-06
268 208 0.0
268 209 0.0
268 210 0.0
268 211 0.0
268 212 0.0
268 213 0.0
268 214 0.0
268 215 0.0
268 216 0.0
268 217 0.0
268 218 0.0
268 219 0.0
268 220 0.0
268 221 0.0
268 222 0.0
268 223 0.0
268 224 0.0
268 225 0.0
268 226 0.0
268 227 0.0
268 228 0.0
268 229 0.0
268 230 0.0
268 231 0.0
268 232 0.0
268 233 0.0
268 234 0.0
268 235 0.0
268 236 0.0
268 237 0.0
268 238 0.0
268 239 0.0
268 240 0.0
268 241 6.21886679809e-06
268 242 0.0
268 243 6.21886679809e-06
268 244 0.0
268 245 0.0
268 246 0.0
268 247 6.21886679809e-06
268 248 0.0
268 249 0.0
268 250 0.0
268 251 0.0
268 252 0.0
268 253 0.0
268 254 0.0
268 255 0.0
268 256 0.0
268 257 0.0
268 258 0.0
268 259 0.0
268 260 0.0
268 261 0.0
268 262 0.0
268 263 0.0
268 264 0.0
268 265 0.0
268 266 0.0
268 267 0.0
268 268 0.0
268 269 0.0
268 270 0.0
268 271 0.0
268 272 0.0
268 273 0.0
268 274 0.0
268 275 0.0
268 276 0.0
268 277 5.59698011828e-05
268 278 0.0
268 279 9.95018687695e-05
268 280 0.0
268 281 5.59698011828e-05
268 282 0.0
268 283 5.59698011828e-05
268 284 0.0
268 285 5.59698011828e-05
268 286 0.0
268 287 0.0052300669772
268 288 0.0
268 289 0.00274252025796
268 290 0.0
268 291 0.00121889789243
268 292 0.0
268 293 0.000223879204731
268 294 0.0
268 295 6.21886679809e-06
268 296 0.0
268 297 0.0
268 298 0.0
268 299 6.21886679809e-06
268 300 0.0
268 301 0.000155471669952
268 302 0.0
268 303 9.95018687695e-05
268 304 0.0
268 305 2.48754671924e-05
268 306 0.0
268 307 0.00453355389581
268 308 0.0
268 309 0.00139924502957
268 310 0.0
268 311 0.000155471669952
268 312 0.0
268 313 0.0
268 314 0.0
268 315 6.21886679809e-06
268 316 0.0
268 317 2.48754671924e-05
268 318 0.0
268 319 6.21886679809e-06
268 320 0.0
268 321 2.48754671924e-05
268 322 0.0
268 323 6.21886679809e-06
268 324 0.0
268 325 0.00139924502957
268 326 0.0
268 327 0.00139924502957
268 328 0.0
268 329 9.95018687695e-05
268 330 0.0
268 331 6.21886679809e-06
268 332 0.0
268 333 2.48754671924e-05
268 334 0.0
268 335 0.0
268 336 0.0
268 337 0.0
268 338 0.0
268 339 0.0
268 340 0.0
268 341 0.000304724473107
268 342 0.0
268 343 0.00139924502957
268 344 0.0
268 345 0.000304724473107
268 346 0.0
268 347 9.95018687695e-05
268 348 0.0
268 349 0.000895516818925
268 350 0.0
268 351 0.000621886679809
268 352 0.0
268 353 0.000155471669952
268 354 0.0
268 355 6.21886679809e-06
268 356 0.0
268 357 0.0
268 358 0.0
268 359 0.0
268 360 0.0
268 361 0.0
268 362 0.0
268 363 2.48754671924e-05
268 364 0.0
268 365 6.21886679809e-06
268 366 0.0
268 367 0.000304724473107
268 368 0.0
268 369 0.000155471669952
268 370 0.0
268 371 0.000398007475078
268 372 0.0
268 373 0.000155471669952
268 374 0.0
268 375 9.95018687695e-05
268 376 0.0
268 377 2.48754671924e-05
268 378 0.0
268 379 0.0
268 380 0.0
268 381 5.59698011828e-05
268 382 0.0
268 383 2.48754671924e-05
268 384 0.0
268 385 5.59698011828e-05
268 386 0.0
268 387 2.48754671924e-05
268 388 0.0
268 389 0.0
268 390 0.0
268 391 5.59698011828e-05
268 392 0.0
268 393 5.59698011828e-05
268 394 0.0
268 395 6.21886679809e-06
268 396 0.0
268 397 0.0
268 398 0.0
268 399 6.21886679809e-06
268 400 0.0
269 0 0.0
269 1 2.48754671924e-05
269 2 0.0
269 3 2.48754671924e-05
269 4 0.0
269 5 0.000155471669952
269 6 0.0
269 7 0.000304724473107
269 8 6.21886679809e-06
269 9 5.59698011828e-05
269 10 0.0
269 11 0.000398007475078
269 12 0.0
269 13 5.59698011828e-05
269 14 0.0
269 15 2.48754671924e-05
269 16 0.0
269 17 0.000155471669952
269 18 0.0
269 19 6.21886679809e-06
269 20 0.0
269 21 2.48754671924e-05
269 22 0.0
269 23 6.21886679809e-06
269 24 0.0
269 25 6.21886679809e-06
269 26 0.0
269 27 6.21886679809e-06
269 28 0.0
269 29 0.000304724473107
269 30 0.0
269 31 9.95018687695e-05
269 32 0.0
269 33 2.48754671924e-05
269 34 0.0
269 35 6.21886679809e-06
269 36 0.0
269 37 0.000621886679809
269 38 0.0
269 39 0.000223879204731
269 40 0.0
269 41 6.21886679809e-06
269 42 0.0
269 43 5.59698011828e-05
269 44 0.0
269 45 0.0
269 46 0.0
269 47 6.21886679809e-06
269 48 0.0
269 49 0.0
269 50 0.0
269 51 0.0
269 52 0.0
269 53 0.0
269 54 0.0
269 55 6.21886679809e-06
269 56 0.0
269 57 6.21886679809e-06
269 58 0.0
269 59 0.000155471669952
269 60 0.0
269 61 0.000895516818925
269 62 0.0
269 63 0.000223879204731
269 64 0.0
269 65 0.000304724473107
269 66 0.0
269 67 0.000398007475078
269 68 0.0
269 69 9.95018687695e-05
269 70 0.0
269 71 6.21886679809e-06
269 72 0.0
269 73 2.48754671924e-05
269 74 0.0
269 75 0.0
269 76 0.0
269 77 6.21886679809e-06
269 78 0.0
269 79 0.0
269 80 0.0
269 81 0.0
269 82 0.0
269 83 0.0
269 84 0.0
269 85 0.000304724473107
269 86 0.0
269 87 0.000621886679809
269 88 0.0
269 89 0.00179725250465
269 90 0.0
269 91 9.95018687695e-05
269 92 0.0
269 93 0.000752482882569
269 94 0.0
269 95 0.00179725250465
269 96 0.0
269 97 5.59698011828e-05
269 98 0.0
269 99 0.0
269 100 0.0
269 101 6.21886679809e-06
269 102 0.0
269 103 6.21886679809e-06
269 104 0.0
269 105 0.0
269 106 0.0
269 107 0.0
269 108 0.0
269 109 0.000304724473107
269 110 0.0
269 111 0.000155471669952
269 112 0.0
269 113 2.48754671924e-05
269 114 0.0
269 115 0.00453355389581
269 116 0.0
269 117 0.00201491284258
269 118 0.0
269 119 0.000304724473107
269 120 0.0
269 121 0.0
269 122 0.0
269 123 0.0
269 124 0.0
269 125 0.0
269 126 0.0
269 127 0.000895516818925
269 128 0.0
269 129 0.00761811182766
269 130 0.000503728210645
269 131 0.0125932052661
269 132 0.0052300669772
269 133 0.00248754671924
269 134 0.000752482882569
269 135 0.00105098848888
269 136 0.000752482882569
269 137 0.000621886679809
269 138 0.000752482882569
269 139 0.000621886679809
269 140 0.000752482882569
269 141 0.000752482882569
269 142 0.000752482882569
269 143 0.000503728210645
269 144 0.000503728210645
269 145 0.000503728210645
269 146 0.000503728210645
269 147 0.000398007475078
269 148 0.000503728210645
269 149 0.000503728210645
269 150 0.000752482882569
269 151 0.000752482882569
269 152 0.000752482882569
269 153 0.000752482882569
269 154 0.000752482882569
269 155 0.000752482882569
269 156 0.000752482882569
269 157 0.000752482882569
269 158 0.000752482882569
269 159 0.000752482882569
269 160 0.000752482882569
269 161 0.000752482882569
269 162 0.000752482882569
269 163 0.000752482882569
269 164 0.000752482882569
269 165 0.000752482882569
269 166 0.000752482882569
269 167 0.000752482882569
269 168 0.000752482882569
269 169 0.000752482882569
269 170 0.000752482882569
269 171 0.000503728210645
269 172 0.000503728210645
269 173 0.000398007475078
269 174 0.000503728210645
269 175 0.000398007475078
269 176 0.000503728210645
269 177 0.000503728210645
269 178 0.000752482882569
269 179 0.000752482882569
269 180 0.000752482882569
269 181 0.000752482882569
269 182 0.000752482882569
269 183 0.000752482882569
269 184 0.000752482882569
269 185 0.000752482882569
269 186 0.000752482882569
269 187 0.000752482882569
269 188 0.000752482882569
269 189 0.000752482882569
269 190 0.000752482882569
269 191 0.000752482882569
269 192 0.000752482882569
269 193 0.000752482882569
269 194 0.000752482882569
269 195 0.000752482882569
269 196 0.000752482882569
269 197 0.000752482882569
269 198 0.000752482882569
269 199 0.000621886679809
269 200 0.000503728210645
269 201 0.000398007475078
269 202 0.000503728210645
269 203 0.000503728210645
269 204 0.000503728210645
269 205 0.000503728210645
269 206 0.000621886679809
269 207 0.000752482882569
269 208 0.000752482882569
269 209 0.000621886679809
269 210 0.000752482882569
269 211 0.000752482882569
269 212 0.000752482882569
269 213 0.000752482882569
269 214 0.000752482882569
269 215 0.000752482882569
269 216 0.000752482882569
269 217 0.000752482882569
269 218 0.000752482882569
269 219 0.000752482882569
269 220 0.000752482882569
269 221 0.000752482882569
269 222 0.000752482882569
269 223 0.000752482882569
269 224 0.000752482882569
269 225 0.000752482882569
269 226 0.000752482882569
269 227 0.000752482882569
269 228 0.000752482882569
269 229 0.000752482882569
269 230 0.000752482882569
269 231 0.000752482882569
269 232 0.000752482882569
269 233 0.000752482882569
269 234 0.000752482882569
269 235 0.000752482882569
269 236 0.000752482882569
269 237 0.000752482882569
269 238 0.000752482882569
269 239 0.000752482882569
269 240 0.000752482882569
269 241 0.000752482882569
269 242 0.000621886679809
269 243 0.000503728210645
269 244 0.000503728210645
269 245 0.000398007475078
269 246 0.000503728210645
269 247 0.000398007475078
269 248 0.000503728210645
269 249 0.000621886679809
269 250 0.000752482882569
269 251 0.000752482882569
269 252 0.000752482882569
269 253 0.000752482882569
269 254 0.000752482882569
269 255 0.000752482882569
269 256 0.000752482882569
269 257 0.000752482882569
269 258 0.000752482882569
269 259 0.000752482882569
269 260 0.000752482882569
269 261 0.000752482882569
269 262 0.000752482882569
269 263 0.000752482882569
269 264 0.000752482882569
269 265 0.000752482882569
269 266 0.000752482882569
269 267 0.000752482882569
269 268 0.000752482882569
269 269 0.000752482882569
269 270 0.000752482882569
269 271 0.000752482882569
269 272 0.000752482882569
269 273 0.000752482882569
269 274 0.000752482882569
269 275 0.000752482882569
269 276 0.000752482882569
269 277 0.000621886679809
269 278 0.000895516818925
269 279 0.000223879204731
269 280 0.000752482882569
269 281 0.000223879204731
269 282 0.000621886679809
269 283 0.00105098848888
269 284 0.00105098848888
269 285 0.00121889789243
269 286 0.00328978053619
269 287 0.0131591221448
269 288 0.000752482882569
269 289 0.00121889789243
269 290 0.0
269 291 0.000398007475078
269 292 2.48754671924e-05
269 293 0.000155471669952
269 294 0.0
269 295 6.21886679809e-06
269 296 0.0
269 297 0.0
269 298 0.0
269 299 6.21886679809e-06
269 300 0.0
269 301 0.000155471669952
269 302 0.0
269 303 9.95018687695e-05
269 304 0.0
269 305 2.48754671924e-05
269 306 0.0
269 307 0.00453355389581
269 308 0.0
269 309 0.00139924502957
269 310 0.0
269 311 0.000155471669952
269 312 0.0
269 313 0.0
269 314 0.0
269 315 6.21886679809e-06
269 316 0.0
269 317 2.48754671924e-05
269 318 0.0
269 319 6.21886679809e-06
269 320 0.0
269 321 2.48754671924e-05
269 322 0.0
269 323 6.21886679809e-06
269 324 0.0
269 325 0.00139924502957
269 326 0.0
269 327 0.00139924502957
269 328 0.0
269 329 9.95018687695e-05
269 330 0.0
269 331 6.21886679809e-06
269 332 0.0
269 333 2.48754671924e-05
269 334 0.0
269 335 0.0
269 336 0.0
269 337 0.0
269 338 0.0
269 339 0.0
269 340 0.0
269 341 0.000304724473107
269 342 0.0
269 343 0.00139924502957
269 344 0.0
269 345 0.000304724473107
269 346 0.0
269 347 9.95018687695e-05
269 348 0.0
269 349 0.000895516818925
269 350 0.0
269 351 0.000621886679809
269 352 0.0
269 353 0.000155471669952
269 354 0.0
269 355 0.0
269 356 6.21886679809e-06
269 357 6.21886679809e-06
269 358 0.0
269 359 0.0
269 360 0.0
269 361 0.0
269 362 0.0
269 363 2.48754671924e-05
269 364 0.0
269 365 6.21886679809e-06
269 366 0.0
269 367 0.000304724473107
269 368 0.0
269 369 0.000155471669952
269 370 0.0
269 371 0.000398007475078
269 372 0.0
269 373 0.000155471669952
269 374 0.0
269 375 9.95018687695e-05
269 376 0.0
269 377 2.48754671924e-05
269 378 0.0
269 379 0.0
269 380 6.21886679809e-06
269 381 2.48754671924e-05
269 382 6.21886679809e-06
269 383 5.59698011828e-05
269 384 6.21886679809e-06
269 385 2.48754671924e-05
269 386 0.0
269 387 2.48754671924e-05
269 388 0.0
269 389 0.0
269 390 0.0
269 391 5.59698011828e-05
269 392 6.21886679809e-06
269 393 5.59698011828e-05
269 394 0.0
269 395 6.21886679809e-06
269 396 0.0
269 397 0.0
269 398 0.0
269 399 6.21886679809e-06
269 400 0.0
270 0 0.0
270 1 2.48754671924e-05
270 2 0.0
270 3 2.48754671924e-05
270 4 0.0
270 5 0.000155471669952
270 6 0.0
270 7 0.000223879204731
270 8 0.0
270 9 5.59698011828e-05
270 10 0.0
270 11 0.000398007475078
270 12 0.0
270 13 5.59698011828e-05
270 14 0.0
270 15 2.48754671924e-05
270 16 0.0
270 17 0.000155471669952
270 18 0.0
270 19 6.21886679809e-06
270 20 0.0
270 21 2.48754671924e-05
270 22 0.0
270 23 6.21886679809e-06
270 24 0.0
270 25 6.21886679809e-06
270 26 0.0
270 27 6.21886679809e-06
270 28 0.0
270 29 0.000304724473107
270 30 0.0
270 31 9.95018687695e-05
270 32 0.0
270 33 2.48754671924e-05
270 34 0.0
270 35 6.21886679809e-06
270 36 0.0
270 37 0.000621886679809
270 38 0.0
270 39 0.000223879204731
270 40 0.0
270 41 6.21886679809e-06
270 42 0.0
270 43 5.59698011828e-05
270 44 0.0
270 45 0.0
270 46 0.0
270 47 6.21886679809e-06
270 48 0.0
270 49 0.0
270 50 0.0
270 51 0.0
270 52 0.0
270 53 0.0
270 54 0.0
270 55 6.21886679809e-06
270 56 0.0
270 57 6.21886679809e-06
270 58 0.0
270 59 0.000155471669952
270 60 0.0
270 61 0.000895516818925
270 62 0.0
270 63 0.000223879204731
270 64 0.0
270 65 0.000304724473107
270 66 0.0
270 67 0.000398007475078
270 68 0.0
270 69 9.95018687695e-05
270 70 0.0
270 71 6.21886679809e-06
270 72 0.0
270 73 2.48754671924e-05
270 74 0.0
270 75 0.0
270 76 0.0
270 77 6.21886679809e-06
270 78 0.0
270 79 0.0
270 80 0.0
270 81 0.0
270 82 0.0
270 83 0.0
270 84 0.0
270 85 0.000304724473107
270 86 0.0
270 87 0.000621886679809
270 88 0.0
270 89 0.00179725250465
270 90 0.0
270 91 9.95018687695e-05
270 92 0.0
270 93 0.000752482882569
270 94 0.0
270 95 0.00179725250465
270 96 0.0
270 97 5.59698011828e-05
270 98 0.0
270 99 0.0
270 100 0.0
270 101 6.21886679809e-06
270 102 0.0
270 103 6.21886679809e-06
270 104 0.0
270 105 0.0
270 106 0.0
270 107 0.0
270 108 0.0
270 109 0.000304724473107
270 110 0.0
270 111 0.000155471669952
270 112 0.0
270 113 2.48754671924e-05
270 114 0.0
270 115 0.00453355389581
270 116 0.0
270 117 0.00201491284258
270 118 0.0
270 119 0.000304724473107
270 120 0.0
270 121 0.0
270 122 0.0
270 123 0.0
270 124 0.0
270 125 0.0
270 126 0.0
270 127 9.95018687695e-05
270 128 0.0
270 129 0.0052300669772
270 130 0.0
270 131 0.00274252025796
270 132 0.0
270 133 0.000304724473107
270 134 0.0
270 135 0.0
270 136 0.0
270 137 0.0
270 138 0.0
270 139 6.21886679809e-06
270 140 0.0
270 141 0.0
270 142 0.0
270 143 0.0
270 144 0.0
270 145 0.0
270 146 0.0
270 147 6.21886679809e-06
270 148 0.0
270 149 6.21886679809e-06
270 150 0.0
270 151 0.0
270 152 0.0
270 153 0.0
270 154 0.0
270 155 0.0
270 156 0.0
270 157 0.0
270 158 0.0
270 159 0.0
270 160 0.0
270 161 0.0
270 162 0.0
270 163 0.0
270 164 0.0
270 165 0.0
270 166 0.0
270 167 0.0
270 168 0.0
270 169 0.0
270 170 0.0
270 171 6.21886679809e-06
270 172 0.0
270 173 6.21886679809e-06
270 174 0.0
270 175 6.21886679809e-06
270 176 0.0
270 177 0.0
270 178 0.0
270 179 0.0
270 180 0.0
270 181 0.0
270 182 0.0
270 183 0.0
270 184 0.0
270 185 0.0
270 186 0.0
270 187 0.0
270 188 0.0
270 189 0.0
270 190 0.0
270 191 0.0
270 192 0.0
270 193 0.0
270 194 0.0
270 195 0.0
270 196 0.0
270 197 0.0
270 198 0.0
270 199 6.21886679809e-06
270 200 0.0
270 201 6.21886679809e-06
270 202 0.0
270 203 0.0
270 204 0.0
270 205 0.0
270 206 0.0
270 207 0.0
270 208 0.0
270 209 6.21886679809e-06
270 210 0.0
270 211 0.0
270 212 0.0
270 213 0.0
270 214 0.0
270 215 0.0
270 216 0.0
270 217 0.0
270 218 0.0
270 219 0.0
270 220 0.0
270 221 0.0
270 222 0.0
270 223 0.0
270 224 0.0
270 225 0.0
270 226 0.0
270 227 0.0
270 228 0.0
270 229 0.0
270 230 0.0
270 231 0.0
270 232 0.0
270 233 0.0
270 234 0.0
270 235 0.0
270 236 0.0
270 237 0.0
270 238 0.0
270 239 0.0
270 240 0.0
270 241 0.0
270 242 0.0
270 243 0.0
270 244 0.0
270 245 6.21886679809e-06
270 246 0.0
270 247 6.21886679809e-06
270 248 0.0
270 249 6.21886679809e-06
270 250 0.0
270 251 0.0
270 252 0.0
270 253 0.0
270 254 0.0
270 255 0.0
270 256 0.0
270 257 0.0
270 258 0.0
270 259 0.0
270 260 0.0
270 261 0.0
270 262 0.0
270 263 0.0
270 264 0.0
270 265 0.0
270 266 0.0
270 267 0.0
270 268 0.0
270 269 0.0
270 270 0.0
270 271 0.0
270 272 0.0
270 273 0.0
270 274 0.0
270 275 0.0
270 276 0.0
270 277 6.21886679809e-06
270 278 0.0
270 279 9.95018687695e-05
270 280 0.0
270 281 0.000304724473107
270 282 0.0
270 283 9.95018687695e-05
270 284 0.0
270 285 0.000304724473107
270 286 0.0
270 287 0.00105098848888
270 288 0.0
270 289 0.00328978053619
270 290 0.0
270 291 0.000223879204731
270 292 0.0
270 293 2.48754671924e-05
270 294 0.0
270 295 6.21886679809e-06
270 296 0.0
270 297 0.0
270 298 0.0
270 299 6.21886679809e-06
270 300 0.0
270 301 0.000155471669952
270 302 0.0
270 303 9.95018687695e-05
270 304 0.0
270 305 2.48754671924e-05
270 306 0.0
270 307 0.00453355389581
270 308 0.0
270 309 0.00139924502957
270 310 0.0
270 311 0.000155471669952
270 312 0.0
270 313 0.0
270 314 0.0
270 315 6.21886679809e-06
270 316 0.0
270 317 2.48754671924e-05
270 318 0.0
270 319 6.21886679809e-06
270 320 0.0
270 321 2.48754671924e-05
270 322 0.0
270 323 6.21886679809e-06
270 324 0.0
270 325 0.00139924502957
270 326 0.0
270 327 0.00139924502957
270 328 0.0
270 329 9.95018687695e-05
270 330 0.0
270 331 6.21886679809e-06
270 332 0.0
270 333 2.48754671924e-05
270 334 0.0
270 335 0.0
270 336 0.0
270 337 0.0
270 338 0.0
270 339 0.0
270 340 0.0
270 341 0.000304724473107
270 342 0.0
270 343 0.00139924502957
270 344 0.0
270 345 0.000304724473107
270 346 0.0
270 347 9.95018687695e-05
270 348 0.0
270 349 0.000895516818925
270 350 0.0
270 351 0.000621886679809
270 352 0.0
270 353 0.000155471669952
270 354 0.0
270 355 6.21886679809e-06
270 356 0.0
270 357 0.0
270 358 0.0
270 359 0.0
270 360 0.0
270 361 0.0
270 362 0.0
270 363 2.48754671924e-05
270 364 0.0
270 365 6.21886679809e-06
270 366 0.0
270 367 0.000223879204731
270 368 0.0
270 369 9.95018687695e-05
270 370 0.0
270 371 0.000503728210645
270 372 0.0
270 373 0.000155471669952
270 374 0.0
270 375 9.95018687695e-05
270 376 0.0
270 377 2.48754671924e-05
270 378 0.0
270 379 0.0
270 380 0.0
270 381 2.48754671924e-05
270 382 0.0
270 383 5.59698011828e-05
270 384 0.0
270 385 2.48754671924e-05
270 386 0.0
270 387 2.48754671924e-05
270 388 0.0
270 389 0.0
270 390 0.0
270 391 5.59698011828e-05
270 392 0.0
270 393 5.59698011828e-05
270 394 0.0
270 395 6.21886679809e-06
270 396 0.0
270 397 6.21886679809e-06
270 398 0.0
270 399 6.21886679809e-06
270 400 0.0
271 0 0.0
271 1 2.48754671924e-05
271 2 0.0
271 3 2.48754671924e-05
271 4 0.0
271 5 0.000155471669952
271 6 0.0
271 7 9.95018687695e-05
271 8 2.48754671924e-05
271 9 0.000503728210645
271 10 0.0
271 11 0.000304724473107
271 12 0.0
271 13 9.95018687695e-05
271 14 6.21886679809e-06
271 15 2.48754671924e-05
271 16 0.0
271 17 0.000155471669952
271 18 0.0
271 19 6.21886679809e-06
271 20 0.0
271 21 2.48754671924e-05
271 22 0.0
271 23 6.21886679809e-06
271 24 0.0
271 25 6.21886679809e-06
271 26 0.0
271 27 6.21886679809e-06
271 28 0.0
271 29 0.000304724473107
271 30 0.0
271 31 9.95018687695e-05
271 32 0.0
271 33 2.48754671924e-05
271 34 0.0
271 35 6.21886679809e-06
271 36 0.0
271 37 0.000621886679809
271 38 0.0
271 39 0.000223879204731
271 40 0.0
271 41 6.21886679809e-06
271 42 0.0
271 43 5.59698011828e-05
271 44 0.0
271 45 0.0
271 46 0.0
271 47 6.21886679809e-06
271 48 0.0
271 49 0.0
271 50 0.0
271 51 0.0
271 52 0.0
271 53 0.0
271 54 0.0
271 55 6.21886679809e-06
271 56 0.0
271 57 6.21886679809e-06
271 58 0.0
271 59 0.000155471669952
271 60 0.0
271 61 0.000895516818925
271 62 0.0
271 63 0.000223879204731
271 64 0.0
271 65 0.000304724473107
271 66 0.0
271 67 0.000398007475078
271 68 0.0
271 69 9.95018687695e-05
271 70 0.0
271 71 6.21886679809e-06
271 72 0.0
271 73 2.48754671924e-05
271 74 0.0
271 75 0.0
271 76 0.0
271 77 6.21886679809e-06
271 78 0.0
271 79 0.0
271 80 0.0
271 81 0.0
271 82 0.0
271 83 0.0
271 84 0.0
271 85 0.000304724473107
271 86 0.0
271 87 0.000621886679809
271 88 0.0
271 89 0.00179725250465
271 90 0.0
271 91 9.95018687695e-05
271 92 0.0
271 93 0.000752482882569
271 94 0.0
271 95 0.00179725250465
271 96 0.0
271 97 5.59698011828e-05
271 98 0.0
271 99 0.0
271 100 0.0
271 101 6.21886679809e-06
271 102 0.0
271 103 6.21886679809e-06
271 104 0.0
271 105 0.0
271 106 0.0
271 107 0.0
271 108 0.0
271 109 0.000304724473107
271 110 0.0
271 111 0.000155471669952
271 112 0.0
271 113 2.48754671924e-05
271 114 0.0
271 115 0.00453355389581
271 116 0.0
271 117 0.00201491284258
271 118 0.0
271 119 0.000304724473107
271 120 0.0
271 121 0.0
271 122 0.0
271 123 0.0
271 124 0.0
271 125 0.0
271 126 0.0
271 127 6.21886679809e-06
271 128 2.48754671924e-05
271 129 0.000503728210645
271 130 0.00159202990031
271 131 0.00328978053619
271 132 0.00636811960125
271 133 0.00420395395551
271 134 0.00453355389581
271 135 0.0048755915697
271 136 0.00453355389581
271 137 0.00453355389581
271 138 0.00453355389581
271 139 0.00453355389581
271 140 0.00453355389581
271 141 0.00453355389581
271 142 0.00453355389581
271 143 0.00453355389581
271 144 0.00453355389581
271 145 0.00453355389581
271 146 0.00453355389581
271 147 0.00453355389581
271 148 0.00453355389581
271 149 0.00453355389581
271 150 0.00453355389581
271 151 0.00453355389581
271 152 0.00453355389581
271 153 0.00453355389581
271 154 0.00453355389581
271 155 0.00453355389581
271 156 0.00453355389581
271 157 0.00453355389581
271 158 0.00453355389581
271 159 0.00453355389581
271 160 0.00453355389581
271 161 0.00453355389581
271 162 0.00453355389581
271 163 0.00453355389581
271 164 0.00453355389581
271 165 0.00453355389581
271 166 0.00453355389581
271 167 0.00453355389581
271 168 0.00453355389581
271 169 0.00453355389581
271 170 0.00453355389581
271 171 0.00453355389581
271 172 0.00453355389581
271 173 0.00453355389581
271 174 0.00453355389581
271 175 0.00453355389581
271 176 0.00453355389581
271 177 0.00453355389581
271 178 0.00453355389581
271 179 0.00453355389581
271 180 0.00453355389581
271 181 0.00453355389581
271 182 0.00453355389581
271 183 0.00453355389581
271 184 0.00453355389581
271 185 0.00453355389581
271 186 0.00453355389581
271 187 0.00453355389581
271 188 0.00453355389581
271 189 0.00453355389581
271 190 0.00453355389581
271 191 0.00453355389581
271 192 0.00453355389581
271 193 0.00453355389581
271 194 0.00453355389581
271 195 0.00453355389581
271 196 0.00453355389581
271 197 0.00453355389581
271 198 0.00453355389581
271 199 0.00453355389581
271 200 0.00453355389581
271 201 0.00453355389581
271 202 0.00453355389581
271 203 0.00453355389581
271 204 0.00453355389581
271 205 0.00453355389581
271 206 0.00453355389581
271 207 0.00453355389581
271 208 0.00453355389581
271 209 0.00453355389581
271 210 0.00453355389581
271 211 0.00453355389581
271 212 0.00453355389581
271 213 0.00453355389581
271 214 0.00453355389581
271 215 0.00453355389581
271 216 0.00453355389581
271 217 0.00453355389581
271 218 0.00453355389581
271 219 0.00453355389581
271 220 0.00453355389581
271 221 0.00453355389581
271 222 0.00453355389581
271 223 0.00453355389581
271 224 0.00453355389581
271 225 0.00453355389581
271 226 0.00453355389581
271 227 0.00453355389581
271 228 0.00453355389581
271 229 0.00453355389581
271 230 0.00453355389581
271 231 0.00453355389581
271 232 0.00453355389581
271 233 0.00453355389581
271 234 0.00453355389581
271 235 0.00453355389581
271 236 0.00453355389581
271 237 0.00453355389581
271 238 0.00453355389581
271 239 0.00453355389581
271 240 0.00453355389581
271 241 0.00453355389581
271 242 0.00453355389581
271 243 0.00453355389581
271 244 0.00453355389581
271 245 0.00453355389581
271 246 0.00453355389581
271 247 0.00453355389581
271 248 0.00453355389581
271 249 0.00453355389581
271 250 0.00453355389581
271 251 0.00453355389581
271 252 0.00453355389581
271 253 0.00453355389581
271 254 0.00453355389581
271 255 0.00453355389581
271 256 0.00453355389581
271 257 0.00453355389581
271 258 0.00453355389581
271 259 0.00453355389581
271 260 0.00453355389581
271 261 0.00453355389581
271 262 0.00453355389581
271 263 0.00453355389581
271 264 0.00453355389581
271 265 0.00453355389581
271 266 0.00453355389581
271 267 0.00453355389581
271 268 0.00453355389581
271 269 0.00453355389581
271 270 0.00453355389581
271 271 0.00453355389581
271 272 0.00453355389581
271 273 0.00453355389581
271 274 0.00453355389581
271 275 0.00453355389581
271 276 0.00453355389581
271 277 0.00453355389581
271 278 0.00420395395551
271 279 0.00453355389581
271 280 0.0048755915697
271 281 0.0048755915697
271 282 0.00453355389581
271 283 0.00420395395551
271 284 0.0052300669772
271 285 0.00420395395551
271 286 0.00677234594312
271 287 0.0048755915697
271 288 0.00139924502957
271 289 0.000621886679809
271 290 6.21886679809e-06
271 291 2.48754671924e-05
271 292 6.21886679809e-06
271 293 2.48754671924e-05
271 294 0.0
271 295 6.21886679809e-06
271 296 0.0
271 297 0.0
271 298 0.0
271 299 6.21886679809e-06
271 300 0.0
271 301 0.000155471669952
271 302 0.0
271 303 9.95018687695e-05
271 304 0.0
271 305 2.48754671924e-05
271 306 0.0
271 307 0.00453355389581
271 308 0.0
271 309 0.00139924502957
271 310 0.0
271 311 0.000155471669952
271 312 0.0
271 313 0.0
271 314 0.0
271 315 6.21886679809e-06
271 316 0.0
271 317 2.48754671924e-05
271 318 0.0
271 319 6.21886679809e-06
271 320 0.0
271 321 2.48754671924e-05
271 322 0.0
271 323 6.21886679809e-06
271 324 0.0
271 325 0.00139924502957
271 326 0.0
271 327 0.00139924502957
271 328 6.21886679809e-06
271 329 9.95018687695e-05
271 330 0.0
271 331 6.21886679809e-06
271 332 0.0
271 333 2.48754671924e-05
271 334 0.0
271 335 6.21886679809e-06
271 336 0.0
271 337 0.0
271 338 0.0
271 339 0.0
271 340 0.0
271 341 0.000304724473107
271 342 0.0
271 343 0.00139924502957
271 344 0.0
271 345 0.000304724473107
271 346 0.0
271 347 9.95018687695e-05
271 348 0.0
271 349 0.000895516818925
271 350 0.0
271 351 0.000621886679809
271 352 0.0
271 353 0.000155471669952
271 354 0.0
271 355 6.21886679809e-06
271 356 0.0
271 357 0.0
271 358 0.0
271 359 0.0
271 360 0.0
271 361 0.0
271 362 0.0
271 363 2.48754671924e-05
271 364 0.0
271 365 6.21886679809e-06
271 366 0.0
271 367 0.000223879204731
271 368 0.0
271 369 9.95018687695e-05
271 370 0.0
271 371 0.000398007475078
271 372 6.21886679809e-06
271 373 9.95018687695e-05
271 374 2.48754671924e-05
271 375 5.59698011828e-05
271 376 6.21886679809e-06
271 377 6.21886679809e-06
271 378 0.0
271 379 6.21886679809e-06
271 380 0.0
271 381 9.95018687695e-05
271 382 6.21886679809e-06
271 383 2.48754671924e-05
271 384 6.21886679809e-06
271 385 2.48754671924e-05
271 386 0.0
271 387 2.48754671924e-05
271 388 0.0
271 389 0.0
271 390 0.0
271 391 5.59698011828e-05
271 392 0.0
271 393 6.21886679809e-06
271 394 0.0
271 395 9.95018687695e-05
271 396 0.0
271 397 9.95018687695e-05
271 398 0.0
271 399 2.48754671924e-05
271 400 0.0
272 0 0.0
272 1 2.48754671924e-05
272 2 0.0
272 3 2.48754671924e-05
272 4 0.0
272 5 0.000155471669952
272 6 0.0
272 7 9.95018687695e-05
272 8 0.0
272 9 0.000503728210645
272 10 0.0
272 11 0.000304724473107
272 12 0.0
272 13 0.000155471669952
272 14 0.0
272 15 2.48754671924e-05
272 16 0.0
272 17 9.95018687695e-05
272 18 0.0
272 19 6.21886679809e-06
272 20 0.0
272 21 2.48754671924e-05
272 22 0.0
272 23 6.21886679809e-06
272 24 0.0
272 25 6.21886679809e-06
272 26 0.0
272 27 6.21886679809e-06
272 28 0.0
272 29 0.000304724473107
272 30 0.0
272 31 9.95018687695e-05
272 32 0.0
272 33 2.48754671924e-05
272 34 0.0
272 35 6.21886679809e-06
272 36 0.0
272 37 0.000621886679809
272 38 0.0
272 39 0.000223879204731
272 40 0.0
272 41 6.21886679809e-06
272 42 0.0
272 43 5.59698011828e-05
272 44 0.0
272 45 0.0
272 46 0.0
272 47 6.21886679809e-06
272 48 0.0
272 49 0.0
272 50 0.0
272 51 0.0
272 52 0.0
272 53 0.0
272 54 0.0
272 55 6.21886679809e-06
272 56 0.0
272 57 6.21886679809e-06
272 58 0.0
272 59 0.000155471669952
272 60 0.0
272 61 0.000895516818925
272 62 0.0
272 63 0.000223879204731
272 64 0.0
272 65 0.000304724473107
272 66 0.0
272 67 0.000398007475078
272 68 0.0
272 69 9.95018687695e-05
272 70 0.0
272 71 6.21886679809e-06
272 72 0.0
272 73 2.48754671924e-05
272 74 0.0
272 75 0.0
272 76 0.0
272 77 6.21886679809e-06
272 78 0.0
272 79 0.0
272 80 0.0
272 81 0.0
272 82 0.0
272 83 0.0
272 84 0.0
272 85 0.000304724473107
272 86 0.0
272 87 0.000621886679809
272 88 0.0
272 89 0.00179725250465
272 90 0.0
272 91 9.95018687695e-05
272 92 0.0
272 93 0.000752482882569
272 94 0.0
272 95 0.00179725250465
272 96 0.0
272 97 5.59698011828e-05
272 98 0.0
272 99 0.0
272 100 0.0
272 101 6.21886679809e-06
272 102 0.0
272 103 6.21886679809e-06
272 104 0.0
272 105 0.0
272 106 0.0
272 107 0.0
272 108 0.0
272 109 0.000304724473107
272 110 0.0
272 111 0.000155471669952
272 112 0.0
272 113 2.48754671924e-05
272 114 0.0
272 115 0.00453355389581
272 116 0.0
272 117 0.00201491284258
272 118 0.0
272 119 0.000304724473107
272 120 0.0
272 121 0.0
272 122 0.0
272 123 0.0
272 124 0.0
272 125 0.0
272 126 0.0
272 127 6.21886679809e-06
272 128 0.0
272 129 0.0
272 130 0.0
272 131 6.21886679809e-06
272 132 0.0
272 133 6.21886679809e-06
272 134 0.0
272 135 2.48754671924e-05
272 136 0.0
272 137 0.0
272 138 0.0
272 139 0.0
272 140 0.0
272 141 0.0
272 142 0.0
272 143 0.0
272 144 0.0
272 145 0.0
272 146 0.0
272 147 0.0
272 148 0.0
272 149 0.0
272 150 0.0
272 151 0.0
272 152 0.0
272 153 0.0
272 154 0.0
272 155 0.0
272 156 0.0
272 157 0.0
272 158 0.0
272 159 0.0
272 160 0.0
272 161 0.0
272 162 0.0
272 163 0.0
272 164 0.0
272 165 0.0
272 166 0.0
272 167 0.0
272 168 0.0
272 169 0.0
272 170 0.0
272 171 0.0
272 172 0.0
272 173 0.0
272 174 0.0
272 175 0.0
272 176 0.0
272 177 0.0
272 178 0.0
272 179 0.0
272 180 0.0
272 181 0.0
272 182 0.0
272 183 0.0
272 184 0.0
272 185 0.0
272 186 0.0
272 187 0.0
272 188 0.0
272 189 0.0
272 190 0.0
272 191 0.0
272 192 0.0
272 193 0.0
272 194 0.0
272 195 0.0
272 196 0.0
272 197 0.0
272 198 0.0
272 199 0.0
272 200 0.0
272 201 0.0
272 202 0.0
272 203 0.0
272 204 0.0
272 205 0.0
272 206 0.0
272 207 0.0
272 208 0.0
272 209 0.0
272 210 0.0
272 211 0.0
272 212 0.0
272 213 0.0
272 214 0.0
272 215 0.0
272 216 0.0
272 217 0.0
272 218 0.0
272 219 0.0
272 220 0.0
272 221 0.0
272 222 0.0
272 223 0.0
272 224 0.0
272 225 0.0
272 226 0.0
272 227 0.0
272 228 0.0
272 229 0.0
272 230 0.0
272 231 0.0
272 232 0.0
272 233 0.0
272 234 0.0
272 235 0.0
272 236 0.0
272 237 0.0
272 238 0.0
272 239 0.0
272 240 0.0
272 241 0.0
272 242 0.0
272 243 0.0
272 244 0.0
272 245 0.0
272 246 0.0
272 247 0.0
272 248 0.0
272 249 0.0
272 250 0.0
272 251 0.0
272 252 0.0
272 253 0.0
272 254 0.0
272 255 0.0
272 256 0.0
272 257 0.0
272 258 0.0
272 259 0.0
272 260 0.0
272 261 0.0
272 262 0.0
272 263 0.0
272 264 0.0
272 265 0.0
272 266 0.0
272 267 0.0
272 268 0.0
272 269 0.0
272 270 0.0
272 271 0.0
272 272 0.0
272 273 0.0
272 274 0.0
272 275 0.0
272 276 0.0
272 277 0.0
272 278 0.0
272 279 0.0
272 280 0.0
272 281 0.0
272 282 0.0
272 283 0.0
272 284 0.0
272 285 6.21886679809e-06
272 286 0.0
272 287 6.21886679809e-06
272 288 0.0
272 289 6.21886679809e-06
272 290 0.0
272 291 2.48754671924e-05
272 292 0.0
272 293 6.21886679809e-06
272 294 0.0
272 295 6.21886679809e-06
272 296 0.0
272 297 0.0
272 298 0.0
272 299 6.21886679809e-06
272 300 0.0
272 301 0.000155471669952
272 302 0.0
272 303 9.95018687695e-05
272 304 0.0
272 305 2.48754671924e-05
272 306 0.0
272 307 0.00453355389581
272 308 0.0
272 309 0.00139924502957
272 310 0.0
272 311 0.000155471669952
272 312 0.0
272 313 0.0
272 314 0.0
272 315 6.21886679809e-06
272 316 0.0
272 317 2.48754671924e-05
272 318 0.0
272 319 6.21886679809e-06
272 320 0.0
272 321 2.48754671924e-05
272 322 0.0
272 323 6.21886679809e-06
272 324 0.0
272 325 0.00139924502957
272 326 0.0
272 327 0.00121889789243
272 328 0.0
272 329 9.95018687695e-05
272 330 0.0
272 331 6.21886679809e-06
272 332 0.0
272 333 2.48754671924e-05
272 334 0.0
272 335 6.21886679809e-06
272 336 0.0
272 337 0.0
272 338 0.0
272 339 0.0
272 340 0.0
272 341 0.000304724473107
272 342 0.0
272 343 0.00139924502957
272 344 0.0
272 345 0.000304724473107
272 346 0.0
272 347 9.95018687695e-05
272 348 0.0
272 349 0.000895516818925
272 350 0.0
272 351 0.000621886679809
272 352 0.0
272 353 0.000155471669952
272 354 0.0
272 355 6.21886679809e-06
272 356 0.0
272 357 0.0
272 358 0.0
272 359 0.0
272 360 0.0
272 361 0.0
272 362 0.0
272 363 2.48754671924e-05
272 364 0.0
272 365 6.21886679809e-06
272 366 0.0
272 367 0.000223879204731
272 368 0.0
272 369 9.95018687695e-05
272 370 0.0
272 371 0.000398007475078
272 372 0.0
272 373 0.000223879204731
272 374 0.0
272 375 2.48754671924e-05
272 376 0.0
272 377 2.48754671924e-05
272 378 0.0
272 379 6.21886679809e-06
272 380 0.0
272 381 9.95018687695e-05
272 382 0.0
272 383 2.48754671924e-05
272 384 0.0
272 385 2.48754671924e-05
272 386 0.0
272 387 2.48754671924e-05
272 388 0.0
272 389 0.0
272 390 0.0
272 391 5.59698011828e-05
272 392 0.0
272 393 6.21886679809e-06
272 394 0.0
272 395 5.59698011828e-05
272 396 0.0
272 397 9.95018687695e-05
272 398 0.0
272 399 2.48754671924e-05
272 400 0.0
273 0 0.0
273 1 2.48754671924e-05
273 2 0.0
273 3 2.48754671924e-05
273 4 0.0
273 5 0.000155471669952
273 6 0.0
273 7 5.59698011828e-05
273 8 6.21886679809e-06
273 9 0.000621886679809
273 10 6.21886679809e-06
273 11 0.000223879204731
273 12 6.21886679809e-06
273 13 0.000155471669952
273 14 0.0
273 15 2.48754671924e-05
273 16 0.0
273 17 9.95018687695e-05
273 18 0.0
273 19 6.21886679809e-06
273 20 0.0
273 21 2.48754671924e-05
273 22 0.0
273 23 6.21886679809e-06
273 24 0.0
273 25 6.21886679809e-06
273 26 0.0
273 27 6.21886679809e-06
273 28 0.0
273 29 0.000304724473107
273 30 0.0
273 31 9.95018687695e-05
273 32 0.0
273 33 2.48754671924e-05
273 34 0.0
273 35 6.21886679809e-06
273 36 0.0
273 37 0.000621886679809
273 38 0.0
273 39 0.000223879204731
273 40 0.0
273 41 6.21886679809e-06
273 42 0.0
273 43 5.59698011828e-05
273 44 0.0
273 45 0.0
273 46 0.0
273 47 6.21886679809e-06
273 48 0.0
273 49 0.0
273 50 0.0
273 51 0.0
273 52 0.0
273 53 0.0
273 54 0.0
273 55 6.21886679809e-06
273 56 0.0
273 57 6.21886679809e-06
273 58 0.0
273 59 0.000155471669952
273 60 0.0
273 61 0.000895516818925
273 62 0.0
273 63 0.000223879204731
273 64 0.0
273 65 0.000304724473107
273 66 0.0
273 67 0.000398007475078
273 68 0.0
273 69 9.95018687695e-05
273 70 0.0
273 71 6.21886679809e-06
273 72 0.0
273 73 2.48754671924e-05
273 74 0.0
273 75 0.0
273 76 0.0
273 77 6.21886679809e-06
273 78 0.0
273 79 0.0
273 80 0.0
273 81 0.0
273 82 0.0
273 83 0.0
273 84 0.0
273 85 0.000304724473107
273 86 0.0
273 87 0.000621886679809
273 88 0.0
273 89 0.00179725250465
273 90 0.0
273 91 9.95018687695e-05
273 92 0.0
273 93 0.000752482882569
273 94 0.0
273 95 0.00179725250465
273 96 0.0
273 97 5.59698011828e-05
273 98 0.0
273 99 0.0
273 100 0.0
273 101 6.21886679809e-06
273 102 0.0
273 103 6.21886679809e-06
273 104 0.0
273 105 0.0
273 106 0.0
273 107 0.0
273 108 0.0
273 109 0.000304724473107
273 110 0.0
273 111 0.000155471669952
273 112 0.0
273 113 2.48754671924e-05
273 114 0.0
273 115 0.00453355389581
273 116 0.0
273 117 0.00201491284258
273 118 0.0
273 119 0.000304724473107
273 120 0.0
273 121 0.0
273 122 0.0
273 123 0.0
273 124 0.0
273 125 0.0
273 126 0.0
273 127 2.48754671924e-05
273 128 2.48754671924e-05
273 129 5.59698011828e-05
273 130 0.000223879204731
273 131 0.000304724473107
273 132 0.000621886679809
273 133 0.000752482882569
273 134 0.00105098848888
273 135 0.000752482882569
273 136 0.000895516818925
273 137 0.000895516818925
273 138 0.000895516818925
273 139 0.000895516818925
273 140 0.000895516818925
273 141 0.000895516818925
273 142 0.000895516818925
273 143 0.000895516818925
273 144 0.000895516818925
273 145 0.000895516818925
273 146 0.000895516818925
273 147 0.000895516818925
273 148 0.000895516818925
273 149 0.000895516818925
273 150 0.000895516818925
273 151 0.000895516818925
273 152 0.000895516818925
273 153 0.000895516818925
273 154 0.000895516818925
273 155 0.000895516818925
273 156 0.000895516818925
273 157 0.000895516818925
273 158 0.000895516818925
273 159 0.000895516818925
273 160 0.000895516818925
273 161 0.000895516818925
273 162 0.000895516818925
273 163 0.000895516818925
273 164 0.000895516818925
273 165 0.000895516818925
273 166 0.000895516818925
273 167 0.000895516818925
273 168 0.000895516818925
273 169 0.000895516818925
273 170 0.000895516818925
273 171 0.000895516818925
273 172 0.000895516818925
273 173 0.000895516818925
273 174 0.000895516818925
273 175 0.000895516818925
273 176 0.000895516818925
273 177 0.000895516818925
273 178 0.000895516818925
273 179 0.000895516818925
273 180 0.000895516818925
273 181 0.000895516818925
273 182 0.000895516818925
273 183 0.000895516818925
273 184 0.000895516818925
273 185 0.000895516818925
273 186 0.000895516818925
273 187 0.000895516818925
273 188 0.000895516818925
273 189 0.000895516818925
273 190 0.000895516818925
273 191 0.000895516818925
273 192 0.000895516818925
273 193 0.000895516818925
273 194 0.000895516818925
273 195 0.000895516818925
273 196 0.000895516818925
273 197 0.000895516818925
273 198 0.000895516818925
273 199 0.000895516818925
273 200 0.000895516818925
273 201 0.000895516818925
273 202 0.000895516818925
273 203 0.000895516818925
273 204 0.000895516818925
273 205 0.000895516818925
273 206 0.000895516818925
273 207 0.000895516818925
273 208 0.000895516818925
273 209 0.000895516818925
273 210 0.000895516818925
273 211 0.000895516818925
273 212 0.000895516818925
273 213 0.000895516818925
273 214 0.000895516818925
273 215 0.000895516818925
273 216 0.000895516818925
273 217 0.000895516818925
273 218 0.000895516818925
273 219 0.000895516818925
273 220 0.000895516818925
273 221 0.000895516818925
273 222 0.000895516818925
273 223 0.000895516818925
273 224 0.000895516818925
273 225 0.000895516818925
273 226 0.000895516818925
273 227 0.000895516818925
273 228 0.000895516818925
273 229 0.000895516818925
273 230 0.000895516818925
273 231 0.000895516818925
273 232 0.000895516818925
273 233 0.000895516818925
273 234 0.000895516818925
273 235 0.000895516818925
273 236 0.000895516818925
273 237 0.000895516818925
273 238 0.000895516818925
273 239 0.000895516818925
273 240 0.000895516818925
273 241 0.000895516818925
273 242 0.000895516818925
273 243 0.000895516818925
273 244 0.000895516818925
273 245 0.000895516818925
273 246 0.000895516818925
273 247 0.000895516818925
273 248 0.000895516818925
273 249 0.000895516818925
273 250 0.000895516818925
273 251 0.000895516818925
273 252 0.000895516818925
273 253 0.000895516818925
273 254 0.000895516818925
273 255 0.000895516818925
273 256 0.000895516818925
273 257 0.000895516818925
273 258 0.000895516818925
273 259 0.000895516818925
273 260 0.000895516818925
273 261 0.000895516818925
273 262 0.000895516818925
273 263 0.000895516818925
273 264 0.000895516818925
273 265 0.000895516818925
273 266 0.000895516818925
273 267 0.000895516818925
273 268 0.000895516818925
273 269 0.000895516818925
273 270 0.000895516818925
273 271 0.000895516818925
273 272 0.000895516818925
273 273 0.000895516818925
273 274 0.000895516818925
273 275 0.000895516818925
273 276 0.000895516818925
273 277 0.000895516818925
273 278 0.000895516818925
273 279 0.000895516818925
273 280 0.000895516818925
273 281 0.000895516818925
273 282 0.000895516818925
273 283 0.000895516818925
273 284 0.00105098848888
273 285 0.000752482882569
273 286 0.000752482882569
273 287 0.000398007475078
273 288 0.000155471669952
273 289 6.21886679809e-06
273 290 0.0
273 291 0.0
273 292 6.21886679809e-06
273 293 6.21886679809e-06
273 294 0.0
273 295 6.21886679809e-06
273 296 0.0
273 297 0.0
273 298 0.0
273 299 6.21886679809e-06
273 300 0.0
273 301 0.000155471669952
273 302 0.0
273 303 9.95018687695e-05
273 304 0.0
273 305 2.48754671924e-05
273 306 0.0
273 307 0.00453355389581
273 308 0.0
273 309 0.00139924502957
273 310 0.0
273 311 0.000155471669952
273 312 0.0
273 313 0.0
273 314 0.0
273 315 6.21886679809e-06
273 316 0.0
273 317 2.48754671924e-05
273 318 0.0
273 319 6.21886679809e-06
273 320 0.0
273 321 2.48754671924e-05
273 322 0.0
273 323 6.21886679809e-06
273 324 0.0
273 325 0.00139924502957
273 326 0.0
273 327 0.00121889789243
273 328 0.0
273 329 9.95018687695e-05
273 330 6.21886679809e-06
273 331 6.21886679809e-06
273 332 0.0
273 333 2.48754671924e-05
273 334 0.0
273 335 6.21886679809e-06
273 336 0.0
273 337 0.0
273 338 0.0
273 339 0.0
273 340 0.0
273 341 0.000304724473107
273 342 0.0
273 343 0.00139924502957
273 344 0.0
273 345 0.000304724473107
273 346 0.0
273 347 9.95018687695e-05
273 348 0.0
273 349 0.000895516818925
273 350 0.0
273 351 0.000621886679809
273 352 0.0
273 353 0.000155471669952
273 354 0.0
273 355 6.21886679809e-06
273 356 0.0
273 357 0.0
273 358 0.0
273 359 0.0
273 360 0.0
273 361 0.0
273 362 0.0
273 363 2.48754671924e-05
273 364 0.0
273 365 6.21886679809e-06
273 366 0.0
273 367 0.000223879204731
273 368 0.0
273 369 9.95018687695e-05
273 370 0.0
273 371 0.000304724473107
273 372 6.21886679809e-06
273 373 0.000223879204731
273 374 0.0
273 375 5.59698011828e-05
273 376 6.21886679809e-06
273 377 5.59698011828e-05
273 378 6.21886679809e-06
273 379 0.0
273 380 0.0
273 381 5.59698011828e-05
273 382 6.21886679809e-06
273 383 5.59698011828e-05
273 384 0.0
273 385 2.48754671924e-05
273 386 0.0
273 387 2.48754671924e-05
273 388 0.0
273 389 0.0
273 390 0.0
273 391 5.59698011828e-05
273 392 0.0
273 393 6.21886679809e-06
273 394 6.21886679809e-06
273 395 5.59698011828e-05
273 396 0.0
273 397 5.59698011828e-05
273 398 6.21886679809e-06
273 399 5.59698011828e-05
273 400 0.0
274 0 0.0
274 1 2.48754671924e-05
274 2 0.0
274 3 2.48754671924e-05
274 4 0.0
274 5 0.000155471669952
274 6 0.0
274 7 9.95018687695e-05
274 8 0.0
274 9 0.000503728210645
274 10 0.0
274 11 0.000304724473107
274 12 0.0
274 13 0.000155471669952
274 14 0.0
274 15 2.48754671924e-05
274 16 0.0
274 17 9.95018687695e-05
274 18 0.0
274 19 6.21886679809e-06
274 20 0.0
274 21 2.48754671924e-05
274 22 0.0
274 23 6.21886679809e-06
274 24 0.0
274 25 6.21886679809e-06
274 26 0.0
274 27 6.21886679809e-06
274 28 0.0
274 29 0.000304724473107
274 30 0.0
274 31 9.95018687695e-05
274 32 0.0
274 33 2.48754671924e-05
274 34 0.0
274 35 6.21886679809e-06
274 36 0.0
274 37 0.000621886679809
274 38 0.0
274 39 0.000223879204731
274 40 0.0
274 41 6.21886679809e-06
274 42 0.0
274 43 5.59698011828e-05
274 44 0.0
274 45 0.0
274 46 0.0
274 47 6.21886679809e-06
274 48 0.0
274 49 0.0
274 50 0.0
274 51 0.0
274 52 0.0
274 53 0.0
274 54 0.0
274 55 6.21886679809e-06
274 56 0.0
274 57 6.21886679809e-06
274 58 0.0
274 59 0.000155471669952
274 60 0.0
274 61 0.000895516818925
274 62 0.0
274 63 0.000223879204731
274 64 0.0
274 65 0.000304724473107
274 66 0.0
274 67 0.000398007475078
274 68 0.0
274 69 9.95018687695e-05
274 70 0.0
274 71 6.21886679809e-06
274 72 0.0
274 73 2.48754671924e-05
274 74 0.0
274 75 0.0
274 76 0.0
274 77 6.21886679809e-06
274 78 0.0
274 79 0.0
274 80 0.0
274 81 0.0
274 82 0.0
274 83 0.0
274 84 0.0
274 85 0.000304724473107
274 86 0.0
274 87 0.000621886679809
274 88 0.0
274 89 0.00179725250465
274 90 0.0
274 91 9.95018687695e-05
274 92 0.0
274 93 0.000752482882569
274 94 0.0
274 95 0.00179725250465
274 96 0.0
274 97 5.59698011828e-05
274 98 0.0
274 99 0.0
274 100 0.0
274 101 6.21886679809e-06
274 102 0.0
274 103 6.21886679809e-06
274 104 0.0
274 105 0.0
274 106 0.0
274 107 0.0
274 108 0.0
274 109 0.000304724473107
274 110 0.0
274 111 0.000155471669952
274 112 0.0
274 113 2.48754671924e-05
274 114 0.0
274 115 0.00453355389581
274 116 0.0
274 117 0.00201491284258
274 118 0.0
274 119 0.000304724473107
274 120 0.0
274 121 0.0
274 122 0.0
274 123 0.0
274 124 0.0
274 125 0.0
274 126 0.0
274 127 2.48754671924e-05
274 128 0.0
274 129 0.0
274 130 0.0
274 131 6.21886679809e-06
274 132 0.0
274 133 6.21886679809e-06
274 134 0.0
274 135 0.0
274 136 0.0
274 137 0.0
274 138 0.0
274 139 0.0
274 140 0.0
274 141 0.0
274 142 0.0
274 143 0.0
274 144 0.0
274 145 0.0
274 146 0.0
274 147 0.0
274 148 0.0
274 149 0.0
274 150 0.0
274 151 0.0
274 152 0.0
274 153 0.0
274 154 0.0
274 155 0.0
274 156 0.0
274 157 0.0
274 158 0.0
274 159 0.0
274 160 0.0
274 161 0.0
274 162 0.0
274 163 0.0
274 164 0.0
274 165 0.0
274 166 0.0
274 167 0.0
274 168 0.0
274 169 0.0
274 170 0.0
274 171 0.0
274 172 0.0
274 173 0.0
274 174 0.0
274 175 0.0
274 176 0.0
274 177 0.0
274 178 0.0
274 179 0.0
274 180 0.0
274 181 0.0
274 182 0.0
274 183 0.0
274 184 0.0
274 185 0.0
274 186 0.0
274 187 0.0
274 188 0.0
274 189 0.0
274 190 0.0
274 191 0.0
274 192 0.0
274 193 0.0
274 194 0.0
274 195 0.0
274 196 0.0
274 197 0.0
274 198 0.0
274 199 0.0
274 200 0.0
274 201 0.0
274 202 0.0
274 203 0.0
274 204 0.0
274 205 0.0
274 206 0.0
274 207 0.0
274 208 0.0
274 209 0.0
274 210 0.0
274 211 0.0
274 212 0.0
274 213 0.0
274 214 0.0
274 215 0.0
274 216 0.0
274 217 0.0
274 218 0.0
274 219 0.0
274 220 0.0
274 221 0.0
274 222 0.0
274 223 0.0
274 224 0.0
274 225 0.0
274 226 0.0
274 227 0.0
274 228 0.0
274 229 0.0
274 230 0.0
274 231 0.0
274 232 0.0
274 233 0.0
274 234 0.0
274 235 0.0
274 236 0.0
274 237 0.0
274 238 0.0
274 239 0.0
274 240 0.0
274 241 0.0
274 242 0.0
274 243 0.0
274 244 0.0
274 245 0.0
274 246 0.0
274 247 0.0
274 248 0.0
274 249 0.0
274 250 0.0
274 251 0.0
274 252 0.0
274 253 0.0
274 254 0.0
274 255 0.0
274 256 0.0
274 257 0.0
274 258 0.0
274 259 0.0
274 260 0.0
274 261 0.0
274 262 0.0
274 263 0.0
274 264 0.0
274 265 0.0
274 266 0.0
274 267 0.0
274 268 0.0
274 269 0.0
274 270 0.0
274 271 0.0
274 272 0.0
274 273 0.0
274 274 0.0
274 275 0.0
274 276 0.0
274 277 0.0
274 278 0.0
274 279 0.0
274 280 0.0
274 281 0.0
274 282 0.0
274 283 0.0
274 284 0.0
274 285 0.0
274 286 0.0
274 287 6.21886679809e-06
274 288 0.0
274 289 6.21886679809e-06
274 290 0.0
274 291 0.0
274 292 0.0
274 293 6.21886679809e-06
274 294 0.0
274 295 6.21886679809e-06
274 296 0.0
274 297 0.0
274 298 0.0
274 299 6.21886679809e-06
274 300 0.0
274 301 0.000155471669952
274 302 0.0
274 303 9.95018687695e-05
274 304 0.0
274 305 2.48754671924e-05
274 306 0.0
274 307 0.00453355389581
274 308 0.0
274 309 0.00139924502957
274 310 0.0
274 311 0.000155471669952
274 312 0.0
274 313 0.0
274 314 0.0
274 315 6.21886679809e-06
274 316 0.0
274 317 2.48754671924e-05
274 318 0.0
274 319 6.21886679809e-06
274 320 0.0
274 321 2.48754671924e-05
274 322 0.0
274 323 6.21886679809e-06
274 324 0.0
274 325 0.00139924502957
274 326 0.0
274 327 0.00121889789243
274 328 0.0
274 329 9.95018687695e-05
274 330 0.0
274 331 6.21886679809e-06
274 332 0.0
274 333 2.48754671924e-05
274 334 0.0
274 335 6.21886679809e-06
274 336 0.0
274 337 0.0
274 338 0.0
274 339 0.0
274 340 0.0
274 341 0.000304724473107
274 342 0.0
274 343 0.00139924502957
274 344 0.0
274 345 0.000304724473107
274 346 0.0
274 347 9.95018687695e-05
274 348 0.0
274 349 0.000895516818925
274 350 0.0
274 351 0.000621886679809
274 352 0.0
274 353 0.000155471669952
274 354 0.0
274 355 6.21886679809e-06
274 356 0.0
274 357 0.0
274 358 0.0
274 359 0.0
274 360 0.0
274 361 0.0
274 362 0.0
274 363 2.48754671924e-05
274 364 0.0
274 365 6.21886679809e-06
274 366 0.0
274 367 0.000223879204731
274 368 0.0
274 369 9.95018687695e-05
274 370 0.0
274 371 0.000398007475078
274 372 0.0
274 373 0.000223879204731
274 374 0.0
274 375 2.48754671924e-05
274 376 0.0
274 377 2.48754671924e-05
274 378 0.0
274 379 6.21886679809e-06
274 380 0.0
274 381 9.95018687695e-05
274 382 0.0
274 383 2.48754671924e-05
274 384 0.0
274 385 2.48754671924e-05
274 386 0.0
274 387 2.48754671924e-05
274 388 0.0
274 389 0.0
274 390 0.0
274 391 5.59698011828e-05
274 392 0.0
274 393 6.21886679809e-06
274 394 0.0
274 395 5.59698011828e-05
274 396 0.0
274 397 9.95018687695e-05
274 398 0.0
274 399 2.48754671924e-05
274 400 0.0
275 0 0.0
275 1 2.48754671924e-05
275 2 0.0
275 3 2.48754671924e-05
275 4 0.0
275 5 0.000155471669952
275 6 0.0
275 7 9.95018687695e-05
275 8 0.0
275 9 0.000503728210645
275 10 0.0
275 11 0.000304724473107
275 12 0.0
275 13 9.95018687695e-05
275 14 6.21886679809e-06
275 15 2.48754671924e-05
275 16 0.0
275 17 0.000155471669952
275 18 0.0
275 19 6.21886679809e-06
275 20 0.0
275 21 2.48754671924e-05
275 22 0.0
275 23 6.21886679809e-06
275 24 0.0
275 25 6.21886679809e-06
275 26 0.0
275 27 6.21886679809e-06
275 28 0.0
275 29 0.000304724473107
275 30 0.0
275 31 9.95018687695e-05
275 32 0.0
275 33 2.48754671924e-05
275 34 0.0
275 35 6.21886679809e-06
275 36 0.0
275 37 0.000621886679809
275 38 0.0
275 39 0.000223879204731
275 40 0.0
275 41 6.21886679809e-06
275 42 0.0
275 43 5.59698011828e-05
275 44 0.0
275 45 0.0
275 46 0.0
275 47 6.21886679809e-06
275 48 0.0
275 49 0.0
275 50 0.0
275 51 0.0
275 52 0.0
275 53 0.0
275 54 0.0
275 55 6.21886679809e-06
275 56 0.0
275 57 6.21886679809e-06
275 58 0.0
275 59 0.000155471669952
275 60 0.0
275 61 0.000895516818925
275 62 0.0
275 63 0.000223879204731
275 64 0.0
275 65 0.000304724473107
275 66 0.0
275 67 0.000398007475078
275 68 0.0
275 69 9.95018687695e-05
275 70 0.0
275 71 6.21886679809e-06
275 72 0.0
275 73 2.48754671924e-05
275 74 0.0
275 75 0.0
275 76 0.0
275 77 6.21886679809e-06
275 78 0.0
275 79 0.0
275 80 0.0
275 81 0.0
275 82 0.0
275 83 0.0
275 84 0.0
275 85 0.000304724473107
275 86 0.0
275 87 0.000621886679809
275 88 0.0
275 89 0.00179725250465
275 90 0.0
275 91 9.95018687695e-05
275 92 0.0
275 93 0.000752482882569
275 94 0.0
275 95 0.00179725250465
275 96 0.0
275 97 5.59698011828e-05
275 98 0.0
275 99 0.0
275 100 0.0
275 101 6.21886679809e-06
275 102 0.0
275 103 6.21886679809e-06
275 104 0.0
275 105 0.0
275 106 0.0
275 107 0.0
275 108 0.0
275 109 0.000304724473107
275 110 0.0
275 111 0.000155471669952
275 112 0.0
275 113 2.48754671924e-05
275 114 0.0
275 115 0.00453355389581
275 116 0.0
275 117 0.00201491284258
275 118 0.0
275 119 0.000304724473107
275 120 0.0
275 121 0.0
275 122 0.0
275 123 0.0
275 124 0.0
275 125 0.0
275 126 0.0
275 127 2.48754671924e-05
275 128 6.21886679809e-06
275 129 0.0
275 130 2.48754671924e-05
275 131 0.0
275 132 2.48754671924e-05
275 133 0.000223879204731
275 134 0.000223879204731
275 135 0.000223879204731
275 136 9.95018687695e-05
275 137 9.95018687695e-05
275 138 9.95018687695e-05
275 139 9.95018687695e-05
275 140 9.95018687695e-05
275 141 9.95018687695e-05
275 142 9.95018687695e-05
275 143 9.95018687695e-05
275 144 9.95018687695e-05
275 145 9.95018687695e-05
275 146 9.95018687695e-05
275 147 9.95018687695e-05
275 148 9.95018687695e-05
275 149 9.95018687695e-05
275 150 9.95018687695e-05
275 151 9.95018687695e-05
275 152 9.95018687695e-05
275 153 9.95018687695e-05
275 154 9.95018687695e-05
275 155 9.95018687695e-05
275 156 9.95018687695e-05
275 157 9.95018687695e-05
275 158 9.95018687695e-05
275 159 9.95018687695e-05
275 160 9.95018687695e-05
275 161 9.95018687695e-05
275 162 9.95018687695e-05
275 163 9.95018687695e-05
275 164 9.95018687695e-05
275 165 9.95018687695e-05
275 166 9.95018687695e-05
275 167 9.95018687695e-05
275 168 9.95018687695e-05
275 169 9.95018687695e-05
275 170 9.95018687695e-05
275 171 9.95018687695e-05
275 172 9.95018687695e-05
275 173 9.95018687695e-05
275 174 9.95018687695e-05
275 175 9.95018687695e-05
275 176 9.95018687695e-05
275 177 9.95018687695e-05
275 178 9.95018687695e-05
275 179 9.95018687695e-05
275 180 9.95018687695e-05
275 181 9.95018687695e-05
275 182 9.95018687695e-05
275 183 9.95018687695e-05
275 184 9.95018687695e-05
275 185 9.95018687695e-05
275 186 9.95018687695e-05
275 187 9.95018687695e-05
275 188 9.95018687695e-05
275 189 9.95018687695e-05
275 190 9.95018687695e-05
275 191 9.95018687695e-05
275 192 9.95018687695e-05
275 193 9.95018687695e-05
275 194 9.95018687695e-05
275 195 9.95018687695e-05
275 196 9.95018687695e-05
275 197 9.95018687695e-05
275 198 9.95018687695e-05
275 199 9.95018687695e-05
275 200 9.95018687695e-05
275 201 9.95018687695e-05
275 202 9.95018687695e-05
275 203 9.95018687695e-05
275 204 9.95018687695e-05
275 205 9.95018687695e-05
275 206 9.95018687695e-05
275 207 9.95018687695e-05
275 208 9.95018687695e-05
275 209 9.95018687695e-05
275 210 9.95018687695e-05
275 211 9.95018687695e-05
275 212 9.95018687695e-05
275 213 9.95018687695e-05
275 214 9.95018687695e-05
275 215 9.95018687695e-05
275 216 9.95018687695e-05
275 217 9.95018687695e-05
275 218 9.95018687695e-05
275 219 9.95018687695e-05
275 220 9.95018687695e-05
275 221 9.95018687695e-05
275 222 9.95018687695e-05
275 223 9.95018687695e-05
275 224 9.95018687695e-05
275 225 9.95018687695e-05
275 226 9.95018687695e-05
275 227 9.95018687695e-05
275 228 9.95018687695e-05
275 229 9.95018687695e-05
275 230 9.95018687695e-05
275 231 9.95018687695e-05
275 232 9.95018687695e-05
275 233 9.95018687695e-05
275 234 9.95018687695e-05
275 235 9.95018687695e-05
275 236 9.95018687695e-05
275 237 9.95018687695e-05
275 238 9.95018687695e-05
275 239 9.95018687695e-05
275 240 9.95018687695e-05
275 241 9.95018687695e-05
275 242 9.95018687695e-05
275 243 9.95018687695e-05
275 244 9.95018687695e-05
275 245 9.95018687695e-05
275 246 9.95018687695e-05
275 247 9.95018687695e-05
275 248 9.95018687695e-05
275 249 9.95018687695e-05
275 250 9.95018687695e-05
275 251 9.95018687695e-05
275 252 9.95018687695e-05
275 253 9.95018687695e-05
275 254 9.95018687695e-05
275 255 9.95018687695e-05
275 256 9.95018687695e-05
275 257 9.95018687695e-05
275 258 9.95018687695e-05
275 259 9.95018687695e-05
275 260 9.95018687695e-05
275 261 9.95018687695e-05
275 262 9.95018687695e-05
275 263 9.95018687695e-05
275 264 9.95018687695e-05
275 265 9.95018687695e-05
275 266 9.95018687695e-05
275 267 9.95018687695e-05
275 268 9.95018687695e-05
275 269 9.95018687695e-05
275 270 9.95018687695e-05
275 271 9.95018687695e-05
275 272 9.95018687695e-05
275 273 9.95018687695e-05
275 274 9.95018687695e-05
275 275 9.95018687695e-05
275 276 9.95018687695e-05
275 277 9.95018687695e-05
275 278 9.95018687695e-05
275 279 9.95018687695e-05
275 280 9.95018687695e-05
275 281 9.95018687695e-05
275 282 9.95018687695e-05
275 283 9.95018687695e-05
275 284 9.95018687695e-05
275 285 0.000223879204731
275 286 0.000304724473107
275 287 0.000304724473107
275 288 9.95018687695e-05
275 289 9.95018687695e-05
275 290 6.21886679809e-06
275 291 0.0
275 292 0.0
275 293 6.21886679809e-06
275 294 0.0
275 295 6.21886679809e-06
275 296 0.0
275 297 0.0
275 298 0.0
275 299 6.21886679809e-06
275 300 0.0
275 301 0.000155471669952
275 302 0.0
275 303 9.95018687695e-05
275 304 0.0
275 305 2.48754671924e-05
275 306 0.0
275 307 0.00453355389581
275 308 0.0
275 309 0.00139924502957
275 310 0.0
275 311 0.000155471669952
275 312 0.0
275 313 0.0
275 314 0.0
275 315 6.21886679809e-06
275 316 0.0
275 317 2.48754671924e-05
275 318 0.0
275 319 6.21886679809e-06
275 320 0.0
275 321 2.48754671924e-05
275 322 0.0
275 323 6.21886679809e-06
275 324 0.0
275 325 0.00139924502957
275 326 0.0
275 327 0.00139924502957
275 328 6.21886679809e-06
275 329 9.95018687695e-05
275 330 0.0
275 331 6.21886679809e-06
275 332 0.0
275 333 2.48754671924e-05
275 334 0.0
275 335 6.21886679809e-06
275 336 0.0
275 337 0.0
275 338 0.0
275 339 0.0
275 340 0.0
275 341 0.000304724473107
275 342 0.0
275 343 0.00139924502957
275 344 0.0
275 345 0.000304724473107
275 346 0.0
275 347 9.95018687695e-05
275 348 0.0
275 349 0.000895516818925
275 350 0.0
275 351 0.000621886679809
275 352 0.0
275 353 0.000155471669952
275 354 0.0
275 355 6.21886679809e-06
275 356 0.0
275 357 0.0
275 358 0.0
275 359 0.0
275 360 0.0
275 361 0.0
275 362 0.0
275 363 2.48754671924e-05
275 364 0.0
275 365 6.21886679809e-06
275 366 0.0
275 367 0.000223879204731
275 368 0.0
275 369 9.95018687695e-05
275 370 0.0
275 371 0.000398007475078
275 372 0.0
275 373 0.000155471669952
275 374 6.21886679809e-06
275 375 5.59698011828e-05
275 376 0.0
275 377 2.48754671924e-05
275 378 0.0
275 379 6.21886679809e-06
275 380 0.0
275 381 9.95018687695e-05
275 382 0.0
275 383 2.48754671924e-05
275 384 0.0
275 385 2.48754671924e-05
275 386 0.0
275 387 2.48754671924e-05
275 388 0.0
275 389 0.0
275 390 0.0
275 391 5.59698011828e-05
275 392 0.0
275 393 6.21886679809e-06
275 394 0.0
275 395 5.59698011828e-05
275 396 0.0
275 397 9.95018687695e-05
275 398 0.0
275 399 2.48754671924e-05
275 400 0.0
276 0 0.0
276 1 2.48754671924e-05
276 2 0.0
276 3 2.48754671924e-05
276 4 0.0
276 5 0.000155471669952
276 6 0.0
276 7 9.95018687695e-05
276 8 0.0
276 9 0.000503728210645
276 10 0.0
276 11 0.000304724473107
276 12 0.0
276 13 0.000155471669952
276 14 0.0
276 15 2.48754671924e-05
276 16 0.0
276 17 9.95018687695e-05
276 18 0.0
276 19 6.21886679809e-06
276 20 0.0
276 21 2.48754671924e-05
276 22 0.0
276 23 6.21886679809e-06
276 24 0.0
276 25 6.21886679809e-06
276 26 0.0
276 27 6.21886679809e-06
276 28 0.0
276 29 0.000304724473107
276 30 0.0
276 31 9.95018687695e-05
276 32 0.0
276 33 2.48754671924e-05
276 34 0.0
276 35 6.21886679809e-06
276 36 0.0
276 37 0.000621886679809
276 38 0.0
276 39 0.000223879204731
276 40 0.0
276 41 6.21886679809e-06
276 42 0.0
276 43 5.59698011828e-05
276 44 0.0
276 45 0.0
276 46 0.0
276 47 6.21886679809e-06
276 48 0.0
276 49 0.0
276 50 0.0
276 51 0.0
276 52 0.0
276 53 0.0
276 54 0.0
276 55 6.21886679809e-06
276 56 0.0
276 57 6.21886679809e-06
276 58 0.0
276 59 0.000155471669952
276 60 0.0
276 61 0.000895516818925
276 62 0.0
276 63 0.000223879204731
276 64 0.0
276 65 0.000304724473107
276 66 0.0
276 67 0.000398007475078
276 68 0.0
276 69 9.95018687695e-05
276 70 0.0
276 71 6.21886679809e-06
276 72 0.0
276 73 2.48754671924e-05
276 74 0.0
276 75 0.0
276 76 0.0
276 77 6.21886679809e-06
276 78 0.0
276 79 0.0
276 80 0.0
276 81 0.0
276 82 0.0
276 83 0.0
276 84 0.0
276 85 0.000304724473107
276 86 0.0
276 87 0.000621886679809
276 88 0.0
276 89 0.00179725250465
276 90 0.0
276 91 9.95018687695e-05
276 92 0.0
276 93 0.000752482882569
276 94 0.0
276 95 0.00179725250465
276 96 0.0
276 97 5.59698011828e-05
276 98 0.0
276 99 0.0
276 100 0.0
276 101 6.21886679809e-06
276 102 0.0
276 103 6.21886679809e-06
276 104 0.0
276 105 0.0
276 106 0.0
276 107 0.0
276 108 0.0
276 109 0.000304724473107
276 110 0.0
276 111 0.000155471669952
276 112 0.0
276 113 2.48754671924e-05
276 114 0.0
276 115 0.00453355389581
276 116 0.0
276 117 0.00201491284258
276 118 0.0
276 119 0.000304724473107
276 120 0.0
276 121 0.0
276 122 0.0
276 123 0.0
276 124 0.0
276 125 0.0
276 126 0.0
276 127 0.0
276 128 0.0
276 129 6.21886679809e-06
276 130 0.0
276 131 6.21886679809e-06
276 132 0.0
276 133 6.21886679809e-06
276 134 0.0
276 135 0.0
276 136 0.0
276 137 6.21886679809e-06
276 138 0.0
276 139 0.0
276 140 0.0
276 141 0.0
276 142 0.0
276 143 0.0
276 144 0.0
276 145 0.0
276 146 0.0
276 147 0.0
276 148 0.0
276 149 0.0
276 150 0.0
276 151 0.0
276 152 0.0
276 153 0.0
276 154 0.0
276 155 0.0
276 156 0.0
276 157 0.0
276 158 0.0
276 159 0.0
276 160 0.0
276 161 0.0
276 162 0.0
276 163 0.0
276 164 0.0
276 165 0.0
276 166 0.0
276 167 0.0
276 168 0.0
276 169 0.0
276 170 0.0
276 171 0.0
276 172 0.0
276 173 0.0
276 174 0.0
276 175 0.0
276 176 0.0
276 177 0.0
276 178 0.0
276 179 0.0
276 180 0.0
276 181 0.0
276 182 0.0
276 183 0.0
276 184 0.0
276 185 0.0
276 186 0.0
276 187 0.0
276 188 0.0
276 189 0.0
276 190 0.0
276 191 0.0
276 192 0.0
276 193 0.0
276 194 0.0
276 195 0.0
276 196 0.0
276 197 0.0
276 198 0.0
276 199 0.0
276 200 0.0
276 201 0.0
276 202 0.0
276 203 0.0
276 204 0.0
276 205 0.0
276 206 0.0
276 207 0.0
276 208 0.0
276 209 0.0
276 210 0.0
276 211 0.0
276 212 0.0
276 213 0.0
276 214 0.0
276 215 0.0
276 216 0.0
276 217 0.0
276 218 0.0
276 219 0.0
276 220 0.0
276 221 0.0
276 222 0.0
276 223 0.0
276 224 0.0
276 225 0.0
276 226 0.0
276 227 0.0
276 228 0.0
276 229 0.0
276 230 0.0
276 231 0.0
276 232 0.0
276 233 0.0
276 234 0.0
276 235 0.0
276 236 0.0
276 237 0.0
276 238 0.0
276 239 0.0
276 240 0.0
276 241 0.0
276 242 0.0
276 243 0.0
276 244 0.0
276 245 0.0
276 246 0.0
276 247 0.0
276 248 0.0
276 249 0.0
276 250 0.0
276 251 0.0
276 252 0.0
276 253 0.0
276 254 0.0
276 255 0.0
276 256 0.0
276 257 0.0
276 258 0.0
276 259 0.0
276 260 0.0
276 261 0.0
276 262 0.0
276 263 0.0
276 264 0.0
276 265 0.0
276 266 0.0
276 267 0.0
276 268 0.0
276 269 0.0
276 270 0.0
276 271 0.0
276 272 0.0
276 273 0.0
276 274 0.0
276 275 0.0
276 276 0.0
276 277 0.0
276 278 0.0
276 279 0.0
276 280 0.0
276 281 0.0
276 282 0.0
276 283 0.0
276 284 0.0
276 285 5.59698011828e-05
276 286 0.0
276 287 2.48754671924e-05
276 288 0.0
276 289 0.0
276 290 0.0
276 291 6.21886679809e-06
276 292 0.0
276 293 6.21886679809e-06
276 294 0.0
276 295 6.21886679809e-06
276 296 0.0
276 297 0.0
276 298 0.0
276 299 6.21886679809e-06
276 300 0.0
276 301 0.000155471669952
276 302 0.0
276 303 9.95018687695e-05
276 304 0.0
276 305 2.48754671924e-05
276 306 0.0
276 307 0.00453355389581
276 308 0.0
276 309 0.00139924502957
276 310 0.0
276 311 0.000155471669952
276 312 0.0
276 313 0.0
276 314 0.0
276 315 6.21886679809e-06
276 316 0.0
276 317 2.48754671924e-05
276 318 0.0
276 319 6.21886679809e-06
276 320 0.0
276 321 2.48754671924e-05
276 322 0.0
276 323 6.21886679809e-06
276 324 0.0
276 325 0.00139924502957
276 326 0.0
276 327 0.00121889789243
276 328 0.0
276 329 9.95018687695e-05
276 330 0.0
276 331 6.21886679809e-06
276 332 0.0
276 333 2.48754671924e-05
276 334 0.0
276 335 6.21886679809e-06
276 336 0.0
276 337 0.0
276 338 0.0
276 339 0.0
276 340 0.0
276 341 0.000304724473107
276 342 0.0
276 343 0.00139924502957
276 344 0.0
276 345 0.000304724473107
276 346 0.0
276 347 9.95018687695e-05
276 348 0.0
276 349 0.000895516818925
276 350 0.0
276 351 0.000621886679809
276 352 0.0
276 353 0.000155471669952
276 354 0.0
276 355 6.21886679809e-06
276 356 0.0
276 357 0.0
276 358 0.0
276 359 0.0
276 360 0.0
276 361 0.0
276 362 0.0
276 363 2.48754671924e-05
276 364 0.0
276 365 6.21886679809e-06
276 366 0.0
276 367 0.000223879204731
276 368 0.0
276 369 9.95018687695e-05
276 370 0.0
276 371 0.000398007475078
276 372 0.0
276 373 0.000223879204731
276 374 0.0
276 375 2.48754671924e-05
276 376 0.0
276 377 2.48754671924e-05
276 378 0.0
276 379 6.21886679809e-06
276 380 0.0
276 381 9.95018687695e-05
276 382 0.0
276 383 2.48754671924e-05
276 384 0.0
276 385 2.48754671924e-05
276 386 0.0
276 387 2.48754671924e-05
276 388 0.0
276 389 0.0
276 390 0.0
276 391 5.59698011828e-05
276 392 0.0
276 393 6.21886679809e-06
276 394 0.0
276 395 5.59698011828e-05
276 396 0.0
276 397 9.95018687695e-05
276 398 0.0
276 399 2.48754671924e-05
276 400 0.0
277 0 0.0
277 1 2.48754671924e-05
277 2 0.0
277 3 2.48754671924e-05
277 4 0.0
277 5 0.000155471669952
277 6 0.0
277 7 9.95018687695e-05
277 8 6.21886679809e-06
277 9 0.000398007475078
277 10 6.21886679809e-06
277 11 0.000304724473107
277 12 0.0
277 13 9.95018687695e-05
277 14 6.21886679809e-06
277 15 2.48754671924e-05
277 16 0.0
277 17 0.000155471669952
277 18 0.0
277 19 6.21886679809e-06
277 20 0.0
277 21 2.48754671924e-05
277 22 0.0
277 23 6.21886679809e-06
277 24 0.0
277 25 6.21886679809e-06
277 26 0.0
277 27 6.21886679809e-06
277 28 0.0
277 29 0.000304724473107
277 30 0.0
277 31 9.95018687695e-05
277 32 0.0
277 33 2.48754671924e-05
277 34 0.0
277 35 0.0
277 36 6.21886679809e-06
277 37 0.000621886679809
277 38 0.0
277 39 0.000223879204731
277 40 6.21886679809e-06
277 41 0.0
277 42 0.0
277 43 2.48754671924e-05
277 44 0.0
277 45 0.0
277 46 0.0
277 47 6.21886679809e-06
277 48 0.0
277 49 0.0
277 50 0.0
277 51 0.0
277 52 0.0
277 53 0.0
277 54 0.0
277 55 6.21886679809e-06
277 56 0.0
277 57 6.21886679809e-06
277 58 0.0
277 59 0.000155471669952
277 60 0.0
277 61 0.000895516818925
277 62 0.0
277 63 0.000223879204731
277 64 0.0
277 65 0.000304724473107
277 66 0.0
277 67 0.000398007475078
277 68 0.0
277 69 9.95018687695e-05
277 70 0.0
277 71 6.21886679809e-06
277 72 0.0
277 73 2.48754671924e-05
277 74 0.0
277 75 0.0
277 76 0.0
277 77 6.21886679809e-06
277 78 0.0
277 79 0.0
277 80 0.0
277 81 0.0
277 82 0.0
277 83 0.0
277 84 0.0
277 85 0.000155471669952
277 86 2.48754671924e-05
277 87 0.000895516818925
277 88 0.0
277 89 0.00179725250465
277 90 0.0
277 91 9.95018687695e-05
277 92 0.0
277 93 0.000752482882569
277 94 0.0
277 95 0.00179725250465
277 96 0.0
277 97 5.59698011828e-05
277 98 0.0
277 99 0.0
277 100 0.0
277 101 6.21886679809e-06
277 102 0.0
277 103 6.21886679809e-06
277 104 0.0
277 105 0.0
277 106 0.0
277 107 0.0
277 108 0.0
277 109 0.000304724473107
277 110 0.0
277 111 0.000155471669952
277 112 0.0
277 113 2.48754671924e-05
277 114 0.0
277 115 0.00453355389581
277 116 0.0
277 117 0.00201491284258
277 118 0.0
277 119 0.000304724473107
277 120 0.0
277 121 0.0
277 122 0.0
277 123 0.0
277 124 0.0
277 125 0.0
277 126 0.0
277 127 0.0
277 128 6.21886679809e-06
277 129 2.48754671924e-05
277 130 5.59698011828e-05
277 131 0.0
277 132 6.21886679809e-06
277 133 6.21886679809e-06
277 134 2.48754671924e-05
277 135 2.48754671924e-05
277 136 6.21886679809e-06
277 137 0.0
277 138 6.21886679809e-06
277 139 6.21886679809e-06
277 140 6.21886679809e-06
277 141 6.21886679809e-06
277 142 6.21886679809e-06
277 143 6.21886679809e-06
277 144 6.21886679809e-06
277 145 6.21886679809e-06
277 146 6.21886679809e-06
277 147 6.21886679809e-06
277 148 6.21886679809e-06
277 149 6.21886679809e-06
277 150 6.21886679809e-06
277 151 6.21886679809e-06
277 152 6.21886679809e-06
277 153 6.21886679809e-06
277 154 6.21886679809e-06
277 155 6.21886679809e-06
277 156 6.21886679809e-06
277 157 6.21886679809e-06
277 158 6.21886679809e-06
277 159 6.21886679809e-06
277 160 6.21886679809e-06
277 161 6.21886679809e-06
277 162 6.21886679809e-06
277 163 6.21886679809e-06
277 164 6.21886679809e-06
277 165 6.21886679809e-06
277 166 6.21886679809e-06
277 167 6.21886679809e-06
277 168 6.21886679809e-06
277 169 6.21886679809e-06
277 170 6.21886679809e-06
277 171 6.21886679809e-06
277 172 6.21886679809e-06
277 173 6.21886679809e-06
277 174 6.21886679809e-06
277 175 6.21886679809e-06
277 176 6.21886679809e-06
277 177 6.21886679809e-06
277 178 6.21886679809e-06
277 179 6.21886679809e-06
277 180 6.21886679809e-06
277 181 6.21886679809e-06
277 182 6.21886679809e-06
277 183 6.21886679809e-06
277 184 6.21886679809e-06
277 185 6.21886679809e-06
277 186 6.21886679809e-06
277 187 6.21886679809e-06
277 188 6.21886679809e-06
277 189 6.21886679809e-06
277 190 6.21886679809e-06
277 191 6.21886679809e-06
277 192 6.21886679809e-06
277 193 6.21886679809e-06
277 194 6.21886679809e-06
277 195 6.21886679809e-06
277 196 6.21886679809e-06
277 197 6.21886679809e-06
277 198 6.21886679809e-06
277 199 6.21886679809e-06
277 200 6.21886679809e-06
277 201 6.21886679809e-06
277 202 6.21886679809e-06
277 203 6.21886679809e-06
277 204 6.21886679809e-06
277 205 6.21886679809e-06
277 206 6.21886679809e-06
277 207 6.21886679809e-06
277 208 6.21886679809e-06
277 209 6.21886679809e-06
277 210 6.21886679809e-06
277 211 6.21886679809e-06
277 212 6.21886679809e-06
277 213 6.21886679809e-06
277 214 6.21886679809e-06
277 215 6.21886679809e-06
277 216 6.21886679809e-06
277 217 6.21886679809e-06
277 218 6.21886679809e-06
277 219 6.21886679809e-06
277 220 6.21886679809e-06
277 221 6.21886679809e-06
277 222 6.21886679809e-06
277 223 6.21886679809e-06
277 224 6.21886679809e-06
277 225 6.21886679809e-06
277 226 6.21886679809e-06
277 227 6.21886679809e-06
277 228 6.21886679809e-06
277 229 6.21886679809e-06
277 230 6.21886679809e-06
277 231 6.21886679809e-06
277 232 6.21886679809e-06
277 233 6.21886679809e-06
277 234 6.21886679809e-06
277 235 6.21886679809e-06
277 236 6.21886679809e-06
277 237 6.21886679809e-06
277 238 6.21886679809e-06
277 239 6.21886679809e-06
277 240 6.21886679809e-06
277 241 6.21886679809e-06
277 242 6.21886679809e-06
277 243 6.21886679809e-06
277 244 6.21886679809e-06
277 245 6.21886679809e-06
277 246 6.21886679809e-06
277 247 6.21886679809e-06
277 248 6.21886679809e-06
277 249 6.21886679809e-06
277 250 6.21886679809e-06
277 251 6.21886679809e-06
277 252 6.21886679809e-06
277 253 6.21886679809e-06
277 254 6.21886679809e-06
277 255 6.21886679809e-06
277 256 6.21886679809e-06
277 257 6.21886679809e-06
277 258 6.21886679809e-06
277 259 6.21886679809e-06
277 260 6.21886679809e-06
277 261 6.21886679809e-06
277 262 6.21886679809e-06
277 263 6.21886679809e-06
277 264 6.21886679809e-06
277 265 6.21886679809e-06
277 266 6.21886679809e-06
277 267 6.21886679809e-06
277 268 6.21886679809e-06
277 269 6.21886679809e-06
277 270 6.21886679809e-06
277 271 6.21886679809e-06
277 272 6.21886679809e-06
277 273 6.21886679809e-06
277 274 6.21886679809e-06
277 275 6.21886679809e-06
277 276 6.21886679809e-06
277 277 6.21886679809e-06
277 278 6.21886679809e-06
277 279 6.21886679809e-06
277 280 6.21886679809e-06
277 281 6.21886679809e-06
277 282 6.21886679809e-06
277 283 6.21886679809e-06
277 284 6.21886679809e-06
277 285 6.21886679809e-06
277 286 6.21886679809e-06
277 287 2.48754671924e-05
277 288 6.21886679809e-06
277 289 6.21886679809e-06
277 290 6.21886679809e-06
277 291 5.59698011828e-05
277 292 6.21886679809e-06
277 293 6.21886679809e-06
277 294 0.0
277 295 6.21886679809e-06
277 296 0.0
277 297 0.0
277 298 0.0
277 299 6.21886679809e-06
277 300 0.0
277 301 9.95018687695e-05
277 302 6.21886679809e-06
277 303 9.95018687695e-05
277 304 6.21886679809e-06
277 305 2.48754671924e-05
277 306 6.21886679809e-06
277 307 0.00453355389581
277 308 0.0
277 309 0.00139924502957
277 310 0.0
277 311 0.000155471669952
277 312 0.0
277 313 0.0
277 314 0.0
277 315 6.21886679809e-06
277 316 0.0
277 317 2.48754671924e-05
277 318 0.0
277 319 6.21886679809e-06
277 320 0.0
277 321 2.48754671924e-05
277 322 0.0
277 323 6.21886679809e-06
277 324 0.0
277 325 0.00139924502957
277 326 0.0
277 327 0.00139924502957
277 328 6.21886679809e-06
277 329 9.95018687695e-05
277 330 0.0
277 331 6.21886679809e-06
277 332 0.0
277 333 2.48754671924e-05
277 334 0.0
277 335 6.21886679809e-06
277 336 0.0
277 337 0.0
277 338 0.0
277 339 0.0
277 340 0.0
277 341 0.000223879204731
277 342 6.21886679809e-06
277 343 0.00121889789243
277 344 6.21886679809e-06
277 345 0.000398007475078
277 346 0.0
277 347 9.95018687695e-05
277 348 0.0
277 349 0.000895516818925
277 350 0.0
277 351 0.000621886679809
277 352 0.0
277 353 0.000155471669952
277 354 0.0
277 355 0.0
277 356 0.0
277 357 0.0
277 358 0.0
277 359 0.0
277 360 0.0
277 361 0.0
277 362 0.0
277 363 2.48754671924e-05
277 364 0.0
277 365 6.21886679809e-06
277 366 0.0
277 367 0.000223879204731
277 368 0.0
277 369 9.95018687695e-05
277 370 0.0
277 371 0.000398007475078
277 372 6.21886679809e-06
277 373 9.95018687695e-05
277 374 5.59698011828e-05
277 375 5.59698011828e-05
277 376 6.21886679809e-06
277 377 6.21886679809e-06
277 378 0.0
277 379 6.21886679809e-06
277 380 0.0
277 381 9.95018687695e-05
277 382 0.0
277 383 2.48754671924e-05
277 384 6.21886679809e-06
277 385 2.48754671924e-05
277 386 0.0
277 387 2.48754671924e-05
277 388 0.0
277 389 0.0
277 390 0.0
277 391 5.59698011828e-05
277 392 0.0
277 393 0.0
277 394 6.21886679809e-06
277 395 5.59698011828e-05
277 396 0.0
277 397 9.95018687695e-05
277 398 0.0
277 399 2.48754671924e-05
277 400 0.0
278 0 0.0
278 1 2.48754671924e-05
278 2 0.0
278 3 2.48754671924e-05
278 4 0.0
278 5 0.000155471669952
278 6 0.0
278 7 0.000223879204731
278 8 0.0
278 9 2.48754671924e-05
278 10 0.0
278 11 0.000503728210645
278 12 0.0
278 13 5.59698011828e-05
278 14 0.0
278 15 2.48754671924e-05
278 16 0.0
278 17 0.000155471669952
278 18 0.0
278 19 6.21886679809e-06
278 20 0.0
278 21 2.48754671924e-05
278 22 0.0
278 23 6.21886679809e-06
278 24 0.0
278 25 6.21886679809e-06
278 26 0.0
278 27 6.21886679809e-06
278 28 0.0
278 29 0.000304724473107
278 30 0.0
278 31 9.95018687695e-05
278 32 0.0
278 33 2.48754671924e-05
278 34 0.0
278 35 0.0
278 36 0.0
278 37 0.000621886679809
278 38 0.0
278 39 0.000304724473107
278 40 0.0
278 41 0.0
278 42 0.0
278 43 2.48754671924e-05
278 44 0.0
278 45 0.0
278 46 0.0
278 47 6.21886679809e-06
278 48 0.0
278 49 0.0
278 50 0.0
278 51 0.0
278 52 0.0
278 53 0.0
278 54 0.0
278 55 6.21886679809e-06
278 56 0.0
278 57 6.21886679809e-06
278 58 0.0
278 59 0.000155471669952
278 60 0.0
278 61 0.000895516818925
278 62 0.0
278 63 0.000223879204731
278 64 0.0
278 65 0.000304724473107
278 66 0.0
278 67 0.000398007475078
278 68 0.0
278 69 9.95018687695e-05
278 70 0.0
278 71 6.21886679809e-06
278 72 0.0
278 73 2.48754671924e-05
278 74 0.0
278 75 0.0
278 76 0.0
278 77 6.21886679809e-06
278 78 0.0
278 79 0.0
278 80 0.0
278 81 0.0
278 82 0.0
278 83 0.0
278 84 0.0
278 85 0.000223879204731
278 86 0.0
278 87 0.000895516818925
278 88 0.0
278 89 0.00159202990031
278 90 0.0
278 91 9.95018687695e-05
278 92 0.0
278 93 0.000752482882569
278 94 0.0
278 95 0.00179725250465
278 96 0.0
278 97 5.59698011828e-05
278 98 0.0
278 99 0.0
278 100 0.0
278 101 6.21886679809e-06
278 102 0.0
278 103 6.21886679809e-06
278 104 0.0
278 105 0.0
278 106 0.0
278 107 0.0
278 108 0.0
278 109 0.000304724473107
278 110 0.0
278 111 0.000155471669952
278 112 0.0
278 113 2.48754671924e-05
278 114 0.0
278 115 0.00453355389581
278 116 0.0
278 117 0.00201491284258
278 118 0.0
278 119 0.000304724473107
278 120 0.0
278 121 0.0
278 122 0.0
278 123 0.0
278 124 0.0
278 125 0.0
278 126 0.0
278 127 0.0
278 128 0.0
278 129 0.0
278 130 0.0
278 131 0.0
278 132 0.0
278 133 0.0
278 134 0.0
278 135 0.0
278 136 0.0
278 137 0.0
278 138 0.0
278 139 0.0
278 140 0.0
278 141 0.0
278 142 0.0
278 143 0.0
278 144 0.0
278 145 0.0
278 146 0.0
278 147 0.0
278 148 0.0
278 149 0.0
278 150 0.0
278 151 0.0
278 152 0.0
278 153 0.0
278 154 0.0
278 155 0.0
278 156 0.0
278 157 0.0
278 158 0.0
278 159 0.0
278 160 0.0
278 161 0.0
278 162 0.0
278 163 0.0
278 164 0.0
278 165 0.0
278 166 0.0
278 167 0.0
278 168 0.0
278 169 0.0
278 170 0.0
278 171 0.0
278 172 0.0
278 173 0.0
278 174 0.0
278 175 0.0
278 176 0.0
278 177 0.0
278 178 0.0
278 179 0.0
278 180 0.0
278 181 0.0
278 182 0.0
278 183 0.0
278 184 0.0
278 185 0.0
278 186 0.0
278 187 0.0
278 188 0.0
278 189 0.0
278 190 0.0
278 191 0.0
278 192 0.0
278 193 0.0
278 194 0.0
278 195 0.0
278 196 0.0
278 197 0.0
278 198 0.0
278 199 0.0
278 200 0.0
278 201 0.0
278 202 0.0
278 203 0.0
278 204 0.0
278 205 0.0
278 206 0.0
278 207 0.0
278 208 0.0
278 209 0.0
278 210 0.0
278 211 0.0
278 212 0.0
278 213 0.0
278 214 0.0
278 215 0.0
278 216 0.0
278 217 0.0
278 218 0.0
278 219 0.0
278 220 0.0
278 221 0.0
278 222 0.0
278 223 0.0
278 224 0.0
278 225 0.0
278 226 0.0
278 227 0.0
278 228 0.0
278 229 0.0
278 230 0.0
278 231 0.0
278 232 0.0
278 233 0.0
278 234 0.0
278 235 0.0
278 236 0.0
278 237 0.0
278 238 0.0
278 239 0.0
278 240 0.0
278 241 0.0
278 242 0.0
278 243 0.0
278 244 0.0
278 245 0.0
278 246 0.0
278 247 0.0
278 248 0.0
278 249 0.0
278 250 0.0
278 251 0.0
278 252 0.0
278 253 0.0
278 254 0.0
278 255 0.0
278 256 0.0
278 257 0.0
278 258 0.0
278 259 0.0
278 260 0.0
278 261 0.0
278 262 0.0
278 263 0.0
278 264 0.0
278 265 0.0
278 266 0.0
278 267 0.0
278 268 0.0
278 269 0.0
278 270 0.0
278 271 0.0
278 272 0.0
278 273 0.0
278 274 0.0
278 275 0.0
278 276 0.0
278 277 0.0
278 278 0.0
278 279 0.0
278 280 0.0
278 281 0.0
278 282 0.0
278 283 0.0
278 284 0.0
278 285 0.0
278 286 0.0
278 287 0.0
278 288 0.0
278 289 0.0
278 290 0.0
278 291 0.0
278 292 0.0
278 293 0.0
278 294 0.0
278 295 6.21886679809e-06
278 296 0.0
278 297 0.0
278 298 0.0
278 299 6.21886679809e-06
278 300 0.0
278 301 0.000223879204731
278 302 0.0
278 303 0.000155471669952
278 304 0.0
278 305 5.59698011828e-05
278 306 0.0
278 307 0.00453355389581
278 308 0.0
278 309 0.00139924502957
278 310 0.0
278 311 0.000155471669952
278 312 0.0
278 313 0.0
278 314 0.0
278 315 6.21886679809e-06
278 316 0.0
278 317 2.48754671924e-05
278 318 0.0
278 319 6.21886679809e-06
278 320 0.0
278 321 2.48754671924e-05
278 322 0.0
278 323 6.21886679809e-06
278 324 0.0
278 325 0.00139924502957
278 326 0.0
278 327 0.00139924502957
278 328 0.0
278 329 9.95018687695e-05
278 330 0.0
278 331 6.21886679809e-06
278 332 0.0
278 333 2.48754671924e-05
278 334 0.0
278 335 0.0
278 336 0.0
278 337 0.0
278 338 0.0
278 339 0.0
278 340 0.0
278 341 0.000223879204731
278 342 0.0
278 343 0.00121889789243
278 344 0.0
278 345 0.000304724473107
278 346 0.0
278 347 9.95018687695e-05
278 348 0.0
278 349 0.000895516818925
278 350 0.0
278 351 0.000895516818925
278 352 0.0
278 353 0.000223879204731
278 354 0.0
278 355 0.0
278 356 0.0
278 357 0.0
278 358 0.0
278 359 0.0
278 360 0.0
278 361 0.0
278 362 0.0
278 363 2.48754671924e-05
278 364 0.0
278 365 6.21886679809e-06
278 366 0.0
278 367 0.000223879204731
278 368 0.0
278 369 9.95018687695e-05
278 370 0.0
278 371 0.000503728210645
278 372 0.0
278 373 0.000155471669952
278 374 0.0
278 375 9.95018687695e-05
278 376 0.0
278 377 2.48754671924e-05
278 378 0.0
278 379 6.21886679809e-06
278 380 0.0
278 381 5.59698011828e-05
278 382 0.0
278 383 5.59698011828e-05
278 384 0.0
278 385 2.48754671924e-05
278 386 0.0
278 387 2.48754671924e-05
278 388 0.0
278 389 0.0
278 390 0.0
278 391 5.59698011828e-05
278 392 0.0
278 393 2.48754671924e-05
278 394 0.0
278 395 0.0
278 396 0.0
278 397 6.21886679809e-06
278 398 0.0
278 399 6.21886679809e-06
278 400 0.0
279 0 0.0
279 1 2.48754671924e-05
279 2 0.0
279 3 2.48754671924e-05
279 4 0.0
279 5 0.000155471669952
279 6 0.0
279 7 0.000223879204731
279 8 0.0
279 9 2.48754671924e-05
279 10 0.0
279 11 0.000503728210645
279 12 0.0
279 13 5.59698011828e-05
279 14 6.21886679809e-06
279 15 5.59698011828e-05
279 16 0.0
279 17 0.000155471669952
279 18 0.0
279 19 6.21886679809e-06
279 20 0.0
279 21 2.48754671924e-05
279 22 0.0
279 23 6.21886679809e-06
279 24 0.0
279 25 6.21886679809e-06
279 26 0.0
279 27 6.21886679809e-06
279 28 0.0
279 29 0.000304724473107
279 30 0.0
279 31 9.95018687695e-05
279 32 0.0
279 33 2.48754671924e-05
279 34 0.0
279 35 0.0
279 36 0.0
279 37 0.000621886679809
279 38 0.0
279 39 0.000304724473107
279 40 0.0
279 41 0.0
279 42 0.0
279 43 2.48754671924e-05
279 44 0.0
279 45 0.0
279 46 0.0
279 47 6.21886679809e-06
279 48 0.0
279 49 0.0
279 50 0.0
279 51 0.0
279 52 0.0
279 53 0.0
279 54 0.0
279 55 6.21886679809e-06
279 56 0.0
279 57 6.21886679809e-06
279 58 0.0
279 59 0.000155471669952
279 60 0.0
279 61 0.000895516818925
279 62 0.0
279 63 0.000223879204731
279 64 0.0
279 65 0.000304724473107
279 66 0.0
279 67 0.000398007475078
279 68 0.0
279 69 9.95018687695e-05
279 70 0.0
279 71 6.21886679809e-06
279 72 0.0
279 73 2.48754671924e-05
279 74 0.0
279 75 0.0
279 76 0.0
279 77 6.21886679809e-06
279 78 0.0
279 79 0.0
279 80 0.0
279 81 0.0
279 82 0.0
279 83 0.0
279 84 0.0
279 85 0.000155471669952
279 86 6.21886679809e-06
279 87 0.00105098848888
279 88 0.0
279 89 0.00159202990031
279 90 0.0
279 91 9.95018687695e-05
279 92 0.0
279 93 0.000752482882569
279 94 0.0
279 95 0.00179725250465
279 96 0.0
279 97 5.59698011828e-05
279 98 0.0
279 99 0.0
279 100 0.0
279 101 6.21886679809e-06
279 102 0.0
279 103 6.21886679809e-06
279 104 0.0
279 105 0.0
279 106 0.0
279 107 0.0
279 108 0.0
279 109 0.000304724473107
279 110 0.0
279 111 0.000155471669952
279 112 0.0
279 113 2.48754671924e-05
279 114 0.0
279 115 0.00453355389581
279 116 0.0
279 117 0.00201491284258
279 118 0.0
279 119 0.000304724473107
279 120 0.0
279 121 0.0
279 122 0.0
279 123 0.0
279 124 0.0
279 125 0.0
279 126 0.0
279 127 0.0
279 128 0.0
279 129 0.0
279 130 0.0
279 131 0.0
279 132 0.0
279 133 0.0
279 134 0.0
279 135 0.0
279 136 0.0
279 137 0.0
279 138 0.0
279 139 0.0
279 140 0.0
279 141 0.0
279 142 0.0
279 143 0.0
279 144 0.0
279 145 0.0
279 146 0.0
279 147 0.0
279 148 0.0
279 149 0.0
279 150 0.0
279 151 0.0
279 152 0.0
279 153 0.0
279 154 0.0
279 155 0.0
279 156 0.0
279 157 0.0
279 158 0.0
279 159 0.0
279 160 0.0
279 161 0.0
279 162 0.0
279 163 0.0
279 164 0.0
279 165 0.0
279 166 0.0
279 167 0.0
279 168 0.0
279 169 0.0
279 170 0.0
279 171 0.0
279 172 0.0
279 173 0.0
279 174 0.0
279 175 0.0
279 176 0.0
279 177 0.0
279 178 0.0
279 179 0.0
279 180 0.0
279 181 0.0
279 182 0.0
279 183 0.0
279 184 0.0
279 185 0.0
279 186 0.0
279 187 0.0
279 188 0.0
279 189 0.0
279 190 0.0
279 191 0.0
279 192 0.0
279 193 0.0
279 194 0.0
279 195 0.0
279 196 0.0
279 197 0.0
279 198 0.0
279 199 0.0
279 200 0.0
279 201 0.0
279 202 0.0
279 203 0.0
279 204 0.0
279 205 0.0
279 206 0.0
279 207 0.0
279 208 0.0
279 209 0.0
279 210 0.0
279 211 0.0
279 212 0.0
279 213 0.0
279 214 0.0
279 215 0.0
279 216 0.0
279 217 0.0
279 218 0.0
279 219 0.0
279 220 0.0
279 221 0.0
279 222 0.0
279 223 0.0
279 224 0.0
279 225 0.0
279 226 0.0
279 227 0.0
279 228 0.0
279 229 0.0
279 230 0.0
279 231 0.0
279 232 0.0
279 233 0.0
279 234 0.0
279 235 0.0
279 236 0.0
279 237 0.0
279 238 0.0
279 239 0.0
279 240 0.0
279 241 0.0
279 242 0.0
279 243 0.0
279 244 0.0
279 245 0.0
279 246 0.0
279 247 0.0
279 248 0.0
279 249 0.0
279 250 0.0
279 251 0.0
279 252 0.0
279 253 0.0
279 254 0.0
279 255 0.0
279 256 0.0
279 257 0.0
279 258 0.0
279 259 0.0
279 260 0.0
279 261 0.0
279 262 0.0
279 263 0.0
279 264 0.0
279 265 0.0
279 266 0.0
279 267 0.0
279 268 0.0
279 269 0.0
279 270 0.0
279 271 0.0
279 272 0.0
279 273 0.0
279 274 0.0
279 275 0.0
279 276 0.0
279 277 0.0
279 278 0.0
279 279 0.0
279 280 0.0
279 281 0.0
279 282 0.0
279 283 0.0
279 284 0.0
279 285 0.0
279 286 0.0
279 287 0.0
279 288 0.0
279 289 0.0
279 290 0.0
279 291 0.0
279 292 0.0
279 293 0.0
279 294 0.0
279 295 6.21886679809e-06
279 296 0.0
279 297 0.0
279 298 0.0
279 299 6.21886679809e-06
279 300 0.0
279 301 0.000155471669952
279 302 6.21886679809e-06
279 303 0.000223879204731
279 304 0.0
279 305 5.59698011828e-05
279 306 6.21886679809e-06
279 307 0.00420395395551
279 308 0.0
279 309 0.00139924502957
279 310 0.0
279 311 0.000155471669952
279 312 0.0
279 313 0.0
279 314 0.0
279 315 6.21886679809e-06
279 316 0.0
279 317 2.48754671924e-05
279 318 0.0
279 319 6.21886679809e-06
279 320 0.0
279 321 2.48754671924e-05
279 322 0.0
279 323 6.21886679809e-06
279 324 0.0
279 325 0.00139924502957
279 326 0.0
279 327 0.00139924502957
279 328 6.21886679809e-06
279 329 5.59698011828e-05
279 330 0.0
279 331 6.21886679809e-06
279 332 0.0
279 333 2.48754671924e-05
279 334 0.0
279 335 0.0
279 336 0.0
279 337 0.0
279 338 0.0
279 339 0.0
279 340 0.0
279 341 0.000223879204731
279 342 0.0
279 343 0.00121889789243
279 344 0.0
279 345 0.000304724473107
279 346 0.0
279 347 9.95018687695e-05
279 348 0.0
279 349 0.000895516818925
279 350 0.0
279 351 0.000895516818925
279 352 0.0
279 353 0.000223879204731
279 354 0.0
279 355 0.0
279 356 0.0
279 357 0.0
279 358 0.0
279 359 0.0
279 360 0.0
279 361 0.0
279 362 0.0
279 363 2.48754671924e-05
279 364 0.0
279 365 6.21886679809e-06
279 366 0.0
279 367 0.000304724473107
279 368 0.0
279 369 0.000155471669952
279 370 0.0
279 371 0.000398007475078
279 372 0.0
279 373 0.000155471669952
279 374 6.21886679809e-06
279 375 0.000155471669952
279 376 0.0
279 377 2.48754671924e-05
279 378 0.0
279 379 6.21886679809e-06
279 380 0.0
279 381 5.59698011828e-05
279 382 6.21886679809e-06
279 383 5.59698011828e-05
279 384 6.21886679809e-06
279 385 2.48754671924e-05
279 386 0.0
279 387 2.48754671924e-05
279 388 0.0
279 389 0.0
279 390 0.0
279 391 5.59698011828e-05
279 392 0.0
279 393 5.59698011828e-05
279 394 0.0
279 395 0.0
279 396 0.0
279 397 6.21886679809e-06
279 398 0.0
279 399 6.21886679809e-06
279 400 0.0
280 0 0.0
280 1 2.48754671924e-05
280 2 0.0
280 3 2.48754671924e-05
280 4 0.0
280 5 0.000155471669952
280 6 0.0
280 7 0.000223879204731
280 8 0.0
280 9 2.48754671924e-05
280 10 0.0
280 11 0.000503728210645
280 12 0.0
280 13 5.59698011828e-05
280 14 0.0
280 15 2.48754671924e-05
280 16 0.0
280 17 0.000155471669952
280 18 0.0
280 19 6.21886679809e-06
280 20 0.0
280 21 2.48754671924e-05
280 22 0.0
280 23 6.21886679809e-06
280 24 0.0
280 25 6.21886679809e-06
280 26 0.0
280 27 6.21886679809e-06
280 28 0.0
280 29 0.000304724473107
280 30 0.0
280 31 9.95018687695e-05
280 32 0.0
280 33 2.48754671924e-05
280 34 0.0
280 35 0.0
280 36 0.0
280 37 0.000621886679809
280 38 0.0
280 39 0.000304724473107
280 40 0.0
280 41 0.0
280 42 0.0
280 43 2.48754671924e-05
280 44 0.0
280 45 0.0
280 46 0.0
280 47 6.21886679809e-06
280 48 0.0
280 49 0.0
280 50 0.0
280 51 0.0
280 52 0.0
280 53 0.0
280 54 0.0
280 55 6.21886679809e-06
280 56 0.0
280 57 6.21886679809e-06
280 58 0.0
280 59 0.000155471669952
280 60 0.0
280 61 0.000895516818925
280 62 0.0
280 63 0.000223879204731
280 64 0.0
280 65 0.000304724473107
280 66 0.0
280 67 0.000398007475078
280 68 0.0
280 69 9.95018687695e-05
280 70 0.0
280 71 6.21886679809e-06
280 72 0.0
280 73 2.48754671924e-05
280 74 0.0
280 75 0.0
280 76 0.0
280 77 6.21886679809e-06
280 78 0.0
280 79 0.0
280 80 0.0
280 81 0.0
280 82 0.0
280 83 0.0
280 84 0.0
280 85 0.000223879204731
280 86 0.0
280 87 0.000895516818925
280 88 0.0
280 89 0.00159202990031
280 90 0.0
280 91 9.95018687695e-05
280 92 0.0
280 93 0.000752482882569
280 94 0.0
280 95 0.00179725250465
280 96 0.0
280 97 5.59698011828e-05
280 98 0.0
280 99 0.0
280 100 0.0
280 101 6.21886679809e-06
280 102 0.0
280 103 6.21886679809e-06
280 104 0.0
280 105 0.0
280 106 0.0
280 107 0.0
280 108 0.0
280 109 0.000304724473107
280 110 0.0
280 111 0.000155471669952
280 112 0.0
280 113 2.48754671924e-05
280 114 0.0
280 115 0.00453355389581
280 116 0.0
280 117 0.00201491284258
280 118 0.0
280 119 0.000304724473107
280 120 0.0
280 121 0.0
280 122 0.0
280 123 0.0
280 124 0.0
280 125 0.0
280 126 0.0
280 127 0.0
280 128 0.0
280 129 0.0
280 130 0.0
280 131 0.0
280 132 0.0
280 133 0.0
280 134 0.0
280 135 0.0
280 136 0.0
280 137 0.0
280 138 0.0
280 139 0.0
280 140 0.0
280 141 0.0
280 142 0.0
280 143 0.0
280 144 0.0
280 145 0.0
280 146 0.0
280 147 0.0
280 148 0.0
280 149 0.0
280 150 0.0
280 151 0.0
280 152 0.0
280 153 0.0
280 154 0.0
280 155 0.0
280 156 0.0
280 157 0.0
280 158 0.0
280 159 0.0
280 160 0.0
280 161 0.0
280 162 0.0
280 163 0.0
280 164 0.0
280 165 0.0
280 166 0.0
280 167 0.0
280 168 0.0
280 169 0.0
280 170 0.0
280 171 0.0
280 172 0.0
280 173 0.0
280 174 0.0
280 175 0.0
280 176 0.0
280 177 0.0
280 178 0.0
280 179 0.0
280 180 0.0
280 181 0.0
280 182 0.0
280 183 0.0
280 184 0.0
280 185 0.0
280 186 0.0
280 187 0.0
280 188 0.0
280 189 0.0
280 190 0.0
280 191 0.0
280 192 0.0
280 193 0.0
280 194 0.0
280 195 0.0
280 196 0.0
280 197 0.0
280 198 0.0
280 199 0.0
280 200 0.0
280 201 0.0
280 202 0.0
280 203 0.0
280 204 0.0
280 205 0.0
280 206 0.0
280 207 0.0
280 208 0.0
280 209 0.0
280 210 0.0
280 211 0.0
280 212 0.0
280 213 0.0
280 214 0.0
280 215 0.0
280 216 0.0
280 217 0.0
280 218 0.0
280 219 0.0
280 220 0.0
280 221 0.0
280 222 0.0
280 223 0.0
280 224 0.0
280 225 0.0
280 226 0.0
280 227 0.0
280 228 0.0
280 229 0.0
280 230 0.0
280 231 0.0
280 232 0.0
280 233 0.0
280 234 0.0
280 235 0.0
280 236 0.0
280 237 0.0
280 238 0.0
280 239 0.0
280 240 0.0
280 241 0.0
280 242 0.0
280 243 0.0
280 244 0.0
280 245 0.0
280 246 0.0
280 247 0.0
280 248 0.0
280 249 0.0
280 250 0.0
280 251 0.0
280 252 0.0
280 253 0.0
280 254 0.0
280 255 0.0
280 256 0.0
280 257 0.0
280 258 0.0
280 259 0.0
280 260 0.0
280 261 0.0
280 262 0.0
280 263 0.0
280 264 0.0
280 265 0.0
280 266 0.0
280 267 0.0
280 268 0.0
280 269 0.0
280 270 0.0
280 271 0.0
280 272 0.0
280 273 0.0
280 274 0.0
280 275 0.0
280 276 0.0
280 277 0.0
280 278 0.0
280 279 0.0
280 280 0.0
280 281 0.0
280 282 0.0
280 283 0.0
280 284 0.0
280 285 0.0
280 286 0.0
280 287 0.0
280 288 0.0
280 289 0.0
280 290 0.0
280 291 0.0
280 292 0.0
280 293 0.0
280 294 0.0
280 295 6.21886679809e-06
280 296 0.0
280 297 0.0
280 298 0.0
280 299 6.21886679809e-06
280 300 0.0
280 301 0.000223879204731
280 302 0.0
280 303 0.000155471669952
280 304 0.0
280 305 5.59698011828e-05
280 306 0.0
280 307 0.00453355389581
280 308 0.0
280 309 0.00139924502957
280 310 0.0
280 311 0.000155471669952
280 312 0.0
280 313 0.0
280 314 0.0
280 315 6.21886679809e-06
280 316 0.0
280 317 2.48754671924e-05
280 318 0.0
280 319 6.21886679809e-06
280 320 0.0
280 321 2.48754671924e-05
280 322 0.0
280 323 6.21886679809e-06
280 324 0.0
280 325 0.00139924502957
280 326 0.0
280 327 0.00139924502957
280 328 0.0
280 329 9.95018687695e-05
280 330 0.0
280 331 6.21886679809e-06
280 332 0.0
280 333 2.48754671924e-05
280 334 0.0
280 335 0.0
280 336 0.0
280 337 0.0
280 338 0.0
280 339 0.0
280 340 0.0
280 341 0.000223879204731
280 342 0.0
280 343 0.00121889789243
280 344 0.0
280 345 0.000304724473107
280 346 0.0
280 347 9.95018687695e-05
280 348 0.0
280 349 0.000895516818925
280 350 0.0
280 351 0.000895516818925
280 352 0.0
280 353 0.000223879204731
280 354 0.0
280 355 0.0
280 356 0.0
280 357 0.0
280 358 0.0
280 359 0.0
280 360 0.0
280 361 0.0
280 362 0.0
280 363 2.48754671924e-05
280 364 0.0
280 365 6.21886679809e-06
280 366 0.0
280 367 0.000304724473107
280 368 0.0
280 369 0.000155471669952
280 370 0.0
280 371 0.000398007475078
280 372 0.0
280 373 0.000155471669952
280 374 0.0
280 375 9.95018687695e-05
280 376 0.0
280 377 2.48754671924e-05
280 378 0.0
280 379 0.0
280 380 0.0
280 381 5.59698011828e-05
280 382 0.0
280 383 2.48754671924e-05
280 384 0.0
280 385 5.59698011828e-05
280 386 0.0
280 387 2.48754671924e-05
280 388 0.0
280 389 0.0
280 390 0.0
280 391 5.59698011828e-05
280 392 0.0
280 393 5.59698011828e-05
280 394 0.0
280 395 0.0
280 396 0.0
280 397 6.21886679809e-06
280 398 0.0
280 399 6.21886679809e-06
280 400 0.0
281 0 0.0
281 1 2.48754671924e-05
281 2 0.0
281 3 2.48754671924e-05
281 4 0.0
281 5 0.000155471669952
281 6 0.0
281 7 0.000223879204731
281 8 6.21886679809e-06
281 9 5.59698011828e-05
281 10 6.21886679809e-06
281 11 0.000398007475078
281 12 0.0
281 13 5.59698011828e-05
281 14 0.0
281 15 2.48754671924e-05
281 16 0.0
281 17 0.000155471669952
281 18 0.0
281 19 6.21886679809e-06
281 20 0.0
281 21 2.48754671924e-05
281 22 0.0
281 23 6.21886679809e-06
281 24 0.0
281 25 6.21886679809e-06
281 26 0.0
281 27 6.21886679809e-06
281 28 0.0
281 29 0.000304724473107
281 30 0.0
281 31 9.95018687695e-05
281 32 0.0
281 33 2.48754671924e-05
281 34 0.0
281 35 0.0
281 36 6.21886679809e-06
281 37 0.000503728210645
281 38 6.21886679809e-06
281 39 0.000398007475078
281 40 6.21886679809e-06
281 41 6.21886679809e-06
281 42 6.21886679809e-06
281 43 2.48754671924e-05
281 44 0.0
281 45 0.0
281 46 0.0
281 47 6.21886679809e-06
281 48 0.0
281 49 0.0
281 50 0.0
281 51 0.0
281 52 0.0
281 53 0.0
281 54 0.0
281 55 6.21886679809e-06
281 56 0.0
281 57 6.21886679809e-06
281 58 0.0
281 59 0.000155471669952
281 60 0.0
281 61 0.000895516818925
281 62 0.0
281 63 0.000223879204731
281 64 0.0
281 65 0.000304724473107
281 66 0.0
281 67 0.000398007475078
281 68 0.0
281 69 9.95018687695e-05
281 70 0.0
281 71 6.21886679809e-06
281 72 0.0
281 73 2.48754671924e-05
281 74 0.0
281 75 0.0
281 76 0.0
281 77 6.21886679809e-06
281 78 0.0
281 79 0.0
281 80 0.0
281 81 0.0
281 82 0.0
281 83 0.0
281 84 0.0
281 85 0.000223879204731
281 86 0.0
281 87 0.00105098848888
281 88 6.21886679809e-06
281 89 0.00139924502957
281 90 0.0
281 91 9.95018687695e-05
281 92 0.0
281 93 0.000752482882569
281 94 0.0
281 95 0.00179725250465
281 96 0.0
281 97 5.59698011828e-05
281 98 0.0
281 99 0.0
281 100 0.0
281 101 6.21886679809e-06
281 102 0.0
281 103 6.21886679809e-06
281 104 0.0
281 105 0.0
281 106 0.0
281 107 0.0
281 108 0.0
281 109 0.000304724473107
281 110 0.0
281 111 0.000155471669952
281 112 0.0
281 113 2.48754671924e-05
281 114 0.0
281 115 0.00453355389581
281 116 0.0
281 117 0.00201491284258
281 118 0.0
281 119 0.000304724473107
281 120 0.0
281 121 0.0
281 122 0.0
281 123 0.0
281 124 0.0
281 125 0.0
281 126 0.0
281 127 0.0
281 128 0.0
281 129 6.21886679809e-06
281 130 6.21886679809e-06
281 131 2.48754671924e-05
281 132 6.21886679809e-06
281 133 6.21886679809e-06
281 134 0.0
281 135 0.0
281 136 0.0
281 137 6.21886679809e-06
281 138 0.0
281 139 0.0
281 140 0.0
281 141 0.0
281 142 0.0
281 143 0.0
281 144 0.0
281 145 0.0
281 146 0.0
281 147 0.0
281 148 0.0
281 149 0.0
281 150 0.0
281 151 0.0
281 152 0.0
281 153 0.0
281 154 0.0
281 155 0.0
281 156 0.0
281 157 0.0
281 158 0.0
281 159 0.0
281 160 0.0
281 161 0.0
281 162 0.0
281 163 0.0
281 164 0.0
281 165 0.0
281 166 0.0
281 167 0.0
281 168 0.0
281 169 0.0
281 170 0.0
281 171 0.0
281 172 0.0
281 173 0.0
281 174 0.0
281 175 0.0
281 176 0.0
281 177 0.0
281 178 0.0
281 179 0.0
281 180 0.0
281 181 0.0
281 182 0.0
281 183 0.0
281 184 0.0
281 185 0.0
281 186 0.0
281 187 0.0
281 188 0.0
281 189 0.0
281 190 0.0
281 191 0.0
281 192 0.0
281 193 0.0
281 194 0.0
281 195 0.0
281 196 0.0
281 197 0.0
281 198 0.0
281 199 0.0
281 200 0.0
281 201 0.0
281 202 0.0
281 203 0.0
281 204 0.0
281 205 0.0
281 206 0.0
281 207 0.0
281 208 0.0
281 209 0.0
281 210 0.0
281 211 0.0
281 212 0.0
281 213 0.0
281 214 0.0
281 215 0.0
281 216 0.0
281 217 0.0
281 218 0.0
281 219 0.0
281 220 0.0
281 221 0.0
281 222 0.0
281 223 0.0
281 224 0.0
281 225 0.0
281 226 0.0
281 227 0.0
281 228 0.0
281 229 0.0
281 230 0.0
281 231 0.0
281 232 0.0
281 233 0.0
281 234 0.0
281 235 0.0
281 236 0.0
281 237 0.0
281 238 0.0
281 239 0.0
281 240 0.0
281 241 0.0
281 242 0.0
281 243 0.0
281 244 0.0
281 245 0.0
281 246 0.0
281 247 0.0
281 248 0.0
281 249 0.0
281 250 0.0
281 251 0.0
281 252 0.0
281 253 0.0
281 254 0.0
281 255 0.0
281 256 0.0
281 257 0.0
281 258 0.0
281 259 0.0
281 260 0.0
281 261 0.0
281 262 0.0
281 263 0.0
281 264 0.0
281 265 0.0
281 266 0.0
281 267 0.0
281 268 0.0
281 269 0.0
281 270 0.0
281 271 0.0
281 272 0.0
281 273 0.0
281 274 0.0
281 275 0.0
281 276 0.0
281 277 0.0
281 278 0.0
281 279 0.0
281 280 0.0
281 281 0.0
281 282 0.0
281 283 0.0
281 284 0.0
281 285 6.21886679809e-06
281 286 6.21886679809e-06
281 287 2.48754671924e-05
281 288 6.21886679809e-06
281 289 6.21886679809e-06
281 290 6.21886679809e-06
281 291 2.48754671924e-05
281 292 6.21886679809e-06
281 293 6.21886679809e-06
281 294 0.0
281 295 6.21886679809e-06
281 296 0.0
281 297 0.0
281 298 0.0
281 299 6.21886679809e-06
281 300 0.0
281 301 0.000223879204731
281 302 0.0
281 303 0.000223879204731
281 304 6.21886679809e-06
281 305 2.48754671924e-05
281 306 0.0
281 307 0.00453355389581
281 308 0.0
281 309 0.00139924502957
281 310 0.0
281 311 0.000155471669952
281 312 0.0
281 313 0.0
281 314 0.0
281 315 6.21886679809e-06
281 316 0.0
281 317 2.48754671924e-05
281 318 0.0
281 319 6.21886679809e-06
281 320 0.0
281 321 2.48754671924e-05
281 322 0.0
281 323 6.21886679809e-06
281 324 0.0
281 325 0.00139924502957
281 326 0.0
281 327 0.00139924502957
281 328 0.0
281 329 9.95018687695e-05
281 330 6.21886679809e-06
281 331 0.0
281 332 0.0
281 333 2.48754671924e-05
281 334 0.0
281 335 6.21886679809e-06
281 336 0.0
281 337 0.0
281 338 0.0
281 339 0.0
281 340 0.0
281 341 0.000223879204731
281 342 6.21886679809e-06
281 343 0.00139924502957
281 344 6.21886679809e-06
281 345 0.000223879204731
281 346 6.21886679809e-06
281 347 0.000155471669952
281 348 6.21886679809e-06
281 349 0.000895516818925
281 350 0.0
281 351 0.000895516818925
281 352 0.0
281 353 0.000223879204731
281 354 0.0
281 355 0.0
281 356 0.0
281 357 0.0
281 358 0.0
281 359 0.0
281 360 0.0
281 361 0.0
281 362 0.0
281 363 2.48754671924e-05
281 364 0.0
281 365 6.21886679809e-06
281 366 0.0
281 367 0.000304724473107
281 368 0.0
281 369 0.000155471669952
281 370 6.21886679809e-06
281 371 0.000304724473107
281 372 6.21886679809e-06
281 373 0.000155471669952
281 374 0.0
281 375 9.95018687695e-05
281 376 6.21886679809e-06
281 377 6.21886679809e-06
281 378 6.21886679809e-06
281 379 6.21886679809e-06
281 380 6.21886679809e-06
281 381 5.59698011828e-05
281 382 0.0
281 383 2.48754671924e-05
281 384 0.0
281 385 5.59698011828e-05
281 386 0.0
281 387 2.48754671924e-05
281 388 0.0
281 389 0.0
281 390 0.0
281 391 5.59698011828e-05
281 392 0.0
281 393 5.59698011828e-05
281 394 6.21886679809e-06
281 395 6.21886679809e-06
281 396 6.21886679809e-06
281 397 0.0
281 398 6.21886679809e-06
281 399 2.48754671924e-05
281 400 0.0
282 0 0.0
282 1 2.48754671924e-05
282 2 0.0
282 3 2.48754671924e-05
282 4 0.0
282 5 0.000155471669952
282 6 0.0
282 7 0.000223879204731
282 8 0.0
282 9 2.48754671924e-05
282 10 0.0
282 11 0.000503728210645
282 12 0.0
282 13 5.59698011828e-05
282 14 0.0
282 15 2.48754671924e-05
282 16 0.0
282 17 0.000155471669952
282 18 0.0
282 19 6.21886679809e-06
282 20 0.0
282 21 2.48754671924e-05
282 22 0.0
282 23 6.21886679809e-06
282 24 0.0
282 25 6.21886679809e-06
282 26 0.0
282 27 6.21886679809e-06
282 28 0.0
282 29 0.000304724473107
282 30 0.0
282 31 9.95018687695e-05
282 32 0.0
282 33 2.48754671924e-05
282 34 0.0
282 35 0.0
282 36 0.0
282 37 0.000621886679809
282 38 0.0
282 39 0.000304724473107
282 40 0.0
282 41 0.0
282 42 0.0
282 43 2.48754671924e-05
282 44 0.0
282 45 0.0
282 46 0.0
282 47 6.21886679809e-06
282 48 0.0
282 49 0.0
282 50 0.0
282 51 0.0
282 52 0.0
282 53 0.0
282 54 0.0
282 55 6.21886679809e-06
282 56 0.0
282 57 6.21886679809e-06
282 58 0.0
282 59 0.000155471669952
282 60 0.0
282 61 0.000895516818925
282 62 0.0
282 63 0.000223879204731
282 64 0.0
282 65 0.000304724473107
282 66 0.0
282 67 0.000398007475078
282 68 0.0
282 69 9.95018687695e-05
282 70 0.0
282 71 6.21886679809e-06
282 72 0.0
282 73 2.48754671924e-05
282 74 0.0
282 75 0.0
282 76 0.0
282 77 6.21886679809e-06
282 78 0.0
282 79 0.0
282 80 0.0
282 81 0.0
282 82 0.0
282 83 0.0
282 84 0.0
282 85 0.000223879204731
282 86 0.0
282 87 0.000895516818925
282 88 0.0
282 89 0.00159202990031
282 90 0.0
282 91 9.95018687695e-05
282 92 0.0
282 93 0.000752482882569
282 94 0.0
282 95 0.00179725250465
282 96 0.0
282 97 5.59698011828e-05
282 98 0.0
282 99 0.0
282 100 0.0
282 101 6.21886679809e-06
282 102 0.0
282 103 6.21886679809e-06
282 104 0.0
282 105 0.0
282 106 0.0
282 107 0.0
282 108 0.0
282 109 0.000304724473107
282 110 0.0
282 111 0.000155471669952
282 112 0.0
282 113 2.48754671924e-05
282 114 0.0
282 115 0.00453355389581
282 116 0.0
282 117 0.00201491284258
282 118 0.0
282 119 0.000304724473107
282 120 0.0
282 121 0.0
282 122 0.0
282 123 0.0
282 124 0.0
282 125 0.0
282 126 0.0
282 127 0.0
282 128 0.0
282 129 0.0
282 130 0.0
282 131 0.0
282 132 0.0
282 133 0.0
282 134 0.0
282 135 0.0
282 136 0.0
282 137 0.0
282 138 0.0
282 139 0.0
282 140 0.0
282 141 0.0
282 142 0.0
282 143 0.0
282 144 0.0
282 145 0.0
282 146 0.0
282 147 0.0
282 148 0.0
282 149 0.0
282 150 0.0
282 151 0.0
282 152 0.0
282 153 0.0
282 154 0.0
282 155 0.0
282 156 0.0
282 157 0.0
282 158 0.0
282 159 0.0
282 160 0.0
282 161 0.0
282 162 0.0
282 163 0.0
282 164 0.0
282 165 0.0
282 166 0.0
282 167 0.0
282 168 0.0
282 169 0.0
282 170 0.0
282 171 0.0
282 172 0.0
282 173 0.0
282 174 0.0
282 175 0.0
282 176 0.0
282 177 0.0
282 178 0.0
282 179 0.0
282 180 0.0
282 181 0.0
282 182 0.0
282 183 0.0
282 184 0.0
282 185 0.0
282 186 0.0
282 187 0.0
282 188 0.0
282 189 0.0
282 190 0.0
282 191 0.0
282 192 0.0
282 193 0.0
282 194 0.0
282 195 0.0
282 196 0.0
282 197 0.0
282 198 0.0
282 199 0.0
282 200 0.0
282 201 0.0
282 202 0.0
282 203 0.0
282 204 0.0
282 205 0.0
282 206 0.0
282 207 0.0
282 208 0.0
282 209 0.0
282 210 0.0
282 211 0.0
282 212 0.0
282 213 0.0
282 214 0.0
282 215 0.0
282 216 0.0
282 217 0.0
282 218 0.0
282 219 0.0
282 220 0.0
282 221 0.0
282 222 0.0
282 223 0.0
282 224 0.0
282 225 0.0
282 226 0.0
282 227 0.0
282 228 0.0
282 229 0.0
282 230 0.0
282 231 0.0
282 232 0.0
282 233 0.0
282 234 0.0
282 235 0.0
282 236 0.0
282 237 0.0
282 238 0.0
282 239 0.0
282 240 0.0
282 241 0.0
282 242 0.0
282 243 0.0
282 244 0.0
282 245 0.0
282 246 0.0
282 247 0.0
282 248 0.0
282 249 0.0
282 250 0.0
282 251 0.0
282 252 0.0
282 253 0.0
282 254 0.0
282 255 0.0
282 256 0.0
282 257 0.0
282 258 0.0
282 259 0.0
282 260 0.0
282 261 0.0
282 262 0.0
282 263 0.0
282 264 0.0
282 265 0.0
282 266 0.0
282 267 0.0
282 268 0.0
282 269 0.0
282 270 0.0
282 271 0.0
282 272 0.0
282 273 0.0
282 274 0.0
282 275 0.0
282 276 0.0
282 277 0.0
282 278 0.0
282 279 0.0
282 280 0.0
282 281 0.0
282 282 0.0
282 283 0.0
282 284 0.0
282 285 0.0
282 286 0.0
282 287 0.0
282 288 0.0
282 289 0.0
282 290 0.0
282 291 0.0
282 292 0.0
282 293 0.0
282 294 0.0
282 295 6.21886679809e-06
282 296 0.0
282 297 0.0
282 298 0.0
282 299 6.21886679809e-06
282 300 0.0
282 301 0.000223879204731
282 302 0.0
282 303 0.000155471669952
282 304 0.0
282 305 5.59698011828e-05
282 306 0.0
282 307 0.00453355389581
282 308 0.0
282 309 0.00139924502957
282 310 0.0
282 311 0.000155471669952
282 312 0.0
282 313 0.0
282 314 0.0
282 315 6.21886679809e-06
282 316 0.0
282 317 2.48754671924e-05
282 318 0.0
282 319 6.21886679809e-06
282 320 0.0
282 321 2.48754671924e-05
282 322 0.0
282 323 6.21886679809e-06
282 324 0.0
282 325 0.00139924502957
282 326 0.0
282 327 0.00139924502957
282 328 0.0
282 329 9.95018687695e-05
282 330 0.0
282 331 6.21886679809e-06
282 332 0.0
282 333 2.48754671924e-05
282 334 0.0
282 335 0.0
282 336 0.0
282 337 0.0
282 338 0.0
282 339 0.0
282 340 0.0
282 341 0.000223879204731
282 342 0.0
282 343 0.00121889789243
282 344 0.0
282 345 0.000304724473107
282 346 0.0
282 347 9.95018687695e-05
282 348 0.0
282 349 0.000895516818925
282 350 0.0
282 351 0.000895516818925
282 352 0.0
282 353 0.000223879204731
282 354 0.0
282 355 0.0
282 356 0.0
282 357 0.0
282 358 0.0
282 359 0.0
282 360 0.0
282 361 0.0
282 362 0.0
282 363 2.48754671924e-05
282 364 0.0
282 365 6.21886679809e-06
282 366 0.0
282 367 0.000304724473107
282 368 0.0
282 369 0.000155471669952
282 370 0.0
282 371 0.000398007475078
282 372 0.0
282 373 0.000155471669952
282 374 0.0
282 375 9.95018687695e-05
282 376 0.0
282 377 2.48754671924e-05
282 378 0.0
282 379 0.0
282 380 0.0
282 381 5.59698011828e-05
282 382 0.0
282 383 2.48754671924e-05
282 384 0.0
282 385 5.59698011828e-05
282 386 0.0
282 387 2.48754671924e-05
282 388 0.0
282 389 0.0
282 390 0.0
282 391 5.59698011828e-05
282 392 0.0
282 393 5.59698011828e-05
282 394 0.0
282 395 0.0
282 396 0.0
282 397 6.21886679809e-06
282 398 0.0
282 399 6.21886679809e-06
282 400 0.0
283 0 0.0
283 1 2.48754671924e-05
283 2 0.0
283 3 2.48754671924e-05
283 4 0.0
283 5 0.000155471669952
283 6 0.0
283 7 0.000223879204731
283 8 0.0
283 9 2.48754671924e-05
283 10 0.0
283 11 0.000503728210645
283 12 0.0
283 13 5.59698011828e-05
283 14 6.21886679809e-06
283 15 5.59698011828e-05
283 16 0.0
283 17 0.000155471669952
283 18 0.0
283 19 2.48754671924e-05
283 20 6.21886679809e-06
283 21 2.48754671924e-05
283 22 0.0
283 23 6.21886679809e-06
283 24 0.0
283 25 6.21886679809e-06
283 26 0.0
283 27 6.21886679809e-06
283 28 0.0
283 29 0.000304724473107
283 30 0.0
283 31 9.95018687695e-05
283 32 0.0
283 33 2.48754671924e-05
283 34 0.0
283 35 0.0
283 36 0.0
283 37 0.000621886679809
283 38 0.0
283 39 0.000304724473107
283 40 0.0
283 41 0.0
283 42 0.0
283 43 2.48754671924e-05
283 44 0.0
283 45 0.0
283 46 0.0
283 47 6.21886679809e-06
283 48 0.0
283 49 0.0
283 50 0.0
283 51 0.0
283 52 0.0
283 53 0.0
283 54 0.0
283 55 6.21886679809e-06
283 56 0.0
283 57 6.21886679809e-06
283 58 0.0
283 59 0.000155471669952
283 60 0.0
283 61 0.000895516818925
283 62 0.0
283 63 0.000223879204731
283 64 0.0
283 65 0.000304724473107
283 66 0.0
283 67 0.000398007475078
283 68 0.0
283 69 9.95018687695e-05
283 70 0.0
283 71 6.21886679809e-06
283 72 0.0
283 73 2.48754671924e-05
283 74 0.0
283 75 0.0
283 76 0.0
283 77 6.21886679809e-06
283 78 0.0
283 79 0.0
283 80 0.0
283 81 0.0
283 82 0.0
283 83 0.0
283 84 0.0
283 85 0.000155471669952
283 86 6.21886679809e-06
283 87 0.00105098848888
283 88 0.0
283 89 0.00159202990031
283 90 0.0
283 91 9.95018687695e-05
283 92 0.0
283 93 0.000752482882569
283 94 0.0
283 95 0.00179725250465
283 96 0.0
283 97 5.59698011828e-05
283 98 0.0
283 99 0.0
283 100 0.0
283 101 6.21886679809e-06
283 102 0.0
283 103 6.21886679809e-06
283 104 0.0
283 105 0.0
283 106 0.0
283 107 0.0
283 108 0.0
283 109 0.000304724473107
283 110 0.0
283 111 0.000155471669952
283 112 0.0
283 113 6.21886679809e-06
283 114 6.21886679809e-06
283 115 0.00420395395551
283 116 6.21886679809e-06
283 117 0.00224501091411
283 118 6.21886679809e-06
283 119 0.000304724473107
283 120 0.0
283 121 0.0
283 122 0.0
283 123 0.0
283 124 0.0
283 125 0.0
283 126 0.0
283 127 0.0
283 128 0.0
283 129 0.0
283 130 0.0
283 131 0.0
283 132 0.0
283 133 0.0
283 134 0.0
283 135 0.0
283 136 0.0
283 137 0.0
283 138 0.0
283 139 0.0
283 140 0.0
283 141 0.0
283 142 0.0
283 143 0.0
283 144 0.0
283 145 0.0
283 146 0.0
283 147 0.0
283 148 0.0
283 149 0.0
283 150 0.0
283 151 0.0
283 152 0.0
283 153 0.0
283 154 0.0
283 155 0.0
283 156 0.0
283 157 0.0
283 158 0.0
283 159 0.0
283 160 0.0
283 161 0.0
283 162 0.0
283 163 0.0
283 164 0.0
283 165 0.0
283 166 0.0
283 167 0.0
283 168 0.0
283 169 0.0
283 170 0.0
283 171 0.0
283 172 0.0
283 173 0.0
283 174 0.0
283 175 0.0
283 176 0.0
283 177 0.0
283 178 0.0
283 179 0.0
283 180 0.0
283 181 0.0
283 182 0.0
283 183 0.0
283 184 0.0
283 185 0.0
283 186 0.0
283 187 0.0
283 188 0.0
283 189 0.0
283 190 0.0
283 191 0.0
283 192 0.0
283 193 0.0
283 194 0.0
283 195 0.0
283 196 0.0
283 197 0.0
283 198 0.0
283 199 0.0
283 200 0.0
283 201 0.0
283 202 0.0
283 203 0.0
283 204 0.0
283 205 0.0
283 206 0.0
283 207 0.0
283 208 0.0
283 209 0.0
283 210 0.0
283 211 0.0
283 212 0.0
283 213 0.0
283 214 0.0
283 215 0.0
283 216 0.0
283 217 0.0
283 218 0.0
283 219 0.0
283 220 0.0
283 221 0.0
283 222 0.0
283 223 0.0
283 224 0.0
283 225 0.0
283 226 0.0
283 227 0.0
283 228 0.0
283 229 0.0
283 230 0.0
283 231 0.0
283 232 0.0
283 233 0.0
283 234 0.0
283 235 0.0
283 236 0.0
283 237 0.0
283 238 0.0
283 239 0.0
283 240 0.0
283 241 0.0
283 242 0.0
283 243 0.0
283 244 0.0
283 245 0.0
283 246 0.0
283 247 0.0
283 248 0.0
283 249 0.0
283 250 0.0
283 251 0.0
283 252 0.0
283 253 0.0
283 254 0.0
283 255 0.0
283 256 0.0
283 257 0.0
283 258 0.0
283 259 0.0
283 260 0.0
283 261 0.0
283 262 0.0
283 263 0.0
283 264 0.0
283 265 0.0
283 266 0.0
283 267 0.0
283 268 0.0
283 269 0.0
283 270 0.0
283 271 0.0
283 272 0.0
283 273 0.0
283 274 0.0
283 275 0.0
283 276 0.0
283 277 0.0
283 278 0.0
283 279 0.0
283 280 0.0
283 281 0.0
283 282 0.0
283 283 0.0
283 284 0.0
283 285 0.0
283 286 0.0
283 287 0.0
283 288 0.0
283 289 0.0
283 290 0.0
283 291 0.0
283 292 0.0
283 293 0.0
283 294 0.0
283 295 6.21886679809e-06
283 296 0.0
283 297 0.0
283 298 0.0
283 299 6.21886679809e-06
283 300 6.21886679809e-06
283 301 0.000223879204731
283 302 0.0
283 303 0.000155471669952
283 304 6.21886679809e-06
283 305 2.48754671924e-05
283 306 6.21886679809e-06
283 307 0.00420395395551
283 308 6.21886679809e-06
283 309 0.00139924502957
283 310 0.0
283 311 0.000155471669952
283 312 0.0
283 313 0.0
283 314 0.0
283 315 6.21886679809e-06
283 316 0.0
283 317 2.48754671924e-05
283 318 0.0
283 319 6.21886679809e-06
283 320 0.0
283 321 2.48754671924e-05
283 322 0.0
283 323 6.21886679809e-06
283 324 0.0
283 325 0.00139924502957
283 326 0.0
283 327 0.00139924502957
283 328 0.0
283 329 9.95018687695e-05
283 330 0.0
283 331 6.21886679809e-06
283 332 0.0
283 333 2.48754671924e-05
283 334 0.0
283 335 0.0
283 336 0.0
283 337 0.0
283 338 0.0
283 339 0.0
283 340 0.0
283 341 0.000223879204731
283 342 0.0
283 343 0.00121889789243
283 344 0.0
283 345 0.000304724473107
283 346 0.0
283 347 9.95018687695e-05
283 348 0.0
283 349 0.000895516818925
283 350 0.0
283 351 0.000895516818925
283 352 0.0
283 353 0.000223879204731
283 354 0.0
283 355 0.0
283 356 0.0
283 357 0.0
283 358 0.0
283 359 0.0
283 360 0.0
283 361 0.0
283 362 0.0
283 363 2.48754671924e-05
283 364 0.0
283 365 6.21886679809e-06
283 366 0.0
283 367 0.000304724473107
283 368 0.0
283 369 0.000155471669952
283 370 6.21886679809e-06
283 371 0.000304724473107
283 372 6.21886679809e-06
283 373 9.95018687695e-05
283 374 6.21886679809e-06
283 375 0.000155471669952
283 376 6.21886679809e-06
283 377 2.48754671924e-05
283 378 0.0
283 379 0.0
283 380 0.0
283 381 5.59698011828e-05
283 382 0.0
283 383 2.48754671924e-05
283 384 0.0
283 385 5.59698011828e-05
283 386 0.0
283 387 2.48754671924e-05
283 388 0.0
283 389 0.0
283 390 0.0
283 391 2.48754671924e-05
283 392 6.21886679809e-06
283 393 9.95018687695e-05
283 394 0.0
283 395 0.0
283 396 0.0
283 397 6.21886679809e-06
283 398 0.0
283 399 6.21886679809e-06
283 400 0.0
284 0 0.0
284 1 2.48754671924e-05
284 2 0.0
284 3 2.48754671924e-05
284 4 0.0
284 5 0.000155471669952
284 6 0.0
284 7 0.000223879204731
284 8 0.0
284 9 2.48754671924e-05
284 10 0.0
284 11 0.000503728210645
284 12 0.0
284 13 5.59698011828e-05
284 14 0.0
284 15 2.48754671924e-05
284 16 0.0
284 17 0.000155471669952
284 18 0.0
284 19 6.21886679809e-06
284 20 0.0
284 21 2.48754671924e-05
284 22 0.0
284 23 6.21886679809e-06
284 24 0.0
284 25 6.21886679809e-06
284 26 0.0
284 27 6.21886679809e-06
284 28 0.0
284 29 0.000304724473107
284 30 0.0
284 31 9.95018687695e-05
284 32 0.0
284 33 2.48754671924e-05
284 34 0.0
284 35 0.0
284 36 0.0
284 37 0.000621886679809
284 38 0.0
284 39 0.000304724473107
284 40 0.0
284 41 0.0
284 42 0.0
284 43 2.48754671924e-05
284 44 0.0
284 45 0.0
284 46 0.0
284 47 6.21886679809e-06
284 48 0.0
284 49 0.0
284 50 0.0
284 51 0.0
284 52 0.0
284 53 0.0
284 54 0.0
284 55 6.21886679809e-06
284 56 0.0
284 57 6.21886679809e-06
284 58 0.0
284 59 0.000155471669952
284 60 0.0
284 61 0.000895516818925
284 62 0.0
284 63 0.000223879204731
284 64 0.0
284 65 0.000304724473107
284 66 0.0
284 67 0.000398007475078
284 68 0.0
284 69 9.95018687695e-05
284 70 0.0
284 71 6.21886679809e-06
284 72 0.0
284 73 2.48754671924e-05
284 74 0.0
284 75 0.0
284 76 0.0
284 77 6.21886679809e-06
284 78 0.0
284 79 0.0
284 80 0.0
284 81 0.0
284 82 0.0
284 83 0.0
284 84 0.0
284 85 0.000223879204731
284 86 0.0
284 87 0.000895516818925
284 88 0.0
284 89 0.00159202990031
284 90 0.0
284 91 9.95018687695e-05
284 92 0.0
284 93 0.000752482882569
284 94 0.0
284 95 0.00179725250465
284 96 0.0
284 97 5.59698011828e-05
284 98 0.0
284 99 0.0
284 100 0.0
284 101 6.21886679809e-06
284 102 0.0
284 103 6.21886679809e-06
284 104 0.0
284 105 0.0
284 106 0.0
284 107 0.0
284 108 0.0
284 109 0.000304724473107
284 110 0.0
284 111 0.000155471669952
284 112 0.0
284 113 2.48754671924e-05
284 114 0.0
284 115 0.00453355389581
284 116 0.0
284 117 0.00201491284258
284 118 0.0
284 119 0.000304724473107
284 120 0.0
284 121 0.0
284 122 0.0
284 123 0.0
284 124 0.0
284 125 0.0
284 126 0.0
284 127 0.0
284 128 0.0
284 129 0.0
284 130 0.0
284 131 0.0
284 132 0.0
284 133 0.0
284 134 0.0
284 135 0.0
284 136 0.0
284 137 0.0
284 138 0.0
284 139 0.0
284 140 0.0
284 141 0.0
284 142 0.0
284 143 0.0
284 144 0.0
284 145 0.0
284 146 0.0
284 147 0.0
284 148 0.0
284 149 0.0
284 150 0.0
284 151 0.0
284 152 0.0
284 153 0.0
284 154 0.0
284 155 0.0
284 156 0.0
284 157 0.0
284 158 0.0
284 159 0.0
284 160 0.0
284 161 0.0
284 162 0.0
284 163 0.0
284 164 0.0
284 165 0.0
284 166 0.0
284 167 0.0
284 168 0.0
284 169 0.0
284 170 0.0
284 171 0.0
284 172 0.0
284 173 0.0
284 174 0.0
284 175 0.0
284 176 0.0
284 177 0.0
284 178 0.0
284 179 0.0
284 180 0.0
284 181 0.0
284 182 0.0
284 183 0.0
284 184 0.0
284 185 0.0
284 186 0.0
284 187 0.0
284 188 0.0
284 189 0.0
284 190 0.0
284 191 0.0
284 192 0.0
284 193 0.0
284 194 0.0
284 195 0.0
284 196 0.0
284 197 0.0
284 198 0.0
284 199 0.0
284 200 0.0
284 201 0.0
284 202 0.0
284 203 0.0
284 204 0.0
284 205 0.0
284 206 0.0
284 207 0.0
284 208 0.0
284 209 0.0
284 210 0.0
284 211 0.0
284 212 0.0
284 213 0.0
284 214 0.0
284 215 0.0
284 216 0.0
284 217 0.0
284 218 0.0
284 219 0.0
284 220 0.0
284 221 0.0
284 222 0.0
284 223 0.0
284 224 0.0
284 225 0.0
284 226 0.0
284 227 0.0
284 228 0.0
284 229 0.0
284 230 0.0
284 231 0.0
284 232 0.0
284 233 0.0
284 234 0.0
284 235 0.0
284 236 0.0
284 237 0.0
284 238 0.0
284 239 0.0
284 240 0.0
284 241 0.0
284 242 0.0
284 243 0.0
284 244 0.0
284 245 0.0
284 246 0.0
284 247 0.0
284 248 0.0
284 249 0.0
284 250 0.0
284 251 0.0
284 252 0.0
284 253 0.0
284 254 0.0
284 255 0.0
284 256 0.0
284 257 0.0
284 258 0.0
284 259 0.0
284 260 0.0
284 261 0.0
284 262 0.0
284 263 0.0
284 264 0.0
284 265 0.0
284 266 0.0
284 267 0.0
284 268 0.0
284 269 0.0
284 270 0.0
284 271 0.0
284 272 0.0
284 273 0.0
284 274 0.0
284 275 0.0
284 276 0.0
284 277 0.0
284 278 0.0
284 279 0.0
284 280 0.0
284 281 0.0
284 282 0.0
284 283 0.0
284 284 0.0
284 285 0.0
284 286 0.0
284 287 0.0
284 288 0.0
284 289 0.0
284 290 0.0
284 291 0.0
284 292 0.0
284 293 0.0
284 294 0.0
284 295 6.21886679809e-06
284 296 0.0
284 297 0.0
284 298 0.0
284 299 6.21886679809e-06
284 300 0.0
284 301 0.000223879204731
284 302 0.0
284 303 9.95018687695e-05
284 304 0.0
284 305 5.59698011828e-05
284 306 0.0
284 307 0.00453355389581
284 308 0.0
284 309 0.00139924502957
284 310 0.0
284 311 0.000155471669952
284 312 0.0
284 313 0.0
284 314 0.0
284 315 6.21886679809e-06
284 316 0.0
284 317 2.48754671924e-05
284 318 0.0
284 319 6.21886679809e-06
284 320 0.0
284 321 2.48754671924e-05
284 322 0.0
284 323 6.21886679809e-06
284 324 0.0
284 325 0.00139924502957
284 326 0.0
284 327 0.00139924502957
284 328 0.0
284 329 9.95018687695e-05
284 330 0.0
284 331 6.21886679809e-06
284 332 0.0
284 333 2.48754671924e-05
284 334 0.0
284 335 0.0
284 336 0.0
284 337 0.0
284 338 0.0
284 339 0.0
284 340 0.0
284 341 0.000223879204731
284 342 0.0
284 343 0.00121889789243
284 344 0.0
284 345 0.000304724473107
284 346 0.0
284 347 9.95018687695e-05
284 348 0.0
284 349 0.000895516818925
284 350 0.0
284 351 0.000895516818925
284 352 0.0
284 353 0.000223879204731
284 354 0.0
284 355 0.0
284 356 0.0
284 357 0.0
284 358 0.0
284 359 0.0
284 360 0.0
284 361 0.0
284 362 0.0
284 363 2.48754671924e-05
284 364 0.0
284 365 6.21886679809e-06
284 366 0.0
284 367 0.000304724473107
284 368 0.0
284 369 0.000155471669952
284 370 0.0
284 371 0.000398007475078
284 372 0.0
284 373 0.000155471669952
284 374 0.0
284 375 9.95018687695e-05
284 376 0.0
284 377 2.48754671924e-05
284 378 0.0
284 379 0.0
284 380 0.0
284 381 5.59698011828e-05
284 382 0.0
284 383 2.48754671924e-05
284 384 0.0
284 385 5.59698011828e-05
284 386 0.0
284 387 2.48754671924e-05
284 388 0.0
284 389 0.0
284 390 0.0
284 391 5.59698011828e-05
284 392 0.0
284 393 5.59698011828e-05
284 394 0.0
284 395 0.0
284 396 0.0
284 397 6.21886679809e-06
284 398 0.0
284 399 6.21886679809e-06
284 400 0.0
285 0 0.0
285 1 2.48754671924e-05
285 2 0.0
285 3 2.48754671924e-05
285 4 0.0
285 5 0.000155471669952
285 6 0.0
285 7 0.000223879204731
285 8 0.0
285 9 2.48754671924e-05
285 10 0.0
285 11 0.000503728210645
285 12 0.0
285 13 5.59698011828e-05
285 14 6.21886679809e-06
285 15 9.95018687695e-05
285 16 0.0
285 17 9.95018687695e-05
285 18 0.0
285 19 6.21886679809e-06
285 20 6.21886679809e-06
285 21 6.21886679809e-06
285 22 0.0
285 23 6.21886679809e-06
285 24 0.0
285 25 6.21886679809e-06
285 26 0.0
285 27 6.21886679809e-06
285 28 0.0
285 29 0.000304724473107
285 30 0.0
285 31 9.95018687695e-05
285 32 0.0
285 33 2.48754671924e-05
285 34 0.0
285 35 0.0
285 36 6.21886679809e-06
285 37 0.000621886679809
285 38 0.0
285 39 0.000304724473107
285 40 0.0
285 41 0.0
285 42 0.0
285 43 2.48754671924e-05
285 44 0.0
285 45 0.0
285 46 0.0
285 47 6.21886679809e-06
285 48 0.0
285 49 0.0
285 50 0.0
285 51 0.0
285 52 0.0
285 53 0.0
285 54 0.0
285 55 6.21886679809e-06
285 56 0.0
285 57 6.21886679809e-06
285 58 0.0
285 59 0.000155471669952
285 60 0.0
285 61 0.000895516818925
285 62 0.0
285 63 0.000223879204731
285 64 0.0
285 65 0.000304724473107
285 66 0.0
285 67 0.000398007475078
285 68 0.0
285 69 9.95018687695e-05
285 70 0.0
285 71 6.21886679809e-06
285 72 0.0
285 73 2.48754671924e-05
285 74 0.0
285 75 0.0
285 76 0.0
285 77 6.21886679809e-06
285 78 0.0
285 79 0.0
285 80 0.0
285 81 0.0
285 82 0.0
285 83 0.0
285 84 0.0
285 85 0.000155471669952
285 86 6.21886679809e-06
285 87 0.000895516818925
285 88 0.0
285 89 0.00179725250465
285 90 0.0
285 91 9.95018687695e-05
285 92 0.0
285 93 0.000752482882569
285 94 0.0
285 95 0.00179725250465
285 96 0.0
285 97 5.59698011828e-05
285 98 0.0
285 99 0.0
285 100 0.0
285 101 6.21886679809e-06
285 102 0.0
285 103 6.21886679809e-06
285 104 0.0
285 105 0.0
285 106 0.0
285 107 0.0
285 108 0.0
285 109 0.000304724473107
285 110 0.0
285 111 0.000155471669952
285 112 0.0
285 113 5.59698011828e-05
285 114 9.95018687695e-05
285 115 0.00761811182766
285 116 0.000503728210645
285 117 0.000752482882569
285 118 5.59698011828e-05
285 119 0.000304724473107
285 120 2.48754671924e-05
285 121 0.0
285 122 6.21886679809e-06
285 123 6.21886679809e-06
285 124 6.21886679809e-06
285 125 0.0
285 126 6.21886679809e-06
285 127 6.21886679809e-06
285 128 6.21886679809e-06
285 129 6.21886679809e-06
285 130 6.21886679809e-06
285 131 6.21886679809e-06
285 132 6.21886679809e-06
285 133 6.21886679809e-06
285 134 6.21886679809e-06
285 135 6.21886679809e-06
285 136 6.21886679809e-06
285 137 6.21886679809e-06
285 138 6.21886679809e-06
285 139 6.21886679809e-06
285 140 6.21886679809e-06
285 141 6.21886679809e-06
285 142 6.21886679809e-06
285 143 6.21886679809e-06
285 144 6.21886679809e-06
285 145 6.21886679809e-06
285 146 6.21886679809e-06
285 147 6.21886679809e-06
285 148 6.21886679809e-06
285 149 6.21886679809e-06
285 150 6.21886679809e-06
285 151 6.21886679809e-06
285 152 6.21886679809e-06
285 153 6.21886679809e-06
285 154 6.21886679809e-06
285 155 6.21886679809e-06
285 156 6.21886679809e-06
285 157 6.21886679809e-06
285 158 6.21886679809e-06
285 159 6.21886679809e-06
285 160 6.21886679809e-06
285 161 6.21886679809e-06
285 162 6.21886679809e-06
285 163 6.21886679809e-06
285 164 6.21886679809e-06
285 165 6.21886679809e-06
285 166 6.21886679809e-06
285 167 6.21886679809e-06
285 168 6.21886679809e-06
285 169 6.21886679809e-06
285 170 6.21886679809e-06
285 171 6.21886679809e-06
285 172 6.21886679809e-06
285 173 6.21886679809e-06
285 174 6.21886679809e-06
285 175 6.21886679809e-06
285 176 6.21886679809e-06
285 177 6.21886679809e-06
285 178 6.21886679809e-06
285 179 6.21886679809e-06
285 180 6.21886679809e-06
285 181 6.21886679809e-06
285 182 6.21886679809e-06
285 183 6.21886679809e-06
285 184 6.21886679809e-06
285 185 6.21886679809e-06
285 186 6.21886679809e-06
285 187 6.21886679809e-06
285 188 6.21886679809e-06
285 189 6.21886679809e-06
285 190 6.21886679809e-06
285 191 6.21886679809e-06
285 192 6.21886679809e-06
285 193 6.21886679809e-06
285 194 6.21886679809e-06
285 195 6.21886679809e-06
285 196 6.21886679809e-06
285 197 6.21886679809e-06
285 198 6.21886679809e-06
285 199 6.21886679809e-06
285 200 6.21886679809e-06
285 201 6.21886679809e-06
285 202 6.21886679809e-06
285 203 6.21886679809e-06
285 204 6.21886679809e-06
285 205 6.21886679809e-06
285 206 6.21886679809e-06
285 207 6.21886679809e-06
285 208 6.21886679809e-06
285 209 6.21886679809e-06
285 210 6.21886679809e-06
285 211 6.21886679809e-06
285 212 6.21886679809e-06
285 213 6.21886679809e-06
285 214 6.21886679809e-06
285 215 6.21886679809e-06
285 216 6.21886679809e-06
285 217 6.21886679809e-06
285 218 6.21886679809e-06
285 219 6.21886679809e-06
285 220 6.21886679809e-06
285 221 6.21886679809e-06
285 222 6.21886679809e-06
285 223 6.21886679809e-06
285 224 6.21886679809e-06
285 225 6.21886679809e-06
285 226 6.21886679809e-06
285 227 6.21886679809e-06
285 228 6.21886679809e-06
285 229 6.21886679809e-06
285 230 6.21886679809e-06
285 231 6.21886679809e-06
285 232 6.21886679809e-06
285 233 6.21886679809e-06
285 234 6.21886679809e-06
285 235 6.21886679809e-06
285 236 6.21886679809e-06
285 237 6.21886679809e-06
285 238 6.21886679809e-06
285 239 6.21886679809e-06
285 240 6.21886679809e-06
285 241 6.21886679809e-06
285 242 6.21886679809e-06
285 243 6.21886679809e-06
285 244 6.21886679809e-06
285 245 6.21886679809e-06
285 246 6.21886679809e-06
285 247 6.21886679809e-06
285 248 6.21886679809e-06
285 249 6.21886679809e-06
285 250 6.21886679809e-06
285 251 6.21886679809e-06
285 252 6.21886679809e-06
285 253 6.21886679809e-06
285 254 6.21886679809e-06
285 255 6.21886679809e-06
285 256 6.21886679809e-06
285 257 6.21886679809e-06
285 258 6.21886679809e-06
285 259 6.21886679809e-06
285 260 6.21886679809e-06
285 261 6.21886679809e-06
285 262 6.21886679809e-06
285 263 6.21886679809e-06
285 264 6.21886679809e-06
285 265 6.21886679809e-06
285 266 6.21886679809e-06
285 267 6.21886679809e-06
285 268 6.21886679809e-06
285 269 6.21886679809e-06
285 270 6.21886679809e-06
285 271 6.21886679809e-06
285 272 6.21886679809e-06
285 273 6.21886679809e-06
285 274 6.21886679809e-06
285 275 6.21886679809e-06
285 276 6.21886679809e-06
285 277 6.21886679809e-06
285 278 6.21886679809e-06
285 279 6.21886679809e-06
285 280 6.21886679809e-06
285 281 6.21886679809e-06
285 282 6.21886679809e-06
285 283 6.21886679809e-06
285 284 6.21886679809e-06
285 285 6.21886679809e-06
285 286 6.21886679809e-06
285 287 6.21886679809e-06
285 288 6.21886679809e-06
285 289 6.21886679809e-06
285 290 6.21886679809e-06
285 291 6.21886679809e-06
285 292 6.21886679809e-06
285 293 6.21886679809e-06
285 294 6.21886679809e-06
285 295 0.0
285 296 6.21886679809e-06
285 297 6.21886679809e-06
285 298 6.21886679809e-06
285 299 6.21886679809e-06
285 300 0.0
285 301 0.000155471669952
285 302 2.48754671924e-05
285 303 0.000304724473107
285 304 2.48754671924e-05
285 305 9.95018687695e-05
285 306 0.0
285 307 0.00420395395551
285 308 6.21886679809e-06
285 309 0.00159202990031
285 310 0.0
285 311 0.000155471669952
285 312 0.0
285 313 0.0
285 314 0.0
285 315 6.21886679809e-06
285 316 0.0
285 317 2.48754671924e-05
285 318 0.0
285 319 6.21886679809e-06
285 320 0.0
285 321 2.48754671924e-05
285 322 0.0
285 323 6.21886679809e-06
285 324 0.0
285 325 0.00139924502957
285 326 0.0
285 327 0.00139924502957
285 328 0.0
285 329 9.95018687695e-05
285 330 0.0
285 331 6.21886679809e-06
285 332 0.0
285 333 2.48754671924e-05
285 334 0.0
285 335 0.0
285 336 0.0
285 337 0.0
285 338 0.0
285 339 0.0
285 340 0.0
285 341 0.000223879204731
285 342 6.21886679809e-06
285 343 0.00121889789243
285 344 6.21886679809e-06
285 345 0.000304724473107
285 346 0.0
285 347 9.95018687695e-05
285 348 0.0
285 349 0.000895516818925
285 350 0.0
285 351 0.000752482882569
285 352 0.0
285 353 0.000155471669952
285 354 0.0
285 355 6.21886679809e-06
285 356 6.21886679809e-06
285 357 6.21886679809e-06
285 358 0.0
285 359 0.0
285 360 0.0
285 361 0.0
285 362 0.0
285 363 2.48754671924e-05
285 364 0.0
285 365 6.21886679809e-06
285 366 0.0
285 367 0.000304724473107
285 368 0.0
285 369 0.000155471669952
285 370 6.21886679809e-06
285 371 0.000223879204731
285 372 2.48754671924e-05
285 373 5.59698011828e-05
285 374 6.21886679809e-06
285 375 0.000155471669952
285 376 6.21886679809e-06
285 377 2.48754671924e-05
285 378 0.0
285 379 6.21886679809e-06
285 380 0.0
285 381 5.59698011828e-05
285 382 0.0
285 383 2.48754671924e-05
285 384 6.21886679809e-06
285 385 2.48754671924e-05
285 386 0.0
285 387 2.48754671924e-05
285 388 0.0
285 389 0.0
285 390 0.0
285 391 5.59698011828e-05
285 392 2.48754671924e-05
285 393 5.59698011828e-05
285 394 0.0
285 395 5.59698011828e-05
285 396 0.0
285 397 9.95018687695e-05
285 398 0.0
285 399 2.48754671924e-05
285 400 0.0
286 0 0.0
286 1 2.48754671924e-05
286 2 0.0
286 3 2.48754671924e-05
286 4 0.0
286 5 0.000155471669952
286 6 0.0
286 7 0.000223879204731
286 8 0.0
286 9 2.48754671924e-05
286 10 0.0
286 11 0.000503728210645
286 12 0.0
286 13 9.95018687695e-05
286 14 0.0
286 15 5.59698011828e-05
286 16 0.0
286 17 9.95018687695e-05
286 18 0.0
286 19 6.21886679809e-06
286 20 0.0
286 21 6.21886679809e-06
286 22 0.0
286 23 0.0
286 24 0.0
286 25 6.21886679809e-06
286 26 0.0
286 27 6.21886679809e-06
286 28 0.0
286 29 0.000304724473107
286 30 0.0
286 31 9.95018687695e-05
286 32 0.0
286 33 2.48754671924e-05
286 34 0.0
286 35 6.21886679809e-06
286 36 0.0
286 37 0.000621886679809
286 38 0.0
286 39 0.000223879204731
286 40 0.0
286 41 6.21886679809e-06
286 42 0.0
286 43 5.59698011828e-05
286 44 0.0
286 45 0.0
286 46 0.0
286 47 6.21886679809e-06
286 48 0.0
286 49 0.0
286 50 0.0
286 51 0.0
286 52 0.0
286 53 0.0
286 54 0.0
286 55 6.21886679809e-06
286 56 0.0
286 57 6.21886679809e-06
286 58 0.0
286 59 0.000155471669952
286 60 0.0
286 61 0.000895516818925
286 62 0.0
286 63 0.000223879204731
286 64 0.0
286 65 0.000304724473107
286 66 0.0
286 67 0.000398007475078
286 68 0.0
286 69 9.95018687695e-05
286 70 0.0
286 71 6.21886679809e-06
286 72 0.0
286 73 2.48754671924e-05
286 74 0.0
286 75 0.0
286 76 0.0
286 77 6.21886679809e-06
286 78 0.0
286 79 0.0
286 80 0.0
286 81 0.0
286 82 0.0
286 83 0.0
286 84 0.0
286 85 0.000304724473107
286 86 0.0
286 87 0.000621886679809
286 88 0.0
286 89 0.00179725250465
286 90 0.0
286 91 9.95018687695e-05
286 92 0.0
286 93 0.000752482882569
286 94 0.0
286 95 0.00179725250465
286 96 0.0
286 97 5.59698011828e-05
286 98 0.0
286 99 0.0
286 100 0.0
286 101 6.21886679809e-06
286 102 0.0
286 103 6.21886679809e-06
286 104 0.0
286 105 0.0
286 106 0.0
286 107 0.0
286 108 0.0
286 109 0.000304724473107
286 110 0.0
286 111 0.000155471669952
286 112 0.0
286 113 9.95018687695e-05
286 114 0.0
286 115 0.0052300669772
286 116 0.0
286 117 0.00224501091411
286 118 0.0
286 119 0.000155471669952
286 120 0.0
286 121 6.21886679809e-06
286 122 0.0
286 123 0.0
286 124 0.0
286 125 6.21886679809e-06
286 126 0.0
286 127 0.0
286 128 0.0
286 129 0.0
286 130 0.0
286 131 0.0
286 132 0.0
286 133 0.0
286 134 0.0
286 135 0.0
286 136 0.0
286 137 0.0
286 138 0.0
286 139 0.0
286 140 0.0
286 141 0.0
286 142 0.0
286 143 0.0
286 144 0.0
286 145 0.0
286 146 0.0
286 147 0.0
286 148 0.0
286 149 0.0
286 150 0.0
286 151 0.0
286 152 0.0
286 153 0.0
286 154 0.0
286 155 0.0
286 156 0.0
286 157 0.0
286 158 0.0
286 159 0.0
286 160 0.0
286 161 0.0
286 162 0.0
286 163 0.0
286 164 0.0
286 165 0.0
286 166 0.0
286 167 0.0
286 168 0.0
286 169 0.0
286 170 0.0
286 171 0.0
286 172 0.0
286 173 0.0
286 174 0.0
286 175 0.0
286 176 0.0
286 177 0.0
286 178 0.0
286 179 0.0
286 180 0.0
286 181 0.0
286 182 0.0
286 183 0.0
286 184 0.0
286 185 0.0
286 186 0.0
286 187 0.0
286 188 0.0
286 189 0.0
286 190 0.0
286 191 0.0
286 192 0.0
286 193 0.0
286 194 0.0
286 195 0.0
286 196 0.0
286 197 0.0
286 198 0.0
286 199 0.0
286 200 0.0
286 201 0.0
286 202 0.0
286 203 0.0
286 204 0.0
286 205 0.0
286 206 0.0
286 207 0.0
286 208 0.0
286 209 0.0
286 210 0.0
286 211 0.0
286 212 0.0
286 213 0.0
286 214 0.0
286 215 0.0
286 216 0.0
286 217 0.0
286 218 0.0
286 219 0.0
286 220 0.0
286 221 0.0
286 222 0.0
286 223 0.0
286 224 0.0
286 225 0.0
286 226 0.0
286 227 0.0
286 228 0.0
286 229 0.0
286 230 0.0
286 231 0.0
286 232 0.0
286 233 0.0
286 234 0.0
286 235 0.0
286 236 0.0
286 237 0.0
286 238 0.0
286 239 0.0
286 240 0.0
286 241 0.0
286 242 0.0
286 243 0.0
286 244 0.0
286 245 0.0
286 246 0.0
286 247 0.0
286 248 0.0
286 249 0.0
286 250 0.0
286 251 0.0
286 252 0.0
286 253 0.0
286 254 0.0
286 255 0.0
286 256 0.0
286 257 0.0
286 258 0.0
286 259 0.0
286 260 0.0
286 261 0.0
286 262 0.0
286 263 0.0
286 264 0.0
286 265 0.0
286 266 0.0
286 267 0.0
286 268 0.0
286 269 0.0
286 270 0.0
286 271 0.0
286 272 0.0
286 273 0.0
286 274 0.0
286 275 0.0
286 276 0.0
286 277 0.0
286 278 0.0
286 279 0.0
286 280 0.0
286 281 0.0
286 282 0.0
286 283 0.0
286 284 0.0
286 285 0.0
286 286 0.0
286 287 0.0
286 288 0.0
286 289 0.0
286 290 0.0
286 291 0.0
286 292 0.0
286 293 0.0
286 294 0.0
286 295 6.21886679809e-06
286 296 0.0
286 297 0.0
286 298 0.0
286 299 6.21886679809e-06
286 300 0.0
286 301 0.000223879204731
286 302 0.0
286 303 9.95018687695e-05
286 304 0.0
286 305 9.95018687695e-05
286 306 0.0
286 307 0.0048755915697
286 308 0.0
286 309 0.00159202990031
286 310 0.0
286 311 0.000155471669952
286 312 0.0
286 313 0.0
286 314 0.0
286 315 6.21886679809e-06
286 316 0.0
286 317 2.48754671924e-05
286 318 0.0
286 319 6.21886679809e-06
286 320 0.0
286 321 2.48754671924e-05
286 322 0.0
286 323 6.21886679809e-06
286 324 0.0
286 325 0.00139924502957
286 326 0.0
286 327 0.00139924502957
286 328 0.0
286 329 9.95018687695e-05
286 330 0.0
286 331 6.21886679809e-06
286 332 0.0
286 333 2.48754671924e-05
286 334 0.0
286 335 0.0
286 336 0.0
286 337 0.0
286 338 0.0
286 339 0.0
286 340 0.0
286 341 0.000304724473107
286 342 0.0
286 343 0.00139924502957
286 344 0.0
286 345 0.000304724473107
286 346 0.0
286 347 9.95018687695e-05
286 348 0.0
286 349 0.000895516818925
286 350 0.0
286 351 0.000621886679809
286 352 0.0
286 353 0.000155471669952
286 354 0.0
286 355 0.0
286 356 0.0
286 357 6.21886679809e-06
286 358 0.0
286 359 0.0
286 360 0.0
286 361 0.0
286 362 0.0
286 363 2.48754671924e-05
286 364 0.0
286 365 6.21886679809e-06
286 366 0.0
286 367 0.000223879204731
286 368 0.0
286 369 9.95018687695e-05
286 370 0.0
286 371 0.000304724473107
286 372 0.0
286 373 0.000155471669952
286 374 0.0
286 375 9.95018687695e-05
286 376 0.0
286 377 6.21886679809e-06
286 378 0.0
286 379 6.21886679809e-06
286 380 0.0
286 381 5.59698011828e-05
286 382 0.0
286 383 5.59698011828e-05
286 384 0.0
286 385 2.48754671924e-05
286 386 0.0
286 387 2.48754671924e-05
286 388 0.0
286 389 0.0
286 390 0.0
286 391 9.95018687695e-05
286 392 0.0
286 393 6.21886679809e-06
286 394 0.0
286 395 9.95018687695e-05
286 396 0.0
286 397 9.95018687695e-05
286 398 0.0
286 399 2.48754671924e-05
286 400 0.0
287 0 0.0
287 1 2.48754671924e-05
287 2 0.0
287 3 2.48754671924e-05
287 4 0.0
287 5 0.000155471669952
287 6 0.0
287 7 0.000223879204731
287 8 0.0
287 9 2.48754671924e-05
287 10 0.0
287 11 0.000503728210645
287 12 0.0
287 13 9.95018687695e-05
287 14 0.0
287 15 9.95018687695e-05
287 16 6.21886679809e-06
287 17 5.59698011828e-05
287 18 6.21886679809e-06
287 19 6.21886679809e-06
287 20 0.0
287 21 6.21886679809e-06
287 22 0.0
287 23 0.0
287 24 0.0
287 25 6.21886679809e-06
287 26 0.0
287 27 6.21886679809e-06
287 28 0.0
287 29 0.000304724473107
287 30 0.0
287 31 9.95018687695e-05
287 32 0.0
287 33 2.48754671924e-05
287 34 0.0
287 35 6.21886679809e-06
287 36 6.21886679809e-06
287 37 0.000503728210645
287 38 6.21886679809e-06
287 39 0.000304724473107
287 40 6.21886679809e-06
287 41 2.48754671924e-05
287 42 6.21886679809e-06
287 43 5.59698011828e-05
287 44 0.0
287 45 0.0
287 46 0.0
287 47 6.21886679809e-06
287 48 0.0
287 49 0.0
287 50 0.0
287 51 0.0
287 52 0.0
287 53 0.0
287 54 0.0
287 55 6.21886679809e-06
287 56 0.0
287 57 6.21886679809e-06
287 58 0.0
287 59 0.000155471669952
287 60 0.0
287 61 0.000895516818925
287 62 0.0
287 63 0.000223879204731
287 64 0.0
287 65 0.000304724473107
287 66 0.0
287 67 0.000398007475078
287 68 0.0
287 69 9.95018687695e-05
287 70 0.0
287 71 6.21886679809e-06
287 72 0.0
287 73 2.48754671924e-05
287 74 0.0
287 75 0.0
287 76 0.0
287 77 6.21886679809e-06
287 78 0.0
287 79 0.0
287 80 0.0
287 81 0.0
287 82 0.0
287 83 0.0
287 84 0.0
287 85 0.000304724473107
287 86 0.0
287 87 0.000752482882569
287 88 6.21886679809e-06
287 89 0.00159202990031
287 90 0.0
287 91 9.95018687695e-05
287 92 0.0
287 93 0.000752482882569
287 94 0.0
287 95 0.00179725250465
287 96 0.0
287 97 5.59698011828e-05
287 98 0.0
287 99 0.0
287 100 0.0
287 101 6.21886679809e-06
287 102 0.0
287 103 6.21886679809e-06
287 104 0.0
287 105 0.0
287 106 0.0
287 107 0.0
287 108 0.0
287 109 0.000304724473107
287 110 0.0
287 111 0.000155471669952
287 112 0.0
287 113 9.95018687695e-05
287 114 0.000155471669952
287 115 0.00636811960125
287 116 5.59698011828e-05
287 117 0.00201491284258
287 118 6.21886679809e-06
287 119 0.000155471669952
287 120 0.0
287 121 0.0
287 122 2.48754671924e-05
287 123 2.48754671924e-05
287 124 2.48754671924e-05
287 125 6.21886679809e-06
287 126 2.48754671924e-05
287 127 2.48754671924e-05
287 128 2.48754671924e-05
287 129 2.48754671924e-05
287 130 2.48754671924e-05
287 131 2.48754671924e-05
287 132 2.48754671924e-05
287 133 2.48754671924e-05
287 134 2.48754671924e-05
287 135 2.48754671924e-05
287 136 2.48754671924e-05
287 137 2.48754671924e-05
287 138 2.48754671924e-05
287 139 2.48754671924e-05
287 140 2.48754671924e-05
287 141 2.48754671924e-05
287 142 2.48754671924e-05
287 143 2.48754671924e-05
287 144 2.48754671924e-05
287 145 2.48754671924e-05
287 146 2.48754671924e-05
287 147 2.48754671924e-05
287 148 2.48754671924e-05
287 149 2.48754671924e-05
287 150 2.48754671924e-05
287 151 2.48754671924e-05
287 152 2.48754671924e-05
287 153 2.48754671924e-05
287 154 2.48754671924e-05
287 155 2.48754671924e-05
287 156 2.48754671924e-05
287 157 2.48754671924e-05
287 158 2.48754671924e-05
287 159 2.48754671924e-05
287 160 2.48754671924e-05
287 161 2.48754671924e-05
287 162 2.48754671924e-05
287 163 2.48754671924e-05
287 164 2.48754671924e-05
287 165 2.48754671924e-05
287 166 2.48754671924e-05
287 167 2.48754671924e-05
287 168 2.48754671924e-05
287 169 2.48754671924e-05
287 170 2.48754671924e-05
287 171 2.48754671924e-05
287 172 2.48754671924e-05
287 173 2.48754671924e-05
287 174 2.48754671924e-05
287 175 2.48754671924e-05
287 176 2.48754671924e-05
287 177 2.48754671924e-05
287 178 2.48754671924e-05
287 179 2.48754671924e-05
287 180 2.48754671924e-05
287 181 2.48754671924e-05
287 182 2.48754671924e-05
287 183 2.48754671924e-05
287 184 2.48754671924e-05
287 185 2.48754671924e-05
287 186 2.48754671924e-05
287 187 2.48754671924e-05
287 188 2.48754671924e-05
287 189 2.48754671924e-05
287 190 2.48754671924e-05
287 191 2.48754671924e-05
287 192 2.48754671924e-05
287 193 2.48754671924e-05
287 194 2.48754671924e-05
287 195 2.48754671924e-05
287 196 2.48754671924e-05
287 197 2.48754671924e-05
287 198 2.48754671924e-05
287 199 2.48754671924e-05
287 200 2.48754671924e-05
287 201 2.48754671924e-05
287 202 2.48754671924e-05
287 203 2.48754671924e-05
287 204 2.48754671924e-05
287 205 2.48754671924e-05
287 206 2.48754671924e-05
287 207 2.48754671924e-05
287 208 2.48754671924e-05
287 209 2.48754671924e-05
287 210 2.48754671924e-05
287 211 2.48754671924e-05
287 212 2.48754671924e-05
287 213 2.48754671924e-05
287 214 2.48754671924e-05
287 215 2.48754671924e-05
287 216 2.48754671924e-05
287 217 2.48754671924e-05
287 218 2.48754671924e-05
287 219 2.48754671924e-05
287 220 2.48754671924e-05
287 221 2.48754671924e-05
287 222 2.48754671924e-05
287 223 2.48754671924e-05
287 224 2.48754671924e-05
287 225 2.48754671924e-05
287 226 2.48754671924e-05
287 227 2.48754671924e-05
287 228 2.48754671924e-05
287 229 2.48754671924e-05
287 230 2.48754671924e-05
287 231 2.48754671924e-05
287 232 2.48754671924e-05
287 233 2.48754671924e-05
287 234 2.48754671924e-05
287 235 2.48754671924e-05
287 236 2.48754671924e-05
287 237 2.48754671924e-05
287 238 2.48754671924e-05
287 239 2.48754671924e-05
287 240 2.48754671924e-05
287 241 2.48754671924e-05
287 242 2.48754671924e-05
287 243 2.48754671924e-05
287 244 2.48754671924e-05
287 245 2.48754671924e-05
287 246 2.48754671924e-05
287 247 2.48754671924e-05
287 248 2.48754671924e-05
287 249 2.48754671924e-05
287 250 2.48754671924e-05
287 251 2.48754671924e-05
287 252 2.48754671924e-05
287 253 2.48754671924e-05
287 254 2.48754671924e-05
287 255 2.48754671924e-05
287 256 2.48754671924e-05
287 257 2.48754671924e-05
287 258 2.48754671924e-05
287 259 2.48754671924e-05
287 260 2.48754671924e-05
287 261 2.48754671924e-05
287 262 2.48754671924e-05
287 263 2.48754671924e-05
287 264 2.48754671924e-05
287 265 2.48754671924e-05
287 266 2.48754671924e-05
287 267 2.48754671924e-05
287 268 2.48754671924e-05
287 269 2.48754671924e-05
287 270 2.48754671924e-05
287 271 2.48754671924e-05
287 272 2.48754671924e-05
287 273 2.48754671924e-05
287 274 2.48754671924e-05
287 275 2.48754671924e-05
287 276 2.48754671924e-05
287 277 2.48754671924e-05
287 278 2.48754671924e-05
287 279 2.48754671924e-05
287 280 2.48754671924e-05
287 281 2.48754671924e-05
287 282 2.48754671924e-05
287 283 2.48754671924e-05
287 284 2.48754671924e-05
287 285 2.48754671924e-05
287 286 2.48754671924e-05
287 287 2.48754671924e-05
287 288 2.48754671924e-05
287 289 2.48754671924e-05
287 290 2.48754671924e-05
287 291 2.48754671924e-05
287 292 2.48754671924e-05
287 293 2.48754671924e-05
287 294 2.48754671924e-05
287 295 6.21886679809e-06
287 296 2.48754671924e-05
287 297 2.48754671924e-05
287 298 2.48754671924e-05
287 299 0.0
287 300 2.48754671924e-05
287 301 5.59698011828e-05
287 302 5.59698011828e-05
287 303 9.95018687695e-05
287 304 6.21886679809e-06
287 305 5.59698011828e-05
287 306 6.21886679809e-06
287 307 0.0052300669772
287 308 0.0
287 309 0.00139924502957
287 310 0.0
287 311 0.000155471669952
287 312 0.0
287 313 0.0
287 314 0.0
287 315 6.21886679809e-06
287 316 0.0
287 317 2.48754671924e-05
287 318 0.0
287 319 6.21886679809e-06
287 320 0.0
287 321 2.48754671924e-05
287 322 0.0
287 323 6.21886679809e-06
287 324 0.0
287 325 0.00139924502957
287 326 0.0
287 327 0.00139924502957
287 328 0.0
287 329 9.95018687695e-05
287 330 0.0
287 331 6.21886679809e-06
287 332 0.0
287 333 2.48754671924e-05
287 334 0.0
287 335 0.0
287 336 0.0
287 337 0.0
287 338 0.0
287 339 0.0
287 340 0.0
287 341 0.000304724473107
287 342 6.21886679809e-06
287 343 0.00159202990031
287 344 6.21886679809e-06
287 345 0.000223879204731
287 346 6.21886679809e-06
287 347 0.000155471669952
287 348 6.21886679809e-06
287 349 0.000752482882569
287 350 0.0
287 351 0.000621886679809
287 352 0.0
287 353 0.000155471669952
287 354 0.0
287 355 0.0
287 356 6.21886679809e-06
287 357 6.21886679809e-06
287 358 0.0
287 359 0.0
287 360 0.0
287 361 0.0
287 362 0.0
287 363 2.48754671924e-05
287 364 0.0
287 365 6.21886679809e-06
287 366 0.0
287 367 0.000223879204731
287 368 0.0
287 369 9.95018687695e-05
287 370 0.0
287 371 0.000304724473107
287 372 0.0
287 373 0.000155471669952
287 374 0.0
287 375 9.95018687695e-05
287 376 0.0
287 377 6.21886679809e-06
287 378 6.21886679809e-06
287 379 0.0
287 380 6.21886679809e-06
287 381 5.59698011828e-05
287 382 6.21886679809e-06
287 383 5.59698011828e-05
287 384 6.21886679809e-06
287 385 2.48754671924e-05
287 386 0.0
287 387 2.48754671924e-05
287 388 0.0
287 389 0.0
287 390 0.0
287 391 9.95018687695e-05
287 392 0.0
287 393 2.48754671924e-05
287 394 6.21886679809e-06
287 395 9.95018687695e-05
287 396 0.0
287 397 9.95018687695e-05
287 398 0.0
287 399 2.48754671924e-05
287 400 0.0
288 0 0.0
288 1 2.48754671924e-05
288 2 0.0
288 3 2.48754671924e-05
288 4 0.0
288 5 0.000155471669952
288 6 0.0
288 7 0.000223879204731
288 8 0.0
288 9 2.48754671924e-05
288 10 0.0
288 11 0.000503728210645
288 12 0.0
288 13 9.95018687695e-05
288 14 0.0
288 15 5.59698011828e-05
288 16 0.0
288 17 9.95018687695e-05
288 18 0.0
288 19 6.21886679809e-06
288 20 0.0
288 21 6.21886679809e-06
288 22 0.0
288 23 0.0
288 24 0.0
288 25 6.21886679809e-06
288 26 0.0
288 27 6.21886679809e-06
288 28 0.0
288 29 0.000304724473107
288 30 0.0
288 31 9.95018687695e-05
288 32 0.0
288 33 2.48754671924e-05
288 34 0.0
288 35 6.21886679809e-06
288 36 0.0
288 37 0.000621886679809
288 38 0.0
288 39 0.000223879204731
288 40 0.0
288 41 6.21886679809e-06
288 42 0.0
288 43 5.59698011828e-05
288 44 0.0
288 45 0.0
288 46 0.0
288 47 6.21886679809e-06
288 48 0.0
288 49 0.0
288 50 0.0
288 51 0.0
288 52 0.0
288 53 0.0
288 54 0.0
288 55 6.21886679809e-06
288 56 0.0
288 57 6.21886679809e-06
288 58 0.0
288 59 0.000155471669952
288 60 0.0
288 61 0.000895516818925
288 62 0.0
288 63 0.000223879204731
288 64 0.0
288 65 0.000304724473107
288 66 0.0
288 67 0.000398007475078
288 68 0.0
288 69 9.95018687695e-05
288 70 0.0
288 71 6.21886679809e-06
288 72 0.0
288 73 2.48754671924e-05
288 74 0.0
288 75 0.0
288 76 0.0
288 77 6.21886679809e-06
288 78 0.0
288 79 0.0
288 80 0.0
288 81 0.0
288 82 0.0
288 83 0.0
288 84 0.0
288 85 0.000304724473107
288 86 0.0
288 87 0.000621886679809
288 88 0.0
288 89 0.00179725250465
288 90 0.0
288 91 9.95018687695e-05
288 92 0.0
288 93 0.000752482882569
288 94 0.0
288 95 0.00179725250465
288 96 0.0
288 97 5.59698011828e-05
288 98 0.0
288 99 0.0
288 100 0.0
288 101 6.21886679809e-06
288 102 0.0
288 103 6.21886679809e-06
288 104 0.0
288 105 0.0
288 106 0.0
288 107 0.0
288 108 0.0
288 109 0.000304724473107
288 110 0.0
288 111 0.000155471669952
288 112 0.0
288 113 5.59698011828e-05
288 114 0.0
288 115 0.00453355389581
288 116 0.0
288 117 0.00201491284258
288 118 0.0
288 119 0.000223879204731
288 120 0.0
288 121 0.0
288 122 0.0
288 123 0.0
288 124 0.0
288 125 0.0
288 126 0.0
288 127 0.0
288 128 0.0
288 129 0.0
288 130 0.0
288 131 0.0
288 132 0.0
288 133 0.0
288 134 0.0
288 135 0.0
288 136 0.0
288 137 0.0
288 138 0.0
288 139 0.0
288 140 0.0
288 141 0.0
288 142 0.0
288 143 0.0
288 144 0.0
288 145 0.0
288 146 0.0
288 147 0.0
288 148 0.0
288 149 0.0
288 150 0.0
288 151 0.0
288 152 0.0
288 153 0.0
288 154 0.0
288 155 0.0
288 156 0.0
288 157 0.0
288 158 0.0
288 159 0.0
288 160 0.0
288 161 0.0
288 162 0.0
288 163 0.0
288 164 0.0
288 165 0.0
288 166 0.0
288 167 0.0
288 168 0.0
288 169 0.0
288 170 0.0
288 171 0.0
288 172 0.0
288 173 0.0
288 174 0.0
288 175 0.0
288 176 0.0
288 177 0.0
288 178 0.0
288 179 0.0
288 180 0.0
288 181 0.0
288 182 0.0
288 183 0.0
288 184 0.0
288 185 0.0
288 186 0.0
288 187 0.0
288 188 0.0
288 189 0.0
288 190 0.0
288 191 0.0
288 192 0.0
288 193 0.0
288 194 0.0
288 195 0.0
288 196 0.0
288 197 0.0
288 198 0.0
288 199 0.0
288 200 0.0
288 201 0.0
288 202 0.0
288 203 0.0
288 204 0.0
288 205 0.0
288 206 0.0
288 207 0.0
288 208 0.0
288 209 0.0
288 210 0.0
288 211 0.0
288 212 0.0
288 213 0.0
288 214 0.0
288 215 0.0
288 216 0.0
288 217 0.0
288 218 0.0
288 219 0.0
288 220 0.0
288 221 0.0
288 222 0.0
288 223 0.0
288 224 0.0
288 225 0.0
288 226 0.0
288 227 0.0
288 228 0.0
288 229 0.0
288 230 0.0
288 231 0.0
288 232 0.0
288 233 0.0
288 234 0.0
288 235 0.0
288 236 0.0
288 237 0.0
288 238 0.0
288 239 0.0
288 240 0.0
288 241 0.0
288 242 0.0
288 243 0.0
288 244 0.0
288 245 0.0
288 246 0.0
288 247 0.0
288 248 0.0
288 249 0.0
288 250 0.0
288 251 0.0
288 252 0.0
288 253 0.0
288 254 0.0
288 255 0.0
288 256 0.0
288 257 0.0
288 258 0.0
288 259 0.0
288 260 0.0
288 261 0.0
288 262 0.0
288 263 0.0
288 264 0.0
288 265 0.0
288 266 0.0
288 267 0.0
288 268 0.0
288 269 0.0
288 270 0.0
288 271 0.0
288 272 0.0
288 273 0.0
288 274 0.0
288 275 0.0
288 276 0.0
288 277 0.0
288 278 0.0
288 279 0.0
288 280 0.0
288 281 0.0
288 282 0.0
288 283 0.0
288 284 0.0
288 285 0.0
288 286 0.0
288 287 0.0
288 288 0.0
288 289 0.0
288 290 0.0
288 291 0.0
288 292 0.0
288 293 0.0
288 294 0.0
288 295 6.21886679809e-06
288 296 0.0
288 297 0.0
288 298 0.0
288 299 0.0
288 300 0.0
288 301 0.000155471669952
288 302 0.0
288 303 5.59698011828e-05
288 304 0.0
288 305 2.48754671924e-05
288 306 0.0
288 307 0.0048755915697
288 308 0.0
288 309 0.00139924502957
288 310 0.0
288 311 0.000155471669952
288 312 0.0
288 313 0.0
288 314 0.0
288 315 6.21886679809e-06
288 316 0.0
288 317 2.48754671924e-05
288 318 0.0
288 319 6.21886679809e-06
288 320 0.0
288 321 2.48754671924e-05
288 322 0.0
288 323 6.21886679809e-06
288 324 0.0
288 325 0.00139924502957
288 326 0.0
288 327 0.00139924502957
288 328 0.0
288 329 9.95018687695e-05
288 330 0.0
288 331 6.21886679809e-06
288 332 0.0
288 333 2.48754671924e-05
288 334 0.0
288 335 0.0
288 336 0.0
288 337 0.0
288 338 0.0
288 339 0.0
288 340 0.0
288 341 0.000304724473107
288 342 0.0
288 343 0.00139924502957
288 344 0.0
288 345 0.000304724473107
288 346 0.0
288 347 9.95018687695e-05
288 348 0.0
288 349 0.000895516818925
288 350 0.0
288 351 0.000621886679809
288 352 0.0
288 353 0.000155471669952
288 354 0.0
288 355 6.21886679809e-06
288 356 0.0
288 357 0.0
288 358 0.0
288 359 0.0
288 360 0.0
288 361 0.0
288 362 0.0
288 363 2.48754671924e-05
288 364 0.0
288 365 6.21886679809e-06
288 366 0.0
288 367 0.000223879204731
288 368 0.0
288 369 9.95018687695e-05
288 370 0.0
288 371 0.000304724473107
288 372 0.0
288 373 0.000155471669952
288 374 0.0
288 375 9.95018687695e-05
288 376 0.0
288 377 6.21886679809e-06
288 378 0.0
288 379 6.21886679809e-06
288 380 0.0
288 381 9.95018687695e-05
288 382 0.0
288 383 2.48754671924e-05
288 384 0.0
288 385 2.48754671924e-05
288 386 0.0
288 387 2.48754671924e-05
288 388 0.0
288 389 0.0
288 390 0.0
288 391 9.95018687695e-05
288 392 0.0
288 393 6.21886679809e-06
288 394 0.0
288 395 9.95018687695e-05
288 396 0.0
288 397 9.95018687695e-05
288 398 0.0
288 399 2.48754671924e-05
288 400 0.0
289 0 0.0
289 1 2.48754671924e-05
289 2 0.0
289 3 2.48754671924e-05
289 4 0.0
289 5 0.000155471669952
289 6 0.0
289 7 0.000223879204731
289 8 0.0
289 9 2.48754671924e-05
289 10 0.0
289 11 0.000398007475078
289 12 6.21886679809e-06
289 13 9.95018687695e-05
289 14 0.0
289 15 5.59698011828e-05
289 16 0.0
289 17 9.95018687695e-05
289 18 0.0
289 19 6.21886679809e-06
289 20 0.0
289 21 6.21886679809e-06
289 22 0.0
289 23 0.0
289 24 0.0
289 25 6.21886679809e-06
289 26 0.0
289 27 6.21886679809e-06
289 28 0.0
289 29 0.000304724473107
289 30 0.0
289 31 9.95018687695e-05
289 32 0.0
289 33 2.48754671924e-05
289 34 0.0
289 35 6.21886679809e-06
289 36 0.0
289 37 0.000621886679809
289 38 0.0
289 39 0.000223879204731
289 40 0.0
289 41 6.21886679809e-06
289 42 0.0
289 43 5.59698011828e-05
289 44 0.0
289 45 0.0
289 46 0.0
289 47 6.21886679809e-06
289 48 0.0
289 49 0.0
289 50 0.0
289 51 0.0
289 52 0.0
289 53 0.0
289 54 0.0
289 55 6.21886679809e-06
289 56 0.0
289 57 6.21886679809e-06
289 58 0.0
289 59 0.000155471669952
289 60 0.0
289 61 0.000895516818925
289 62 0.0
289 63 0.000223879204731
289 64 0.0
289 65 0.000304724473107
289 66 0.0
289 67 0.000398007475078
289 68 0.0
289 69 9.95018687695e-05
289 70 0.0
289 71 6.21886679809e-06
289 72 0.0
289 73 2.48754671924e-05
289 74 0.0
289 75 0.0
289 76 0.0
289 77 6.21886679809e-06
289 78 0.0
289 79 0.0
289 80 0.0
289 81 0.0
289 82 0.0
289 83 0.0
289 84 0.0
289 85 0.000304724473107
289 86 0.0
289 87 0.000621886679809
289 88 0.0
289 89 0.00179725250465
289 90 0.0
289 91 9.95018687695e-05
289 92 0.0
289 93 0.000752482882569
289 94 0.0
289 95 0.00179725250465
289 96 0.0
289 97 5.59698011828e-05
289 98 0.0
289 99 0.0
289 100 0.0
289 101 6.21886679809e-06
289 102 0.0
289 103 6.21886679809e-06
289 104 0.0
289 105 0.0
289 106 0.0
289 107 0.0
289 108 6.21886679809e-06
289 109 0.000155471669952
289 110 6.21886679809e-06
289 111 9.95018687695e-05
289 112 2.48754671924e-05
289 113 0.000155471669952
289 114 2.48754671924e-05
289 115 0.00636811960125
289 116 0.000398007475078
289 117 0.000503728210645
289 118 0.000752482882569
289 119 0.00224501091411
289 120 0.000752482882569
289 121 0.000895516818925
289 122 0.000895516818925
289 123 0.000895516818925
289 124 0.000895516818925
289 125 0.000752482882569
289 126 0.000895516818925
289 127 0.000895516818925
289 128 0.000895516818925
289 129 0.000895516818925
289 130 0.000895516818925
289 131 0.000895516818925
289 132 0.000895516818925
289 133 0.000895516818925
289 134 0.000895516818925
289 135 0.000895516818925
289 136 0.000895516818925
289 137 0.000895516818925
289 138 0.000895516818925
289 139 0.000895516818925
289 140 0.000895516818925
289 141 0.000895516818925
289 142 0.000895516818925
289 143 0.000895516818925
289 144 0.000895516818925
289 145 0.000895516818925
289 146 0.000895516818925
289 147 0.000895516818925
289 148 0.000895516818925
289 149 0.000895516818925
289 150 0.000895516818925
289 151 0.000895516818925
289 152 0.000895516818925
289 153 0.000895516818925
289 154 0.000895516818925
289 155 0.000895516818925
289 156 0.000895516818925
289 157 0.000895516818925
289 158 0.000895516818925
289 159 0.000895516818925
289 160 0.000895516818925
289 161 0.000895516818925
289 162 0.000895516818925
289 163 0.000895516818925
289 164 0.000895516818925
289 165 0.000895516818925
289 166 0.000895516818925
289 167 0.000895516818925
289 168 0.000895516818925
289 169 0.000895516818925
289 170 0.000895516818925
289 171 0.000895516818925
289 172 0.000895516818925
289 173 0.000895516818925
289 174 0.000895516818925
289 175 0.000895516818925
289 176 0.000895516818925
289 177 0.000895516818925
289 178 0.000895516818925
289 179 0.000895516818925
289 180 0.000895516818925
289 181 0.000895516818925
289 182 0.000895516818925
289 183 0.000895516818925
289 184 0.000895516818925
289 185 0.000895516818925
289 186 0.000895516818925
289 187 0.000895516818925
289 188 0.000895516818925
289 189 0.000895516818925
289 190 0.000895516818925
289 191 0.000895516818925
289 192 0.000895516818925
289 193 0.000895516818925
289 194 0.000895516818925
289 195 0.000895516818925
289 196 0.000895516818925
289 197 0.000895516818925
289 198 0.000895516818925
289 199 0.000895516818925
289 200 0.000895516818925
289 201 0.000895516818925
289 202 0.000895516818925
289 203 0.000895516818925
289 204 0.000895516818925
289 205 0.000895516818925
289 206 0.000895516818925
289 207 0.000895516818925
289 208 0.000895516818925
289 209 0.000895516818925
289 210 0.000895516818925
289 211 0.000895516818925
289 212 0.000895516818925
289 213 0.000895516818925
289 214 0.000895516818925
289 215 0.000895516818925
289 216 0.000895516818925
289 217 0.000895516818925
289 218 0.000895516818925
289 219 0.000895516818925
289 220 0.000895516818925
289 221 0.000895516818925
289 222 0.000895516818925
289 223 0.000895516818925
289 224 0.000895516818925
289 225 0.000895516818925
289 226 0.000895516818925
289 227 0.000895516818925
289 228 0.000895516818925
289 229 0.000895516818925
289 230 0.000895516818925
289 231 0.000895516818925
289 232 0.000895516818925
289 233 0.000895516818925
289 234 0.000895516818925
289 235 0.000895516818925
289 236 0.000895516818925
289 237 0.000895516818925
289 238 0.000895516818925
289 239 0.000895516818925
289 240 0.000895516818925
289 241 0.000895516818925
289 242 0.000895516818925
289 243 0.000895516818925
289 244 0.000895516818925
289 245 0.000895516818925
289 246 0.000895516818925
289 247 0.000895516818925
289 248 0.000895516818925
289 249 0.000895516818925
289 250 0.000895516818925
289 251 0.000895516818925
289 252 0.000895516818925
289 253 0.000895516818925
289 254 0.000895516818925
289 255 0.000895516818925
289 256 0.000895516818925
289 257 0.000895516818925
289 258 0.000895516818925
289 259 0.000895516818925
289 260 0.000895516818925
289 261 0.000895516818925
289 262 0.000895516818925
289 263 0.000895516818925
289 264 0.000895516818925
289 265 0.000895516818925
289 266 0.000895516818925
289 267 0.000895516818925
289 268 0.000895516818925
289 269 0.000895516818925
289 270 0.000895516818925
289 271 0.000895516818925
289 272 0.000895516818925
289 273 0.000895516818925
289 274 0.000895516818925
289 275 0.000895516818925
289 276 0.000895516818925
289 277 0.000895516818925
289 278 0.000895516818925
289 279 0.000895516818925
289 280 0.000895516818925
289 281 0.000895516818925
289 282 0.000895516818925
289 283 0.000895516818925
289 284 0.000895516818925
289 285 0.000895516818925
289 286 0.000895516818925
289 287 0.000895516818925
289 288 0.000895516818925
289 289 0.000895516818925
289 290 0.000895516818925
289 291 0.000895516818925
289 292 0.000895516818925
289 293 0.000895516818925
289 294 0.000895516818925
289 295 0.000752482882569
289 296 0.000895516818925
289 297 0.000895516818925
289 298 0.000895516818925
289 299 0.000895516818925
289 300 0.000895516818925
289 301 0.00139924502957
289 302 0.000304724473107
289 303 2.48754671924e-05
289 304 6.21886679809e-06
289 305 6.21886679809e-06
289 306 6.21886679809e-06
289 307 0.0048755915697
289 308 6.21886679809e-06
289 309 0.00139924502957
289 310 6.21886679809e-06
289 311 9.95018687695e-05
289 312 6.21886679809e-06
289 313 6.21886679809e-06
289 314 0.0
289 315 6.21886679809e-06
289 316 0.0
289 317 2.48754671924e-05
289 318 0.0
289 319 6.21886679809e-06
289 320 0.0
289 321 2.48754671924e-05
289 322 0.0
289 323 6.21886679809e-06
289 324 0.0
289 325 0.00121889789243
289 326 6.21886679809e-06
289 327 0.00139924502957
289 328 0.0
289 329 9.95018687695e-05
289 330 0.0
289 331 6.21886679809e-06
289 332 0.0
289 333 2.48754671924e-05
289 334 0.0
289 335 0.0
289 336 0.0
289 337 0.0
289 338 0.0
289 339 0.0
289 340 0.0
289 341 0.000304724473107
289 342 0.0
289 343 0.00139924502957
289 344 0.0
289 345 0.000304724473107
289 346 0.0
289 347 9.95018687695e-05
289 348 0.0
289 349 0.000895516818925
289 350 0.0
289 351 0.000621886679809
289 352 0.0
289 353 0.000155471669952
289 354 0.0
289 355 6.21886679809e-06
289 356 0.0
289 357 0.0
289 358 0.0
289 359 0.0
289 360 0.0
289 361 0.0
289 362 0.0
289 363 2.48754671924e-05
289 364 0.0
289 365 6.21886679809e-06
289 366 0.0
289 367 0.000304724473107
289 368 0.0
289 369 0.000155471669952
289 370 6.21886679809e-06
289 371 0.000304724473107
289 372 0.0
289 373 0.000155471669952
289 374 0.0
289 375 9.95018687695e-05
289 376 0.0
289 377 6.21886679809e-06
289 378 6.21886679809e-06
289 379 0.0
289 380 0.0
289 381 5.59698011828e-05
289 382 6.21886679809e-06
289 383 5.59698011828e-05
289 384 0.0
289 385 2.48754671924e-05
289 386 0.0
289 387 5.59698011828e-05
289 388 6.21886679809e-06
289 389 6.21886679809e-06
289 390 6.21886679809e-06
289 391 5.59698011828e-05
289 392 6.21886679809e-06
289 393 2.48754671924e-05
289 394 0.0
289 395 9.95018687695e-05
289 396 6.21886679809e-06
289 397 5.59698011828e-05
289 398 0.0
289 399 6.21886679809e-06
289 400 0.0
290 0 0.0
290 1 2.48754671924e-05
290 2 0.0
290 3 2.48754671924e-05
290 4 0.0
290 5 0.000155471669952
290 6 0.0
290 7 0.000223879204731
290 8 0.0
290 9 2.48754671924e-05
290 10 0.0
290 11 0.000503728210645
290 12 0.0
290 13 9.95018687695e-05
290 14 0.0
290 15 5.59698011828e-05
290 16 0.0
290 17 9.95018687695e-05
290 18 0.0
290 19 6.21886679809e-06
290 20 0.0
290 21 6.21886679809e-06
290 22 0.0
290 23 0.0
290 24 0.0
290 25 6.21886679809e-06
290 26 0.0
290 27 6.21886679809e-06
290 28 0.0
290 29 0.000304724473107
290 30 0.0
290 31 9.95018687695e-05
290 32 0.0
290 33 2.48754671924e-05
290 34 0.0
290 35 6.21886679809e-06
290 36 0.0
290 37 0.000621886679809
290 38 0.0
290 39 0.000223879204731
290 40 0.0
290 41 6.21886679809e-06
290 42 0.0
290 43 5.59698011828e-05
290 44 0.0
290 45 0.0
290 46 0.0
290 47 6.21886679809e-06
290 48 0.0
290 49 0.0
290 50 0.0
290 51 0.0
290 52 0.0
290 53 0.0
290 54 0.0
290 55 6.21886679809e-06
290 56 0.0
290 57 6.21886679809e-06
290 58 0.0
290 59 0.000155471669952
290 60 0.0
290 61 0.000895516818925
290 62 0.0
290 63 0.000223879204731
290 64 0.0
290 65 0.000304724473107
290 66 0.0
290 67 0.000398007475078
290 68 0.0
290 69 9.95018687695e-05
290 70 0.0
290 71 6.21886679809e-06
290 72 0.0
290 73 2.48754671924e-05
290 74 0.0
290 75 0.0
290 76 0.0
290 77 6.21886679809e-06
290 78 0.0
290 79 0.0
290 80 0.0
290 81 0.0
290 82 0.0
290 83 0.0
290 84 0.0
290 85 0.000304724473107
290 86 0.0
290 87 0.000621886679809
290 88 0.0
290 89 0.00179725250465
290 90 0.0
290 91 9.95018687695e-05
290 92 0.0
290 93 0.000752482882569
290 94 0.0
290 95 0.00179725250465
290 96 0.0
290 97 5.59698011828e-05
290 98 0.0
290 99 0.0
290 100 0.0
290 101 6.21886679809e-06
290 102 0.0
290 103 6.21886679809e-06
290 104 0.0
290 105 0.0
290 106 0.0
290 107 0.0
290 108 0.0
290 109 0.000304724473107
290 110 0.0
290 111 0.000155471669952
290 112 0.0
290 113 5.59698011828e-05
290 114 0.0
290 115 0.00453355389581
290 116 0.0
290 117 0.00224501091411
290 118 0.0
290 119 0.000304724473107
290 120 0.0
290 121 6.21886679809e-06
290 122 0.0
290 123 0.0
290 124 0.0
290 125 6.21886679809e-06
290 126 0.0
290 127 0.0
290 128 0.0
290 129 0.0
290 130 0.0
290 131 0.0
290 132 0.0
290 133 0.0
290 134 0.0
290 135 0.0
290 136 0.0
290 137 0.0
290 138 0.0
290 139 0.0
290 140 0.0
290 141 0.0
290 142 0.0
290 143 0.0
290 144 0.0
290 145 0.0
290 146 0.0
290 147 0.0
290 148 0.0
290 149 0.0
290 150 0.0
290 151 0.0
290 152 0.0
290 153 0.0
290 154 0.0
290 155 0.0
290 156 0.0
290 157 0.0
290 158 0.0
290 159 0.0
290 160 0.0
290 161 0.0
290 162 0.0
290 163 0.0
290 164 0.0
290 165 0.0
290 166 0.0
290 167 0.0
290 168 0.0
290 169 0.0
290 170 0.0
290 171 0.0
290 172 0.0
290 173 0.0
290 174 0.0
290 175 0.0
290 176 0.0
290 177 0.0
290 178 0.0
290 179 0.0
290 180 0.0
290 181 0.0
290 182 0.0
290 183 0.0
290 184 0.0
290 185 0.0
290 186 0.0
290 187 0.0
290 188 0.0
290 189 0.0
290 190 0.0
290 191 0.0
290 192 0.0
290 193 0.0
290 194 0.0
290 195 0.0
290 196 0.0
290 197 0.0
290 198 0.0
290 199 0.0
290 200 0.0
290 201 0.0
290 202 0.0
290 203 0.0
290 204 0.0
290 205 0.0
290 206 0.0
290 207 0.0
290 208 0.0
290 209 0.0
290 210 0.0
290 211 0.0
290 212 0.0
290 213 0.0
290 214 0.0
290 215 0.0
290 216 0.0
290 217 0.0
290 218 0.0
290 219 0.0
290 220 0.0
290 221 0.0
290 222 0.0
290 223 0.0
290 224 0.0
290 225 0.0
290 226 0.0
290 227 0.0
290 228 0.0
290 229 0.0
290 230 0.0
290 231 0.0
290 232 0.0
290 233 0.0
290 234 0.0
290 235 0.0
290 236 0.0
290 237 0.0
290 238 0.0
290 239 0.0
290 240 0.0
290 241 0.0
290 242 0.0
290 243 0.0
290 244 0.0
290 245 0.0
290 246 0.0
290 247 0.0
290 248 0.0
290 249 0.0
290 250 0.0
290 251 0.0
290 252 0.0
290 253 0.0
290 254 0.0
290 255 0.0
290 256 0.0
290 257 0.0
290 258 0.0
290 259 0.0
290 260 0.0
290 261 0.0
290 262 0.0
290 263 0.0
290 264 0.0
290 265 0.0
290 266 0.0
290 267 0.0
290 268 0.0
290 269 0.0
290 270 0.0
290 271 0.0
290 272 0.0
290 273 0.0
290 274 0.0
290 275 0.0
290 276 0.0
290 277 0.0
290 278 0.0
290 279 0.0
290 280 0.0
290 281 0.0
290 282 0.0
290 283 0.0
290 284 0.0
290 285 0.0
290 286 0.0
290 287 0.0
290 288 0.0
290 289 0.0
290 290 0.0
290 291 0.0
290 292 0.0
290 293 0.0
290 294 0.0
290 295 6.21886679809e-06
290 296 0.0
290 297 0.0
290 298 0.0
290 299 2.48754671924e-05
290 300 0.0
290 301 0.000223879204731
290 302 0.0
290 303 0.000223879204731
290 304 0.0
290 305 2.48754671924e-05
290 306 0.0
290 307 0.0048755915697
290 308 0.0
290 309 0.00121889789243
290 310 0.0
290 311 0.000155471669952
290 312 0.0
290 313 0.0
290 314 0.0
290 315 6.21886679809e-06
290 316 0.0
290 317 2.48754671924e-05
290 318 0.0
290 319 6.21886679809e-06
290 320 0.0
290 321 2.48754671924e-05
290 322 0.0
290 323 6.21886679809e-06
290 324 0.0
290 325 0.00139924502957
290 326 0.0
290 327 0.00139924502957
290 328 0.0
290 329 9.95018687695e-05
290 330 0.0
290 331 6.21886679809e-06
290 332 0.0
290 333 2.48754671924e-05
290 334 0.0
290 335 0.0
290 336 0.0
290 337 0.0
290 338 0.0
290 339 0.0
290 340 0.0
290 341 0.000304724473107
290 342 0.0
290 343 0.00139924502957
290 344 0.0
290 345 0.000304724473107
290 346 0.0
290 347 9.95018687695e-05
290 348 0.0
290 349 0.000895516818925
290 350 0.0
290 351 0.000621886679809
290 352 0.0
290 353 0.000155471669952
290 354 0.0
290 355 6.21886679809e-06
290 356 0.0
290 357 0.0
290 358 0.0
290 359 0.0
290 360 0.0
290 361 0.0
290 362 0.0
290 363 2.48754671924e-05
290 364 0.0
290 365 6.21886679809e-06
290 366 0.0
290 367 0.000223879204731
290 368 0.0
290 369 9.95018687695e-05
290 370 0.0
290 371 0.000304724473107
290 372 0.0
290 373 0.000155471669952
290 374 0.0
290 375 9.95018687695e-05
290 376 0.0
290 377 6.21886679809e-06
290 378 0.0
290 379 6.21886679809e-06
290 380 0.0
290 381 9.95018687695e-05
290 382 0.0
290 383 2.48754671924e-05
290 384 0.0
290 385 2.48754671924e-05
290 386 0.0
290 387 2.48754671924e-05
290 388 0.0
290 389 0.0
290 390 0.0
290 391 9.95018687695e-05
290 392 0.0
290 393 6.21886679809e-06
290 394 0.0
290 395 9.95018687695e-05
290 396 0.0
290 397 9.95018687695e-05
290 398 0.0
290 399 2.48754671924e-05
290 400 0.0
291 0 0.0
291 1 2.48754671924e-05
291 2 0.0
291 3 2.48754671924e-05
291 4 0.0
291 5 0.000155471669952
291 6 0.0
291 7 0.000304724473107
291 8 6.21886679809e-06
291 9 5.59698011828e-05
291 10 6.21886679809e-06
291 11 0.000398007475078
291 12 0.0
291 13 9.95018687695e-05
291 14 0.0
291 15 5.59698011828e-05
291 16 0.0
291 17 9.95018687695e-05
291 18 0.0
291 19 6.21886679809e-06
291 20 0.0
291 21 6.21886679809e-06
291 22 0.0
291 23 0.0
291 24 0.0
291 25 6.21886679809e-06
291 26 0.0
291 27 6.21886679809e-06
291 28 0.0
291 29 0.000304724473107
291 30 0.0
291 31 9.95018687695e-05
291 32 0.0
291 33 2.48754671924e-05
291 34 0.0
291 35 6.21886679809e-06
291 36 0.0
291 37 0.000621886679809
291 38 0.0
291 39 0.000223879204731
291 40 0.0
291 41 6.21886679809e-06
291 42 0.0
291 43 5.59698011828e-05
291 44 0.0
291 45 0.0
291 46 0.0
291 47 6.21886679809e-06
291 48 0.0
291 49 0.0
291 50 0.0
291 51 0.0
291 52 0.0
291 53 0.0
291 54 0.0
291 55 6.21886679809e-06
291 56 0.0
291 57 6.21886679809e-06
291 58 0.0
291 59 0.000155471669952
291 60 0.0
291 61 0.000895516818925
291 62 0.0
291 63 0.000223879204731
291 64 0.0
291 65 0.000304724473107
291 66 0.0
291 67 0.000398007475078
291 68 0.0
291 69 9.95018687695e-05
291 70 0.0
291 71 6.21886679809e-06
291 72 0.0
291 73 2.48754671924e-05
291 74 0.0
291 75 0.0
291 76 0.0
291 77 6.21886679809e-06
291 78 0.0
291 79 0.0
291 80 0.0
291 81 0.0
291 82 0.0
291 83 0.0
291 84 0.0
291 85 0.000304724473107
291 86 0.0
291 87 0.000621886679809
291 88 0.0
291 89 0.00179725250465
291 90 0.0
291 91 9.95018687695e-05
291 92 0.0
291 93 0.000752482882569
291 94 0.0
291 95 0.00179725250465
291 96 0.0
291 97 5.59698011828e-05
291 98 0.0
291 99 0.0
291 100 0.0
291 101 6.21886679809e-06
291 102 0.0
291 103 6.21886679809e-06
291 104 0.0
291 105 0.0
291 106 0.0
291 107 0.0
291 108 6.21886679809e-06
291 109 0.000503728210645
291 110 6.21886679809e-06
291 111 0.000503728210645
291 112 0.000503728210645
291 113 5.59698011828e-05
291 114 6.21886679809e-06
291 115 0.00139924502957
291 116 0.00105098848888
291 117 0.00597633099297
291 118 0.00121889789243
291 119 0.000621886679809
291 120 0.00248754671924
291 121 0.00201491284258
291 122 0.00179725250465
291 123 0.00179725250465
291 124 0.00179725250465
291 125 0.00179725250465
291 126 0.00179725250465
291 127 0.00179725250465
291 128 0.00179725250465
291 129 0.00179725250465
291 130 0.00179725250465
291 131 0.00179725250465
291 132 0.00179725250465
291 133 0.00179725250465
291 134 0.00179725250465
291 135 0.00179725250465
291 136 0.00179725250465
291 137 0.00179725250465
291 138 0.00179725250465
291 139 0.00179725250465
291 140 0.00179725250465
291 141 0.00179725250465
291 142 0.00179725250465
291 143 0.00179725250465
291 144 0.00179725250465
291 145 0.00179725250465
291 146 0.00179725250465
291 147 0.00179725250465
291 148 0.00179725250465
291 149 0.00179725250465
291 150 0.00179725250465
291 151 0.00179725250465
291 152 0.00179725250465
291 153 0.00179725250465
291 154 0.00179725250465
291 155 0.00179725250465
291 156 0.00179725250465
291 157 0.00179725250465
291 158 0.00179725250465
291 159 0.00179725250465
291 160 0.00179725250465
291 161 0.00179725250465
291 162 0.00179725250465
291 163 0.00179725250465
291 164 0.00179725250465
291 165 0.00179725250465
291 166 0.00179725250465
291 167 0.00179725250465
291 168 0.00179725250465
291 169 0.00179725250465
291 170 0.00179725250465
291 171 0.00179725250465
291 172 0.00179725250465
291 173 0.00179725250465
291 174 0.00179725250465
291 175 0.00179725250465
291 176 0.00179725250465
291 177 0.00179725250465
291 178 0.00179725250465
291 179 0.00179725250465
291 180 0.00179725250465
291 181 0.00179725250465
291 182 0.00179725250465
291 183 0.00179725250465
291 184 0.00179725250465
291 185 0.00179725250465
291 186 0.00179725250465
291 187 0.00179725250465
291 188 0.00179725250465
291 189 0.00179725250465
291 190 0.00179725250465
291 191 0.00179725250465
291 192 0.00179725250465
291 193 0.00179725250465
291 194 0.00179725250465
291 195 0.00179725250465
291 196 0.00179725250465
291 197 0.00179725250465
291 198 0.00179725250465
291 199 0.00179725250465
291 200 0.00179725250465
291 201 0.00179725250465
291 202 0.00179725250465
291 203 0.00179725250465
291 204 0.00179725250465
291 205 0.00179725250465
291 206 0.00179725250465
291 207 0.00179725250465
291 208 0.00179725250465
291 209 0.00179725250465
291 210 0.00179725250465
291 211 0.00179725250465
291 212 0.00179725250465
291 213 0.00179725250465
291 214 0.00179725250465
291 215 0.00179725250465
291 216 0.00179725250465
291 217 0.00179725250465
291 218 0.00179725250465
291 219 0.00179725250465
291 220 0.00179725250465
291 221 0.00179725250465
291 222 0.00179725250465
291 223 0.00179725250465
291 224 0.00179725250465
291 225 0.00179725250465
291 226 0.00179725250465
291 227 0.00179725250465
291 228 0.00179725250465
291 229 0.00179725250465
291 230 0.00179725250465
291 231 0.00179725250465
291 232 0.00179725250465
291 233 0.00179725250465
291 234 0.00179725250465
291 235 0.00179725250465
291 236 0.00179725250465
291 237 0.00179725250465
291 238 0.00179725250465
291 239 0.00179725250465
291 240 0.00179725250465
291 241 0.00179725250465
291 242 0.00179725250465
291 243 0.00179725250465
291 244 0.00179725250465
291 245 0.00179725250465
291 246 0.00179725250465
291 247 0.00179725250465
291 248 0.00179725250465
291 249 0.00179725250465
291 250 0.00179725250465
291 251 0.00179725250465
291 252 0.00179725250465
291 253 0.00179725250465
291 254 0.00179725250465
291 255 0.00179725250465
291 256 0.00179725250465
291 257 0.00179725250465
291 258 0.00179725250465
291 259 0.00179725250465
291 260 0.00179725250465
291 261 0.00179725250465
291 262 0.00179725250465
291 263 0.00179725250465
291 264 0.00179725250465
291 265 0.00179725250465
291 266 0.00179725250465
291 267 0.00179725250465
291 268 0.00179725250465
291 269 0.00179725250465
291 270 0.00179725250465
291 271 0.00179725250465
291 272 0.00179725250465
291 273 0.00179725250465
291 274 0.00179725250465
291 275 0.00179725250465
291 276 0.00179725250465
291 277 0.00179725250465
291 278 0.00179725250465
291 279 0.00179725250465
291 280 0.00179725250465
291 281 0.00179725250465
291 282 0.00179725250465
291 283 0.00179725250465
291 284 0.00179725250465
291 285 0.00179725250465
291 286 0.00179725250465
291 287 0.00179725250465
291 288 0.00179725250465
291 289 0.00179725250465
291 290 0.00179725250465
291 291 0.00179725250465
291 292 0.00179725250465
291 293 0.00179725250465
291 294 0.00179725250465
291 295 0.00179725250465
291 296 0.00179725250465
291 297 0.00201491284258
291 298 0.00179725250465
291 299 0.00201491284258
291 300 0.00105098848888
291 301 0.000752482882569
291 302 0.00224501091411
291 303 0.00139924502957
291 304 5.59698011828e-05
291 305 0.000155471669952
291 306 2.48754671924e-05
291 307 0.00328978053619
291 308 0.000503728210645
291 309 0.00224501091411
291 310 6.21886679809e-06
291 311 0.000304724473107
291 312 0.0
291 313 6.21886679809e-06
291 314 6.21886679809e-06
291 315 2.48754671924e-05
291 316 0.0
291 317 2.48754671924e-05
291 318 0.0
291 319 6.21886679809e-06
291 320 6.21886679809e-06
291 321 6.21886679809e-06
291 322 6.21886679809e-06
291 323 2.48754671924e-05
291 324 0.0
291 325 0.00159202990031
291 326 0.0
291 327 0.00139924502957
291 328 0.0
291 329 9.95018687695e-05
291 330 0.0
291 331 6.21886679809e-06
291 332 0.0
291 333 2.48754671924e-05
291 334 0.0
291 335 0.0
291 336 0.0
291 337 0.0
291 338 0.0
291 339 0.0
291 340 0.0
291 341 0.000304724473107
291 342 0.0
291 343 0.00139924502957
291 344 0.0
291 345 0.000304724473107
291 346 0.0
291 347 9.95018687695e-05
291 348 0.0
291 349 0.000895516818925
291 350 0.0
291 351 0.000621886679809
291 352 0.0
291 353 0.000155471669952
291 354 0.0
291 355 6.21886679809e-06
291 356 0.0
291 357 0.0
291 358 0.0
291 359 0.0
291 360 0.0
291 361 0.0
291 362 0.0
291 363 2.48754671924e-05
291 364 0.0
291 365 6.21886679809e-06
291 366 0.0
291 367 0.000223879204731
291 368 0.0
291 369 9.95018687695e-05
291 370 0.0
291 371 0.000223879204731
291 372 6.21886679809e-06
291 373 9.95018687695e-05
291 374 6.21886679809e-06
291 375 0.000155471669952
291 376 6.21886679809e-06
291 377 6.21886679809e-06
291 378 0.0
291 379 0.0
291 380 6.21886679809e-06
291 381 5.59698011828e-05
291 382 6.21886679809e-06
291 383 2.48754671924e-05
291 384 6.21886679809e-06
291 385 6.21886679809e-06
291 386 6.21886679809e-06
291 387 5.59698011828e-05
291 388 0.0
291 389 0.0
291 390 0.0
291 391 9.95018687695e-05
291 392 0.0
291 393 2.48754671924e-05
291 394 6.21886679809e-06
291 395 9.95018687695e-05
291 396 0.0
291 397 9.95018687695e-05
291 398 0.0
291 399 2.48754671924e-05
291 400 0.0
292 0 0.0
292 1 2.48754671924e-05
292 2 0.0
292 3 2.48754671924e-05
292 4 0.0
292 5 0.000155471669952
292 6 0.0
292 7 0.000304724473107
292 8 0.0
292 9 5.59698011828e-05
292 10 0.0
292 11 0.000398007475078
292 12 0.0
292 13 5.59698011828e-05
292 14 0.0
292 15 5.59698011828e-05
292 16 0.0
292 17 9.95018687695e-05
292 18 0.0
292 19 6.21886679809e-06
292 20 0.0
292 21 6.21886679809e-06
292 22 0.0
292 23 0.0
292 24 0.0
292 25 6.21886679809e-06
292 26 0.0
292 27 6.21886679809e-06
292 28 0.0
292 29 0.000304724473107
292 30 0.0
292 31 9.95018687695e-05
292 32 0.0
292 33 2.48754671924e-05
292 34 0.0
292 35 6.21886679809e-06
292 36 0.0
292 37 0.000621886679809
292 38 0.0
292 39 0.000223879204731
292 40 0.0
292 41 6.21886679809e-06
292 42 0.0
292 43 5.59698011828e-05
292 44 0.0
292 45 0.0
292 46 0.0
292 47 6.21886679809e-06
292 48 0.0
292 49 0.0
292 50 0.0
292 51 0.0
292 52 0.0
292 53 0.0
292 54 0.0
292 55 6.21886679809e-06
292 56 0.0
292 57 6.21886679809e-06
292 58 0.0
292 59 0.000155471669952
292 60 0.0
292 61 0.000895516818925
292 62 0.0
292 63 0.000223879204731
292 64 0.0
292 65 0.000304724473107
292 66 0.0
292 67 0.000398007475078
292 68 0.0
292 69 9.95018687695e-05
292 70 0.0
292 71 6.21886679809e-06
292 72 0.0
292 73 2.48754671924e-05
292 74 0.0
292 75 0.0
292 76 0.0
292 77 6.21886679809e-06
292 78 0.0
292 79 0.0
292 80 0.0
292 81 0.0
292 82 0.0
292 83 0.0
292 84 0.0
292 85 0.000304724473107
292 86 0.0
292 87 0.000621886679809
292 88 0.0
292 89 0.00179725250465
292 90 0.0
292 91 9.95018687695e-05
292 92 0.0
292 93 0.000752482882569
292 94 0.0
292 95 0.00179725250465
292 96 0.0
292 97 5.59698011828e-05
292 98 0.0
292 99 0.0
292 100 0.0
292 101 6.21886679809e-06
292 102 0.0
292 103 0.0
292 104 0.0
292 105 0.0
292 106 0.0
292 107 9.95018687695e-05
292 108 0.0
292 109 0.000752482882569
292 110 0.0
292 111 0.000223879204731
292 112 0.0
292 113 9.95018687695e-05
292 114 0.0
292 115 0.000398007475078
292 116 0.0
292 117 0.000223879204731
292 118 0.0
292 119 5.59698011828e-05
292 120 0.0
292 121 6.21886679809e-06
292 122 0.0
292 123 6.21886679809e-06
292 124 0.0
292 125 0.0
292 126 0.0
292 127 0.0
292 128 0.0
292 129 0.0
292 130 0.0
292 131 0.0
292 132 0.0
292 133 0.0
292 134 0.0
292 135 0.0
292 136 0.0
292 137 0.0
292 138 0.0
292 139 0.0
292 140 0.0
292 141 0.0
292 142 0.0
292 143 0.0
292 144 0.0
292 145 0.0
292 146 0.0
292 147 0.0
292 148 0.0
292 149 0.0
292 150 0.0
292 151 0.0
292 152 0.0
292 153 0.0
292 154 0.0
292 155 0.0
292 156 0.0
292 157 0.0
292 158 0.0
292 159 0.0
292 160 0.0
292 161 0.0
292 162 0.0
292 163 0.0
292 164 0.0
292 165 0.0
292 166 0.0
292 167 0.0
292 168 0.0
292 169 0.0
292 170 0.0
292 171 0.0
292 172 0.0
292 173 0.0
292 174 0.0
292 175 0.0
292 176 0.0
292 177 0.0
292 178 0.0
292 179 0.0
292 180 0.0
292 181 0.0
292 182 0.0
292 183 0.0
292 184 0.0
292 185 0.0
292 186 0.0
292 187 0.0
292 188 0.0
292 189 0.0
292 190 0.0
292 191 0.0
292 192 0.0
292 193 0.0
292 194 0.0
292 195 0.0
292 196 0.0
292 197 0.0
292 198 0.0
292 199 0.0
292 200 0.0
292 201 0.0
292 202 0.0
292 203 0.0
292 204 0.0
292 205 0.0
292 206 0.0
292 207 0.0
292 208 0.0
292 209 0.0
292 210 0.0
292 211 0.0
292 212 0.0
292 213 0.0
292 214 0.0
292 215 0.0
292 216 0.0
292 217 0.0
292 218 0.0
292 219 0.0
292 220 0.0
292 221 0.0
292 222 0.0
292 223 0.0
292 224 0.0
292 225 0.0
292 226 0.0
292 227 0.0
292 228 0.0
292 229 0.0
292 230 0.0
292 231 0.0
292 232 0.0
292 233 0.0
292 234 0.0
292 235 0.0
292 236 0.0
292 237 0.0
292 238 0.0
292 239 0.0
292 240 0.0
292 241 0.0
292 242 0.0
292 243 0.0
292 244 0.0
292 245 0.0
292 246 0.0
292 247 0.0
292 248 0.0
292 249 0.0
292 250 0.0
292 251 0.0
292 252 0.0
292 253 0.0
292 254 0.0
292 255 0.0
292 256 0.0
292 257 0.0
292 258 0.0
292 259 0.0
292 260 0.0
292 261 0.0
292 262 0.0
292 263 0.0
292 264 0.0
292 265 0.0
292 266 0.0
292 267 0.0
292 268 0.0
292 269 0.0
292 270 0.0
292 271 0.0
292 272 0.0
292 273 0.0
292 274 0.0
292 275 0.0
292 276 0.0
292 277 0.0
292 278 0.0
292 279 0.0
292 280 0.0
292 281 0.0
292 282 0.0
292 283 0.0
292 284 0.0
292 285 0.0
292 286 0.0
292 287 0.0
292 288 0.0
292 289 0.0
292 290 0.0
292 291 0.0
292 292 0.0
292 293 0.0
292 294 0.0
292 295 0.0
292 296 0.0
292 297 6.21886679809e-06
292 298 0.0
292 299 5.59698011828e-05
292 300 0.0
292 301 6.21886679809e-06
292 302 0.0
292 303 2.48754671924e-05
292 304 0.0
292 305 0.000155471669952
292 306 0.0
292 307 0.0048755915697
292 308 0.0
292 309 0.00274252025796
292 310 0.0
292 311 0.000503728210645
292 312 0.0
292 313 6.21886679809e-06
292 314 0.0
292 315 2.48754671924e-05
292 316 0.0
292 317 2.48754671924e-05
292 318 0.0
292 319 6.21886679809e-06
292 320 0.0
292 321 0.0
292 322 0.0
292 323 6.21886679809e-06
292 324 0.0
292 325 0.00139924502957
292 326 0.0
292 327 0.00105098848888
292 328 0.0
292 329 9.95018687695e-05
292 330 0.0
292 331 6.21886679809e-06
292 332 0.0
292 333 2.48754671924e-05
292 334 0.0
292 335 0.0
292 336 0.0
292 337 0.0
292 338 0.0
292 339 0.0
292 340 0.0
292 341 0.000304724473107
292 342 0.0
292 343 0.00139924502957
292 344 0.0
292 345 0.000304724473107
292 346 0.0
292 347 9.95018687695e-05
292 348 0.0
292 349 0.000895516818925
292 350 0.0
292 351 0.000621886679809
292 352 0.0
292 353 0.000155471669952
292 354 0.0
292 355 6.21886679809e-06
292 356 0.0
292 357 0.0
292 358 0.0
292 359 0.0
292 360 0.0
292 361 0.0
292 362 0.0
292 363 2.48754671924e-05
292 364 0.0
292 365 6.21886679809e-06
292 366 0.0
292 367 0.000223879204731
292 368 0.0
292 369 9.95018687695e-05
292 370 0.0
292 371 0.000398007475078
292 372 0.0
292 373 0.000223879204731
292 374 0.0
292 375 0.000155471669952
292 376 0.0
292 377 2.48754671924e-05
292 378 0.0
292 379 6.21886679809e-06
292 380 0.0
292 381 2.48754671924e-05
292 382 0.0
292 383 2.48754671924e-05
292 384 0.0
292 385 2.48754671924e-05
292 386 0.0
292 387 2.48754671924e-05
292 388 0.0
292 389 6.21886679809e-06
292 390 0.0
292 391 9.95018687695e-05
292 392 0.0
292 393 6.21886679809e-06
292 394 0.0
292 395 5.59698011828e-05
292 396 0.0
292 397 5.59698011828e-05
292 398 0.0
292 399 2.48754671924e-05
292 400 0.0
293 0 0.0
293 1 2.48754671924e-05
293 2 0.0
293 3 2.48754671924e-05
293 4 0.0
293 5 0.000155471669952
293 6 0.0
293 7 0.000304724473107
293 8 6.21886679809e-06
293 9 5.59698011828e-05
293 10 6.21886679809e-06
293 11 0.000398007475078
293 12 0.0
293 13 5.59698011828e-05
293 14 0.0
293 15 5.59698011828e-05
293 16 0.0
293 17 9.95018687695e-05
293 18 0.0
293 19 6.21886679809e-06
293 20 0.0
293 21 6.21886679809e-06
293 22 0.0
293 23 0.0
293 24 0.0
293 25 6.21886679809e-06
293 26 0.0
293 27 6.21886679809e-06
293 28 0.0
293 29 0.000304724473107
293 30 0.0
293 31 9.95018687695e-05
293 32 0.0
293 33 2.48754671924e-05
293 34 0.0
293 35 6.21886679809e-06
293 36 0.0
293 37 0.000621886679809
293 38 0.0
293 39 0.000223879204731
293 40 0.0
293 41 6.21886679809e-06
293 42 0.0
293 43 5.59698011828e-05
293 44 0.0
293 45 0.0
293 46 0.0
293 47 6.21886679809e-06
293 48 0.0
293 49 0.0
293 50 0.0
293 51 0.0
293 52 0.0
293 53 0.0
293 54 0.0
293 55 6.21886679809e-06
293 56 0.0
293 57 6.21886679809e-06
293 58 0.0
293 59 0.000155471669952
293 60 0.0
293 61 0.000895516818925
293 62 0.0
293 63 0.000223879204731
293 64 0.0
293 65 0.000304724473107
293 66 0.0
293 67 0.000398007475078
293 68 0.0
293 69 9.95018687695e-05
293 70 0.0
293 71 6.21886679809e-06
293 72 0.0
293 73 2.48754671924e-05
293 74 0.0
293 75 0.0
293 76 0.0
293 77 6.21886679809e-06
293 78 0.0
293 79 0.0
293 80 0.0
293 81 0.0
293 82 0.0
293 83 0.0
293 84 0.0
293 85 0.000304724473107
293 86 0.0
293 87 0.000621886679809
293 88 0.0
293 89 0.00179725250465
293 90 0.0
293 91 9.95018687695e-05
293 92 0.0
293 93 0.000752482882569
293 94 0.0
293 95 0.00179725250465
293 96 0.0
293 97 5.59698011828e-05
293 98 0.0
293 99 0.0
293 100 0.0
293 101 6.21886679809e-06
293 102 0.0
293 103 0.0
293 104 0.0
293 105 0.0
293 106 0.0
293 107 6.21886679809e-06
293 108 0.0
293 109 0.000503728210645
293 110 2.48754671924e-05
293 111 0.000398007475078
293 112 6.21886679809e-06
293 113 0.0
293 114 2.48754671924e-05
293 115 0.000304724473107
293 116 0.000752482882569
293 117 0.00121889789243
293 118 0.00201491284258
293 119 0.00224501091411
293 120 0.00224501091411
293 121 0.00201491284258
293 122 0.00179725250465
293 123 0.00159202990031
293 124 0.00179725250465
293 125 0.00179725250465
293 126 0.00179725250465
293 127 0.00179725250465
293 128 0.00139924502957
293 129 0.00139924502957
293 130 0.00139924502957
293 131 0.00139924502957
293 132 0.00139924502957
293 133 0.00139924502957
293 134 0.00139924502957
293 135 0.00139924502957
293 136 0.00139924502957
293 137 0.00139924502957
293 138 0.00139924502957
293 139 0.00139924502957
293 140 0.00139924502957
293 141 0.00139924502957
293 142 0.00159202990031
293 143 0.00179725250465
293 144 0.00179725250465
293 145 0.00179725250465
293 146 0.00179725250465
293 147 0.00179725250465
293 148 0.00179725250465
293 149 0.00179725250465
293 150 0.00179725250465
293 151 0.00179725250465
293 152 0.00179725250465
293 153 0.00179725250465
293 154 0.00179725250465
293 155 0.00179725250465
293 156 0.00179725250465
293 157 0.00179725250465
293 158 0.00179725250465
293 159 0.00179725250465
293 160 0.00179725250465
293 161 0.00179725250465
293 162 0.00179725250465
293 163 0.00179725250465
293 164 0.00179725250465
293 165 0.00179725250465
293 166 0.00179725250465
293 167 0.00179725250465
293 168 0.00179725250465
293 169 0.00179725250465
293 170 0.00179725250465
293 171 0.00179725250465
293 172 0.00179725250465
293 173 0.00179725250465
293 174 0.00179725250465
293 175 0.00179725250465
293 176 0.00179725250465
293 177 0.00179725250465
293 178 0.00179725250465
293 179 0.00179725250465
293 180 0.00179725250465
293 181 0.00179725250465
293 182 0.00179725250465
293 183 0.00179725250465
293 184 0.00179725250465
293 185 0.00179725250465
293 186 0.00179725250465
293 187 0.00179725250465
293 188 0.00179725250465
293 189 0.00179725250465
293 190 0.00179725250465
293 191 0.00179725250465
293 192 0.00179725250465
293 193 0.00179725250465
293 194 0.00179725250465
293 195 0.00179725250465
293 196 0.00179725250465
293 197 0.00179725250465
293 198 0.00179725250465
293 199 0.00179725250465
293 200 0.00179725250465
293 201 0.00179725250465
293 202 0.00179725250465
293 203 0.00179725250465
293 204 0.00179725250465
293 205 0.00179725250465
293 206 0.00159202990031
293 207 0.00139924502957
293 208 0.00139924502957
293 209 0.00139924502957
293 210 0.00139924502957
293 211 0.00139924502957
293 212 0.00139924502957
293 213 0.00139924502957
293 214 0.00139924502957
293 215 0.00139924502957
293 216 0.00139924502957
293 217 0.00139924502957
293 218 0.00139924502957
293 219 0.00139924502957
293 220 0.00139924502957
293 221 0.00179725250465
293 222 0.00179725250465
293 223 0.00179725250465
293 224 0.00179725250465
293 225 0.00179725250465
293 226 0.00179725250465
293 227 0.00179725250465
293 228 0.00179725250465
293 229 0.00179725250465
293 230 0.00179725250465
293 231 0.00179725250465
293 232 0.00179725250465
293 233 0.00179725250465
293 234 0.00179725250465
293 235 0.00139924502957
293 236 0.00139924502957
293 237 0.00139924502957
293 238 0.00139924502957
293 239 0.00139924502957
293 240 0.00139924502957
293 241 0.00139924502957
293 242 0.00159202990031
293 243 0.00179725250465
293 244 0.00179725250465
293 245 0.00179725250465
293 246 0.00179725250465
293 247 0.00179725250465
293 248 0.00179725250465
293 249 0.00179725250465
293 250 0.00179725250465
293 251 0.00179725250465
293 252 0.00179725250465
293 253 0.00179725250465
293 254 0.00179725250465
293 255 0.00179725250465
293 256 0.00179725250465
293 257 0.00179725250465
293 258 0.00179725250465
293 259 0.00179725250465
293 260 0.00179725250465
293 261 0.00179725250465
293 262 0.00179725250465
293 263 0.00179725250465
293 264 0.00179725250465
293 265 0.00179725250465
293 266 0.00179725250465
293 267 0.00179725250465
293 268 0.00179725250465
293 269 0.00179725250465
293 270 0.00179725250465
293 271 0.00179725250465
293 272 0.00179725250465
293 273 0.00179725250465
293 274 0.00179725250465
293 275 0.00179725250465
293 276 0.00179725250465
293 277 0.00179725250465
293 278 0.00139924502957
293 279 0.00139924502957
293 280 0.00139924502957
293 281 0.00139924502957
293 282 0.00139924502957
293 283 0.00139924502957
293 284 0.00139924502957
293 285 0.00139924502957
293 286 0.00139924502957
293 287 0.00139924502957
293 288 0.00139924502957
293 289 0.00139924502957
293 290 0.00139924502957
293 291 0.00139924502957
293 292 0.00139924502957
293 293 0.00139924502957
293 294 0.00139924502957
293 295 0.00139924502957
293 296 0.00139924502957
293 297 0.00121889789243
293 298 0.00121889789243
293 299 0.00274252025796
293 300 0.0035820672757
293 301 0.00248754671924
293 302 0.00201491284258
293 303 0.000895516818925
293 304 0.000304724473107
293 305 9.95018687695e-05
293 306 5.59698011828e-05
293 307 0.00898004365644
293 308 9.95018687695e-05
293 309 0.00328978053619
293 310 6.21886679809e-06
293 311 0.000503728210645
293 312 0.0
293 313 6.21886679809e-06
293 314 6.21886679809e-06
293 315 2.48754671924e-05
293 316 0.0
293 317 2.48754671924e-05
293 318 0.0
293 319 6.21886679809e-06
293 320 0.0
293 321 6.21886679809e-06
293 322 6.21886679809e-06
293 323 0.0
293 324 0.0
293 325 0.00139924502957
293 326 0.0
293 327 0.00105098848888
293 328 0.0
293 329 9.95018687695e-05
293 330 0.0
293 331 6.21886679809e-06
293 332 0.0
293 333 2.48754671924e-05
293 334 0.0
293 335 0.0
293 336 0.0
293 337 0.0
293 338 0.0
293 339 0.0
293 340 0.0
293 341 0.000304724473107
293 342 0.0
293 343 0.00139924502957
293 344 0.0
293 345 0.000304724473107
293 346 0.0
293 347 9.95018687695e-05
293 348 0.0
293 349 0.000895516818925
293 350 0.0
293 351 0.000621886679809
293 352 0.0
293 353 0.000155471669952
293 354 0.0
293 355 6.21886679809e-06
293 356 0.0
293 357 0.0
293 358 0.0
293 359 0.0
293 360 0.0
293 361 0.0
293 362 0.0
293 363 2.48754671924e-05
293 364 0.0
293 365 6.21886679809e-06
293 366 0.0
293 367 0.000304724473107
293 368 0.0
293 369 0.000155471669952
293 370 0.0
293 371 0.000398007475078
293 372 0.0
293 373 0.000155471669952
293 374 6.21886679809e-06
293 375 0.000155471669952
293 376 6.21886679809e-06
293 377 2.48754671924e-05
293 378 0.0
293 379 0.0
293 380 6.21886679809e-06
293 381 2.48754671924e-05
293 382 6.21886679809e-06
293 383 5.59698011828e-05
293 384 6.21886679809e-06
293 385 2.48754671924e-05
293 386 6.21886679809e-06
293 387 5.59698011828e-05
293 388 0.0
293 389 6.21886679809e-06
293 390 0.0
293 391 5.59698011828e-05
293 392 0.0
293 393 6.21886679809e-06
293 394 6.21886679809e-06
293 395 9.95018687695e-05
293 396 0.0
293 397 9.95018687695e-05
293 398 0.0
293 399 2.48754671924e-05
293 400 0.0
294 0 0.0
294 1 2.48754671924e-05
294 2 0.0
294 3 2.48754671924e-05
294 4 0.0
294 5 0.000155471669952
294 6 0.0
294 7 0.000304724473107
294 8 0.0
294 9 2.48754671924e-05
294 10 0.0
294 11 0.000398007475078
294 12 0.0
294 13 5.59698011828e-05
294 14 0.0
294 15 5.59698011828e-05
294 16 0.0
294 17 9.95018687695e-05
294 18 0.0
294 19 6.21886679809e-06
294 20 0.0
294 21 6.21886679809e-06
294 22 0.0
294 23 0.0
294 24 0.0
294 25 6.21886679809e-06
294 26 0.0
294 27 6.21886679809e-06
294 28 0.0
294 29 0.000304724473107
294 30 0.0
294 31 9.95018687695e-05
294 32 0.0
294 33 2.48754671924e-05
294 34 0.0
294 35 6.21886679809e-06
294 36 0.0
294 37 0.000621886679809
294 38 0.0
294 39 0.000223879204731
294 40 0.0
294 41 6.21886679809e-06
294 42 0.0
294 43 5.59698011828e-05
294 44 0.0
294 45 0.0
294 46 0.0
294 47 6.21886679809e-06
294 48 0.0
294 49 0.0
294 50 0.0
294 51 0.0
294 52 0.0
294 53 0.0
294 54 0.0
294 55 6.21886679809e-06
294 56 0.0
294 57 6.21886679809e-06
294 58 0.0
294 59 0.000155471669952
294 60 0.0
294 61 0.000895516818925
294 62 0.0
294 63 0.000223879204731
294 64 0.0
294 65 0.000304724473107
294 66 0.0
294 67 0.000398007475078
294 68 0.0
294 69 9.95018687695e-05
294 70 0.0
294 71 6.21886679809e-06
294 72 0.0
294 73 2.48754671924e-05
294 74 0.0
294 75 0.0
294 76 0.0
294 77 6.21886679809e-06
294 78 0.0
294 79 0.0
294 80 0.0
294 81 0.0
294 82 0.0
294 83 0.0
294 84 0.0
294 85 0.000304724473107
294 86 0.0
294 87 0.000621886679809
294 88 0.0
294 89 0.00179725250465
294 90 0.0
294 91 9.95018687695e-05
294 92 0.0
294 93 0.000752482882569
294 94 0.0
294 95 0.00179725250465
294 96 0.0
294 97 5.59698011828e-05
294 98 0.0
294 99 0.0
294 100 0.0
294 101 6.21886679809e-06
294 102 0.0
294 103 0.0
294 104 0.0
294 105 0.0
294 106 0.0
294 107 0.0
294 108 0.0
294 109 0.000503728210645
294 110 0.0
294 111 0.00121889789243
294 112 0.0
294 113 0.000503728210645
294 114 0.0
294 115 6.21886679809e-06
294 116 0.0
294 117 0.0
294 118 0.0
294 119 0.0
294 120 0.0
294 121 0.0
294 122 0.0
294 123 0.0
294 124 0.0
294 125 0.0
294 126 0.0
294 127 0.0
294 128 0.0
294 129 0.0
294 130 0.0
294 131 0.0
294 132 0.0
294 133 0.0
294 134 0.0
294 135 0.0
294 136 0.0
294 137 0.0
294 138 0.0
294 139 0.0
294 140 0.0
294 141 0.0
294 142 0.0
294 143 0.0
294 144 0.0
294 145 0.0
294 146 0.0
294 147 0.0
294 148 0.0
294 149 0.0
294 150 0.0
294 151 0.0
294 152 0.0
294 153 0.0
294 154 0.0
294 155 0.0
294 156 0.0
294 157 0.0
294 158 0.0
294 159 0.0
294 160 0.0
294 161 0.0
294 162 0.0
294 163 0.0
294 164 0.0
294 165 0.0
294 166 0.0
294 167 0.0
294 168 0.0
294 169 0.0
294 170 0.0
294 171 0.0
294 172 0.0
294 173 0.0
294 174 0.0
294 175 0.0
294 176 0.0
294 177 0.0
294 178 0.0
294 179 0.0
294 180 0.0
294 181 0.0
294 182 0.0
294 183 0.0
294 184 0.0
294 185 0.0
294 186 0.0
294 187 0.0
294 188 0.0
294 189 0.0
294 190 0.0
294 191 0.0
294 192 0.0
294 193 0.0
294 194 0.0
294 195 0.0
294 196 0.0
294 197 0.0
294 198 0.0
294 199 0.0
294 200 0.0
294 201 0.0
294 202 0.0
294 203 0.0
294 204 0.0
294 205 0.0
294 206 0.0
294 207 0.0
294 208 0.0
294 209 0.0
294 210 0.0
294 211 0.0
294 212 0.0
294 213 0.0
294 214 0.0
294 215 0.0
294 216 0.0
294 217 0.0
294 218 0.0
294 219 0.0
294 220 0.0
294 221 0.0
294 222 0.0
294 223 0.0
294 224 0.0
294 225 0.0
294 226 0.0
294 227 0.0
294 228 0.0
294 229 0.0
294 230 0.0
294 231 0.0
294 232 0.0
294 233 0.0
294 234 0.0
294 235 0.0
294 236 0.0
294 237 0.0
294 238 0.0
294 239 0.0
294 240 0.0
294 241 0.0
294 242 0.0
294 243 0.0
294 244 0.0
294 245 0.0
294 246 0.0
294 247 0.0
294 248 0.0
294 249 0.0
294 250 0.0
294 251 0.0
294 252 0.0
294 253 0.0
294 254 0.0
294 255 0.0
294 256 0.0
294 257 0.0
294 258 0.0
294 259 0.0
294 260 0.0
294 261 0.0
294 262 0.0
294 263 0.0
294 264 0.0
294 265 0.0
294 266 0.0
294 267 0.0
294 268 0.0
294 269 0.0
294 270 0.0
294 271 0.0
294 272 0.0
294 273 0.0
294 274 0.0
294 275 0.0
294 276 0.0
294 277 0.0
294 278 0.0
294 279 0.0
294 280 0.0
294 281 0.0
294 282 0.0
294 283 0.0
294 284 0.0
294 285 0.0
294 286 0.0
294 287 0.0
294 288 0.0
294 289 0.0
294 290 0.0
294 291 0.0
294 292 0.0
294 293 0.0
294 294 0.0
294 295 0.0
294 296 0.0
294 297 0.0
294 298 0.0
294 299 0.0
294 300 0.0
294 301 0.0
294 302 0.0
294 303 0.0
294 304 0.0
294 305 2.48754671924e-05
294 306 0.0
294 307 0.00995018687695
294 308 0.0
294 309 0.00300993153028
294 310 0.0
294 311 0.000223879204731
294 312 0.0
294 313 5.59698011828e-05
294 314 0.0
294 315 6.21886679809e-06
294 316 0.0
294 317 2.48754671924e-05
294 318 0.0
294 319 6.21886679809e-06
294 320 0.0
294 321 6.21886679809e-06
294 322 0.0
294 323 0.0
294 324 0.0
294 325 0.00139924502957
294 326 0.0
294 327 0.00105098848888
294 328 0.0
294 329 9.95018687695e-05
294 330 0.0
294 331 6.21886679809e-06
294 332 0.0
294 333 2.48754671924e-05
294 334 0.0
294 335 0.0
294 336 0.0
294 337 0.0
294 338 0.0
294 339 0.0
294 340 0.0
294 341 0.000304724473107
294 342 0.0
294 343 0.00139924502957
294 344 0.0
294 345 0.000304724473107
294 346 0.0
294 347 9.95018687695e-05
294 348 0.0
294 349 0.000895516818925
294 350 0.0
294 351 0.000621886679809
294 352 0.0
294 353 0.000155471669952
294 354 0.0
294 355 6.21886679809e-06
294 356 0.0
294 357 0.0
294 358 0.0
294 359 0.0
294 360 0.0
294 361 0.0
294 362 0.0
294 363 2.48754671924e-05
294 364 0.0
294 365 6.21886679809e-06
294 366 0.0
294 367 0.000304724473107
294 368 0.0
294 369 0.000155471669952
294 370 0.0
294 371 0.000398007475078
294 372 0.0
294 373 0.000155471669952
294 374 0.0
294 375 9.95018687695e-05
294 376 0.0
294 377 2.48754671924e-05
294 378 0.0
294 379 0.0
294 380 0.0
294 381 5.59698011828e-05
294 382 0.0
294 383 5.59698011828e-05
294 384 0.0
294 385 5.59698011828e-05
294 386 0.0
294 387 5.59698011828e-05
294 388 0.0
294 389 6.21886679809e-06
294 390 0.0
294 391 5.59698011828e-05
294 392 0.0
294 393 6.21886679809e-06
294 394 0.0
294 395 5.59698011828e-05
294 396 0.0
294 397 5.59698011828e-05
294 398 0.0
294 399 2.48754671924e-05
294 400 0.0
295 0 0.0
295 1 2.48754671924e-05
295 2 0.0
295 3 2.48754671924e-05
295 4 0.0
295 5 0.000155471669952
295 6 0.0
295 7 0.000304724473107
295 8 6.21886679809e-06
295 9 5.59698011828e-05
295 10 0.0
295 11 0.000398007475078
295 12 6.21886679809e-06
295 13 2.48754671924e-05
295 14 6.21886679809e-06
295 15 9.95018687695e-05
295 16 0.0
295 17 9.95018687695e-05
295 18 0.0
295 19 6.21886679809e-06
295 20 6.21886679809e-06
295 21 6.21886679809e-06
295 22 0.0
295 23 6.21886679809e-06
295 24 0.0
295 25 6.21886679809e-06
295 26 0.0
295 27 6.21886679809e-06
295 28 0.0
295 29 0.000304724473107
295 30 0.0
295 31 9.95018687695e-05
295 32 0.0
295 33 2.48754671924e-05
295 34 0.0
295 35 6.21886679809e-06
295 36 0.0
295 37 0.000621886679809
295 38 0.0
295 39 0.000223879204731
295 40 0.0
295 41 6.21886679809e-06
295 42 0.0
295 43 5.59698011828e-05
295 44 0.0
295 45 0.0
295 46 0.0
295 47 6.21886679809e-06
295 48 0.0
295 49 0.0
295 50 0.0
295 51 0.0
295 52 0.0
295 53 0.0
295 54 0.0
295 55 6.21886679809e-06
295 56 0.0
295 57 6.21886679809e-06
295 58 0.0
295 59 0.000155471669952
295 60 6.21886679809e-06
295 61 0.00121889789243
295 62 6.21886679809e-06
295 63 0.000155471669952
295 64 0.0
295 65 0.000304724473107
295 66 0.0
295 67 0.000398007475078
295 68 0.0
295 69 9.95018687695e-05
295 70 0.0
295 71 6.21886679809e-06
295 72 0.0
295 73 2.48754671924e-05
295 74 0.0
295 75 0.0
295 76 0.0
295 77 6.21886679809e-06
295 78 0.0
295 79 0.0
295 80 0.0
295 81 0.0
295 82 0.0
295 83 0.0
295 84 0.0
295 85 0.000304724473107
295 86 0.0
295 87 0.000621886679809
295 88 0.0
295 89 0.00179725250465
295 90 0.0
295 91 9.95018687695e-05
295 92 0.0
295 93 0.000752482882569
295 94 6.21886679809e-06
295 95 0.00179725250465
295 96 0.0
295 97 5.59698011828e-05
295 98 0.0
295 99 0.0
295 100 0.0
295 101 6.21886679809e-06
295 102 0.0
295 103 0.0
295 104 0.0
295 105 0.0
295 106 0.0
295 107 9.95018687695e-05
295 108 0.0
295 109 0.000398007475078
295 110 2.48754671924e-05
295 111 0.000503728210645
295 112 0.00121889789243
295 113 0.00761811182766
295 114 0.00201491284258
295 115 0.00139924502957
295 116 0.00105098848888
295 117 0.000895516818925
295 118 0.000895516818925
295 119 0.000752482882569
295 120 0.000752482882569
295 121 0.00121889789243
295 122 0.00159202990031
295 123 0.00159202990031
295 124 0.00159202990031
295 125 0.00139924502957
295 126 0.00159202990031
295 127 0.00159202990031
295 128 0.00159202990031
295 129 0.00159202990031
295 130 0.00159202990031
295 131 0.00159202990031
295 132 0.00159202990031
295 133 0.00159202990031
295 134 0.00159202990031
295 135 0.00159202990031
295 136 0.00159202990031
295 137 0.00159202990031
295 138 0.00159202990031
295 139 0.00159202990031
295 140 0.00159202990031
295 141 0.00159202990031
295 142 0.00159202990031
295 143 0.00159202990031
295 144 0.00159202990031
295 145 0.00159202990031
295 146 0.00159202990031
295 147 0.00159202990031
295 148 0.00159202990031
295 149 0.00159202990031
295 150 0.00159202990031
295 151 0.00159202990031
295 152 0.00159202990031
295 153 0.00159202990031
295 154 0.00159202990031
295 155 0.00159202990031
295 156 0.00159202990031
295 157 0.00159202990031
295 158 0.00159202990031
295 159 0.00159202990031
295 160 0.00159202990031
295 161 0.00159202990031
295 162 0.00159202990031
295 163 0.00159202990031
295 164 0.00159202990031
295 165 0.00159202990031
295 166 0.00159202990031
295 167 0.00159202990031
295 168 0.00159202990031
295 169 0.00159202990031
295 170 0.00159202990031
295 171 0.00159202990031
295 172 0.00159202990031
295 173 0.00159202990031
295 174 0.00159202990031
295 175 0.00159202990031
295 176 0.00159202990031
295 177 0.00159202990031
295 178 0.00159202990031
295 179 0.00159202990031
295 180 0.00159202990031
295 181 0.00159202990031
295 182 0.00159202990031
295 183 0.00159202990031
295 184 0.00159202990031
295 185 0.00159202990031
295 186 0.00159202990031
295 187 0.00159202990031
295 188 0.00159202990031
295 189 0.00159202990031
295 190 0.00159202990031
295 191 0.00159202990031
295 192 0.00159202990031
295 193 0.00159202990031
295 194 0.00159202990031
295 195 0.00159202990031
295 196 0.00159202990031
295 197 0.00159202990031
295 198 0.00159202990031
295 199 0.00159202990031
295 200 0.00159202990031
295 201 0.00159202990031
295 202 0.00159202990031
295 203 0.00159202990031
295 204 0.00159202990031
295 205 0.00159202990031
295 206 0.00159202990031
295 207 0.00159202990031
295 208 0.00159202990031
295 209 0.00159202990031
295 210 0.00159202990031
295 211 0.00159202990031
295 212 0.00159202990031
295 213 0.00159202990031
295 214 0.00159202990031
295 215 0.00159202990031
295 216 0.00159202990031
295 217 0.00159202990031
295 218 0.00159202990031
295 219 0.00159202990031
295 220 0.00159202990031
295 221 0.00159202990031
295 222 0.00159202990031
295 223 0.00159202990031
295 224 0.00159202990031
295 225 0.00159202990031
295 226 0.00159202990031
295 227 0.00159202990031
295 228 0.00159202990031
295 229 0.00159202990031
295 230 0.00159202990031
295 231 0.00159202990031
295 232 0.00159202990031
295 233 0.00159202990031
295 234 0.00159202990031
295 235 0.00159202990031
295 236 0.00159202990031
295 237 0.00159202990031
295 238 0.00159202990031
295 239 0.00159202990031
295 240 0.00159202990031
295 241 0.00159202990031
295 242 0.00159202990031
295 243 0.00159202990031
295 244 0.00159202990031
295 245 0.00159202990031
295 246 0.00159202990031
295 247 0.00159202990031
295 248 0.00159202990031
295 249 0.00159202990031
295 250 0.00159202990031
295 251 0.00159202990031
295 252 0.00159202990031
295 253 0.00159202990031
295 254 0.00159202990031
295 255 0.00159202990031
295 256 0.00159202990031
295 257 0.00159202990031
295 258 0.00159202990031
295 259 0.00159202990031
295 260 0.00159202990031
295 261 0.00159202990031
295 262 0.00159202990031
295 263 0.00159202990031
295 264 0.00159202990031
295 265 0.00159202990031
295 266 0.00159202990031
295 267 0.00159202990031
295 268 0.00159202990031
295 269 0.00159202990031
295 270 0.00159202990031
295 271 0.00159202990031
295 272 0.00159202990031
295 273 0.00159202990031
295 274 0.00159202990031
295 275 0.00159202990031
295 276 0.00159202990031
295 277 0.00159202990031
295 278 0.00159202990031
295 279 0.00159202990031
295 280 0.00159202990031
295 281 0.00159202990031
295 282 0.00159202990031
295 283 0.00159202990031
295 284 0.00159202990031
295 285 0.00159202990031
295 286 0.00159202990031
295 287 0.00159202990031
295 288 0.00159202990031
295 289 0.00159202990031
295 290 0.00159202990031
295 291 0.00159202990031
295 292 0.00159202990031
295 293 0.00159202990031
295 294 0.00159202990031
295 295 0.00139924502957
295 296 0.00159202990031
295 297 0.00159202990031
295 298 0.00159202990031
295 299 0.000895516818925
295 300 0.000398007475078
295 301 0.000503728210645
295 302 0.000752482882569
295 303 0.00105098848888
295 304 0.00121889789243
295 305 0.00159202990031
295 306 0.00201491284258
295 307 0.0120397261211
295 308 0.000752482882569
295 309 0.000621886679809
295 310 6.21886679809e-06
295 311 2.48754671924e-05
295 312 2.48754671924e-05
295 313 0.0
295 314 0.0
295 315 6.21886679809e-06
295 316 0.0
295 317 2.48754671924e-05
295 318 0.0
295 319 6.21886679809e-06
295 320 0.0
295 321 6.21886679809e-06
295 322 0.0
295 323 0.0
295 324 0.0
295 325 0.00139924502957
295 326 0.0
295 327 0.00105098848888
295 328 0.0
295 329 9.95018687695e-05
295 330 0.0
295 331 6.21886679809e-06
295 332 0.0
295 333 2.48754671924e-05
295 334 0.0
295 335 0.0
295 336 0.0
295 337 0.0
295 338 0.0
295 339 0.0
295 340 0.0
295 341 0.000304724473107
295 342 0.0
295 343 0.00139924502957
295 344 0.0
295 345 0.000304724473107
295 346 0.0
295 347 9.95018687695e-05
295 348 0.0
295 349 0.000895516818925
295 350 0.0
295 351 0.000621886679809
295 352 0.0
295 353 0.000155471669952
295 354 0.0
295 355 6.21886679809e-06
295 356 0.0
295 357 0.0
295 358 0.0
295 359 0.0
295 360 0.0
295 361 0.0
295 362 0.0
295 363 2.48754671924e-05
295 364 0.0
295 365 6.21886679809e-06
295 366 0.0
295 367 0.000304724473107
295 368 0.0
295 369 9.95018687695e-05
295 370 0.0
295 371 0.000304724473107
295 372 6.21886679809e-06
295 373 0.000155471669952
295 374 0.0
295 375 9.95018687695e-05
295 376 6.21886679809e-06
295 377 6.21886679809e-06
295 378 6.21886679809e-06
295 379 6.21886679809e-06
295 380 6.21886679809e-06
295 381 2.48754671924e-05
295 382 6.21886679809e-06
295 383 9.95018687695e-05
295 384 6.21886679809e-06
295 385 2.48754671924e-05
295 386 0.0
295 387 2.48754671924e-05
295 388 0.0
295 389 2.48754671924e-05
295 390 6.21886679809e-06
295 391 5.59698011828e-05
295 392 0.0
295 393 6.21886679809e-06
295 394 0.0
295 395 9.95018687695e-05
295 396 6.21886679809e-06
295 397 5.59698011828e-05
295 398 0.0
295 399 2.48754671924e-05
295 400 0.0
296 0 0.0
296 1 2.48754671924e-05
296 2 0.0
296 3 2.48754671924e-05
296 4 0.0
296 5 0.000155471669952
296 6 0.0
296 7 0.000304724473107
296 8 0.0
296 9 2.48754671924e-05
296 10 0.0
296 11 0.000398007475078
296 12 0.0
296 13 5.59698011828e-05
296 14 0.0
296 15 5.59698011828e-05
296 16 0.0
296 17 9.95018687695e-05
296 18 0.0
296 19 6.21886679809e-06
296 20 0.0
296 21 6.21886679809e-06
296 22 0.0
296 23 0.0
296 24 0.0
296 25 6.21886679809e-06
296 26 0.0
296 27 6.21886679809e-06
296 28 0.0
296 29 0.000304724473107
296 30 0.0
296 31 9.95018687695e-05
296 32 0.0
296 33 2.48754671924e-05
296 34 0.0
296 35 6.21886679809e-06
296 36 0.0
296 37 0.000621886679809
296 38 0.0
296 39 0.000223879204731
296 40 0.0
296 41 6.21886679809e-06
296 42 0.0
296 43 5.59698011828e-05
296 44 0.0
296 45 0.0
296 46 0.0
296 47 6.21886679809e-06
296 48 0.0
296 49 0.0
296 50 0.0
296 51 0.0
296 52 0.0
296 53 0.0
296 54 0.0
296 55 6.21886679809e-06
296 56 0.0
296 57 6.21886679809e-06
296 58 0.0
296 59 0.000155471669952
296 60 0.0
296 61 0.000895516818925
296 62 0.0
296 63 0.000223879204731
296 64 0.0
296 65 0.000304724473107
296 66 0.0
296 67 0.000398007475078
296 68 0.0
296 69 9.95018687695e-05
296 70 0.0
296 71 6.21886679809e-06
296 72 0.0
296 73 2.48754671924e-05
296 74 0.0
296 75 0.0
296 76 0.0
296 77 6.21886679809e-06
296 78 0.0
296 79 0.0
296 80 0.0
296 81 0.0
296 82 0.0
296 83 0.0
296 84 0.0
296 85 0.000304724473107
296 86 0.0
296 87 0.000621886679809
296 88 0.0
296 89 0.00179725250465
296 90 0.0
296 91 9.95018687695e-05
296 92 0.0
296 93 0.000752482882569
296 94 0.0
296 95 0.00179725250465
296 96 0.0
296 97 5.59698011828e-05
296 98 0.0
296 99 0.0
296 100 0.0
296 101 6.21886679809e-06
296 102 0.0
296 103 0.0
296 104 0.0
296 105 0.0
296 106 0.0
296 107 9.95018687695e-05
296 108 0.0
296 109 0.000223879204731
296 110 0.0
296 111 0.000895516818925
296 112 0.0
296 113 0.000895516818925
296 114 0.0
296 115 6.21886679809e-06
296 116 0.0
296 117 0.0
296 118 0.0
296 119 0.0
296 120 0.0
296 121 2.48754671924e-05
296 122 0.0
296 123 0.0
296 124 0.0
296 125 6.21886679809e-06
296 126 0.0
296 127 0.0
296 128 0.0
296 129 0.0
296 130 0.0
296 131 0.0
296 132 0.0
296 133 0.0
296 134 0.0
296 135 0.0
296 136 0.0
296 137 0.0
296 138 0.0
296 139 0.0
296 140 0.0
296 141 0.0
296 142 0.0
296 143 0.0
296 144 0.0
296 145 0.0
296 146 0.0
296 147 0.0
296 148 0.0
296 149 0.0
296 150 0.0
296 151 0.0
296 152 0.0
296 153 0.0
296 154 0.0
296 155 0.0
296 156 0.0
296 157 0.0
296 158 0.0
296 159 0.0
296 160 0.0
296 161 0.0
296 162 0.0
296 163 0.0
296 164 0.0
296 165 0.0
296 166 0.0
296 167 0.0
296 168 0.0
296 169 0.0
296 170 0.0
296 171 0.0
296 172 0.0
296 173 0.0
296 174 0.0
296 175 0.0
296 176 0.0
296 177 0.0
296 178 0.0
296 179 0.0
296 180 0.0
296 181 0.0
296 182 0.0
296 183 0.0
296 184 0.0
296 185 0.0
296 186 0.0
296 187 0.0
296 188 0.0
296 189 0.0
296 190 0.0
296 191 0.0
296 192 0.0
296 193 0.0
296 194 0.0
296 195 0.0
296 196 0.0
296 197 0.0
296 198 0.0
296 199 0.0
296 200 0.0
296 201 0.0
296 202 0.0
296 203 0.0
296 204 0.0
296 205 0.0
296 206 0.0
296 207 0.0
296 208 0.0
296 209 0.0
296 210 0.0
296 211 0.0
296 212 0.0
296 213 0.0
296 214 0.0
296 215 0.0
296 216 0.0
296 217 0.0
296 218 0.0
296 219 0.0
296 220 0.0
296 221 0.0
296 222 0.0
296 223 0.0
296 224 0.0
296 225 0.0
296 226 0.0
296 227 0.0
296 228 0.0
296 229 0.0
296 230 0.0
296 231 0.0
296 232 0.0
296 233 0.0
296 234 0.0
296 235 0.0
296 236 0.0
296 237 0.0
296 238 0.0
296 239 0.0
296 240 0.0
296 241 0.0
296 242 0.0
296 243 0.0
296 244 0.0
296 245 0.0
296 246 0.0
296 247 0.0
296 248 0.0
296 249 0.0
296 250 0.0
296 251 0.0
296 252 0.0
296 253 0.0
296 254 0.0
296 255 0.0
296 256 0.0
296 257 0.0
296 258 0.0
296 259 0.0
296 260 0.0
296 261 0.0
296 262 0.0
296 263 0.0
296 264 0.0
296 265 0.0
296 266 0.0
296 267 0.0
296 268 0.0
296 269 0.0
296 270 0.0
296 271 0.0
296 272 0.0
296 273 0.0
296 274 0.0
296 275 0.0
296 276 0.0
296 277 0.0
296 278 0.0
296 279 0.0
296 280 0.0
296 281 0.0
296 282 0.0
296 283 0.0
296 284 0.0
296 285 0.0
296 286 0.0
296 287 0.0
296 288 0.0
296 289 0.0
296 290 0.0
296 291 0.0
296 292 0.0
296 293 0.0
296 294 0.0
296 295 6.21886679809e-06
296 296 0.0
296 297 0.0
296 298 0.0
296 299 2.48754671924e-05
296 300 0.0
296 301 0.0
296 302 0.0
296 303 0.0
296 304 0.0
296 305 0.000503728210645
296 306 0.0
296 307 0.000752482882569
296 308 0.0
296 309 0.000155471669952
296 310 0.0
296 311 0.0
296 312 0.0
296 313 6.21886679809e-06
296 314 0.0
296 315 6.21886679809e-06
296 316 0.0
296 317 2.48754671924e-05
296 318 0.0
296 319 6.21886679809e-06
296 320 0.0
296 321 6.21886679809e-06
296 322 0.0
296 323 0.0
296 324 0.0
296 325 0.00139924502957
296 326 0.0
296 327 0.00105098848888
296 328 0.0
296 329 9.95018687695e-05
296 330 0.0
296 331 6.21886679809e-06
296 332 0.0
296 333 2.48754671924e-05
296 334 0.0
296 335 0.0
296 336 0.0
296 337 0.0
296 338 0.0
296 339 0.0
296 340 0.0
296 341 0.000304724473107
296 342 0.0
296 343 0.00139924502957
296 344 0.0
296 345 0.000304724473107
296 346 0.0
296 347 9.95018687695e-05
296 348 0.0
296 349 0.000895516818925
296 350 0.0
296 351 0.000621886679809
296 352 0.0
296 353 0.000155471669952
296 354 0.0
296 355 6.21886679809e-06
296 356 0.0
296 357 0.0
296 358 0.0
296 359 0.0
296 360 0.0
296 361 0.0
296 362 0.0
296 363 2.48754671924e-05
296 364 0.0
296 365 6.21886679809e-06
296 366 0.0
296 367 0.000304724473107
296 368 0.0
296 369 0.000155471669952
296 370 0.0
296 371 0.000398007475078
296 372 0.0
296 373 0.000155471669952
296 374 0.0
296 375 9.95018687695e-05
296 376 0.0
296 377 2.48754671924e-05
296 378 0.0
296 379 0.0
296 380 0.0
296 381 5.59698011828e-05
296 382 0.0
296 383 5.59698011828e-05
296 384 0.0
296 385 5.59698011828e-05
296 386 0.0
296 387 5.59698011828e-05
296 388 0.0
296 389 6.21886679809e-06
296 390 0.0
296 391 5.59698011828e-05
296 392 0.0
296 393 6.21886679809e-06
296 394 0.0
296 395 5.59698011828e-05
296 396 0.0
296 397 5.59698011828e-05
296 398 0.0
296 399 2.48754671924e-05
296 400 0.0
297 0 0.0
297 1 2.48754671924e-05
297 2 0.0
297 3 2.48754671924e-05
297 4 0.0
297 5 0.000155471669952
297 6 0.0
297 7 0.000398007475078
297 8 0.0
297 9 5.59698011828e-05
297 10 6.21886679809e-06
297 11 0.000398007475078
297 12 0.0
297 13 9.95018687695e-05
297 14 0.0
297 15 9.95018687695e-05
297 16 6.21886679809e-06
297 17 5.59698011828e-05
297 18 6.21886679809e-06
297 19 6.21886679809e-06
297 20 0.0
297 21 6.21886679809e-06
297 22 0.0
297 23 0.0
297 24 0.0
297 25 6.21886679809e-06
297 26 0.0
297 27 6.21886679809e-06
297 28 0.0
297 29 0.000304724473107
297 30 0.0
297 31 9.95018687695e-05
297 32 0.0
297 33 2.48754671924e-05
297 34 0.0
297 35 6.21886679809e-06
297 36 6.21886679809e-06
297 37 0.000503728210645
297 38 6.21886679809e-06
297 39 0.000304724473107
297 40 6.21886679809e-06
297 41 2.48754671924e-05
297 42 6.21886679809e-06
297 43 5.59698011828e-05
297 44 0.0
297 45 0.0
297 46 0.0
297 47 6.21886679809e-06
297 48 0.0
297 49 0.0
297 50 0.0
297 51 0.0
297 52 0.0
297 53 0.0
297 54 0.0
297 55 6.21886679809e-06
297 56 0.0
297 57 6.21886679809e-06
297 58 0.0
297 59 0.000155471669952
297 60 0.0
297 61 0.000895516818925
297 62 0.0
297 63 0.000223879204731
297 64 0.0
297 65 0.000304724473107
297 66 0.0
297 67 0.000398007475078
297 68 0.0
297 69 9.95018687695e-05
297 70 0.0
297 71 6.21886679809e-06
297 72 0.0
297 73 2.48754671924e-05
297 74 0.0
297 75 0.0
297 76 0.0
297 77 6.21886679809e-06
297 78 0.0
297 79 0.0
297 80 0.0
297 81 0.0
297 82 0.0
297 83 0.0
297 84 0.0
297 85 0.000304724473107
297 86 0.0
297 87 0.000621886679809
297 88 0.0
297 89 0.00179725250465
297 90 0.0
297 91 9.95018687695e-05
297 92 6.21886679809e-06
297 93 0.000752482882569
297 94 0.0
297 95 0.00179725250465
297 96 6.21886679809e-06
297 97 5.59698011828e-05
297 98 0.0
297 99 0.0
297 100 0.0
297 101 6.21886679809e-06
297 102 0.0
297 103 6.21886679809e-06
297 104 0.0
297 105 0.0
297 106 0.0
297 107 6.21886679809e-06
297 108 6.21886679809e-06
297 109 6.21886679809e-06
297 110 2.48754671924e-05
297 111 0.00105098848888
297 112 0.000895516818925
297 113 0.000895516818925
297 114 0.00224501091411
297 115 0.00179725250465
297 116 0.00139924502957
297 117 0.00121889789243
297 118 0.00139924502957
297 119 0.00274252025796
297 120 0.0035820672757
297 121 0.00248754671924
297 122 0.00179725250465
297 123 0.00201491284258
297 124 0.00201491284258
297 125 0.00224501091411
297 126 0.00201491284258
297 127 0.00201491284258
297 128 0.00201491284258
297 129 0.00179725250465
297 130 0.00179725250465
297 131 0.00179725250465
297 132 0.00179725250465
297 133 0.00179725250465
297 134 0.00179725250465
297 135 0.00179725250465
297 136 0.00179725250465
297 137 0.00179725250465
297 138 0.00179725250465
297 139 0.00179725250465
297 140 0.00179725250465
297 141 0.00179725250465
297 142 0.00201491284258
297 143 0.00201491284258
297 144 0.00201491284258
297 145 0.00201491284258
297 146 0.00201491284258
297 147 0.00201491284258
297 148 0.00201491284258
297 149 0.00201491284258
297 150 0.00201491284258
297 151 0.00201491284258
297 152 0.00201491284258
297 153 0.00201491284258
297 154 0.00201491284258
297 155 0.00201491284258
297 156 0.00201491284258
297 157 0.00201491284258
297 158 0.00201491284258
297 159 0.00201491284258
297 160 0.00201491284258
297 161 0.00201491284258
297 162 0.00201491284258
297 163 0.00201491284258
297 164 0.00201491284258
297 165 0.00201491284258
297 166 0.00201491284258
297 167 0.00201491284258
297 168 0.00201491284258
297 169 0.00201491284258
297 170 0.00201491284258
297 171 0.00201491284258
297 172 0.00201491284258
297 173 0.00201491284258
297 174 0.00201491284258
297 175 0.00201491284258
297 176 0.00201491284258
297 177 0.00201491284258
297 178 0.00201491284258
297 179 0.00201491284258
297 180 0.00201491284258
297 181 0.00201491284258
297 182 0.00201491284258
297 183 0.00201491284258
297 184 0.00201491284258
297 185 0.00201491284258
297 186 0.00201491284258
297 187 0.00201491284258
297 188 0.00201491284258
297 189 0.00201491284258
297 190 0.00201491284258
297 191 0.00201491284258
297 192 0.00201491284258
297 193 0.00201491284258
297 194 0.00201491284258
297 195 0.00201491284258
297 196 0.00201491284258
297 197 0.00201491284258
297 198 0.00201491284258
297 199 0.00201491284258
297 200 0.00201491284258
297 201 0.00201491284258
297 202 0.00201491284258
297 203 0.00201491284258
297 204 0.00201491284258
297 205 0.00201491284258
297 206 0.00201491284258
297 207 0.00179725250465
297 208 0.00179725250465
297 209 0.00179725250465
297 210 0.00179725250465
297 211 0.00179725250465
297 212 0.00179725250465
297 213 0.00179725250465
297 214 0.00179725250465
297 215 0.00179725250465
297 216 0.00179725250465
297 217 0.00179725250465
297 218 0.00179725250465
297 219 0.00179725250465
297 220 0.00179725250465
297 221 0.00201491284258
297 222 0.00201491284258
297 223 0.00201491284258
297 224 0.00201491284258
297 225 0.00201491284258
297 226 0.00201491284258
297 227 0.00201491284258
297 228 0.00201491284258
297 229 0.00201491284258
297 230 0.00201491284258
297 231 0.00224501091411
297 232 0.00201491284258
297 233 0.00201491284258
297 234 0.00179725250465
297 235 0.00179725250465
297 236 0.00179725250465
297 237 0.00201491284258
297 238 0.00179725250465
297 239 0.00179725250465
297 240 0.00179725250465
297 241 0.00179725250465
297 242 0.00201491284258
297 243 0.00201491284258
297 244 0.00201491284258
297 245 0.00201491284258
297 246 0.00201491284258
297 247 0.00201491284258
297 248 0.00201491284258
297 249 0.00201491284258
297 250 0.00201491284258
297 251 0.00201491284258
297 252 0.00201491284258
297 253 0.00201491284258
297 254 0.00201491284258
297 255 0.00201491284258
297 256 0.00201491284258
297 257 0.00201491284258
297 258 0.00201491284258
297 259 0.00201491284258
297 260 0.00201491284258
297 261 0.00201491284258
297 262 0.00201491284258
297 263 0.00201491284258
297 264 0.00201491284258
297 265 0.00201491284258
297 266 0.00201491284258
297 267 0.00201491284258
297 268 0.00201491284258
297 269 0.00201491284258
297 270 0.00201491284258
297 271 0.00201491284258
297 272 0.00201491284258
297 273 0.00201491284258
297 274 0.00201491284258
297 275 0.00201491284258
297 276 0.00201491284258
297 277 0.00201491284258
297 278 0.00179725250465
297 279 0.00179725250465
297 280 0.00179725250465
297 281 0.00179725250465
297 282 0.00179725250465
297 283 0.00179725250465
297 284 0.00179725250465
297 285 0.00179725250465
297 286 0.00179725250465
297 287 0.00179725250465
297 288 0.00179725250465
297 289 0.00179725250465
297 290 0.00179725250465
297 291 0.00179725250465
297 292 0.00179725250465
297 293 0.00179725250465
297 294 0.00179725250465
297 295 0.00179725250465
297 296 0.00179725250465
297 297 0.00179725250465
297 298 0.00179725250465
297 299 0.00139924502957
297 300 0.00159202990031
297 301 0.00201491284258
297 302 0.00201491284258
297 303 0.00224501091411
297 304 0.00201491284258
297 305 0.000895516818925
297 306 0.00139924502957
297 307 0.000752482882569
297 308 0.000398007475078
297 309 5.59698011828e-05
297 310 0.0
297 311 0.0
297 312 5.59698011828e-05
297 313 0.0
297 314 6.21886679809e-06
297 315 2.48754671924e-05
297 316 6.21886679809e-06
297 317 6.21886679809e-06
297 318 0.0
297 319 0.0
297 320 6.21886679809e-06
297 321 2.48754671924e-05
297 322 6.21886679809e-06
297 323 0.0
297 324 0.0
297 325 0.00121889789243
297 326 6.21886679809e-06
297 327 0.00121889789243
297 328 0.0
297 329 9.95018687695e-05
297 330 0.0
297 331 6.21886679809e-06
297 332 0.0
297 333 2.48754671924e-05
297 334 0.0
297 335 0.0
297 336 0.0
297 337 0.0
297 338 0.0
297 339 0.0
297 340 0.0
297 341 0.000304724473107
297 342 6.21886679809e-06
297 343 0.00159202990031
297 344 6.21886679809e-06
297 345 0.000223879204731
297 346 6.21886679809e-06
297 347 0.000155471669952
297 348 6.21886679809e-06
297 349 0.000752482882569
297 350 0.0
297 351 0.000621886679809
297 352 0.0
297 353 0.000155471669952
297 354 0.0
297 355 6.21886679809e-06
297 356 0.0
297 357 0.0
297 358 0.0
297 359 0.0
297 360 0.0
297 361 0.0
297 362 0.0
297 363 2.48754671924e-05
297 364 0.0
297 365 6.21886679809e-06
297 366 0.0
297 367 0.000304724473107
297 368 0.0
297 369 0.000155471669952
297 370 6.21886679809e-06
297 371 0.000304724473107
297 372 0.0
297 373 0.000155471669952
297 374 6.21886679809e-06
297 375 0.000155471669952
297 376 0.0
297 377 2.48754671924e-05
297 378 0.0
297 379 0.0
297 380 0.0
297 381 5.59698011828e-05
297 382 0.0
297 383 5.59698011828e-05
297 384 0.0
297 385 2.48754671924e-05
297 386 6.21886679809e-06
297 387 5.59698011828e-05
297 388 0.0
297 389 6.21886679809e-06
297 390 0.0
297 391 2.48754671924e-05
297 392 6.21886679809e-06
297 393 6.21886679809e-06
297 394 0.0
297 395 5.59698011828e-05
297 396 0.0
297 397 5.59698011828e-05
297 398 0.0
297 399 2.48754671924e-05
297 400 0.0
298 0 0.0
298 1 2.48754671924e-05
298 2 0.0
298 3 2.48754671924e-05
298 4 0.0
298 5 0.000155471669952
298 6 0.0
298 7 0.000304724473107
298 8 0.0
298 9 2.48754671924e-05
298 10 0.0
298 11 0.000398007475078
298 12 0.0
298 13 5.59698011828e-05
298 14 0.0
298 15 5.59698011828e-05
298 16 0.0
298 17 9.95018687695e-05
298 18 0.0
298 19 6.21886679809e-06
298 20 0.0
298 21 6.21886679809e-06
298 22 0.0
298 23 0.0
298 24 0.0
298 25 6.21886679809e-06
298 26 0.0
298 27 6.21886679809e-06
298 28 0.0
298 29 0.000304724473107
298 30 0.0
298 31 9.95018687695e-05
298 32 0.0
298 33 2.48754671924e-05
298 34 0.0
298 35 0.0
298 36 0.0
298 37 0.000621886679809
298 38 0.0
298 39 0.000223879204731
298 40 0.0
298 41 6.21886679809e-06
298 42 0.0
298 43 5.59698011828e-05
298 44 0.0
298 45 0.0
298 46 0.0
298 47 6.21886679809e-06
298 48 0.0
298 49 0.0
298 50 0.0
298 51 0.0
298 52 0.0
298 53 0.0
298 54 0.0
298 55 6.21886679809e-06
298 56 0.0
298 57 6.21886679809e-06
298 58 0.0
298 59 0.000155471669952
298 60 0.0
298 61 0.000895516818925
298 62 0.0
298 63 0.000223879204731
298 64 0.0
298 65 0.000304724473107
298 66 0.0
298 67 0.000398007475078
298 68 0.0
298 69 9.95018687695e-05
298 70 0.0
298 71 6.21886679809e-06
298 72 0.0
298 73 2.48754671924e-05
298 74 0.0
298 75 0.0
298 76 0.0
298 77 6.21886679809e-06
298 78 0.0
298 79 0.0
298 80 0.0
298 81 0.0
298 82 0.0
298 83 0.0
298 84 0.0
298 85 0.000304724473107
298 86 0.0
298 87 0.000621886679809
298 88 0.0
298 89 0.00179725250465
298 90 0.0
298 91 9.95018687695e-05
298 92 0.0
298 93 0.000895516818925
298 94 0.0
298 95 0.00159202990031
298 96 0.0
298 97 5.59698011828e-05
298 98 0.0
298 99 0.0
298 100 0.0
298 101 6.21886679809e-06
298 102 0.0
298 103 6.21886679809e-06
298 104 0.0
298 105 0.0
298 106 0.0
298 107 6.21886679809e-06
298 108 0.0
298 109 2.48754671924e-05
298 110 0.0
298 111 6.21886679809e-06
298 112 0.0
298 113 6.21886679809e-06
298 114 0.0
298 115 6.21886679809e-06
298 116 0.0
298 117 6.21886679809e-06
298 118 0.0
298 119 6.21886679809e-06
298 120 0.0
298 121 0.0
298 122 0.0
298 123 0.0
298 124 0.0
298 125 6.21886679809e-06
298 126 0.0
298 127 6.21886679809e-06
298 128 0.0
298 129 0.0
298 130 0.0
298 131 6.21886679809e-06
298 132 0.0
298 133 0.0
298 134 0.0
298 135 0.0
298 136 0.0
298 137 0.0
298 138 0.0
298 139 6.21886679809e-06
298 140 0.0
298 141 0.0
298 142 0.0
298 143 6.21886679809e-06
298 144 0.0
298 145 0.0
298 146 0.0
298 147 0.0
298 148 0.0
298 149 0.0
298 150 0.0
298 151 0.0
298 152 0.0
298 153 0.0
298 154 0.0
298 155 0.0
298 156 0.0
298 157 0.0
298 158 0.0
298 159 0.0
298 160 0.0
298 161 0.0
298 162 0.0
298 163 0.0
298 164 0.0
298 165 0.0
298 166 0.0
298 167 0.0
298 168 0.0
298 169 0.0
298 170 0.0
298 171 0.0
298 172 0.0
298 173 0.0
298 174 0.0
298 175 0.0
298 176 0.0
298 177 0.0
298 178 0.0
298 179 0.0
298 180 0.0
298 181 0.0
298 182 0.0
298 183 0.0
298 184 0.0
298 185 0.0
298 186 0.0
298 187 0.0
298 188 0.0
298 189 0.0
298 190 0.0
298 191 0.0
298 192 0.0
298 193 0.0
298 194 0.0
298 195 0.0
298 196 0.0
298 197 0.0
298 198 0.0
298 199 0.0
298 200 0.0
298 201 0.0
298 202 0.0
298 203 0.0
298 204 0.0
298 205 6.21886679809e-06
298 206 0.0
298 207 0.0
298 208 0.0
298 209 6.21886679809e-06
298 210 0.0
298 211 0.0
298 212 0.0
298 213 0.0
298 214 0.0
298 215 0.0
298 216 0.0
298 217 0.0
298 218 0.0
298 219 6.21886679809e-06
298 220 0.0
298 221 6.21886679809e-06
298 222 0.0
298 223 0.0
298 224 0.0
298 225 0.0
298 226 0.0
298 227 0.0
298 228 0.0
298 229 0.0
298 230 0.0
298 231 6.21886679809e-06
298 232 0.0
298 233 0.0
298 234 0.0
298 235 6.21886679809e-06
298 236 0.0
298 237 6.21886679809e-06
298 238 0.0
298 239 0.0
298 240 0.0
298 241 0.0
298 242 0.0
298 243 6.21886679809e-06
298 244 0.0
298 245 6.21886679809e-06
298 246 0.0
298 247 0.0
298 248 0.0
298 249 0.0
298 250 0.0
298 251 0.0
298 252 0.0
298 253 0.0
298 254 0.0
298 255 0.0
298 256 0.0
298 257 0.0
298 258 0.0
298 259 0.0
298 260 0.0
298 261 0.0
298 262 0.0
298 263 0.0
298 264 0.0
298 265 0.0
298 266 0.0
298 267 0.0
298 268 0.0
298 269 0.0
298 270 0.0
298 271 0.0
298 272 0.0
298 273 0.0
298 274 0.0
298 275 0.0
298 276 0.0
298 277 6.21886679809e-06
298 278 0.0
298 279 6.21886679809e-06
298 280 0.0
298 281 0.0
298 282 0.0
298 283 0.0
298 284 0.0
298 285 0.0
298 286 0.0
298 287 0.0
298 288 0.0
298 289 0.0
298 290 0.0
298 291 0.0
298 292 0.0
298 293 0.0
298 294 0.0
298 295 0.0
298 296 0.0
298 297 6.21886679809e-06
298 298 0.0
298 299 0.0
298 300 0.0
298 301 6.21886679809e-06
298 302 0.0
298 303 6.21886679809e-06
298 304 0.0
298 305 0.0
298 306 0.0
298 307 9.95018687695e-05
298 308 0.0
298 309 5.59698011828e-05
298 310 0.0
298 311 6.21886679809e-06
298 312 0.0
298 313 2.48754671924e-05
298 314 0.0
298 315 6.21886679809e-06
298 316 0.0
298 317 2.48754671924e-05
298 318 0.0
298 319 2.48754671924e-05
298 320 0.0
298 321 6.21886679809e-06
298 322 0.0
298 323 0.0
298 324 0.0
298 325 0.00139924502957
298 326 0.0
298 327 0.000895516818925
298 328 0.0
298 329 9.95018687695e-05
298 330 0.0
298 331 6.21886679809e-06
298 332 0.0
298 333 2.48754671924e-05
298 334 0.0
298 335 0.0
298 336 0.0
298 337 0.0
298 338 0.0
298 339 0.0
298 340 0.0
298 341 0.000304724473107
298 342 0.0
298 343 0.00139924502957
298 344 0.0
298 345 0.000398007475078
298 346 0.0
298 347 0.000155471669952
298 348 0.0
298 349 0.000752482882569
298 350 0.0
298 351 0.000621886679809
298 352 0.0
298 353 0.000155471669952
298 354 0.0
298 355 6.21886679809e-06
298 356 0.0
298 357 0.0
298 358 0.0
298 359 0.0
298 360 0.0
298 361 0.0
298 362 0.0
298 363 2.48754671924e-05
298 364 0.0
298 365 6.21886679809e-06
298 366 0.0
298 367 0.000304724473107
298 368 0.0
298 369 0.000155471669952
298 370 0.0
298 371 0.000398007475078
298 372 0.0
298 373 0.000155471669952
298 374 0.0
298 375 9.95018687695e-05
298 376 0.0
298 377 2.48754671924e-05
298 378 0.0
298 379 0.0
298 380 0.0
298 381 5.59698011828e-05
298 382 0.0
298 383 2.48754671924e-05
298 384 0.0
298 385 5.59698011828e-05
298 386 0.0
298 387 5.59698011828e-05
298 388 0.0
298 389 6.21886679809e-06
298 390 0.0
298 391 5.59698011828e-05
298 392 0.0
298 393 6.21886679809e-06
298 394 0.0
298 395 5.59698011828e-05
298 396 0.0
298 397 5.59698011828e-05
298 398 0.0
298 399 2.48754671924e-05
298 400 0.0
299 0 0.0
299 1 2.48754671924e-05
299 2 0.0
299 3 2.48754671924e-05
299 4 0.0
299 5 0.000155471669952
299 6 0.0
299 7 0.000304724473107
299 8 0.0
299 9 5.59698011828e-05
299 10 6.21886679809e-06
299 11 0.000398007475078
299 12 6.21886679809e-06
299 13 2.48754671924e-05
299 14 6.21886679809e-06
299 15 5.59698011828e-05
299 16 0.0
299 17 5.59698011828e-05
299 18 0.0
299 19 6.21886679809e-06
299 20 6.21886679809e-06
299 21 6.21886679809e-06
299 22 0.0
299 23 6.21886679809e-06
299 24 0.0
299 25 6.21886679809e-06
299 26 0.0
299 27 6.21886679809e-06
299 28 0.0
299 29 0.000304724473107
299 30 0.0
299 31 9.95018687695e-05
299 32 0.0
299 33 2.48754671924e-05
299 34 0.0
299 35 6.21886679809e-06
299 36 6.21886679809e-06
299 37 0.000503728210645
299 38 6.21886679809e-06
299 39 0.000304724473107
299 40 2.48754671924e-05
299 41 2.48754671924e-05
299 42 6.21886679809e-06
299 43 5.59698011828e-05
299 44 0.0
299 45 0.0
299 46 0.0
299 47 6.21886679809e-06
299 48 0.0
299 49 0.0
299 50 0.0
299 51 0.0
299 52 0.0
299 53 0.0
299 54 0.0
299 55 6.21886679809e-06
299 56 0.0
299 57 2.48754671924e-05
299 58 0.0
299 59 9.95018687695e-05
299 60 0.0
299 61 0.00105098848888
299 62 0.0
299 63 0.000223879204731
299 64 0.0
299 65 0.000304724473107
299 66 0.0
299 67 0.000398007475078
299 68 0.0
299 69 9.95018687695e-05
299 70 0.0
299 71 6.21886679809e-06
299 72 0.0
299 73 2.48754671924e-05
299 74 0.0
299 75 0.0
299 76 0.0
299 77 6.21886679809e-06
299 78 0.0
299 79 0.0
299 80 0.0
299 81 0.0
299 82 0.0
299 83 0.0
299 84 0.0
299 85 0.000304724473107
299 86 0.0
299 87 0.000621886679809
299 88 0.0
299 89 0.00179725250465
299 90 0.0
299 91 9.95018687695e-05
299 92 0.0
299 93 0.00121889789243
299 94 2.48754671924e-05
299 95 0.00139924502957
299 96 6.21886679809e-06
299 97 5.59698011828e-05
299 98 0.0
299 99 6.21886679809e-06
299 100 0.0
299 101 6.21886679809e-06
299 102 0.0
299 103 6.21886679809e-06
299 104 0.0
299 105 0.0
299 106 0.0
299 107 0.0
299 108 0.0
299 109 5.59698011828e-05
299 110 6.21886679809e-06
299 111 5.59698011828e-05
299 112 0.000223879204731
299 113 0.000398007475078
299 114 0.000503728210645
299 115 0.000223879204731
299 116 0.000155471669952
299 117 0.000223879204731
299 118 0.000398007475078
299 119 0.000503728210645
299 120 0.000752482882569
299 121 0.000304724473107
299 122 0.000223879204731
299 123 0.000155471669952
299 124 0.000223879204731
299 125 0.000223879204731
299 126 0.000223879204731
299 127 0.000223879204731
299 128 0.000304724473107
299 129 0.000223879204731
299 130 0.000223879204731
299 131 0.000155471669952
299 132 0.000223879204731
299 133 0.000223879204731
299 134 0.000223879204731
299 135 0.000223879204731
299 136 0.000223879204731
299 137 0.000223879204731
299 138 0.000223879204731
299 139 0.000155471669952
299 140 0.000223879204731
299 141 0.000223879204731
299 142 0.000304724473107
299 143 0.000223879204731
299 144 0.000304724473107
299 145 0.000304724473107
299 146 0.000304724473107
299 147 0.000304724473107
299 148 0.000304724473107
299 149 0.000304724473107
299 150 0.000304724473107
299 151 0.000304724473107
299 152 0.000304724473107
299 153 0.000304724473107
299 154 0.000304724473107
299 155 0.000304724473107
299 156 0.000304724473107
299 157 0.000304724473107
299 158 0.000304724473107
299 159 0.000304724473107
299 160 0.000304724473107
299 161 0.000304724473107
299 162 0.000304724473107
299 163 0.000304724473107
299 164 0.000223879204731
299 165 0.000223879204731
299 166 0.000223879204731
299 167 0.000223879204731
299 168 0.000223879204731
299 169 0.000223879204731
299 170 0.000223879204731
299 171 0.000223879204731
299 172 0.000223879204731
299 173 0.000223879204731
299 174 0.000223879204731
299 175 0.000223879204731
299 176 0.000223879204731
299 177 0.000223879204731
299 178 0.000223879204731
299 179 0.000223879204731
299 180 0.000223879204731
299 181 0.000223879204731
299 182 0.000223879204731
299 183 0.000223879204731
299 184 0.000223879204731
299 185 0.000223879204731
299 186 0.000223879204731
299 187 0.000223879204731
299 188 0.000223879204731
299 189 0.000223879204731
299 190 0.000223879204731
299 191 0.000223879204731
299 192 0.000223879204731
299 193 0.000223879204731
299 194 0.000223879204731
299 195 0.000223879204731
299 196 0.000223879204731
299 197 0.000223879204731
299 198 0.000223879204731
299 199 0.000223879204731
299 200 0.000223879204731
299 201 0.000223879204731
299 202 0.000223879204731
299 203 0.000223879204731
299 204 0.000223879204731
299 205 0.000223879204731
299 206 0.000223879204731
299 207 0.000223879204731
299 208 0.000223879204731
299 209 0.000155471669952
299 210 0.000223879204731
299 211 0.000223879204731
299 212 0.000223879204731
299 213 0.000223879204731
299 214 0.000223879204731
299 215 0.000223879204731
299 216 0.000223879204731
299 217 0.000223879204731
299 218 0.000223879204731
299 219 0.000155471669952
299 220 0.000223879204731
299 221 0.000155471669952
299 222 0.000223879204731
299 223 0.000223879204731
299 224 0.000223879204731
299 225 0.000223879204731
299 226 0.000223879204731
299 227 0.000223879204731
299 228 0.000223879204731
299 229 0.000223879204731
299 230 0.000223879204731
299 231 0.000223879204731
299 232 0.000223879204731
299 233 0.000223879204731
299 234 0.000223879204731
299 235 0.000223879204731
299 236 0.000223879204731
299 237 0.000155471669952
299 238 0.000223879204731
299 239 0.000223879204731
299 240 0.000223879204731
299 241 0.000223879204731
299 242 0.000304724473107
299 243 0.000223879204731
299 244 0.000223879204731
299 245 0.000155471669952
299 246 0.000223879204731
299 247 0.000223879204731
299 248 0.000223879204731
299 249 0.000223879204731
299 250 0.000304724473107
299 251 0.000304724473107
299 252 0.000304724473107
299 253 0.000304724473107
299 254 0.000304724473107
299 255 0.000304724473107
299 256 0.000304724473107
299 257 0.000304724473107
299 258 0.000304724473107
299 259 0.000304724473107
299 260 0.000304724473107
299 261 0.000304724473107
299 262 0.000304724473107
299 263 0.000223879204731
299 264 0.000223879204731
299 265 0.000223879204731
299 266 0.000223879204731
299 267 0.000223879204731
299 268 0.000223879204731
299 269 0.000223879204731
299 270 0.000223879204731
299 271 0.000223879204731
299 272 0.000223879204731
299 273 0.000223879204731
299 274 0.000223879204731
299 275 0.000223879204731
299 276 0.000223879204731
299 277 0.000155471669952
299 278 0.000223879204731
299 279 0.000155471669952
299 280 0.000223879204731
299 281 0.000223879204731
299 282 0.000223879204731
299 283 0.000223879204731
299 284 0.000223879204731
299 285 0.000223879204731
299 286 0.000223879204731
299 287 0.000223879204731
299 288 0.000223879204731
299 289 0.000223879204731
299 290 0.000223879204731
299 291 0.000223879204731
299 292 0.000223879204731
299 293 0.000223879204731
299 294 0.000223879204731
299 295 0.000223879204731
299 296 0.000223879204731
299 297 0.000155471669952
299 298 0.000223879204731
299 299 0.000304724473107
299 300 0.000398007475078
299 301 0.000304724473107
299 302 0.000398007475078
299 303 0.000304724473107
299 304 0.000223879204731
299 305 9.95018687695e-05
299 306 0.000304724473107
299 307 5.59698011828e-05
299 308 2.48754671924e-05
299 309 5.59698011828e-05
299 310 0.0
299 311 6.21886679809e-06
299 312 2.48754671924e-05
299 313 2.48754671924e-05
299 314 6.21886679809e-06
299 315 6.21886679809e-06
299 316 6.21886679809e-06
299 317 6.21886679809e-06
299 318 0.0
299 319 0.0
299 320 6.21886679809e-06
299 321 6.21886679809e-06
299 322 2.48754671924e-05
299 323 5.59698011828e-05
299 324 0.0
299 325 0.00139924502957
299 326 6.21886679809e-06
299 327 0.00121889789243
299 328 0.0
299 329 9.95018687695e-05
299 330 0.0
299 331 6.21886679809e-06
299 332 0.0
299 333 2.48754671924e-05
299 334 0.0
299 335 0.0
299 336 0.0
299 337 0.0
299 338 0.0
299 339 0.0
299 340 0.0
299 341 0.000304724473107
299 342 6.21886679809e-06
299 343 0.00159202990031
299 344 6.21886679809e-06
299 345 0.000304724473107
299 346 6.21886679809e-06
299 347 0.000223879204731
299 348 2.48754671924e-05
299 349 0.000621886679809
299 350 0.0
299 351 0.000621886679809
299 352 0.0
299 353 0.000155471669952
299 354 0.0
299 355 6.21886679809e-06
299 356 0.0
299 357 0.0
299 358 0.0
299 359 0.0
299 360 0.0
299 361 0.0
299 362 0.0
299 363 2.48754671924e-05
299 364 0.0
299 365 6.21886679809e-06
299 366 0.0
299 367 0.000304724473107
299 368 0.0
299 369 9.95018687695e-05
299 370 6.21886679809e-06
299 371 0.000304724473107
299 372 0.0
299 373 0.000155471669952
299 374 6.21886679809e-06
299 375 5.59698011828e-05
299 376 0.0
299 377 0.0
299 378 0.0
299 379 6.21886679809e-06
299 380 0.0
299 381 5.59698011828e-05
299 382 0.0
299 383 5.59698011828e-05
299 384 0.0
299 385 2.48754671924e-05
299 386 6.21886679809e-06
299 387 5.59698011828e-05
299 388 6.21886679809e-06
299 389 2.48754671924e-05
299 390 6.21886679809e-06
299 391 9.95018687695e-05
299 392 6.21886679809e-06
299 393 2.48754671924e-05
299 394 0.0
299 395 5.59698011828e-05
299 396 0.0
299 397 5.59698011828e-05
299 398 0.0
299 399 2.48754671924e-05
299 400 0.0
300 0 0.0
300 1 2.48754671924e-05
300 2 0.0
300 3 2.48754671924e-05
300 4 0.0
300 5 0.000155471669952
300 6 0.0
300 7 0.000304724473107
300 8 0.0
300 9 2.48754671924e-05
300 10 0.0
300 11 0.000503728210645
300 12 0.0
300 13 5.59698011828e-05
300 14 0.0
300 15 2.48754671924e-05
300 16 0.0
300 17 0.000155471669952
300 18 0.0
300 19 6.21886679809e-06
300 20 0.0
300 21 2.48754671924e-05
300 22 0.0
300 23 6.21886679809e-06
300 24 0.0
300 25 6.21886679809e-06
300 26 0.0
300 27 6.21886679809e-06
300 28 0.0
300 29 0.000304724473107
300 30 0.0
300 31 9.95018687695e-05
300 32 0.0
300 33 2.48754671924e-05
300 34 0.0
300 35 0.0
300 36 0.0
300 37 0.000503728210645
300 38 0.0
300 39 0.000304724473107
300 40 0.0
300 41 0.0
300 42 0.0
300 43 2.48754671924e-05
300 44 0.0
300 45 0.0
300 46 0.0
300 47 6.21886679809e-06
300 48 0.0
300 49 0.0
300 50 0.0
300 51 0.0
300 52 0.0
300 53 0.0
300 54 0.0
300 55 6.21886679809e-06
300 56 0.0
300 57 9.95018687695e-05
300 58 0.0
300 59 0.000155471669952
300 60 0.0
300 61 0.00121889789243
300 62 0.0
300 63 0.000155471669952
300 64 0.0
300 65 0.000223879204731
300 66 0.0
300 67 0.000398007475078
300 68 0.0
300 69 9.95018687695e-05
300 70 0.0
300 71 6.21886679809e-06
300 72 0.0
300 73 2.48754671924e-05
300 74 0.0
300 75 0.0
300 76 0.0
300 77 6.21886679809e-06
300 78 0.0
300 79 0.0
300 80 0.0
300 81 0.0
300 82 0.0
300 83 0.0
300 84 0.0
300 85 0.000304724473107
300 86 0.0
300 87 0.000621886679809
300 88 0.0
300 89 0.00179725250465
300 90 0.0
300 91 5.59698011828e-05
300 92 0.0
300 93 0.000752482882569
300 94 0.0
300 95 0.00201491284258
300 96 0.0
300 97 2.48754671924e-05
300 98 0.0
300 99 0.0
300 100 0.0
300 101 6.21886679809e-06
300 102 0.0
300 103 0.0
300 104 0.0
300 105 0.0
300 106 0.0
300 107 0.0
300 108 0.0
300 109 6.21886679809e-06
300 110 0.0
300 111 0.0
300 112 0.0
300 113 6.21886679809e-06
300 114 0.0
300 115 0.0
300 116 0.0
300 117 0.0
300 118 0.0
300 119 0.0
300 120 0.0
300 121 0.0
300 122 0.0
300 123 0.0
300 124 0.0
300 125 0.0
300 126 0.0
300 127 0.0
300 128 0.0
300 129 0.0
300 130 0.0
300 131 0.0
300 132 0.0
300 133 6.21886679809e-06
300 134 0.0
300 135 6.21886679809e-06
300 136 0.0
300 137 0.0
300 138 0.0
300 139 0.0
300 140 0.0
300 141 0.0
300 142 0.0
300 143 0.0
300 144 0.0
300 145 0.0
300 146 0.0
300 147 0.0
300 148 0.0
300 149 0.0
300 150 0.0
300 151 0.0
300 152 0.0
300 153 0.0
300 154 0.0
300 155 0.0
300 156 0.0
300 157 0.0
300 158 0.0
300 159 0.0
300 160 0.0
300 161 0.0
300 162 0.0
300 163 6.21886679809e-06
300 164 0.0
300 165 6.21886679809e-06
300 166 0.0
300 167 0.0
300 168 0.0
300 169 0.0
300 170 0.0
300 171 0.0
300 172 0.0
300 173 0.0
300 174 0.0
300 175 0.0
300 176 0.0
300 177 0.0
300 178 0.0
300 179 0.0
300 180 0.0
300 181 0.0
300 182 0.0
300 183 0.0
300 184 0.0
300 185 0.0
300 186 0.0
300 187 0.0
300 188 0.0
300 189 0.0
300 190 0.0
300 191 0.0
300 192 0.0
300 193 0.0
300 194 0.0
300 195 0.0
300 196 0.0
300 197 0.0
300 198 0.0
300 199 0.0
300 200 0.0
300 201 0.0
300 202 0.0
300 203 0.0
300 204 0.0
300 205 0.0
300 206 0.0
300 207 0.0
300 208 0.0
300 209 0.0
300 210 0.0
300 211 6.21886679809e-06
300 212 0.0
300 213 0.0
300 214 0.0
300 215 0.0
300 216 0.0
300 217 6.21886679809e-06
300 218 0.0
300 219 0.0
300 220 0.0
300 221 0.0
300 222 0.0
300 223 0.0
300 224 0.0
300 225 0.0
300 226 0.0
300 227 0.0
300 228 0.0
300 229 0.0
300 230 0.0
300 231 0.0
300 232 0.0
300 233 0.0
300 234 0.0
300 235 6.21886679809e-06
300 236 0.0
300 237 0.0
300 238 0.0
300 239 6.21886679809e-06
300 240 0.0
300 241 6.21886679809e-06
300 242 0.0
300 243 6.21886679809e-06
300 244 0.0
300 245 0.0
300 246 0.0
300 247 6.21886679809e-06
300 248 0.0
300 249 6.21886679809e-06
300 250 0.0
300 251 0.0
300 252 0.0
300 253 0.0
300 254 0.0
300 255 0.0
300 256 0.0
300 257 0.0
300 258 0.0
300 259 6.21886679809e-06
300 260 0.0
300 261 0.0
300 262 0.0
300 263 6.21886679809e-06
300 264 0.0
300 265 0.0
300 266 0.0
300 267 0.0
300 268 0.0
300 269 0.0
300 270 0.0
300 271 0.0
300 272 0.0
300 273 0.0
300 274 0.0
300 275 0.0
300 276 0.0
300 277 0.0
300 278 0.0
300 279 0.0
300 280 0.0
300 281 0.0
300 282 0.0
300 283 6.21886679809e-06
300 284 0.0
300 285 6.21886679809e-06
300 286 0.0
300 287 0.0
300 288 0.0
300 289 0.0
300 290 0.0
300 291 0.0
300 292 0.0
300 293 0.0
300 294 0.0
300 295 0.0
300 296 0.0
300 297 0.0
300 298 0.0
300 299 0.0
300 300 0.0
300 301 0.0
300 302 0.0
300 303 0.0
300 304 0.0
300 305 0.0
300 306 0.0
300 307 0.0
300 308 0.0
300 309 0.0
300 310 0.0
300 311 0.0
300 312 0.0
300 313 0.0
300 314 0.0
300 315 0.0
300 316 0.0
300 317 0.0
300 318 0.0
300 319 0.0
300 320 0.0
300 321 2.48754671924e-05
300 322 0.0
300 323 2.48754671924e-05
300 324 0.0
300 325 0.00179725250465
300 326 0.0
300 327 0.00139924502957
300 328 0.0
300 329 9.95018687695e-05
300 330 0.0
300 331 6.21886679809e-06
300 332 0.0
300 333 2.48754671924e-05
300 334 0.0
300 335 0.0
300 336 0.0
300 337 0.0
300 338 0.0
300 339 0.0
300 340 0.0
300 341 0.000223879204731
300 342 0.0
300 343 0.00121889789243
300 344 0.0
300 345 0.000304724473107
300 346 0.0
300 347 9.95018687695e-05
300 348 0.0
300 349 0.000752482882569
300 350 0.0
300 351 0.000621886679809
300 352 0.0
300 353 0.000155471669952
300 354 0.0
300 355 6.21886679809e-06
300 356 0.0
300 357 0.0
300 358 0.0
300 359 0.0
300 360 0.0
300 361 0.0
300 362 0.0
300 363 2.48754671924e-05
300 364 0.0
300 365 6.21886679809e-06
300 366 0.0
300 367 0.000223879204731
300 368 0.0
300 369 9.95018687695e-05
300 370 0.0
300 371 0.000304724473107
300 372 0.0
300 373 0.000223879204731
300 374 0.0
300 375 6.21886679809e-06
300 376 0.0
300 377 2.48754671924e-05
300 378 0.0
300 379 6.21886679809e-06
300 380 0.0
300 381 5.59698011828e-05
300 382 0.0
300 383 5.59698011828e-05
300 384 0.0
300 385 6.21886679809e-06
300 386 0.0
300 387 2.48754671924e-05
300 388 0.0
300 389 0.0
300 390 0.0
300 391 9.95018687695e-05
300 392 0.0
300 393 6.21886679809e-06
300 394 0.0
300 395 9.95018687695e-05
300 396 0.0
300 397 2.48754671924e-05
300 398 0.0
300 399 6.21886679809e-06
300 400 0.0
301 0 0.0
301 1 5.59698011828e-05
301 2 6.21886679809e-06
301 3 2.48754671924e-05
301 4 0.0
301 5 9.95018687695e-05
301 6 6.21886679809e-06
301 7 0.000223879204731
301 8 0.0
301 9 2.48754671924e-05
301 10 0.0
301 11 0.000503728210645
301 12 0.0
301 13 5.59698011828e-05
301 14 0.0
301 15 2.48754671924e-05
301 16 0.0
301 17 0.000155471669952
301 18 0.0
301 19 6.21886679809e-06
301 20 0.0
301 21 2.48754671924e-05
301 22 0.0
301 23 6.21886679809e-06
301 24 0.0
301 25 6.21886679809e-06
301 26 0.0
301 27 6.21886679809e-06
301 28 0.0
301 29 0.000304724473107
301 30 0.0
301 31 9.95018687695e-05
301 32 0.0
301 33 2.48754671924e-05
301 34 0.0
301 35 0.0
301 36 6.21886679809e-06
301 37 0.000621886679809
301 38 0.0
301 39 0.000304724473107
301 40 6.21886679809e-06
301 41 6.21886679809e-06
301 42 6.21886679809e-06
301 43 2.48754671924e-05
301 44 0.0
301 45 0.0
301 46 0.0
301 47 6.21886679809e-06
301 48 0.0
301 49 0.0
301 50 0.0
301 51 0.0
301 52 0.0
301 53 0.0
301 54 0.0
301 55 6.21886679809e-06
301 56 0.0
301 57 9.95018687695e-05
301 58 0.0
301 59 0.000155471669952
301 60 0.0
301 61 0.00121889789243
301 62 0.0
301 63 0.000155471669952
301 64 0.0
301 65 0.000223879204731
301 66 0.0
301 67 0.000398007475078
301 68 0.0
301 69 9.95018687695e-05
301 70 0.0
301 71 6.21886679809e-06
301 72 0.0
301 73 2.48754671924e-05
301 74 0.0
301 75 0.0
301 76 0.0
301 77 6.21886679809e-06
301 78 0.0
301 79 0.0
301 80 0.0
301 81 0.0
301 82 0.0
301 83 0.0
301 84 0.0
301 85 0.000223879204731
301 86 6.21886679809e-06
301 87 0.000895516818925
301 88 6.21886679809e-06
301 89 0.00159202990031
301 90 6.21886679809e-06
301 91 9.95018687695e-05
301 92 2.48754671924e-05
301 93 0.000223879204731
301 94 9.95018687695e-05
301 95 0.00248754671924
301 96 5.59698011828e-05
301 97 5.59698011828e-05
301 98 6.21886679809e-06
301 99 2.48754671924e-05
301 100 5.59698011828e-05
301 101 9.95018687695e-05
301 102 5.59698011828e-05
301 103 5.59698011828e-05
301 104 5.59698011828e-05
301 105 5.59698011828e-05
301 106 5.59698011828e-05
301 107 5.59698011828e-05
301 108 5.59698011828e-05
301 109 5.59698011828e-05
301 110 5.59698011828e-05
301 111 9.95018687695e-05
301 112 5.59698011828e-05
301 113 5.59698011828e-05
301 114 2.48754671924e-05
301 115 2.48754671924e-05
301 116 2.48754671924e-05
301 117 2.48754671924e-05
301 118 2.48754671924e-05
301 119 2.48754671924e-05
301 120 2.48754671924e-05
301 121 2.48754671924e-05
301 122 2.48754671924e-05
301 123 2.48754671924e-05
301 124 2.48754671924e-05
301 125 2.48754671924e-05
301 126 2.48754671924e-05
301 127 2.48754671924e-05
301 128 2.48754671924e-05
301 129 2.48754671924e-05
301 130 2.48754671924e-05
301 131 2.48754671924e-05
301 132 2.48754671924e-05
301 133 2.48754671924e-05
301 134 2.48754671924e-05
301 135 5.59698011828e-05
301 136 5.59698011828e-05
301 137 9.95018687695e-05
301 138 5.59698011828e-05
301 139 5.59698011828e-05
301 140 5.59698011828e-05
301 141 5.59698011828e-05
301 142 5.59698011828e-05
301 143 5.59698011828e-05
301 144 5.59698011828e-05
301 145 5.59698011828e-05
301 146 5.59698011828e-05
301 147 5.59698011828e-05
301 148 5.59698011828e-05
301 149 5.59698011828e-05
301 150 5.59698011828e-05
301 151 5.59698011828e-05
301 152 5.59698011828e-05
301 153 5.59698011828e-05
301 154 5.59698011828e-05
301 155 5.59698011828e-05
301 156 5.59698011828e-05
301 157 5.59698011828e-05
301 158 5.59698011828e-05
301 159 5.59698011828e-05
301 160 5.59698011828e-05
301 161 5.59698011828e-05
301 162 5.59698011828e-05
301 163 5.59698011828e-05
301 164 2.48754671924e-05
301 165 2.48754671924e-05
301 166 2.48754671924e-05
301 167 5.59698011828e-05
301 168 2.48754671924e-05
301 169 2.48754671924e-05
301 170 2.48754671924e-05
301 171 2.48754671924e-05
301 172 2.48754671924e-05
301 173 2.48754671924e-05
301 174 2.48754671924e-05
301 175 2.48754671924e-05
301 176 2.48754671924e-05
301 177 2.48754671924e-05
301 178 2.48754671924e-05
301 179 2.48754671924e-05
301 180 2.48754671924e-05
301 181 2.48754671924e-05
301 182 2.48754671924e-05
301 183 2.48754671924e-05
301 184 2.48754671924e-05
301 185 2.48754671924e-05
301 186 2.48754671924e-05
301 187 2.48754671924e-05
301 188 2.48754671924e-05
301 189 2.48754671924e-05
301 190 2.48754671924e-05
301 191 2.48754671924e-05
301 192 2.48754671924e-05
301 193 2.48754671924e-05
301 194 2.48754671924e-05
301 195 2.48754671924e-05
301 196 2.48754671924e-05
301 197 2.48754671924e-05
301 198 2.48754671924e-05
301 199 2.48754671924e-05
301 200 2.48754671924e-05
301 201 2.48754671924e-05
301 202 2.48754671924e-05
301 203 2.48754671924e-05
301 204 2.48754671924e-05
301 205 2.48754671924e-05
301 206 2.48754671924e-05
301 207 2.48754671924e-05
301 208 2.48754671924e-05
301 209 2.48754671924e-05
301 210 2.48754671924e-05
301 211 2.48754671924e-05
301 212 2.48754671924e-05
301 213 5.59698011828e-05
301 214 5.59698011828e-05
301 215 9.95018687695e-05
301 216 5.59698011828e-05
301 217 5.59698011828e-05
301 218 5.59698011828e-05
301 219 9.95018687695e-05
301 220 5.59698011828e-05
301 221 5.59698011828e-05
301 222 2.48754671924e-05
301 223 2.48754671924e-05
301 224 2.48754671924e-05
301 225 2.48754671924e-05
301 226 2.48754671924e-05
301 227 2.48754671924e-05
301 228 2.48754671924e-05
301 229 2.48754671924e-05
301 230 2.48754671924e-05
301 231 2.48754671924e-05
301 232 2.48754671924e-05
301 233 2.48754671924e-05
301 234 2.48754671924e-05
301 235 5.59698011828e-05
301 236 5.59698011828e-05
301 237 9.95018687695e-05
301 238 5.59698011828e-05
301 239 5.59698011828e-05
301 240 5.59698011828e-05
301 241 5.59698011828e-05
301 242 2.48754671924e-05
301 243 2.48754671924e-05
301 244 2.48754671924e-05
301 245 5.59698011828e-05
301 246 2.48754671924e-05
301 247 2.48754671924e-05
301 248 2.48754671924e-05
301 249 5.59698011828e-05
301 250 5.59698011828e-05
301 251 9.95018687695e-05
301 252 5.59698011828e-05
301 253 5.59698011828e-05
301 254 5.59698011828e-05
301 255 5.59698011828e-05
301 256 5.59698011828e-05
301 257 5.59698011828e-05
301 258 5.59698011828e-05
301 259 5.59698011828e-05
301 260 5.59698011828e-05
301 261 9.95018687695e-05
301 262 5.59698011828e-05
301 263 5.59698011828e-05
301 264 2.48754671924e-05
301 265 2.48754671924e-05
301 266 2.48754671924e-05
301 267 2.48754671924e-05
301 268 2.48754671924e-05
301 269 2.48754671924e-05
301 270 2.48754671924e-05
301 271 2.48754671924e-05
301 272 2.48754671924e-05
301 273 2.48754671924e-05
301 274 2.48754671924e-05
301 275 2.48754671924e-05
301 276 2.48754671924e-05
301 277 2.48754671924e-05
301 278 2.48754671924e-05
301 279 2.48754671924e-05
301 280 2.48754671924e-05
301 281 2.48754671924e-05
301 282 2.48754671924e-05
301 283 2.48754671924e-05
301 284 2.48754671924e-05
301 285 5.59698011828e-05
301 286 5.59698011828e-05
301 287 9.95018687695e-05
301 288 5.59698011828e-05
301 289 5.59698011828e-05
301 290 5.59698011828e-05
301 291 5.59698011828e-05
301 292 5.59698011828e-05
301 293 5.59698011828e-05
301 294 5.59698011828e-05
301 295 5.59698011828e-05
301 296 5.59698011828e-05
301 297 5.59698011828e-05
301 298 5.59698011828e-05
301 299 5.59698011828e-05
301 300 5.59698011828e-05
301 301 5.59698011828e-05
301 302 5.59698011828e-05
301 303 5.59698011828e-05
301 304 5.59698011828e-05
301 305 5.59698011828e-05
301 306 5.59698011828e-05
301 307 5.59698011828e-05
301 308 5.59698011828e-05
301 309 5.59698011828e-05
301 310 5.59698011828e-05
301 311 5.59698011828e-05
301 312 5.59698011828e-05
301 313 5.59698011828e-05
301 314 2.48754671924e-05
301 315 2.48754671924e-05
301 316 2.48754671924e-05
301 317 6.21886679809e-06
301 318 6.21886679809e-06
301 319 2.48754671924e-05
301 320 2.48754671924e-05
301 321 6.21886679809e-06
301 322 0.0
301 323 6.21886679809e-06
301 324 0.0
301 325 0.00159202990031
301 326 0.0
301 327 0.00139924502957
301 328 0.0
301 329 9.95018687695e-05
301 330 6.21886679809e-06
301 331 0.0
301 332 0.0
301 333 6.21886679809e-06
301 334 6.21886679809e-06
301 335 6.21886679809e-06
301 336 0.0
301 337 0.0
301 338 0.0
301 339 0.0
301 340 0.0
301 341 0.000223879204731
301 342 6.21886679809e-06
301 343 0.00139924502957
301 344 6.21886679809e-06
301 345 0.000304724473107
301 346 0.0
301 347 0.000155471669952
301 348 6.21886679809e-06
301 349 0.000752482882569
301 350 0.0
301 351 0.000621886679809
301 352 0.0
301 353 0.000155471669952
301 354 0.0
301 355 6.21886679809e-06
301 356 0.0
301 357 0.0
301 358 0.0
301 359 0.0
301 360 0.0
301 361 0.0
301 362 0.0
301 363 2.48754671924e-05
301 364 0.0
301 365 6.21886679809e-06
301 366 0.0
301 367 0.000223879204731
301 368 0.0
301 369 9.95018687695e-05
301 370 0.0
301 371 0.000304724473107
301 372 6.21886679809e-06
301 373 0.000155471669952
301 374 6.21886679809e-06
301 375 2.48754671924e-05
301 376 0.0
301 377 6.21886679809e-06
301 378 0.0
301 379 6.21886679809e-06
301 380 0.0
301 381 5.59698011828e-05
301 382 6.21886679809e-06
301 383 5.59698011828e-05
301 384 6.21886679809e-06
301 385 2.48754671924e-05
301 386 0.0
301 387 2.48754671924e-05
301 388 0.0
301 389 0.0
301 390 0.0
301 391 9.95018687695e-05
301 392 0.0
301 393 6.21886679809e-06
301 394 6.21886679809e-06
301 395 9.95018687695e-05
301 396 6.21886679809e-06
301 397 2.48754671924e-05
301 398 0.0
301 399 6.21886679809e-06
301 400 0.0
302 0 0.0
302 1 2.48754671924e-05
302 2 0.0
302 3 2.48754671924e-05
302 4 0.0
302 5 0.000155471669952
302 6 0.0
302 7 0.000223879204731
302 8 0.0
302 9 2.48754671924e-05
302 10 0.0
302 11 0.000503728210645
302 12 0.0
302 13 5.59698011828e-05
302 14 0.0
302 15 2.48754671924e-05
302 16 0.0
302 17 0.000155471669952
302 18 0.0
302 19 6.21886679809e-06
302 20 0.0
302 21 2.48754671924e-05
302 22 0.0
302 23 6.21886679809e-06
302 24 0.0
302 25 6.21886679809e-06
302 26 0.0
302 27 6.21886679809e-06
302 28 0.0
302 29 0.000304724473107
302 30 0.0
302 31 9.95018687695e-05
302 32 0.0
302 33 2.48754671924e-05
302 34 0.0
302 35 0.0
302 36 0.0
302 37 0.000621886679809
302 38 0.0
302 39 0.000304724473107
302 40 0.0
302 41 0.0
302 42 0.0
302 43 2.48754671924e-05
302 44 0.0
302 45 0.0
302 46 0.0
302 47 6.21886679809e-06
302 48 0.0
302 49 0.0
302 50 0.0
302 51 0.0
302 52 0.0
302 53 0.0
302 54 0.0
302 55 6.21886679809e-06
302 56 0.0
302 57 9.95018687695e-05
302 58 0.0
302 59 0.000155471669952
302 60 0.0
302 61 0.00121889789243
302 62 0.0
302 63 0.000155471669952
302 64 0.0
302 65 0.000223879204731
302 66 0.0
302 67 0.000398007475078
302 68 0.0
302 69 9.95018687695e-05
302 70 0.0
302 71 6.21886679809e-06
302 72 0.0
302 73 2.48754671924e-05
302 74 0.0
302 75 0.0
302 76 0.0
302 77 6.21886679809e-06
302 78 0.0
302 79 0.0
302 80 0.0
302 81 0.0
302 82 0.0
302 83 0.0
302 84 0.0
302 85 0.000304724473107
302 86 0.0
302 87 0.000621886679809
302 88 0.0
302 89 0.00179725250465
302 90 0.0
302 91 9.95018687695e-05
302 92 0.0
302 93 0.000752482882569
302 94 0.0
302 95 0.00179725250465
302 96 0.0
302 97 2.48754671924e-05
302 98 0.0
302 99 0.0
302 100 0.0
302 101 6.21886679809e-06
302 102 0.0
302 103 0.0
302 104 0.0
302 105 0.0
302 106 0.0
302 107 0.0
302 108 0.0
302 109 0.0
302 110 0.0
302 111 6.21886679809e-06
302 112 0.0
302 113 0.0
302 114 0.0
302 115 0.0
302 116 0.0
302 117 0.0
302 118 0.0
302 119 0.0
302 120 0.0
302 121 0.0
302 122 0.0
302 123 0.0
302 124 0.0
302 125 0.0
302 126 0.0
302 127 0.0
302 128 0.0
302 129 0.0
302 130 0.0
302 131 0.0
302 132 0.0
302 133 0.0
302 134 0.0
302 135 0.0
302 136 0.0
302 137 6.21886679809e-06
302 138 0.0
302 139 0.0
302 140 0.0
302 141 0.0
302 142 0.0
302 143 0.0
302 144 0.0
302 145 0.0
302 146 0.0
302 147 0.0
302 148 0.0
302 149 0.0
302 150 0.0
302 151 0.0
302 152 0.0
302 153 0.0
302 154 0.0
302 155 0.0
302 156 0.0
302 157 0.0
302 158 0.0
302 159 0.0
302 160 0.0
302 161 0.0
302 162 0.0
302 163 6.21886679809e-06
302 164 0.0
302 165 0.0
302 166 0.0
302 167 6.21886679809e-06
302 168 0.0
302 169 0.0
302 170 0.0
302 171 0.0
302 172 0.0
302 173 0.0
302 174 0.0
302 175 0.0
302 176 0.0
302 177 0.0
302 178 0.0
302 179 0.0
302 180 0.0
302 181 0.0
302 182 0.0
302 183 0.0
302 184 0.0
302 185 0.0
302 186 0.0
302 187 0.0
302 188 0.0
302 189 0.0
302 190 0.0
302 191 0.0
302 192 0.0
302 193 0.0
302 194 0.0
302 195 0.0
302 196 0.0
302 197 0.0
302 198 0.0
302 199 0.0
302 200 0.0
302 201 0.0
302 202 0.0
302 203 0.0
302 204 0.0
302 205 0.0
302 206 0.0
302 207 0.0
302 208 0.0
302 209 0.0
302 210 0.0
302 211 0.0
302 212 0.0
302 213 6.21886679809e-06
302 214 0.0
302 215 6.21886679809e-06
302 216 0.0
302 217 0.0
302 218 0.0
302 219 6.21886679809e-06
302 220 0.0
302 221 2.48754671924e-05
302 222 0.0
302 223 0.0
302 224 0.0
302 225 0.0
302 226 0.0
302 227 0.0
302 228 0.0
302 229 0.0
302 230 0.0
302 231 0.0
302 232 0.0
302 233 0.0
302 234 0.0
302 235 6.21886679809e-06
302 236 0.0
302 237 6.21886679809e-06
302 238 0.0
302 239 0.0
302 240 0.0
302 241 0.0
302 242 0.0
302 243 6.21886679809e-06
302 244 0.0
302 245 0.0
302 246 0.0
302 247 0.0
302 248 0.0
302 249 0.0
302 250 0.0
302 251 6.21886679809e-06
302 252 0.0
302 253 0.0
302 254 0.0
302 255 0.0
302 256 0.0
302 257 0.0
302 258 0.0
302 259 0.0
302 260 0.0
302 261 6.21886679809e-06
302 262 0.0
302 263 6.21886679809e-06
302 264 0.0
302 265 0.0
302 266 0.0
302 267 0.0
302 268 0.0
302 269 0.0
302 270 0.0
302 271 0.0
302 272 0.0
302 273 0.0
302 274 0.0
302 275 0.0
302 276 0.0
302 277 0.0
302 278 0.0
302 279 0.0
302 280 0.0
302 281 0.0
302 282 0.0
302 283 0.0
302 284 0.0
302 285 6.21886679809e-06
302 286 0.0
302 287 6.21886679809e-06
302 288 0.0
302 289 0.0
302 290 0.0
302 291 0.0
302 292 0.0
302 293 0.0
302 294 0.0
302 295 0.0
302 296 0.0
302 297 0.0
302 298 0.0
302 299 0.0
302 300 0.0
302 301 0.0
302 302 0.0
302 303 0.0
302 304 0.0
302 305 0.0
302 306 0.0
302 307 0.0
302 308 0.0
302 309 0.0
302 310 0.0
302 311 0.0
302 312 0.0
302 313 6.21886679809e-06
302 314 0.0
302 315 0.0
302 316 0.0
302 317 5.59698011828e-05
302 318 0.0
302 319 6.21886679809e-06
302 320 0.0
302 321 6.21886679809e-06
302 322 0.0
302 323 6.21886679809e-06
302 324 0.0
302 325 0.00179725250465
302 326 0.0
302 327 0.00121889789243
302 328 0.0
302 329 9.95018687695e-05
302 330 0.0
302 331 6.21886679809e-06
302 332 0.0
302 333 2.48754671924e-05
302 334 0.0
302 335 0.0
302 336 0.0
302 337 0.0
302 338 0.0
302 339 0.0
302 340 0.0
302 341 0.000223879204731
302 342 0.0
302 343 0.00121889789243
302 344 0.0
302 345 0.000304724473107
302 346 0.0
302 347 9.95018687695e-05
302 348 0.0
302 349 0.000752482882569
302 350 0.0
302 351 0.000621886679809
302 352 0.0
302 353 0.000155471669952
302 354 0.0
302 355 6.21886679809e-06
302 356 0.0
302 357 0.0
302 358 0.0
302 359 0.0
302 360 0.0
302 361 0.0
302 362 0.0
302 363 2.48754671924e-05
302 364 0.0
302 365 6.21886679809e-06
302 366 0.0
302 367 0.000223879204731
302 368 0.0
302 369 9.95018687695e-05
302 370 0.0
302 371 0.000304724473107
302 372 0.0
302 373 0.000223879204731
302 374 0.0
302 375 2.48754671924e-05
302 376 0.0
302 377 2.48754671924e-05
302 378 0.0
302 379 6.21886679809e-06
302 380 0.0
302 381 9.95018687695e-05
302 382 0.0
302 383 2.48754671924e-05
302 384 0.0
302 385 2.48754671924e-05
302 386 0.0
302 387 2.48754671924e-05
302 388 0.0
302 389 0.0
302 390 0.0
302 391 9.95018687695e-05
302 392 0.0
302 393 6.21886679809e-06
302 394 0.0
302 395 5.59698011828e-05
302 396 0.0
302 397 5.59698011828e-05
302 398 0.0
302 399 2.48754671924e-05
302 400 0.0
303 0 6.21886679809e-06
303 1 5.59698011828e-05
303 2 0.0
303 3 2.48754671924e-05
303 4 6.21886679809e-06
303 5 9.95018687695e-05
303 6 0.0
303 7 0.000223879204731
303 8 0.0
303 9 2.48754671924e-05
303 10 0.0
303 11 0.000503728210645
303 12 0.0
303 13 5.59698011828e-05
303 14 0.0
303 15 2.48754671924e-05
303 16 0.0
303 17 0.000155471669952
303 18 0.0
303 19 6.21886679809e-06
303 20 0.0
303 21 2.48754671924e-05
303 22 0.0
303 23 6.21886679809e-06
303 24 0.0
303 25 6.21886679809e-06
303 26 0.0
303 27 6.21886679809e-06
303 28 0.0
303 29 0.000304724473107
303 30 0.0
303 31 9.95018687695e-05
303 32 0.0
303 33 2.48754671924e-05
303 34 0.0
303 35 0.0
303 36 0.0
303 37 0.000621886679809
303 38 0.0
303 39 0.000304724473107
303 40 0.0
303 41 0.0
303 42 0.0
303 43 2.48754671924e-05
303 44 0.0
303 45 0.0
303 46 0.0
303 47 6.21886679809e-06
303 48 0.0
303 49 0.0
303 50 0.0
303 51 0.0
303 52 0.0
303 53 0.0
303 54 0.0
303 55 6.21886679809e-06
303 56 0.0
303 57 9.95018687695e-05
303 58 0.0
303 59 0.000155471669952
303 60 6.21886679809e-06
303 61 0.00159202990031
303 62 6.21886679809e-06
303 63 0.000155471669952
303 64 0.0
303 65 0.000223879204731
303 66 0.0
303 67 0.000398007475078
303 68 0.0
303 69 9.95018687695e-05
303 70 0.0
303 71 6.21886679809e-06
303 72 0.0
303 73 2.48754671924e-05
303 74 0.0
303 75 0.0
303 76 0.0
303 77 6.21886679809e-06
303 78 0.0
303 79 0.0
303 80 0.0
303 81 0.0
303 82 0.0
303 83 0.0
303 84 0.0
303 85 0.000304724473107
303 86 0.0
303 87 0.000621886679809
303 88 0.0
303 89 0.00179725250465
303 90 0.0
303 91 9.95018687695e-05
303 92 0.0
303 93 0.00105098848888
303 94 2.48754671924e-05
303 95 0.00139924502957
303 96 6.21886679809e-06
303 97 0.0
303 98 2.48754671924e-05
303 99 6.21886679809e-06
303 100 0.0
303 101 6.21886679809e-06
303 102 0.0
303 103 0.0
303 104 0.0
303 105 0.0
303 106 0.0
303 107 0.0
303 108 0.0
303 109 0.0
303 110 0.0
303 111 6.21886679809e-06
303 112 0.0
303 113 0.0
303 114 9.95018687695e-05
303 115 0.000155471669952
303 116 0.000155471669952
303 117 0.000155471669952
303 118 0.000155471669952
303 119 0.000155471669952
303 120 0.000155471669952
303 121 0.000155471669952
303 122 0.000155471669952
303 123 0.000155471669952
303 124 0.000155471669952
303 125 0.000155471669952
303 126 0.000155471669952
303 127 0.000155471669952
303 128 0.000155471669952
303 129 0.000155471669952
303 130 0.000155471669952
303 131 0.000155471669952
303 132 0.000155471669952
303 133 0.000155471669952
303 134 0.000155471669952
303 135 2.48754671924e-05
303 136 0.0
303 137 6.21886679809e-06
303 138 0.0
303 139 0.0
303 140 0.0
303 141 0.0
303 142 0.0
303 143 0.0
303 144 0.0
303 145 0.0
303 146 0.0
303 147 0.0
303 148 0.0
303 149 0.0
303 150 0.0
303 151 0.0
303 152 0.0
303 153 0.0
303 154 0.0
303 155 0.0
303 156 0.0
303 157 0.0
303 158 0.0
303 159 0.0
303 160 0.0
303 161 0.0
303 162 0.0
303 163 6.21886679809e-06
303 164 0.000155471669952
303 165 0.000155471669952
303 166 0.000155471669952
303 167 9.95018687695e-05
303 168 0.000155471669952
303 169 0.000155471669952
303 170 0.000155471669952
303 171 0.000155471669952
303 172 0.000155471669952
303 173 0.000155471669952
303 174 0.000155471669952
303 175 0.000155471669952
303 176 0.000155471669952
303 177 0.000155471669952
303 178 0.000155471669952
303 179 0.000155471669952
303 180 0.000155471669952
303 181 0.000155471669952
303 182 0.000155471669952
303 183 0.000155471669952
303 184 0.000155471669952
303 185 0.000155471669952
303 186 0.000155471669952
303 187 0.000155471669952
303 188 0.000155471669952
303 189 0.000155471669952
303 190 0.000155471669952
303 191 0.000155471669952
303 192 0.000155471669952
303 193 0.000155471669952
303 194 0.000155471669952
303 195 0.000155471669952
303 196 0.000155471669952
303 197 0.000155471669952
303 198 0.000155471669952
303 199 0.000155471669952
303 200 0.000155471669952
303 201 0.000155471669952
303 202 0.000155471669952
303 203 0.000155471669952
303 204 0.000155471669952
303 205 0.000155471669952
303 206 0.000155471669952
303 207 0.000155471669952
303 208 0.000155471669952
303 209 0.000155471669952
303 210 0.000155471669952
303 211 0.000155471669952
303 212 0.000155471669952
303 213 5.59698011828e-05
303 214 0.0
303 215 6.21886679809e-06
303 216 0.0
303 217 0.0
303 218 0.0
303 219 6.21886679809e-06
303 220 0.0
303 221 5.59698011828e-05
303 222 0.000155471669952
303 223 0.000155471669952
303 224 0.000155471669952
303 225 0.000155471669952
303 226 0.000155471669952
303 227 0.000155471669952
303 228 0.000155471669952
303 229 0.000155471669952
303 230 0.000155471669952
303 231 0.000155471669952
303 232 0.000155471669952
303 233 0.000155471669952
303 234 0.000155471669952
303 235 0.0
303 236 0.0
303 237 6.21886679809e-06
303 238 0.0
303 239 0.0
303 240 0.0
303 241 6.21886679809e-06
303 242 9.95018687695e-05
303 243 0.000155471669952
303 244 0.000155471669952
303 245 9.95018687695e-05
303 246 0.000155471669952
303 247 0.000155471669952
303 248 0.000155471669952
303 249 2.48754671924e-05
303 250 0.0
303 251 6.21886679809e-06
303 252 0.0
303 253 0.0
303 254 0.0
303 255 0.0
303 256 0.0
303 257 0.0
303 258 0.0
303 259 0.0
303 260 0.0
303 261 6.21886679809e-06
303 262 0.0
303 263 0.0
303 264 0.000155471669952
303 265 0.000155471669952
303 266 0.000155471669952
303 267 0.000155471669952
303 268 0.000155471669952
303 269 0.000155471669952
303 270 0.000155471669952
303 271 0.000155471669952
303 272 0.000155471669952
303 273 0.000155471669952
303 274 0.000155471669952
303 275 0.000155471669952
303 276 0.000155471669952
303 277 0.000155471669952
303 278 0.000155471669952
303 279 0.000155471669952
303 280 0.000155471669952
303 281 0.000155471669952
303 282 0.000155471669952
303 283 0.000155471669952
303 284 0.000155471669952
303 285 6.21886679809e-06
303 286 0.0
303 287 6.21886679809e-06
303 288 0.0
303 289 0.0
303 290 0.0
303 291 0.0
303 292 0.0
303 293 0.0
303 294 0.0
303 295 0.0
303 296 0.0
303 297 0.0
303 298 0.0
303 299 0.0
303 300 0.0
303 301 0.0
303 302 0.0
303 303 0.0
303 304 0.0
303 305 0.0
303 306 0.0
303 307 0.0
303 308 0.0
303 309 0.0
303 310 0.0
303 311 0.0
303 312 0.0
303 313 0.0
303 314 6.21886679809e-06
303 315 6.21886679809e-06
303 316 6.21886679809e-06
303 317 2.48754671924e-05
303 318 2.48754671924e-05
303 319 0.0
303 320 0.0
303 321 2.48754671924e-05
303 322 6.21886679809e-06
303 323 2.48754671924e-05
303 324 0.0
303 325 0.00139924502957
303 326 6.21886679809e-06
303 327 0.00139924502957
303 328 0.0
303 329 9.95018687695e-05
303 330 0.0
303 331 6.21886679809e-06
303 332 0.0
303 333 2.48754671924e-05
303 334 0.0
303 335 0.0
303 336 0.0
303 337 0.0
303 338 0.0
303 339 0.0
303 340 0.0
303 341 0.000223879204731
303 342 0.0
303 343 0.00121889789243
303 344 0.0
303 345 0.000304724473107
303 346 0.0
303 347 9.95018687695e-05
303 348 0.0
303 349 0.000752482882569
303 350 0.0
303 351 0.000621886679809
303 352 0.0
303 353 0.000155471669952
303 354 0.0
303 355 6.21886679809e-06
303 356 0.0
303 357 0.0
303 358 0.0
303 359 0.0
303 360 0.0
303 361 0.0
303 362 0.0
303 363 2.48754671924e-05
303 364 0.0
303 365 6.21886679809e-06
303 366 0.0
303 367 0.000223879204731
303 368 0.0
303 369 9.95018687695e-05
303 370 0.0
303 371 0.000304724473107
303 372 6.21886679809e-06
303 373 0.000223879204731
303 374 0.0
303 375 2.48754671924e-05
303 376 6.21886679809e-06
303 377 2.48754671924e-05
303 378 0.0
303 379 6.21886679809e-06
303 380 0.0
303 381 9.95018687695e-05
303 382 0.0
303 383 2.48754671924e-05
303 384 0.0
303 385 2.48754671924e-05
303 386 0.0
303 387 2.48754671924e-05
303 388 0.0
303 389 6.21886679809e-06
303 390 6.21886679809e-06
303 391 9.95018687695e-05
303 392 0.0
303 393 6.21886679809e-06
303 394 0.0
303 395 5.59698011828e-05
303 396 0.0
303 397 5.59698011828e-05
303 398 0.0
303 399 2.48754671924e-05
303 400 0.0
304 0 0.0
304 1 2.48754671924e-05
304 2 0.0
304 3 2.48754671924e-05
304 4 0.0
304 5 0.000155471669952
304 6 0.0
304 7 0.000223879204731
304 8 0.0
304 9 2.48754671924e-05
304 10 0.0
304 11 0.000503728210645
304 12 0.0
304 13 5.59698011828e-05
304 14 0.0
304 15 2.48754671924e-05
304 16 0.0
304 17 0.000155471669952
304 18 0.0
304 19 6.21886679809e-06
304 20 0.0
304 21 2.48754671924e-05
304 22 0.0
304 23 6.21886679809e-06
304 24 0.0
304 25 6.21886679809e-06
304 26 0.0
304 27 6.21886679809e-06
304 28 0.0
304 29 0.000304724473107
304 30 0.0
304 31 9.95018687695e-05
304 32 0.0
304 33 2.48754671924e-05
304 34 0.0
304 35 0.0
304 36 0.0
304 37 0.000621886679809
304 38 0.0
304 39 0.000304724473107
304 40 0.0
304 41 0.0
304 42 0.0
304 43 2.48754671924e-05
304 44 0.0
304 45 0.0
304 46 0.0
304 47 6.21886679809e-06
304 48 0.0
304 49 0.0
304 50 0.0
304 51 0.0
304 52 0.0
304 53 0.0
304 54 0.0
304 55 6.21886679809e-06
304 56 0.0
304 57 9.95018687695e-05
304 58 0.0
304 59 0.000155471669952
304 60 0.0
304 61 0.00121889789243
304 62 0.0
304 63 0.000155471669952
304 64 0.0
304 65 0.000223879204731
304 66 0.0
304 67 0.000398007475078
304 68 0.0
304 69 9.95018687695e-05
304 70 0.0
304 71 6.21886679809e-06
304 72 0.0
304 73 2.48754671924e-05
304 74 0.0
304 75 0.0
304 76 0.0
304 77 6.21886679809e-06
304 78 0.0
304 79 0.0
304 80 0.0
304 81 0.0
304 82 0.0
304 83 0.0
304 84 0.0
304 85 0.000304724473107
304 86 0.0
304 87 0.000621886679809
304 88 0.0
304 89 0.00179725250465
304 90 0.0
304 91 5.59698011828e-05
304 92 0.0
304 93 0.000752482882569
304 94 0.0
304 95 0.00179725250465
304 96 0.0
304 97 5.59698011828e-05
304 98 0.0
304 99 0.0
304 100 0.0
304 101 6.21886679809e-06
304 102 0.0
304 103 0.0
304 104 0.0
304 105 0.0
304 106 0.0
304 107 0.0
304 108 0.0
304 109 0.0
304 110 0.0
304 111 6.21886679809e-06
304 112 0.0
304 113 0.0
304 114 0.0
304 115 0.0
304 116 0.0
304 117 0.0
304 118 0.0
304 119 0.0
304 120 0.0
304 121 0.0
304 122 0.0
304 123 0.0
304 124 0.0
304 125 0.0
304 126 0.0
304 127 0.0
304 128 0.0
304 129 0.0
304 130 0.0
304 131 0.0
304 132 0.0
304 133 0.0
304 134 0.0
304 135 6.21886679809e-06
304 136 0.0
304 137 6.21886679809e-06
304 138 0.0
304 139 0.0
304 140 0.0
304 141 0.0
304 142 0.0
304 143 0.0
304 144 0.0
304 145 0.0
304 146 0.0
304 147 0.0
304 148 0.0
304 149 0.0
304 150 0.0
304 151 0.0
304 152 0.0
304 153 0.0
304 154 0.0
304 155 0.0
304 156 0.0
304 157 0.0
304 158 0.0
304 159 0.0
304 160 0.0
304 161 0.0
304 162 0.0
304 163 0.0
304 164 0.0
304 165 0.0
304 166 0.0
304 167 6.21886679809e-06
304 168 0.0
304 169 0.0
304 170 0.0
304 171 0.0
304 172 0.0
304 173 0.0
304 174 0.0
304 175 0.0
304 176 0.0
304 177 0.0
304 178 0.0
304 179 0.0
304 180 0.0
304 181 0.0
304 182 0.0
304 183 0.0
304 184 0.0
304 185 0.0
304 186 0.0
304 187 0.0
304 188 0.0
304 189 0.0
304 190 0.0
304 191 0.0
304 192 0.0
304 193 0.0
304 194 0.0
304 195 0.0
304 196 0.0
304 197 0.0
304 198 0.0
304 199 0.0
304 200 0.0
304 201 0.0
304 202 0.0
304 203 0.0
304 204 0.0
304 205 0.0
304 206 0.0
304 207 0.0
304 208 0.0
304 209 0.0
304 210 0.0
304 211 0.0
304 212 0.0
304 213 6.21886679809e-06
304 214 0.0
304 215 6.21886679809e-06
304 216 0.0
304 217 0.0
304 218 0.0
304 219 6.21886679809e-06
304 220 0.0
304 221 6.21886679809e-06
304 222 0.0
304 223 0.0
304 224 0.0
304 225 0.0
304 226 0.0
304 227 0.0
304 228 0.0
304 229 0.0
304 230 0.0
304 231 0.0
304 232 0.0
304 233 0.0
304 234 0.0
304 235 6.21886679809e-06
304 236 0.0
304 237 6.21886679809e-06
304 238 0.0
304 239 0.0
304 240 0.0
304 241 0.0
304 242 0.0
304 243 0.0
304 244 0.0
304 245 6.21886679809e-06
304 246 0.0
304 247 0.0
304 248 0.0
304 249 6.21886679809e-06
304 250 0.0
304 251 6.21886679809e-06
304 252 0.0
304 253 0.0
304 254 0.0
304 255 0.0
304 256 0.0
304 257 0.0
304 258 0.0
304 259 0.0
304 260 0.0
304 261 6.21886679809e-06
304 262 0.0
304 263 6.21886679809e-06
304 264 0.0
304 265 0.0
304 266 0.0
304 267 0.0
304 268 0.0
304 269 0.0
304 270 0.0
304 271 0.0
304 272 0.0
304 273 0.0
304 274 0.0
304 275 0.0
304 276 0.0
304 277 0.0
304 278 0.0
304 279 0.0
304 280 0.0
304 281 0.0
304 282 0.0
304 283 0.0
304 284 0.0
304 285 0.0
304 286 0.0
304 287 6.21886679809e-06
304 288 0.0
304 289 0.0
304 290 0.0
304 291 0.0
304 292 0.0
304 293 0.0
304 294 0.0
304 295 0.0
304 296 0.0
304 297 0.0
304 298 0.0
304 299 0.0
304 300 0.0
304 301 0.0
304 302 0.0
304 303 0.0
304 304 0.0
304 305 0.0
304 306 0.0
304 307 0.0
304 308 0.0
304 309 0.0
304 310 0.0
304 311 0.0
304 312 0.0
304 313 0.0
304 314 0.0
304 315 2.48754671924e-05
304 316 0.0
304 317 0.0
304 318 0.0
304 319 0.0
304 320 0.0
304 321 2.48754671924e-05
304 322 0.0
304 323 6.21886679809e-06
304 324 0.0
304 325 0.00159202990031
304 326 0.0
304 327 0.00121889789243
304 328 0.0
304 329 9.95018687695e-05
304 330 0.0
304 331 6.21886679809e-06
304 332 0.0
304 333 2.48754671924e-05
304 334 0.0
304 335 0.0
304 336 0.0
304 337 0.0
304 338 0.0
304 339 0.0
304 340 0.0
304 341 0.000223879204731
304 342 0.0
304 343 0.00121889789243
304 344 0.0
304 345 0.000304724473107
304 346 0.0
304 347 9.95018687695e-05
304 348 0.0
304 349 0.000752482882569
304 350 0.0
304 351 0.000621886679809
304 352 0.0
304 353 0.000155471669952
304 354 0.0
304 355 6.21886679809e-06
304 356 0.0
304 357 0.0
304 358 0.0
304 359 0.0
304 360 0.0
304 361 0.0
304 362 0.0
304 363 2.48754671924e-05
304 364 0.0
304 365 6.21886679809e-06
304 366 0.0
304 367 0.000223879204731
304 368 0.0
304 369 9.95018687695e-05
304 370 0.0
304 371 0.000304724473107
304 372 0.0
304 373 0.000223879204731
304 374 0.0
304 375 2.48754671924e-05
304 376 0.0
304 377 2.48754671924e-05
304 378 0.0
304 379 6.21886679809e-06
304 380 0.0
304 381 9.95018687695e-05
304 382 0.0
304 383 2.48754671924e-05
304 384 0.0
304 385 2.48754671924e-05
304 386 0.0
304 387 2.48754671924e-05
304 388 0.0
304 389 0.0
304 390 0.0
304 391 9.95018687695e-05
304 392 0.0
304 393 6.21886679809e-06
304 394 0.0
304 395 5.59698011828e-05
304 396 0.0
304 397 5.59698011828e-05
304 398 0.0
304 399 2.48754671924e-05
304 400 0.0
305 0 0.0
305 1 5.59698011828e-05
305 2 6.21886679809e-06
305 3 2.48754671924e-05
305 4 0.0
305 5 0.000155471669952
305 6 6.21886679809e-06
305 7 0.000223879204731
305 8 0.0
305 9 2.48754671924e-05
305 10 0.0
305 11 0.000503728210645
305 12 0.0
305 13 5.59698011828e-05
305 14 0.0
305 15 2.48754671924e-05
305 16 0.0
305 17 0.000155471669952
305 18 0.0
305 19 6.21886679809e-06
305 20 0.0
305 21 2.48754671924e-05
305 22 0.0
305 23 6.21886679809e-06
305 24 0.0
305 25 6.21886679809e-06
305 26 0.0
305 27 6.21886679809e-06
305 28 0.0
305 29 0.000304724473107
305 30 0.0
305 31 9.95018687695e-05
305 32 0.0
305 33 2.48754671924e-05
305 34 0.0
305 35 0.0
305 36 6.21886679809e-06
305 37 0.000503728210645
305 38 0.0
305 39 0.000304724473107
305 40 6.21886679809e-06
305 41 6.21886679809e-06
305 42 6.21886679809e-06
305 43 2.48754671924e-05
305 44 0.0
305 45 0.0
305 46 0.0
305 47 6.21886679809e-06
305 48 0.0
305 49 0.0
305 50 0.0
305 51 0.0
305 52 0.0
305 53 0.0
305 54 0.0
305 55 6.21886679809e-06
305 56 0.0
305 57 9.95018687695e-05
305 58 0.0
305 59 0.000155471669952
305 60 0.0
305 61 0.00121889789243
305 62 0.0
305 63 0.000155471669952
305 64 0.0
305 65 0.000223879204731
305 66 0.0
305 67 0.000398007475078
305 68 0.0
305 69 9.95018687695e-05
305 70 0.0
305 71 6.21886679809e-06
305 72 0.0
305 73 2.48754671924e-05
305 74 0.0
305 75 0.0
305 76 0.0
305 77 6.21886679809e-06
305 78 0.0
305 79 0.0
305 80 0.0
305 81 0.0
305 82 0.0
305 83 0.0
305 84 0.0
305 85 0.000223879204731
305 86 6.21886679809e-06
305 87 0.00105098848888
305 88 9.95018687695e-05
305 89 0.00121889789243
305 90 6.21886679809e-06
305 91 9.95018687695e-05
305 92 6.21886679809e-06
305 93 0.000752482882569
305 94 0.000155471669952
305 95 0.0035820672757
305 96 0.000398007475078
305 97 0.000752482882569
305 98 0.000398007475078
305 99 0.000223879204731
305 100 0.000398007475078
305 101 0.000304724473107
305 102 0.000304724473107
305 103 0.000304724473107
305 104 0.000304724473107
305 105 0.000304724473107
305 106 0.000304724473107
305 107 0.000304724473107
305 108 0.000304724473107
305 109 0.000304724473107
305 110 0.000304724473107
305 111 0.000304724473107
305 112 0.000304724473107
305 113 0.000304724473107
305 114 0.000503728210645
305 115 0.000621886679809
305 116 0.000621886679809
305 117 0.000621886679809
305 118 0.000621886679809
305 119 0.000621886679809
305 120 0.000621886679809
305 121 0.000621886679809
305 122 0.000621886679809
305 123 0.000621886679809
305 124 0.000621886679809
305 125 0.000621886679809
305 126 0.000621886679809
305 127 0.000621886679809
305 128 0.000621886679809
305 129 0.000621886679809
305 130 0.000621886679809
305 131 0.000621886679809
305 132 0.000621886679809
305 133 0.000621886679809
305 134 0.000621886679809
305 135 0.000398007475078
305 136 0.000304724473107
305 137 0.000304724473107
305 138 0.000304724473107
305 139 0.000304724473107
305 140 0.000304724473107
305 141 0.000304724473107
305 142 0.000304724473107
305 143 0.000304724473107
305 144 0.000304724473107
305 145 0.000304724473107
305 146 0.000304724473107
305 147 0.000304724473107
305 148 0.000304724473107
305 149 0.000304724473107
305 150 0.000304724473107
305 151 0.000304724473107
305 152 0.000304724473107
305 153 0.000304724473107
305 154 0.000304724473107
305 155 0.000304724473107
305 156 0.000304724473107
305 157 0.000304724473107
305 158 0.000304724473107
305 159 0.000304724473107
305 160 0.000304724473107
305 161 0.000304724473107
305 162 0.000304724473107
305 163 0.000398007475078
305 164 0.000621886679809
305 165 0.000621886679809
305 166 0.000621886679809
305 167 0.000621886679809
305 168 0.000621886679809
305 169 0.000621886679809
305 170 0.000621886679809
305 171 0.000621886679809
305 172 0.000621886679809
305 173 0.000621886679809
305 174 0.000621886679809
305 175 0.000621886679809
305 176 0.000621886679809
305 177 0.000621886679809
305 178 0.000621886679809
305 179 0.000621886679809
305 180 0.000621886679809
305 181 0.000621886679809
305 182 0.000621886679809
305 183 0.000621886679809
305 184 0.000621886679809
305 185 0.000621886679809
305 186 0.000621886679809
305 187 0.000621886679809
305 188 0.000621886679809
305 189 0.000621886679809
305 190 0.000621886679809
305 191 0.000621886679809
305 192 0.000621886679809
305 193 0.000621886679809
305 194 0.000621886679809
305 195 0.000621886679809
305 196 0.000621886679809
305 197 0.000621886679809
305 198 0.000621886679809
305 199 0.000621886679809
305 200 0.000621886679809
305 201 0.000621886679809
305 202 0.000621886679809
305 203 0.000621886679809
305 204 0.000621886679809
305 205 0.000621886679809
305 206 0.000621886679809
305 207 0.000621886679809
305 208 0.000621886679809
305 209 0.000621886679809
305 210 0.000621886679809
305 211 0.000621886679809
305 212 0.000621886679809
305 213 0.000503728210645
305 214 0.000304724473107
305 215 0.000304724473107
305 216 0.000304724473107
305 217 0.000304724473107
305 218 0.000304724473107
305 219 0.000304724473107
305 220 0.000398007475078
305 221 0.000621886679809
305 222 0.000621886679809
305 223 0.000621886679809
305 224 0.000621886679809
305 225 0.000621886679809
305 226 0.000621886679809
305 227 0.000621886679809
305 228 0.000621886679809
305 229 0.000621886679809
305 230 0.000621886679809
305 231 0.000621886679809
305 232 0.000621886679809
305 233 0.000621886679809
305 234 0.000621886679809
305 235 0.000398007475078
305 236 0.000304724473107
305 237 0.000304724473107
305 238 0.000304724473107
305 239 0.000304724473107
305 240 0.000304724473107
305 241 0.000304724473107
305 242 0.000503728210645
305 243 0.000621886679809
305 244 0.000621886679809
305 245 0.000621886679809
305 246 0.000621886679809
305 247 0.000621886679809
305 248 0.000621886679809
305 249 0.000503728210645
305 250 0.000304724473107
305 251 0.000304724473107
305 252 0.000304724473107
305 253 0.000304724473107
305 254 0.000304724473107
305 255 0.000304724473107
305 256 0.000304724473107
305 257 0.000304724473107
305 258 0.000304724473107
305 259 0.000304724473107
305 260 0.000304724473107
305 261 0.000304724473107
305 262 0.000304724473107
305 263 0.000398007475078
305 264 0.000621886679809
305 265 0.000621886679809
305 266 0.000621886679809
305 267 0.000621886679809
305 268 0.000621886679809
305 269 0.000621886679809
305 270 0.000621886679809
305 271 0.000621886679809
305 272 0.000621886679809
305 273 0.000621886679809
305 274 0.000621886679809
305 275 0.000621886679809
305 276 0.000621886679809
305 277 0.000621886679809
305 278 0.000621886679809
305 279 0.000621886679809
305 280 0.000621886679809
305 281 0.000621886679809
305 282 0.000621886679809
305 283 0.000621886679809
305 284 0.000621886679809
305 285 0.000398007475078
305 286 0.000304724473107
305 287 0.000304724473107
305 288 0.000304724473107
305 289 0.000304724473107
305 290 0.000304724473107
305 291 0.000304724473107
305 292 0.000304724473107
305 293 0.000304724473107
305 294 0.000304724473107
305 295 0.000304724473107
305 296 0.000304724473107
305 297 0.000304724473107
305 298 0.000304724473107
305 299 0.000304724473107
305 300 0.000304724473107
305 301 0.000304724473107
305 302 0.000304724473107
305 303 0.000304724473107
305 304 0.000304724473107
305 305 0.000304724473107
305 306 0.000304724473107
305 307 0.000304724473107
305 308 0.000304724473107
305 309 0.000304724473107
305 310 0.000304724473107
305 311 0.000304724473107
305 312 0.000304724473107
305 313 0.000398007475078
305 314 0.000398007475078
305 315 0.000503728210645
305 316 0.000503728210645
305 317 0.000155471669952
305 318 0.000503728210645
305 319 0.000155471669952
305 320 5.59698011828e-05
305 321 0.000155471669952
305 322 0.0
305 323 0.0
305 324 0.0
305 325 0.00159202990031
305 326 6.21886679809e-06
305 327 0.00159202990031
305 328 0.0
305 329 9.95018687695e-05
305 330 6.21886679809e-06
305 331 6.21886679809e-06
305 332 0.0
305 333 6.21886679809e-06
305 334 6.21886679809e-06
305 335 6.21886679809e-06
305 336 0.0
305 337 0.0
305 338 0.0
305 339 0.0
305 340 0.0
305 341 0.000223879204731
305 342 6.21886679809e-06
305 343 0.00139924502957
305 344 6.21886679809e-06
305 345 0.000304724473107
305 346 0.0
305 347 0.000155471669952
305 348 6.21886679809e-06
305 349 0.000752482882569
305 350 0.0
305 351 0.000621886679809
305 352 0.0
305 353 0.000155471669952
305 354 0.0
305 355 6.21886679809e-06
305 356 0.0
305 357 0.0
305 358 0.0
305 359 0.0
305 360 0.0
305 361 0.0
305 362 0.0
305 363 2.48754671924e-05
305 364 0.0
305 365 6.21886679809e-06
305 366 0.0
305 367 0.000223879204731
305 368 0.0
305 369 9.95018687695e-05
305 370 0.0
305 371 0.000304724473107
305 372 6.21886679809e-06
305 373 0.000223879204731
305 374 6.21886679809e-06
305 375 2.48754671924e-05
305 376 0.0
305 377 6.21886679809e-06
305 378 0.0
305 379 6.21886679809e-06
305 380 0.0
305 381 5.59698011828e-05
305 382 6.21886679809e-06
305 383 5.59698011828e-05
305 384 6.21886679809e-06
305 385 6.21886679809e-06
305 386 0.0
305 387 2.48754671924e-05
305 388 0.0
305 389 0.0
305 390 0.0
305 391 9.95018687695e-05
305 392 0.0
305 393 6.21886679809e-06
305 394 6.21886679809e-06
305 395 9.95018687695e-05
305 396 6.21886679809e-06
305 397 2.48754671924e-05
305 398 0.0
305 399 6.21886679809e-06
305 400 0.0
306 0 0.0
306 1 5.59698011828e-05
306 2 0.0
306 3 2.48754671924e-05
306 4 0.0
306 5 0.000155471669952
306 6 0.0
306 7 0.000304724473107
306 8 0.0
306 9 2.48754671924e-05
306 10 0.0
306 11 0.000503728210645
306 12 0.0
306 13 5.59698011828e-05
306 14 0.0
306 15 2.48754671924e-05
306 16 0.0
306 17 0.000155471669952
306 18 0.0
306 19 6.21886679809e-06
306 20 0.0
306 21 2.48754671924e-05
306 22 0.0
306 23 6.21886679809e-06
306 24 0.0
306 25 6.21886679809e-06
306 26 0.0
306 27 6.21886679809e-06
306 28 0.0
306 29 0.000304724473107
306 30 0.0
306 31 9.95018687695e-05
306 32 0.0
306 33 2.48754671924e-05
306 34 0.0
306 35 0.0
306 36 0.0
306 37 0.000621886679809
306 38 0.0
306 39 0.000223879204731
306 40 0.0
306 41 6.21886679809e-06
306 42 0.0
306 43 2.48754671924e-05
306 44 0.0
306 45 0.0
306 46 0.0
306 47 6.21886679809e-06
306 48 0.0
306 49 0.0
306 50 0.0
306 51 0.0
306 52 0.0
306 53 0.0
306 54 0.0
306 55 6.21886679809e-06
306 56 0.0
306 57 2.48754671924e-05
306 58 0.0
306 59 0.000155471669952
306 60 0.0
306 61 0.00105098848888
306 62 0.0
306 63 0.000223879204731
306 64 0.0
306 65 0.000304724473107
306 66 0.0
306 67 0.000398007475078
306 68 0.0
306 69 9.95018687695e-05
306 70 0.0
306 71 6.21886679809e-06
306 72 0.0
306 73 2.48754671924e-05
306 74 0.0
306 75 0.0
306 76 0.0
306 77 6.21886679809e-06
306 78 0.0
306 79 0.0
306 80 0.0
306 81 0.0
306 82 0.0
306 83 0.0
306 84 0.0
306 85 0.000304724473107
306 86 0.0
306 87 0.00105098848888
306 88 0.0
306 89 0.00179725250465
306 90 0.0
306 91 9.95018687695e-05
306 92 0.0
306 93 0.000398007475078
306 94 0.0
306 95 0.00121889789243
306 96 0.0
306 97 2.48754671924e-05
306 98 0.0
306 99 0.0
306 100 0.0
306 101 0.0
306 102 0.0
306 103 0.0
306 104 0.0
306 105 0.0
306 106 0.0
306 107 0.0
306 108 0.0
306 109 6.21886679809e-06
306 110 0.0
306 111 0.0
306 112 0.0
306 113 6.21886679809e-06
306 114 0.0
306 115 0.0
306 116 0.0
306 117 0.0
306 118 0.0
306 119 0.0
306 120 0.0
306 121 0.0
306 122 0.0
306 123 0.0
306 124 0.0
306 125 0.0
306 126 0.0
306 127 0.0
306 128 0.0
306 129 0.0
306 130 0.0
306 131 0.0
306 132 0.0
306 133 6.21886679809e-06
306 134 0.0
306 135 6.21886679809e-06
306 136 0.0
306 137 0.0
306 138 0.0
306 139 0.0
306 140 0.0
306 141 0.0
306 142 0.0
306 143 0.0
306 144 0.0
306 145 0.0
306 146 0.0
306 147 0.0
306 148 0.0
306 149 0.0
306 150 0.0
306 151 0.0
306 152 0.0
306 153 0.0
306 154 0.0
306 155 0.0
306 156 0.0
306 157 0.0
306 158 0.0
306 159 0.0
306 160 0.0
306 161 0.0
306 162 0.0
306 163 6.21886679809e-06
306 164 0.0
306 165 6.21886679809e-06
306 166 0.0
306 167 0.0
306 168 0.0
306 169 0.0
306 170 0.0
306 171 0.0
306 172 0.0
306 173 0.0
306 174 0.0
306 175 0.0
306 176 0.0
306 177 0.0
306 178 0.0
306 179 0.0
306 180 0.0
306 181 0.0
306 182 0.0
306 183 0.0
306 184 0.0
306 185 0.0
306 186 0.0
306 187 0.0
306 188 0.0
306 189 0.0
306 190 0.0
306 191 0.0
306 192 0.0
306 193 0.0
306 194 0.0
306 195 0.0
306 196 0.0
306 197 0.0
306 198 0.0
306 199 0.0
306 200 0.0
306 201 0.0
306 202 0.0
306 203 0.0
306 204 0.0
306 205 0.0
306 206 0.0
306 207 0.0
306 208 0.0
306 209 0.0
306 210 0.0
306 211 6.21886679809e-06
306 212 0.0
306 213 0.0
306 214 0.0
306 215 0.0
306 216 0.0
306 217 6.21886679809e-06
306 218 0.0
306 219 0.0
306 220 0.0
306 221 0.0
306 222 0.0
306 223 0.0
306 224 0.0
306 225 0.0
306 226 0.0
306 227 0.0
306 228 0.0
306 229 0.0
306 230 0.0
306 231 0.0
306 232 0.0
306 233 0.0
306 234 0.0
306 235 6.21886679809e-06
306 236 0.0
306 237 0.0
306 238 0.0
306 239 6.21886679809e-06
306 240 0.0
306 241 6.21886679809e-06
306 242 0.0
306 243 6.21886679809e-06
306 244 0.0
306 245 0.0
306 246 0.0
306 247 6.21886679809e-06
306 248 0.0
306 249 6.21886679809e-06
306 250 0.0
306 251 0.0
306 252 0.0
306 253 0.0
306 254 0.0
306 255 0.0
306 256 0.0
306 257 0.0
306 258 0.0
306 259 6.21886679809e-06
306 260 0.0
306 261 0.0
306 262 0.0
306 263 6.21886679809e-06
306 264 0.0
306 265 0.0
306 266 0.0
306 267 0.0
306 268 0.0
306 269 0.0
306 270 0.0
306 271 0.0
306 272 0.0
306 273 0.0
306 274 0.0
306 275 0.0
306 276 0.0
306 277 0.0
306 278 0.0
306 279 0.0
306 280 0.0
306 281 0.0
306 282 0.0
306 283 6.21886679809e-06
306 284 0.0
306 285 6.21886679809e-06
306 286 0.0
306 287 0.0
306 288 0.0
306 289 0.0
306 290 0.0
306 291 0.0
306 292 0.0
306 293 0.0
306 294 0.0
306 295 0.0
306 296 0.0
306 297 0.0
306 298 0.0
306 299 0.0
306 300 0.0
306 301 0.0
306 302 0.0
306 303 0.0
306 304 0.0
306 305 0.0
306 306 0.0
306 307 0.0
306 308 0.0
306 309 0.0
306 310 0.0
306 311 0.0
306 312 0.0
306 313 0.0
306 314 0.0
306 315 2.48754671924e-05
306 316 0.0
306 317 6.21886679809e-06
306 318 0.0
306 319 5.59698011828e-05
306 320 0.0
306 321 6.21886679809e-06
306 322 0.0
306 323 5.59698011828e-05
306 324 0.0
306 325 0.00139924502957
306 326 0.0
306 327 0.000621886679809
306 328 0.0
306 329 0.000155471669952
306 330 0.0
306 331 6.21886679809e-06
306 332 0.0
306 333 6.21886679809e-06
306 334 0.0
306 335 6.21886679809e-06
306 336 0.0
306 337 0.0
306 338 0.0
306 339 0.0
306 340 0.0
306 341 0.000223879204731
306 342 0.0
306 343 0.00139924502957
306 344 0.0
306 345 0.000398007475078
306 346 0.0
306 347 0.000155471669952
306 348 0.0
306 349 0.000752482882569
306 350 0.0
306 351 0.000621886679809
306 352 0.0
306 353 0.000155471669952
306 354 0.0
306 355 6.21886679809e-06
306 356 0.0
306 357 0.0
306 358 0.0
306 359 0.0
306 360 0.0
306 361 0.0
306 362 0.0
306 363 2.48754671924e-05
306 364 0.0
306 365 6.21886679809e-06
306 366 0.0
306 367 0.000223879204731
306 368 0.0
306 369 9.95018687695e-05
306 370 0.0
306 371 0.000398007475078
306 372 0.0
306 373 0.000155471669952
306 374 0.0
306 375 5.59698011828e-05
306 376 0.0
306 377 6.21886679809e-06
306 378 0.0
306 379 6.21886679809e-06
306 380 0.0
306 381 9.95018687695e-05
306 382 0.0
306 383 2.48754671924e-05
306 384 0.0
306 385 2.48754671924e-05
306 386 0.0
306 387 6.21886679809e-06
306 388 0.0
306 389 6.21886679809e-06
306 390 0.0
306 391 0.000155471669952
306 392 0.0
306 393 6.21886679809e-06
306 394 0.0
306 395 5.59698011828e-05
306 396 0.0
306 397 5.59698011828e-05
306 398 0.0
306 399 6.21886679809e-06
306 400 0.0
307 0 6.21886679809e-06
307 1 5.59698011828e-05
307 2 0.0
307 3 6.21886679809e-06
307 4 6.21886679809e-06
307 5 0.000155471669952
307 6 0.0
307 7 0.000304724473107
307 8 0.0
307 9 2.48754671924e-05
307 10 0.0
307 11 0.000503728210645
307 12 0.0
307 13 5.59698011828e-05
307 14 0.0
307 15 2.48754671924e-05
307 16 0.0
307 17 0.000155471669952
307 18 0.0
307 19 6.21886679809e-06
307 20 0.0
307 21 2.48754671924e-05
307 22 0.0
307 23 6.21886679809e-06
307 24 0.0
307 25 6.21886679809e-06
307 26 0.0
307 27 6.21886679809e-06
307 28 0.0
307 29 0.000304724473107
307 30 0.0
307 31 9.95018687695e-05
307 32 0.0
307 33 2.48754671924e-05
307 34 0.0
307 35 0.0
307 36 0.0
307 37 0.000621886679809
307 38 0.0
307 39 0.000223879204731
307 40 0.0
307 41 6.21886679809e-06
307 42 0.0
307 43 5.59698011828e-05
307 44 0.0
307 45 0.0
307 46 0.0
307 47 6.21886679809e-06
307 48 0.0
307 49 0.0
307 50 0.0
307 51 0.0
307 52 0.0
307 53 0.0
307 54 0.0
307 55 6.21886679809e-06
307 56 0.0
307 57 6.21886679809e-06
307 58 0.0
307 59 0.000155471669952
307 60 6.21886679809e-06
307 61 0.00121889789243
307 62 6.21886679809e-06
307 63 0.000155471669952
307 64 0.0
307 65 0.000304724473107
307 66 0.0
307 67 0.000398007475078
307 68 0.0
307 69 9.95018687695e-05
307 70 0.0
307 71 6.21886679809e-06
307 72 0.0
307 73 2.48754671924e-05
307 74 0.0
307 75 0.0
307 76 0.0
307 77 6.21886679809e-06
307 78 0.0
307 79 0.0
307 80 0.0
307 81 0.0
307 82 0.0
307 83 0.0
307 84 0.0
307 85 0.000398007475078
307 86 0.0
307 87 0.00105098848888
307 88 2.48754671924e-05
307 89 0.00201491284258
307 90 5.59698011828e-05
307 91 6.21886679809e-06
307 92 6.21886679809e-06
307 93 9.95018687695e-05
307 94 9.95018687695e-05
307 95 0.00224501091411
307 96 0.00105098848888
307 97 0.00105098848888
307 98 0.00105098848888
307 99 0.00179725250465
307 100 0.00139924502957
307 101 0.00139924502957
307 102 0.00139924502957
307 103 0.00139924502957
307 104 0.00139924502957
307 105 0.00139924502957
307 106 0.00139924502957
307 107 0.00139924502957
307 108 0.00139924502957
307 109 0.00159202990031
307 110 0.00139924502957
307 111 0.00139924502957
307 112 0.00139924502957
307 113 0.00159202990031
307 114 0.00159202990031
307 115 0.00159202990031
307 116 0.00159202990031
307 117 0.00159202990031
307 118 0.00159202990031
307 119 0.00159202990031
307 120 0.00159202990031
307 121 0.00159202990031
307 122 0.00159202990031
307 123 0.00159202990031
307 124 0.00159202990031
307 125 0.00159202990031
307 126 0.00159202990031
307 127 0.00159202990031
307 128 0.00159202990031
307 129 0.00159202990031
307 130 0.00159202990031
307 131 0.00159202990031
307 132 0.00159202990031
307 133 0.00179725250465
307 134 0.00159202990031
307 135 0.00159202990031
307 136 0.00139924502957
307 137 0.00139924502957
307 138 0.00139924502957
307 139 0.00139924502957
307 140 0.00139924502957
307 141 0.00139924502957
307 142 0.00139924502957
307 143 0.00139924502957
307 144 0.00139924502957
307 145 0.00139924502957
307 146 0.00139924502957
307 147 0.00139924502957
307 148 0.00139924502957
307 149 0.00139924502957
307 150 0.00139924502957
307 151 0.00139924502957
307 152 0.00139924502957
307 153 0.00139924502957
307 154 0.00139924502957
307 155 0.00139924502957
307 156 0.00139924502957
307 157 0.00139924502957
307 158 0.00139924502957
307 159 0.00139924502957
307 160 0.00139924502957
307 161 0.00139924502957
307 162 0.00139924502957
307 163 0.00159202990031
307 164 0.00159202990031
307 165 0.00179725250465
307 166 0.00159202990031
307 167 0.00159202990031
307 168 0.00159202990031
307 169 0.00159202990031
307 170 0.00159202990031
307 171 0.00159202990031
307 172 0.00159202990031
307 173 0.00159202990031
307 174 0.00159202990031
307 175 0.00159202990031
307 176 0.00159202990031
307 177 0.00159202990031
307 178 0.00159202990031
307 179 0.00159202990031
307 180 0.00159202990031
307 181 0.00159202990031
307 182 0.00159202990031
307 183 0.00159202990031
307 184 0.00159202990031
307 185 0.00159202990031
307 186 0.00159202990031
307 187 0.00159202990031
307 188 0.00159202990031
307 189 0.00159202990031
307 190 0.00159202990031
307 191 0.00159202990031
307 192 0.00159202990031
307 193 0.00159202990031
307 194 0.00159202990031
307 195 0.00159202990031
307 196 0.00159202990031
307 197 0.00159202990031
307 198 0.00159202990031
307 199 0.00159202990031
307 200 0.00159202990031
307 201 0.00159202990031
307 202 0.00159202990031
307 203 0.00159202990031
307 204 0.00159202990031
307 205 0.00159202990031
307 206 0.00159202990031
307 207 0.00159202990031
307 208 0.00159202990031
307 209 0.00159202990031
307 210 0.00159202990031
307 211 0.00179725250465
307 212 0.00159202990031
307 213 0.00159202990031
307 214 0.00139924502957
307 215 0.00139924502957
307 216 0.00139924502957
307 217 0.00159202990031
307 218 0.00139924502957
307 219 0.00139924502957
307 220 0.00139924502957
307 221 0.00159202990031
307 222 0.00159202990031
307 223 0.00159202990031
307 224 0.00159202990031
307 225 0.00159202990031
307 226 0.00159202990031
307 227 0.00159202990031
307 228 0.00159202990031
307 229 0.00159202990031
307 230 0.00159202990031
307 231 0.00159202990031
307 232 0.00159202990031
307 233 0.00159202990031
307 234 0.00159202990031
307 235 0.00159202990031
307 236 0.00139924502957
307 237 0.00139924502957
307 238 0.00139924502957
307 239 0.00159202990031
307 240 0.00139924502957
307 241 0.00159202990031
307 242 0.00159202990031
307 243 0.00179725250465
307 244 0.00159202990031
307 245 0.00159202990031
307 246 0.00159202990031
307 247 0.00179725250465
307 248 0.00159202990031
307 249 0.00159202990031
307 250 0.00139924502957
307 251 0.00139924502957
307 252 0.00139924502957
307 253 0.00139924502957
307 254 0.00139924502957
307 255 0.00139924502957
307 256 0.00139924502957
307 257 0.00139924502957
307 258 0.00139924502957
307 259 0.00159202990031
307 260 0.00139924502957
307 261 0.00139924502957
307 262 0.00139924502957
307 263 0.00159202990031
307 264 0.00159202990031
307 265 0.00159202990031
307 266 0.00159202990031
307 267 0.00159202990031
307 268 0.00159202990031
307 269 0.00159202990031
307 270 0.00159202990031
307 271 0.00159202990031
307 272 0.00159202990031
307 273 0.00159202990031
307 274 0.00159202990031
307 275 0.00159202990031
307 276 0.00159202990031
307 277 0.00159202990031
307 278 0.00159202990031
307 279 0.00159202990031
307 280 0.00159202990031
307 281 0.00159202990031
307 282 0.00159202990031
307 283 0.00179725250465
307 284 0.00159202990031
307 285 0.00159202990031
307 286 0.00139924502957
307 287 0.00139924502957
307 288 0.00139924502957
307 289 0.00139924502957
307 290 0.00139924502957
307 291 0.00139924502957
307 292 0.00139924502957
307 293 0.00139924502957
307 294 0.00139924502957
307 295 0.00139924502957
307 296 0.00139924502957
307 297 0.00139924502957
307 298 0.00139924502957
307 299 0.00139924502957
307 300 0.00139924502957
307 301 0.00139924502957
307 302 0.00139924502957
307 303 0.00139924502957
307 304 0.00139924502957
307 305 0.00139924502957
307 306 0.00139924502957
307 307 0.00139924502957
307 308 0.00139924502957
307 309 0.00139924502957
307 310 0.00139924502957
307 311 0.00139924502957
307 312 0.00121889789243
307 313 0.00121889789243
307 314 0.00121889789243
307 315 0.000621886679809
307 316 0.000752482882569
307 317 0.00179725250465
307 318 0.000895516818925
307 319 0.000398007475078
307 320 0.00121889789243
307 321 0.000621886679809
307 322 9.95018687695e-05
307 323 9.95018687695e-05
307 324 9.95018687695e-05
307 325 0.00201491284258
307 326 6.21886679809e-06
307 327 0.000304724473107
307 328 2.48754671924e-05
307 329 0.000223879204731
307 330 6.21886679809e-06
307 331 2.48754671924e-05
307 332 0.0
307 333 6.21886679809e-06
307 334 0.0
307 335 6.21886679809e-06
307 336 0.0
307 337 0.0
307 338 0.0
307 339 0.0
307 340 0.0
307 341 0.000304724473107
307 342 0.0
307 343 0.00139924502957
307 344 0.0
307 345 0.000304724473107
307 346 0.0
307 347 9.95018687695e-05
307 348 6.21886679809e-06
307 349 0.000895516818925
307 350 0.0
307 351 0.000621886679809
307 352 0.0
307 353 0.000155471669952
307 354 0.0
307 355 6.21886679809e-06
307 356 0.0
307 357 0.0
307 358 0.0
307 359 0.0
307 360 0.0
307 361 0.0
307 362 0.0
307 363 2.48754671924e-05
307 364 0.0
307 365 6.21886679809e-06
307 366 0.0
307 367 0.000304724473107
307 368 0.0
307 369 0.000155471669952
307 370 0.0
307 371 0.000304724473107
307 372 6.21886679809e-06
307 373 0.000155471669952
307 374 0.0
307 375 0.000155471669952
307 376 6.21886679809e-06
307 377 0.0
307 378 0.0
307 379 6.21886679809e-06
307 380 0.0
307 381 5.59698011828e-05
307 382 6.21886679809e-06
307 383 5.59698011828e-05
307 384 0.0
307 385 2.48754671924e-05
307 386 0.0
307 387 5.59698011828e-05
307 388 0.0
307 389 6.21886679809e-06
307 390 0.0
307 391 5.59698011828e-05
307 392 0.0
307 393 6.21886679809e-06
307 394 6.21886679809e-06
307 395 5.59698011828e-05
307 396 0.0
307 397 9.95018687695e-05
307 398 0.0
307 399 6.21886679809e-06
307 400 0.0
308 0 0.0
308 1 5.59698011828e-05
308 2 0.0
308 3 0.0
308 4 0.0
308 5 0.000155471669952
308 6 0.0
308 7 0.000304724473107
308 8 0.0
308 9 2.48754671924e-05
308 10 0.0
308 11 0.000503728210645
308 12 0.0
308 13 5.59698011828e-05
308 14 0.0
308 15 2.48754671924e-05
308 16 0.0
308 17 0.000155471669952
308 18 0.0
308 19 6.21886679809e-06
308 20 0.0
308 21 2.48754671924e-05
308 22 0.0
308 23 6.21886679809e-06
308 24 0.0
308 25 6.21886679809e-06
308 26 0.0
308 27 6.21886679809e-06
308 28 0.0
308 29 0.000304724473107
308 30 0.0
308 31 9.95018687695e-05
308 32 0.0
308 33 2.48754671924e-05
308 34 0.0
308 35 6.21886679809e-06
308 36 0.0
308 37 0.000621886679809
308 38 0.0
308 39 0.000223879204731
308 40 0.0
308 41 6.21886679809e-06
308 42 0.0
308 43 5.59698011828e-05
308 44 0.0
308 45 0.0
308 46 0.0
308 47 6.21886679809e-06
308 48 0.0
308 49 0.0
308 50 0.0
308 51 0.0
308 52 0.0
308 53 0.0
308 54 0.0
308 55 6.21886679809e-06
308 56 0.0
308 57 6.21886679809e-06
308 58 0.0
308 59 0.000155471669952
308 60 0.0
308 61 0.000895516818925
308 62 0.0
308 63 0.000223879204731
308 64 0.0
308 65 0.000304724473107
308 66 0.0
308 67 0.000398007475078
308 68 0.0
308 69 9.95018687695e-05
308 70 0.0
308 71 6.21886679809e-06
308 72 0.0
308 73 2.48754671924e-05
308 74 0.0
308 75 0.0
308 76 0.0
308 77 6.21886679809e-06
308 78 0.0
308 79 0.0
308 80 0.0
308 81 0.0
308 82 0.0
308 83 0.0
308 84 0.0
308 85 0.000304724473107
308 86 0.0
308 87 0.00159202990031
308 88 0.0
308 89 0.00248754671924
308 90 0.0
308 91 6.21886679809e-06
308 92 0.0
308 93 9.95018687695e-05
308 94 0.0
308 95 0.000155471669952
308 96 0.0
308 97 2.48754671924e-05
308 98 0.0
308 99 9.95018687695e-05
308 100 0.0
308 101 0.0
308 102 0.0
308 103 0.0
308 104 0.0
308 105 0.0
308 106 0.0
308 107 0.0
308 108 0.0
308 109 0.0
308 110 0.0
308 111 0.0
308 112 0.0
308 113 0.0
308 114 0.0
308 115 0.0
308 116 0.0
308 117 0.0
308 118 0.0
308 119 0.0
308 120 0.0
308 121 0.0
308 122 0.0
308 123 0.0
308 124 0.0
308 125 0.0
308 126 0.0
308 127 0.0
308 128 0.0
308 129 0.0
308 130 0.0
308 131 0.0
308 132 0.0
308 133 0.0
308 134 0.0
308 135 0.0
308 136 0.0
308 137 0.0
308 138 0.0
308 139 0.0
308 140 0.0
308 141 0.0
308 142 0.0
308 143 0.0
308 144 0.0
308 145 0.0
308 146 0.0
308 147 0.0
308 148 0.0
308 149 0.0
308 150 0.0
308 151 0.0
308 152 0.0
308 153 0.0
308 154 0.0
308 155 0.0
308 156 0.0
308 157 0.0
308 158 0.0
308 159 0.0
308 160 0.0
308 161 0.0
308 162 0.0
308 163 0.0
308 164 0.0
308 165 0.0
308 166 0.0
308 167 0.0
308 168 0.0
308 169 0.0
308 170 0.0
308 171 0.0
308 172 0.0
308 173 0.0
308 174 0.0
308 175 0.0
308 176 0.0
308 177 0.0
308 178 0.0
308 179 0.0
308 180 0.0
308 181 0.0
308 182 0.0
308 183 0.0
308 184 0.0
308 185 0.0
308 186 0.0
308 187 0.0
308 188 0.0
308 189 0.0
308 190 0.0
308 191 0.0
308 192 0.0
308 193 0.0
308 194 0.0
308 195 0.0
308 196 0.0
308 197 0.0
308 198 0.0
308 199 0.0
308 200 0.0
308 201 0.0
308 202 0.0
308 203 0.0
308 204 0.0
308 205 0.0
308 206 0.0
308 207 0.0
308 208 0.0
308 209 0.0
308 210 0.0
308 211 0.0
308 212 0.0
308 213 0.0
308 214 0.0
308 215 0.0
308 216 0.0
308 217 0.0
308 218 0.0
308 219 0.0
308 220 0.0
308 221 0.0
308 222 0.0
308 223 0.0
308 224 0.0
308 225 0.0
308 226 0.0
308 227 0.0
308 228 0.0
308 229 0.0
308 230 0.0
308 231 0.0
308 232 0.0
308 233 0.0
308 234 0.0
308 235 0.0
308 236 0.0
308 237 0.0
308 238 0.0
308 239 0.0
308 240 0.0
308 241 0.0
308 242 0.0
308 243 0.0
308 244 0.0
308 245 0.0
308 246 0.0
308 247 0.0
308 248 0.0
308 249 0.0
308 250 0.0
308 251 0.0
308 252 0.0
308 253 0.0
308 254 0.0
308 255 0.0
308 256 0.0
308 257 0.0
308 258 0.0
308 259 0.0
308 260 0.0
308 261 0.0
308 262 0.0
308 263 0.0
308 264 0.0
308 265 0.0
308 266 0.0
308 267 0.0
308 268 0.0
308 269 0.0
308 270 0.0
308 271 0.0
308 272 0.0
308 273 0.0
308 274 0.0
308 275 0.0
308 276 0.0
308 277 0.0
308 278 0.0
308 279 0.0
308 280 0.0
308 281 0.0
308 282 0.0
308 283 0.0
308 284 0.0
308 285 0.0
308 286 0.0
308 287 0.0
308 288 0.0
308 289 0.0
308 290 0.0
308 291 0.0
308 292 0.0
308 293 0.0
308 294 0.0
308 295 0.0
308 296 0.0
308 297 0.0
308 298 0.0
308 299 0.0
308 300 0.0
308 301 0.0
308 302 0.0
308 303 0.0
308 304 0.0
308 305 0.0
308 306 0.0
308 307 0.0
308 308 0.0
308 309 0.0
308 310 0.0
308 311 0.0
308 312 0.0
308 313 0.0
308 314 0.0
308 315 6.21886679809e-06
308 316 0.0
308 317 2.48754671924e-05
308 318 0.0
308 319 2.48754671924e-05
308 320 0.0
308 321 0.000223879204731
308 322 0.0
308 323 2.48754671924e-05
308 324 0.0
308 325 0.00121889789243
308 326 0.0
308 327 0.00121889789243
308 328 0.0
308 329 0.000304724473107
308 330 0.0
308 331 0.0
308 332 0.0
308 333 2.48754671924e-05
308 334 0.0
308 335 6.21886679809e-06
308 336 0.0
308 337 0.0
308 338 0.0
308 339 0.0
308 340 0.0
308 341 0.000304724473107
308 342 0.0
308 343 0.00139924502957
308 344 0.0
308 345 0.000304724473107
308 346 0.0
308 347 9.95018687695e-05
308 348 0.0
308 349 0.000895516818925
308 350 0.0
308 351 0.000621886679809
308 352 0.0
308 353 0.000155471669952
308 354 0.0
308 355 6.21886679809e-06
308 356 0.0
308 357 0.0
308 358 0.0
308 359 0.0
308 360 0.0
308 361 0.0
308 362 0.0
308 363 2.48754671924e-05
308 364 0.0
308 365 6.21886679809e-06
308 366 0.0
308 367 0.000304724473107
308 368 0.0
308 369 0.000155471669952
308 370 0.0
308 371 0.000304724473107
308 372 0.0
308 373 0.000223879204731
308 374 0.0
308 375 9.95018687695e-05
308 376 0.0
308 377 6.21886679809e-06
308 378 0.0
308 379 6.21886679809e-06
308 380 0.0
308 381 9.95018687695e-05
308 382 0.0
308 383 2.48754671924e-05
308 384 0.0
308 385 2.48754671924e-05
308 386 0.0
308 387 5.59698011828e-05
308 388 0.0
308 389 6.21886679809e-06
308 390 0.0
308 391 5.59698011828e-05
308 392 0.0
308 393 6.21886679809e-06
308 394 0.0
308 395 5.59698011828e-05
308 396 0.0
308 397 9.95018687695e-05
308 398 0.0
308 399 6.21886679809e-06
308 400 0.0
309 0 0.0
309 1 5.59698011828e-05
309 2 6.21886679809e-06
309 3 6.21886679809e-06
309 4 0.0
309 5 0.000155471669952
309 6 6.21886679809e-06
309 7 0.000223879204731
309 8 0.0
309 9 2.48754671924e-05
309 10 0.0
309 11 0.000503728210645
309 12 0.0
309 13 5.59698011828e-05
309 14 0.0
309 15 2.48754671924e-05
309 16 0.0
309 17 0.000155471669952
309 18 0.0
309 19 6.21886679809e-06
309 20 0.0
309 21 2.48754671924e-05
309 22 0.0
309 23 6.21886679809e-06
309 24 0.0
309 25 6.21886679809e-06
309 26 0.0
309 27 6.21886679809e-06
309 28 0.0
309 29 0.000304724473107
309 30 0.0
309 31 9.95018687695e-05
309 32 0.0
309 33 2.48754671924e-05
309 34 0.0
309 35 6.21886679809e-06
309 36 6.21886679809e-06
309 37 0.000503728210645
309 38 6.21886679809e-06
309 39 0.000304724473107
309 40 6.21886679809e-06
309 41 2.48754671924e-05
309 42 6.21886679809e-06
309 43 5.59698011828e-05
309 44 0.0
309 45 0.0
309 46 0.0
309 47 6.21886679809e-06
309 48 0.0
309 49 0.0
309 50 0.0
309 51 0.0
309 52 0.0
309 53 0.0
309 54 0.0
309 55 6.21886679809e-06
309 56 0.0
309 57 6.21886679809e-06
309 58 0.0
309 59 0.000155471669952
309 60 0.0
309 61 0.000895516818925
309 62 0.0
309 63 0.000223879204731
309 64 0.0
309 65 0.000304724473107
309 66 0.0
309 67 0.000398007475078
309 68 0.0
309 69 9.95018687695e-05
309 70 0.0
309 71 6.21886679809e-06
309 72 0.0
309 73 2.48754671924e-05
309 74 0.0
309 75 0.0
309 76 0.0
309 77 6.21886679809e-06
309 78 0.0
309 79 0.0
309 80 0.0
309 81 0.0
309 82 0.0
309 83 0.0
309 84 0.0
309 85 0.000155471669952
309 86 2.48754671924e-05
309 87 0.00105098848888
309 88 9.95018687695e-05
309 89 0.0035820672757
309 90 2.48754671924e-05
309 91 0.0
309 92 5.59698011828e-05
309 93 6.21886679809e-06
309 94 0.0
309 95 0.0
309 96 9.95018687695e-05
309 97 0.000155471669952
309 98 2.48754671924e-05
309 99 0.0
309 100 9.95018687695e-05
309 101 9.95018687695e-05
309 102 9.95018687695e-05
309 103 9.95018687695e-05
309 104 9.95018687695e-05
309 105 9.95018687695e-05
309 106 9.95018687695e-05
309 107 9.95018687695e-05
309 108 9.95018687695e-05
309 109 9.95018687695e-05
309 110 9.95018687695e-05
309 111 9.95018687695e-05
309 112 9.95018687695e-05
309 113 9.95018687695e-05
309 114 9.95018687695e-05
309 115 9.95018687695e-05
309 116 9.95018687695e-05
309 117 9.95018687695e-05
309 118 9.95018687695e-05
309 119 9.95018687695e-05
309 120 9.95018687695e-05
309 121 9.95018687695e-05
309 122 9.95018687695e-05
309 123 9.95018687695e-05
309 124 9.95018687695e-05
309 125 9.95018687695e-05
309 126 9.95018687695e-05
309 127 9.95018687695e-05
309 128 9.95018687695e-05
309 129 9.95018687695e-05
309 130 9.95018687695e-05
309 131 9.95018687695e-05
309 132 9.95018687695e-05
309 133 9.95018687695e-05
309 134 9.95018687695e-05
309 135 9.95018687695e-05
309 136 9.95018687695e-05
309 137 9.95018687695e-05
309 138 9.95018687695e-05
309 139 9.95018687695e-05
309 140 9.95018687695e-05
309 141 9.95018687695e-05
309 142 9.95018687695e-05
309 143 9.95018687695e-05
309 144 9.95018687695e-05
309 145 9.95018687695e-05
309 146 9.95018687695e-05
309 147 9.95018687695e-05
309 148 9.95018687695e-05
309 149 9.95018687695e-05
309 150 9.95018687695e-05
309 151 9.95018687695e-05
309 152 9.95018687695e-05
309 153 9.95018687695e-05
309 154 9.95018687695e-05
309 155 9.95018687695e-05
309 156 9.95018687695e-05
309 157 9.95018687695e-05
309 158 9.95018687695e-05
309 159 9.95018687695e-05
309 160 9.95018687695e-05
309 161 9.95018687695e-05
309 162 9.95018687695e-05
309 163 9.95018687695e-05
309 164 9.95018687695e-05
309 165 9.95018687695e-05
309 166 9.95018687695e-05
309 167 9.95018687695e-05
309 168 9.95018687695e-05
309 169 9.95018687695e-05
309 170 9.95018687695e-05
309 171 9.95018687695e-05
309 172 9.95018687695e-05
309 173 9.95018687695e-05
309 174 9.95018687695e-05
309 175 9.95018687695e-05
309 176 9.95018687695e-05
309 177 9.95018687695e-05
309 178 9.95018687695e-05
309 179 9.95018687695e-05
309 180 9.95018687695e-05
309 181 9.95018687695e-05
309 182 9.95018687695e-05
309 183 9.95018687695e-05
309 184 9.95018687695e-05
309 185 9.95018687695e-05
309 186 9.95018687695e-05
309 187 9.95018687695e-05
309 188 9.95018687695e-05
309 189 9.95018687695e-05
309 190 9.95018687695e-05
309 191 9.95018687695e-05
309 192 9.95018687695e-05
309 193 9.95018687695e-05
309 194 9.95018687695e-05
309 195 9.95018687695e-05
309 196 9.95018687695e-05
309 197 9.95018687695e-05
309 198 9.95018687695e-05
309 199 9.95018687695e-05
309 200 9.95018687695e-05
309 201 9.95018687695e-05
309 202 9.95018687695e-05
309 203 9.95018687695e-05
309 204 9.95018687695e-05
309 205 9.95018687695e-05
309 206 9.95018687695e-05
309 207 9.95018687695e-05
309 208 9.95018687695e-05
309 209 9.95018687695e-05
309 210 9.95018687695e-05
309 211 9.95018687695e-05
309 212 9.95018687695e-05
309 213 9.95018687695e-05
309 214 9.95018687695e-05
309 215 9.95018687695e-05
309 216 9.95018687695e-05
309 217 9.95018687695e-05
309 218 9.95018687695e-05
309 219 9.95018687695e-05
309 220 9.95018687695e-05
309 221 9.95018687695e-05
309 222 9.95018687695e-05
309 223 9.95018687695e-05
309 224 9.95018687695e-05
309 225 9.95018687695e-05
309 226 9.95018687695e-05
309 227 9.95018687695e-05
309 228 9.95018687695e-05
309 229 9.95018687695e-05
309 230 9.95018687695e-05
309 231 9.95018687695e-05
309 232 9.95018687695e-05
309 233 9.95018687695e-05
309 234 9.95018687695e-05
309 235 9.95018687695e-05
309 236 9.95018687695e-05
309 237 9.95018687695e-05
309 238 9.95018687695e-05
309 239 9.95018687695e-05
309 240 9.95018687695e-05
309 241 9.95018687695e-05
309 242 9.95018687695e-05
309 243 9.95018687695e-05
309 244 9.95018687695e-05
309 245 9.95018687695e-05
309 246 9.95018687695e-05
309 247 9.95018687695e-05
309 248 9.95018687695e-05
309 249 9.95018687695e-05
309 250 9.95018687695e-05
309 251 9.95018687695e-05
309 252 9.95018687695e-05
309 253 9.95018687695e-05
309 254 9.95018687695e-05
309 255 9.95018687695e-05
309 256 9.95018687695e-05
309 257 9.95018687695e-05
309 258 9.95018687695e-05
309 259 9.95018687695e-05
309 260 9.95018687695e-05
309 261 9.95018687695e-05
309 262 9.95018687695e-05
309 263 9.95018687695e-05
309 264 9.95018687695e-05
309 265 9.95018687695e-05
309 266 9.95018687695e-05
309 267 9.95018687695e-05
309 268 9.95018687695e-05
309 269 9.95018687695e-05
309 270 9.95018687695e-05
309 271 9.95018687695e-05
309 272 9.95018687695e-05
309 273 9.95018687695e-05
309 274 9.95018687695e-05
309 275 9.95018687695e-05
309 276 9.95018687695e-05
309 277 9.95018687695e-05
309 278 9.95018687695e-05
309 279 9.95018687695e-05
309 280 9.95018687695e-05
309 281 9.95018687695e-05
309 282 9.95018687695e-05
309 283 9.95018687695e-05
309 284 9.95018687695e-05
309 285 9.95018687695e-05
309 286 9.95018687695e-05
309 287 9.95018687695e-05
309 288 9.95018687695e-05
309 289 9.95018687695e-05
309 290 9.95018687695e-05
309 291 9.95018687695e-05
309 292 9.95018687695e-05
309 293 9.95018687695e-05
309 294 9.95018687695e-05
309 295 9.95018687695e-05
309 296 9.95018687695e-05
309 297 9.95018687695e-05
309 298 9.95018687695e-05
309 299 9.95018687695e-05
309 300 9.95018687695e-05
309 301 9.95018687695e-05
309 302 9.95018687695e-05
309 303 9.95018687695e-05
309 304 9.95018687695e-05
309 305 9.95018687695e-05
309 306 9.95018687695e-05
309 307 9.95018687695e-05
309 308 9.95018687695e-05
309 309 9.95018687695e-05
309 310 9.95018687695e-05
309 311 9.95018687695e-05
309 312 9.95018687695e-05
309 313 9.95018687695e-05
309 314 2.48754671924e-05
309 315 2.48754671924e-05
309 316 2.48754671924e-05
309 317 2.48754671924e-05
309 318 5.59698011828e-05
309 319 9.95018687695e-05
309 320 2.48754671924e-05
309 321 6.21886679809e-06
309 322 6.21886679809e-06
309 323 0.000155471669952
309 324 0.000503728210645
309 325 0.000155471669952
309 326 5.59698011828e-05
309 327 0.00139924502957
309 328 6.21886679809e-06
309 329 0.000398007475078
309 330 6.21886679809e-06
309 331 0.0
309 332 0.0
309 333 2.48754671924e-05
309 334 0.0
309 335 6.21886679809e-06
309 336 0.0
309 337 0.0
309 338 0.0
309 339 0.0
309 340 0.0
309 341 0.000304724473107
309 342 6.21886679809e-06
309 343 0.00159202990031
309 344 6.21886679809e-06
309 345 0.000223879204731
309 346 6.21886679809e-06
309 347 0.000155471669952
309 348 0.0
309 349 0.000895516818925
309 350 0.0
309 351 0.000621886679809
309 352 0.0
309 353 0.000155471669952
309 354 0.0
309 355 6.21886679809e-06
309 356 0.0
309 357 0.0
309 358 0.0
309 359 0.0
309 360 0.0
309 361 0.0
309 362 0.0
309 363 2.48754671924e-05
309 364 0.0
309 365 6.21886679809e-06
309 366 0.0
309 367 0.000304724473107
309 368 0.0
309 369 0.000155471669952
309 370 6.21886679809e-06
309 371 0.000304724473107
309 372 0.0
309 373 0.000223879204731
309 374 0.0
309 375 9.95018687695e-05
309 376 0.0
309 377 6.21886679809e-06
309 378 0.0
309 379 6.21886679809e-06
309 380 0.0
309 381 9.95018687695e-05
309 382 0.0
309 383 2.48754671924e-05
309 384 0.0
309 385 2.48754671924e-05
309 386 6.21886679809e-06
309 387 5.59698011828e-05
309 388 0.0
309 389 6.21886679809e-06
309 390 0.0
309 391 5.59698011828e-05
309 392 6.21886679809e-06
309 393 2.48754671924e-05
309 394 6.21886679809e-06
309 395 9.95018687695e-05
309 396 6.21886679809e-06
309 397 5.59698011828e-05
309 398 0.0
309 399 6.21886679809e-06
309 400 0.0
310 0 0.0
310 1 5.59698011828e-05
310 2 0.0
310 3 0.0
310 4 0.0
310 5 0.000155471669952
310 6 0.0
310 7 0.000304724473107
310 8 0.0
310 9 2.48754671924e-05
310 10 0.0
310 11 0.000503728210645
310 12 0.0
310 13 5.59698011828e-05
310 14 0.0
310 15 2.48754671924e-05
310 16 0.0
310 17 0.000155471669952
310 18 0.0
310 19 6.21886679809e-06
310 20 0.0
310 21 2.48754671924e-05
310 22 0.0
310 23 6.21886679809e-06
310 24 0.0
310 25 6.21886679809e-06
310 26 0.0
310 27 6.21886679809e-06
310 28 0.0
310 29 0.000304724473107
310 30 0.0
310 31 9.95018687695e-05
310 32 0.0
310 33 2.48754671924e-05
310 34 0.0
310 35 6.21886679809e-06
310 36 0.0
310 37 0.000621886679809
310 38 0.0
310 39 0.000223879204731
310 40 0.0
310 41 6.21886679809e-06
310 42 0.0
310 43 5.59698011828e-05
310 44 0.0
310 45 0.0
310 46 0.0
310 47 6.21886679809e-06
310 48 0.0
310 49 0.0
310 50 0.0
310 51 0.0
310 52 0.0
310 53 0.0
310 54 0.0
310 55 6.21886679809e-06
310 56 0.0
310 57 6.21886679809e-06
310 58 0.0
310 59 0.000155471669952
310 60 0.0
310 61 0.000895516818925
310 62 0.0
310 63 0.000223879204731
310 64 0.0
310 65 0.000304724473107
310 66 0.0
310 67 0.000398007475078
310 68 0.0
310 69 9.95018687695e-05
310 70 0.0
310 71 6.21886679809e-06
310 72 0.0
310 73 2.48754671924e-05
310 74 0.0
310 75 0.0
310 76 0.0
310 77 6.21886679809e-06
310 78 0.0
310 79 0.0
310 80 0.0
310 81 0.0
310 82 0.0
310 83 0.0
310 84 0.0
310 85 0.000155471669952
310 86 0.0
310 87 0.000895516818925
310 88 0.0
310 89 0.00139924502957
310 90 0.0
310 91 0.000304724473107
310 92 0.0
310 93 0.0
310 94 0.0
310 95 0.0
310 96 0.0
310 97 0.0
310 98 0.0
310 99 0.0
310 100 0.0
310 101 0.0
310 102 0.0
310 103 0.0
310 104 0.0
310 105 0.0
310 106 0.0
310 107 0.0
310 108 0.0
310 109 0.0
310 110 0.0
310 111 0.0
310 112 0.0
310 113 0.0
310 114 0.0
310 115 0.0
310 116 0.0
310 117 0.0
310 118 0.0
310 119 0.0
310 120 0.0
310 121 0.0
310 122 0.0
310 123 0.0
310 124 0.0
310 125 0.0
310 126 0.0
310 127 0.0
310 128 0.0
310 129 0.0
310 130 0.0
310 131 0.0
310 132 0.0
310 133 0.0
310 134 0.0
310 135 0.0
310 136 0.0
310 137 0.0
310 138 0.0
310 139 0.0
310 140 0.0
310 141 0.0
310 142 0.0
310 143 0.0
310 144 0.0
310 145 0.0
310 146 0.0
310 147 0.0
310 148 0.0
310 149 0.0
310 150 0.0
310 151 0.0
310 152 0.0
310 153 0.0
310 154 0.0
310 155 0.0
310 156 0.0
310 157 0.0
310 158 0.0
310 159 0.0
310 160 0.0
310 161 0.0
310 162 0.0
310 163 0.0
310 164 0.0
310 165 0.0
310 166 0.0
310 167 0.0
310 168 0.0
310 169 0.0
310 170 0.0
310 171 0.0
310 172 0.0
310 173 0.0
310 174 0.0
310 175 0.0
310 176 0.0
310 177 0.0
310 178 0.0
310 179 0.0
310 180 0.0
310 181 0.0
310 182 0.0
310 183 0.0
310 184 0.0
310 185 0.0
310 186 0.0
310 187 0.0
310 188 0.0
310 189 0.0
310 190 0.0
310 191 0.0
310 192 0.0
310 193 0.0
310 194 0.0
310 195 0.0
310 196 0.0
310 197 0.0
310 198 0.0
310 199 0.0
310 200 0.0
310 201 0.0
310 202 0.0
310 203 0.0
310 204 0.0
310 205 0.0
310 206 0.0
310 207 0.0
310 208 0.0
310 209 0.0
310 210 0.0
310 211 0.0
310 212 0.0
310 213 0.0
310 214 0.0
310 215 0.0
310 216 0.0
310 217 0.0
310 218 0.0
310 219 0.0
310 220 0.0
310 221 0.0
310 222 0.0
310 223 0.0
310 224 0.0
310 225 0.0
310 226 0.0
310 227 0.0
310 228 0.0
310 229 0.0
310 230 0.0
310 231 0.0
310 232 0.0
310 233 0.0
310 234 0.0
310 235 0.0
310 236 0.0
310 237 0.0
310 238 0.0
310 239 0.0
310 240 0.0
310 241 0.0
310 242 0.0
310 243 0.0
310 244 0.0
310 245 0.0
310 246 0.0
310 247 0.0
310 248 0.0
310 249 0.0
310 250 0.0
310 251 0.0
310 252 0.0
310 253 0.0
310 254 0.0
310 255 0.0
310 256 0.0
310 257 0.0
310 258 0.0
310 259 0.0
310 260 0.0
310 261 0.0
310 262 0.0
310 263 0.0
310 264 0.0
310 265 0.0
310 266 0.0
310 267 0.0
310 268 0.0
310 269 0.0
310 270 0.0
310 271 0.0
310 272 0.0
310 273 0.0
310 274 0.0
310 275 0.0
310 276 0.0
310 277 0.0
310 278 0.0
310 279 0.0
310 280 0.0
310 281 0.0
310 282 0.0
310 283 0.0
310 284 0.0
310 285 0.0
310 286 0.0
310 287 0.0
310 288 0.0
310 289 0.0
310 290 0.0
310 291 0.0
310 292 0.0
310 293 0.0
310 294 0.0
310 295 0.0
310 296 0.0
310 297 0.0
310 298 0.0
310 299 0.0
310 300 0.0
310 301 0.0
310 302 0.0
310 303 0.0
310 304 0.0
310 305 0.0
310 306 0.0
310 307 0.0
310 308 0.0
310 309 0.0
310 310 0.0
310 311 0.0
310 312 0.0
310 313 0.0
310 314 0.0
310 315 6.21886679809e-06
310 316 0.0
310 317 0.0
310 318 0.0
310 319 0.0
310 320 0.0
310 321 0.0
310 322 0.0
310 323 6.21886679809e-06
310 324 0.0
310 325 0.000621886679809
310 326 0.0
310 327 0.000621886679809
310 328 0.0
310 329 0.000398007475078
310 330 0.0
310 331 0.0
310 332 0.0
310 333 2.48754671924e-05
310 334 0.0
310 335 6.21886679809e-06
310 336 0.0
310 337 0.0
310 338 0.0
310 339 0.0
310 340 0.0
310 341 0.000304724473107
310 342 0.0
310 343 0.00139924502957
310 344 0.0
310 345 0.000304724473107
310 346 0.0
310 347 9.95018687695e-05
310 348 0.0
310 349 0.000895516818925
310 350 0.0
310 351 0.000621886679809
310 352 0.0
310 353 0.000155471669952
310 354 0.0
310 355 6.21886679809e-06
310 356 0.0
310 357 0.0
310 358 0.0
310 359 0.0
310 360 0.0
310 361 0.0
310 362 0.0
310 363 2.48754671924e-05
310 364 0.0
310 365 6.21886679809e-06
310 366 0.0
310 367 0.000304724473107
310 368 0.0
310 369 0.000155471669952
310 370 0.0
310 371 0.000304724473107
310 372 0.0
310 373 0.000223879204731
310 374 0.0
310 375 9.95018687695e-05
310 376 0.0
310 377 6.21886679809e-06
310 378 0.0
310 379 6.21886679809e-06
310 380 0.0
310 381 9.95018687695e-05
310 382 0.0
310 383 2.48754671924e-05
310 384 0.0
310 385 2.48754671924e-05
310 386 0.0
310 387 5.59698011828e-05
310 388 0.0
310 389 6.21886679809e-06
310 390 0.0
310 391 5.59698011828e-05
310 392 0.0
310 393 6.21886679809e-06
310 394 0.0
310 395 5.59698011828e-05
310 396 0.0
310 397 9.95018687695e-05
310 398 0.0
310 399 6.21886679809e-06
310 400 0.0
311 0 6.21886679809e-06
311 1 5.59698011828e-05
311 2 0.0
311 3 6.21886679809e-06
311 4 6.21886679809e-06
311 5 0.000155471669952
311 6 0.0
311 7 0.000304724473107
311 8 0.0
311 9 2.48754671924e-05
311 10 0.0
311 11 0.000503728210645
311 12 0.0
311 13 5.59698011828e-05
311 14 0.0
311 15 2.48754671924e-05
311 16 0.0
311 17 0.000155471669952
311 18 0.0
311 19 6.21886679809e-06
311 20 0.0
311 21 2.48754671924e-05
311 22 0.0
311 23 6.21886679809e-06
311 24 0.0
311 25 6.21886679809e-06
311 26 0.0
311 27 6.21886679809e-06
311 28 0.0
311 29 0.000304724473107
311 30 0.0
311 31 9.95018687695e-05
311 32 0.0
311 33 2.48754671924e-05
311 34 0.0
311 35 6.21886679809e-06
311 36 0.0
311 37 0.000621886679809
311 38 0.0
311 39 0.000223879204731
311 40 0.0
311 41 6.21886679809e-06
311 42 0.0
311 43 5.59698011828e-05
311 44 0.0
311 45 0.0
311 46 0.0
311 47 6.21886679809e-06
311 48 0.0
311 49 0.0
311 50 0.0
311 51 0.0
311 52 0.0
311 53 0.0
311 54 0.0
311 55 6.21886679809e-06
311 56 0.0
311 57 6.21886679809e-06
311 58 0.0
311 59 0.000155471669952
311 60 6.21886679809e-06
311 61 0.00121889789243
311 62 6.21886679809e-06
311 63 0.000155471669952
311 64 0.0
311 65 0.000304724473107
311 66 0.0
311 67 0.000398007475078
311 68 0.0
311 69 9.95018687695e-05
311 70 0.0
311 71 6.21886679809e-06
311 72 0.0
311 73 2.48754671924e-05
311 74 0.0
311 75 0.0
311 76 0.0
311 77 6.21886679809e-06
311 78 0.0
311 79 0.0
311 80 0.0
311 81 0.0
311 82 0.0
311 83 0.0
311 84 0.0
311 85 2.48754671924e-05
311 86 2.48754671924e-05
311 87 0.000621886679809
311 88 0.000155471669952
311 89 0.000503728210645
311 90 0.000398007475078
311 91 0.00453355389581
311 92 0.00274252025796
311 93 0.000895516818925
311 94 0.000895516818925
311 95 0.000503728210645
311 96 0.000398007475078
311 97 0.000621886679809
311 98 0.00105098848888
311 99 0.00139924502957
311 100 0.000895516818925
311 101 0.000895516818925
311 102 0.000895516818925
311 103 0.000895516818925
311 104 0.000895516818925
311 105 0.000895516818925
311 106 0.000895516818925
311 107 0.000895516818925
311 108 0.000895516818925
311 109 0.000895516818925
311 110 0.000895516818925
311 111 0.000895516818925
311 112 0.000895516818925
311 113 0.000895516818925
311 114 0.000895516818925
311 115 0.000895516818925
311 116 0.000895516818925
311 117 0.000895516818925
311 118 0.000895516818925
311 119 0.000895516818925
311 120 0.000895516818925
311 121 0.000895516818925
311 122 0.000895516818925
311 123 0.000895516818925
311 124 0.000895516818925
311 125 0.000895516818925
311 126 0.000895516818925
311 127 0.000895516818925
311 128 0.000895516818925
311 129 0.000895516818925
311 130 0.000895516818925
311 131 0.000895516818925
311 132 0.000895516818925
311 133 0.000895516818925
311 134 0.000895516818925
311 135 0.000895516818925
311 136 0.000895516818925
311 137 0.000895516818925
311 138 0.000895516818925
311 139 0.000895516818925
311 140 0.000895516818925
311 141 0.000895516818925
311 142 0.000895516818925
311 143 0.000895516818925
311 144 0.000895516818925
311 145 0.000895516818925
311 146 0.000895516818925
311 147 0.000895516818925
311 148 0.000895516818925
311 149 0.000895516818925
311 150 0.000895516818925
311 151 0.000895516818925
311 152 0.000895516818925
311 153 0.000895516818925
311 154 0.000895516818925
311 155 0.000895516818925
311 156 0.000895516818925
311 157 0.000895516818925
311 158 0.000895516818925
311 159 0.000895516818925
311 160 0.000895516818925
311 161 0.000895516818925
311 162 0.000895516818925
311 163 0.000895516818925
311 164 0.000895516818925
311 165 0.000895516818925
311 166 0.000895516818925
311 167 0.000895516818925
311 168 0.000895516818925
311 169 0.000895516818925
311 170 0.000895516818925
311 171 0.000895516818925
311 172 0.000895516818925
311 173 0.000895516818925
311 174 0.000895516818925
311 175 0.000895516818925
311 176 0.000895516818925
311 177 0.000895516818925
311 178 0.000895516818925
311 179 0.000895516818925
311 180 0.000895516818925
311 181 0.000895516818925
311 182 0.000895516818925
311 183 0.000895516818925
311 184 0.000895516818925
311 185 0.000895516818925
311 186 0.000895516818925
311 187 0.000895516818925
311 188 0.000895516818925
311 189 0.000895516818925
311 190 0.000895516818925
311 191 0.000895516818925
311 192 0.000895516818925
311 193 0.000895516818925
311 194 0.000895516818925
311 195 0.000895516818925
311 196 0.000895516818925
311 197 0.000895516818925
311 198 0.000895516818925
311 199 0.000895516818925
311 200 0.000895516818925
311 201 0.000895516818925
311 202 0.000895516818925
311 203 0.000895516818925
311 204 0.000895516818925
311 205 0.000895516818925
311 206 0.000895516818925
311 207 0.000895516818925
311 208 0.000895516818925
311 209 0.000895516818925
311 210 0.000895516818925
311 211 0.000895516818925
311 212 0.000895516818925
311 213 0.000895516818925
311 214 0.000895516818925
311 215 0.000895516818925
311 216 0.000895516818925
311 217 0.000895516818925
311 218 0.000895516818925
311 219 0.000895516818925
311 220 0.000895516818925
311 221 0.000895516818925
311 222 0.000895516818925
311 223 0.000895516818925
311 224 0.000895516818925
311 225 0.000895516818925
311 226 0.000895516818925
311 227 0.000895516818925
311 228 0.000895516818925
311 229 0.000895516818925
311 230 0.000895516818925
311 231 0.000895516818925
311 232 0.000895516818925
311 233 0.000895516818925
311 234 0.000895516818925
311 235 0.000895516818925
311 236 0.000895516818925
311 237 0.000895516818925
311 238 0.000895516818925
311 239 0.000895516818925
311 240 0.000895516818925
311 241 0.000895516818925
311 242 0.000895516818925
311 243 0.000895516818925
311 244 0.000895516818925
311 245 0.000895516818925
311 246 0.000895516818925
311 247 0.000895516818925
311 248 0.000895516818925
311 249 0.000895516818925
311 250 0.000895516818925
311 251 0.000895516818925
311 252 0.000895516818925
311 253 0.000895516818925
311 254 0.000895516818925
311 255 0.000895516818925
311 256 0.000895516818925
311 257 0.000895516818925
311 258 0.000895516818925
311 259 0.000895516818925
311 260 0.000895516818925
311 261 0.000895516818925
311 262 0.000895516818925
311 263 0.000895516818925
311 264 0.000895516818925
311 265 0.000895516818925
311 266 0.000895516818925
311 267 0.000895516818925
311 268 0.000895516818925
311 269 0.000895516818925
311 270 0.000895516818925
311 271 0.000895516818925
311 272 0.000895516818925
311 273 0.000895516818925
311 274 0.000895516818925
311 275 0.000895516818925
311 276 0.000895516818925
311 277 0.000895516818925
311 278 0.000895516818925
311 279 0.000895516818925
311 280 0.000895516818925
311 281 0.000895516818925
311 282 0.000895516818925
311 283 0.000895516818925
311 284 0.000895516818925
311 285 0.000895516818925
311 286 0.000895516818925
311 287 0.000895516818925
311 288 0.000895516818925
311 289 0.000895516818925
311 290 0.000895516818925
311 291 0.000895516818925
311 292 0.000895516818925
311 293 0.000895516818925
311 294 0.000895516818925
311 295 0.000895516818925
311 296 0.000895516818925
311 297 0.000895516818925
311 298 0.000895516818925
311 299 0.000895516818925
311 300 0.000895516818925
311 301 0.000895516818925
311 302 0.000895516818925
311 303 0.000895516818925
311 304 0.000895516818925
311 305 0.000895516818925
311 306 0.000895516818925
311 307 0.000895516818925
311 308 0.000895516818925
311 309 0.000895516818925
311 310 0.000895516818925
311 311 0.000895516818925
311 312 0.000895516818925
311 313 0.00105098848888
311 314 0.00105098848888
311 315 0.00105098848888
311 316 0.00105098848888
311 317 0.00121889789243
311 318 0.00105098848888
311 319 0.000895516818925
311 320 0.000895516818925
311 321 0.000895516818925
311 322 0.00159202990031
311 323 0.00248754671924
311 324 0.00224501091411
311 325 0.00328978053619
311 326 0.0
311 327 0.00105098848888
311 328 2.48754671924e-05
311 329 9.95018687695e-05
311 330 0.0
311 331 0.0
311 332 0.0
311 333 6.21886679809e-06
311 334 0.0
311 335 6.21886679809e-06
311 336 0.0
311 337 0.0
311 338 0.0
311 339 0.0
311 340 0.0
311 341 0.000304724473107
311 342 0.0
311 343 0.00139924502957
311 344 0.0
311 345 0.000304724473107
311 346 0.0
311 347 9.95018687695e-05
311 348 0.0
311 349 0.000895516818925
311 350 0.0
311 351 0.000621886679809
311 352 0.0
311 353 0.000155471669952
311 354 0.0
311 355 6.21886679809e-06
311 356 0.0
311 357 0.0
311 358 0.0
311 359 0.0
311 360 0.0
311 361 0.0
311 362 0.0
311 363 2.48754671924e-05
311 364 0.0
311 365 6.21886679809e-06
311 366 0.0
311 367 0.000304724473107
311 368 0.0
311 369 0.000155471669952
311 370 0.0
311 371 0.000304724473107
311 372 6.21886679809e-06
311 373 0.000223879204731
311 374 0.0
311 375 9.95018687695e-05
311 376 6.21886679809e-06
311 377 0.0
311 378 0.0
311 379 6.21886679809e-06
311 380 0.0
311 381 5.59698011828e-05
311 382 6.21886679809e-06
311 383 5.59698011828e-05
311 384 0.0
311 385 2.48754671924e-05
311 386 0.0
311 387 5.59698011828e-05
311 388 0.0
311 389 6.21886679809e-06
311 390 0.0
311 391 5.59698011828e-05
311 392 0.0
311 393 6.21886679809e-06
311 394 6.21886679809e-06
311 395 9.95018687695e-05
311 396 0.0
311 397 9.95018687695e-05
311 398 0.0
311 399 6.21886679809e-06
311 400 0.0
312 0 0.0
312 1 5.59698011828e-05
312 2 0.0
312 3 0.0
312 4 0.0
312 5 0.000155471669952
312 6 0.0
312 7 0.000304724473107
312 8 0.0
312 9 2.48754671924e-05
312 10 0.0
312 11 0.000503728210645
312 12 0.0
312 13 5.59698011828e-05
312 14 0.0
312 15 2.48754671924e-05
312 16 0.0
312 17 0.000155471669952
312 18 0.0
312 19 6.21886679809e-06
312 20 0.0
312 21 2.48754671924e-05
312 22 0.0
312 23 6.21886679809e-06
312 24 0.0
312 25 6.21886679809e-06
312 26 0.0
312 27 6.21886679809e-06
312 28 0.0
312 29 0.000304724473107
312 30 0.0
312 31 9.95018687695e-05
312 32 0.0
312 33 2.48754671924e-05
312 34 0.0
312 35 6.21886679809e-06
312 36 0.0
312 37 0.000621886679809
312 38 0.0
312 39 0.000223879204731
312 40 0.0
312 41 6.21886679809e-06
312 42 0.0
312 43 5.59698011828e-05
312 44 0.0
312 45 0.0
312 46 0.0
312 47 6.21886679809e-06
312 48 0.0
312 49 0.0
312 50 0.0
312 51 0.0
312 52 0.0
312 53 0.0
312 54 0.0
312 55 6.21886679809e-06
312 56 0.0
312 57 6.21886679809e-06
312 58 0.0
312 59 0.000155471669952
312 60 0.0
312 61 0.000895516818925
312 62 0.0
312 63 0.000223879204731
312 64 0.0
312 65 0.000304724473107
312 66 0.0
312 67 0.000398007475078
312 68 0.0
312 69 9.95018687695e-05
312 70 0.0
312 71 6.21886679809e-06
312 72 0.0
312 73 2.48754671924e-05
312 74 0.0
312 75 0.0
312 76 0.0
312 77 6.21886679809e-06
312 78 0.0
312 79 0.0
312 80 0.0
312 81 0.0
312 82 0.0
312 83 0.0
312 84 0.0
312 85 0.0
312 86 0.0
312 87 2.48754671924e-05
312 88 0.0
312 89 6.21886679809e-06
312 90 0.0
312 91 0.000304724473107
312 92 0.0
312 93 6.21886679809e-06
312 94 0.0
312 95 2.48754671924e-05
312 96 0.0
312 97 6.21886679809e-06
312 98 0.0
312 99 0.0
312 100 0.0
312 101 0.0
312 102 0.0
312 103 0.0
312 104 0.0
312 105 0.0
312 106 0.0
312 107 0.0
312 108 0.0
312 109 0.0
312 110 0.0
312 111 0.0
312 112 0.0
312 113 0.0
312 114 0.0
312 115 0.0
312 116 0.0
312 117 0.0
312 118 0.0
312 119 0.0
312 120 0.0
312 121 0.0
312 122 0.0
312 123 0.0
312 124 0.0
312 125 0.0
312 126 0.0
312 127 0.0
312 128 0.0
312 129 0.0
312 130 0.0
312 131 0.0
312 132 0.0
312 133 0.0
312 134 0.0
312 135 0.0
312 136 0.0
312 137 0.0
312 138 0.0
312 139 0.0
312 140 0.0
312 141 0.0
312 142 0.0
312 143 0.0
312 144 0.0
312 145 0.0
312 146 0.0
312 147 0.0
312 148 0.0
312 149 0.0
312 150 0.0
312 151 0.0
312 152 0.0
312 153 0.0
312 154 0.0
312 155 0.0
312 156 0.0
312 157 0.0
312 158 0.0
312 159 0.0
312 160 0.0
312 161 0.0
312 162 0.0
312 163 0.0
312 164 0.0
312 165 0.0
312 166 0.0
312 167 0.0
312 168 0.0
312 169 0.0
312 170 0.0
312 171 0.0
312 172 0.0
312 173 0.0
312 174 0.0
312 175 0.0
312 176 0.0
312 177 0.0
312 178 0.0
312 179 0.0
312 180 0.0
312 181 0.0
312 182 0.0
312 183 0.0
312 184 0.0
312 185 0.0
312 186 0.0
312 187 0.0
312 188 0.0
312 189 0.0
312 190 0.0
312 191 0.0
312 192 0.0
312 193 0.0
312 194 0.0
312 195 0.0
312 196 0.0
312 197 0.0
312 198 0.0
312 199 0.0
312 200 0.0
312 201 0.0
312 202 0.0
312 203 0.0
312 204 0.0
312 205 0.0
312 206 0.0
312 207 0.0
312 208 0.0
312 209 0.0
312 210 0.0
312 211 0.0
312 212 0.0
312 213 0.0
312 214 0.0
312 215 0.0
312 216 0.0
312 217 0.0
312 218 0.0
312 219 0.0
312 220 0.0
312 221 0.0
312 222 0.0
312 223 0.0
312 224 0.0
312 225 0.0
312 226 0.0
312 227 0.0
312 228 0.0
312 229 0.0
312 230 0.0
312 231 0.0
312 232 0.0
312 233 0.0
312 234 0.0
312 235 0.0
312 236 0.0
312 237 0.0
312 238 0.0
312 239 0.0
312 240 0.0
312 241 0.0
312 242 0.0
312 243 0.0
312 244 0.0
312 245 0.0
312 246 0.0
312 247 0.0
312 248 0.0
312 249 0.0
312 250 0.0
312 251 0.0
312 252 0.0
312 253 0.0
312 254 0.0
312 255 0.0
312 256 0.0
312 257 0.0
312 258 0.0
312 259 0.0
312 260 0.0
312 261 0.0
312 262 0.0
312 263 0.0
312 264 0.0
312 265 0.0
312 266 0.0
312 267 0.0
312 268 0.0
312 269 0.0
312 270 0.0
312 271 0.0
312 272 0.0
312 273 0.0
312 274 0.0
312 275 0.0
312 276 0.0
312 277 0.0
312 278 0.0
312 279 0.0
312 280 0.0
312 281 0.0
312 282 0.0
312 283 0.0
312 284 0.0
312 285 0.0
312 286 0.0
312 287 0.0
312 288 0.0
312 289 0.0
312 290 0.0
312 291 0.0
312 292 0.0
312 293 0.0
312 294 0.0
312 295 0.0
312 296 0.0
312 297 0.0
312 298 0.0
312 299 0.0
312 300 0.0
312 301 0.0
312 302 0.0
312 303 0.0
312 304 0.0
312 305 0.0
312 306 0.0
312 307 0.0
312 308 0.0
312 309 0.0
312 310 0.0
312 311 0.0
312 312 0.0
312 313 0.0
312 314 0.0
312 315 0.0
312 316 0.0
312 317 6.21886679809e-06
312 318 0.0
312 319 0.0
312 320 0.0
312 321 2.48754671924e-05
312 322 0.0
312 323 0.000304724473107
312 324 0.0
312 325 0.000621886679809
312 326 0.0
312 327 0.000304724473107
312 328 0.0
312 329 0.0
312 330 0.0
312 331 6.21886679809e-06
312 332 0.0
312 333 6.21886679809e-06
312 334 0.0
312 335 6.21886679809e-06
312 336 0.0
312 337 0.0
312 338 0.0
312 339 0.0
312 340 0.0
312 341 0.000304724473107
312 342 0.0
312 343 0.00139924502957
312 344 0.0
312 345 0.000304724473107
312 346 0.0
312 347 9.95018687695e-05
312 348 0.0
312 349 0.000895516818925
312 350 0.0
312 351 0.000621886679809
312 352 0.0
312 353 0.000155471669952
312 354 0.0
312 355 6.21886679809e-06
312 356 0.0
312 357 0.0
312 358 0.0
312 359 0.0
312 360 0.0
312 361 0.0
312 362 0.0
312 363 2.48754671924e-05
312 364 0.0
312 365 6.21886679809e-06
312 366 0.0
312 367 0.000304724473107
312 368 0.0
312 369 0.000155471669952
312 370 0.0
312 371 0.000304724473107
312 372 0.0
312 373 0.000155471669952
312 374 0.0
312 375 9.95018687695e-05
312 376 0.0
312 377 6.21886679809e-06
312 378 0.0
312 379 6.21886679809e-06
312 380 0.0
312 381 5.59698011828e-05
312 382 0.0
312 383 5.59698011828e-05
312 384 0.0
312 385 2.48754671924e-05
312 386 0.0
312 387 5.59698011828e-05
312 388 0.0
312 389 6.21886679809e-06
312 390 0.0
312 391 5.59698011828e-05
312 392 0.0
312 393 6.21886679809e-06
312 394 0.0
312 395 9.95018687695e-05
312 396 0.0
312 397 9.95018687695e-05
312 398 0.0
312 399 6.21886679809e-06
312 400 0.0
313 0 0.0
313 1 2.48754671924e-05
313 2 6.21886679809e-06
313 3 6.21886679809e-06
313 4 6.21886679809e-06
313 5 0.000155471669952
313 6 6.21886679809e-06
313 7 0.000304724473107
313 8 0.0
313 9 5.59698011828e-05
313 10 6.21886679809e-06
313 11 0.000398007475078
313 12 6.21886679809e-06
313 13 2.48754671924e-05
313 14 6.21886679809e-06
313 15 5.59698011828e-05
313 16 0.0
313 17 5.59698011828e-05
313 18 0.0
313 19 6.21886679809e-06
313 20 6.21886679809e-06
313 21 6.21886679809e-06
313 22 0.0
313 23 6.21886679809e-06
313 24 0.0
313 25 6.21886679809e-06
313 26 0.0
313 27 6.21886679809e-06
313 28 0.0
313 29 0.000304724473107
313 30 0.0
313 31 9.95018687695e-05
313 32 0.0
313 33 2.48754671924e-05
313 34 0.0
313 35 6.21886679809e-06
313 36 0.0
313 37 0.000621886679809
313 38 0.0
313 39 0.000223879204731
313 40 0.0
313 41 6.21886679809e-06
313 42 0.0
313 43 5.59698011828e-05
313 44 0.0
313 45 0.0
313 46 0.0
313 47 6.21886679809e-06
313 48 0.0
313 49 0.0
313 50 0.0
313 51 0.0
313 52 0.0
313 53 0.0
313 54 0.0
313 55 6.21886679809e-06
313 56 0.0
313 57 6.21886679809e-06
313 58 0.0
313 59 0.000155471669952
313 60 0.0
313 61 0.000895516818925
313 62 0.0
313 63 0.000223879204731
313 64 0.0
313 65 0.000304724473107
313 66 0.0
313 67 0.000398007475078
313 68 0.0
313 69 9.95018687695e-05
313 70 0.0
313 71 6.21886679809e-06
313 72 0.0
313 73 2.48754671924e-05
313 74 0.0
313 75 0.0
313 76 0.0
313 77 6.21886679809e-06
313 78 0.0
313 79 0.0
313 80 0.0
313 81 0.0
313 82 0.0
313 83 0.0
313 84 0.0
313 85 0.0
313 86 0.0
313 87 6.21886679809e-06
313 88 9.95018687695e-05
313 89 0.000223879204731
313 90 0.000155471669952
313 91 2.48754671924e-05
313 92 5.59698011828e-05
313 93 5.59698011828e-05
313 94 5.59698011828e-05
313 95 2.48754671924e-05
313 96 2.48754671924e-05
313 97 6.21886679809e-06
313 98 0.0
313 99 2.48754671924e-05
313 100 0.0
313 101 0.0
313 102 0.0
313 103 0.0
313 104 0.0
313 105 0.0
313 106 0.0
313 107 0.0
313 108 0.0
313 109 0.0
313 110 0.0
313 111 0.0
313 112 0.0
313 113 0.0
313 114 0.0
313 115 0.0
313 116 0.0
313 117 0.0
313 118 0.0
313 119 0.0
313 120 0.0
313 121 0.0
313 122 0.0
313 123 0.0
313 124 0.0
313 125 0.0
313 126 0.0
313 127 0.0
313 128 0.0
313 129 0.0
313 130 0.0
313 131 0.0
313 132 0.0
313 133 0.0
313 134 0.0
313 135 0.0
313 136 0.0
313 137 0.0
313 138 0.0
313 139 0.0
313 140 0.0
313 141 0.0
313 142 0.0
313 143 0.0
313 144 0.0
313 145 0.0
313 146 0.0
313 147 0.0
313 148 0.0
313 149 0.0
313 150 6.21886679809e-06
313 151 6.21886679809e-06
313 152 6.21886679809e-06
313 153 6.21886679809e-06
313 154 6.21886679809e-06
313 155 6.21886679809e-06
313 156 0.0
313 157 0.0
313 158 0.0
313 159 0.0
313 160 0.0
313 161 0.0
313 162 0.0
313 163 0.0
313 164 0.0
313 165 0.0
313 166 0.0
313 167 0.0
313 168 0.0
313 169 0.0
313 170 0.0
313 171 0.0
313 172 0.0
313 173 0.0
313 174 0.0
313 175 0.0
313 176 0.0
313 177 0.0
313 178 0.0
313 179 0.0
313 180 0.0
313 181 0.0
313 182 0.0
313 183 0.0
313 184 0.0
313 185 0.0
313 186 0.0
313 187 0.0
313 188 0.0
313 189 0.0
313 190 0.0
313 191 0.0
313 192 0.0
313 193 0.0
313 194 0.0
313 195 0.0
313 196 0.0
313 197 0.0
313 198 0.0
313 199 0.0
313 200 6.21886679809e-06
313 201 6.21886679809e-06
313 202 6.21886679809e-06
313 203 6.21886679809e-06
313 204 6.21886679809e-06
313 205 6.21886679809e-06
313 206 6.21886679809e-06
313 207 6.21886679809e-06
313 208 6.21886679809e-06
313 209 6.21886679809e-06
313 210 6.21886679809e-06
313 211 6.21886679809e-06
313 212 6.21886679809e-06
313 213 0.0
313 214 0.0
313 215 0.0
313 216 0.0
313 217 0.0
313 218 0.0
313 219 0.0
313 220 0.0
313 221 0.0
313 222 0.0
313 223 0.0
313 224 0.0
313 225 0.0
313 226 0.0
313 227 0.0
313 228 0.0
313 229 0.0
313 230 0.0
313 231 0.0
313 232 0.0
313 233 0.0
313 234 0.0
313 235 0.0
313 236 0.0
313 237 0.0
313 238 0.0
313 239 0.0
313 240 0.0
313 241 0.0
313 242 0.0
313 243 0.0
313 244 0.0
313 245 0.0
313 246 0.0
313 247 0.0
313 248 0.0
313 249 0.0
313 250 0.0
313 251 0.0
313 252 0.0
313 253 0.0
313 254 0.0
313 255 0.0
313 256 0.0
313 257 0.0
313 258 0.0
313 259 0.0
313 260 0.0
313 261 0.0
313 262 0.0
313 263 0.0
313 264 0.0
313 265 0.0
313 266 0.0
313 267 0.0
313 268 0.0
313 269 0.0
313 270 0.0
313 271 0.0
313 272 0.0
313 273 0.0
313 274 0.0
313 275 0.0
313 276 0.0
313 277 0.0
313 278 0.0
313 279 0.0
313 280 0.0
313 281 0.0
313 282 0.0
313 283 0.0
313 284 0.0
313 285 0.0
313 286 0.0
313 287 0.0
313 288 0.0
313 289 0.0
313 290 0.0
313 291 0.0
313 292 0.0
313 293 0.0
313 294 0.0
313 295 0.0
313 296 0.0
313 297 0.0
313 298 0.0
313 299 0.0
313 300 0.0
313 301 0.0
313 302 0.0
313 303 0.0
313 304 0.0
313 305 0.0
313 306 0.0
313 307 0.0
313 308 0.0
313 309 0.0
313 310 0.0
313 311 0.0
313 312 0.0
313 313 6.21886679809e-06
313 314 2.48754671924e-05
313 315 6.21886679809e-06
313 316 6.21886679809e-06
313 317 5.59698011828e-05
313 318 2.48754671924e-05
313 319 0.0
313 320 6.21886679809e-06
313 321 6.21886679809e-06
313 322 6.21886679809e-06
313 323 0.000223879204731
313 324 6.21886679809e-06
313 325 5.59698011828e-05
313 326 0.000223879204731
313 327 0.000503728210645
313 328 0.0
313 329 0.0
313 330 6.21886679809e-06
313 331 6.21886679809e-06
313 332 0.0
313 333 6.21886679809e-06
313 334 0.0
313 335 6.21886679809e-06
313 336 0.0
313 337 0.0
313 338 0.0
313 339 0.0
313 340 0.0
313 341 0.000304724473107
313 342 0.0
313 343 0.00139924502957
313 344 0.0
313 345 0.000304724473107
313 346 0.0
313 347 9.95018687695e-05
313 348 0.0
313 349 0.000895516818925
313 350 0.0
313 351 0.000621886679809
313 352 0.0
313 353 0.000155471669952
313 354 0.0
313 355 6.21886679809e-06
313 356 0.0
313 357 0.0
313 358 0.0
313 359 0.0
313 360 0.0
313 361 0.0
313 362 0.0
313 363 2.48754671924e-05
313 364 0.0
313 365 6.21886679809e-06
313 366 0.0
313 367 0.000304724473107
313 368 0.0
313 369 9.95018687695e-05
313 370 0.0
313 371 0.000304724473107
313 372 6.21886679809e-06
313 373 9.95018687695e-05
313 374 2.48754671924e-05
313 375 0.000155471669952
313 376 6.21886679809e-06
313 377 0.0
313 378 0.0
313 379 6.21886679809e-06
313 380 0.0
313 381 5.59698011828e-05
313 382 0.0
313 383 2.48754671924e-05
313 384 0.0
313 385 2.48754671924e-05
313 386 0.0
313 387 5.59698011828e-05
313 388 6.21886679809e-06
313 389 2.48754671924e-05
313 390 6.21886679809e-06
313 391 5.59698011828e-05
313 392 6.21886679809e-06
313 393 6.21886679809e-06
313 394 6.21886679809e-06
313 395 5.59698011828e-05
313 396 0.0
313 397 5.59698011828e-05
313 398 0.0
313 399 6.21886679809e-06
313 400 0.0
314 0 0.0
314 1 6.21886679809e-06
314 2 0.0
314 3 6.21886679809e-06
314 4 0.0
314 5 0.000223879204731
314 6 0.0
314 7 0.000304724473107
314 8 0.0
314 9 2.48754671924e-05
314 10 0.0
314 11 0.000398007475078
314 12 0.0
314 13 5.59698011828e-05
314 14 0.0
314 15 5.59698011828e-05
314 16 0.0
314 17 9.95018687695e-05
314 18 0.0
314 19 6.21886679809e-06
314 20 0.0
314 21 6.21886679809e-06
314 22 0.0
314 23 0.0
314 24 0.0
314 25 6.21886679809e-06
314 26 0.0
314 27 6.21886679809e-06
314 28 0.0
314 29 0.000304724473107
314 30 0.0
314 31 9.95018687695e-05
314 32 0.0
314 33 2.48754671924e-05
314 34 0.0
314 35 6.21886679809e-06
314 36 0.0
314 37 0.000621886679809
314 38 0.0
314 39 0.000223879204731
314 40 0.0
314 41 6.21886679809e-06
314 42 0.0
314 43 5.59698011828e-05
314 44 0.0
314 45 0.0
314 46 0.0
314 47 6.21886679809e-06
314 48 0.0
314 49 0.0
314 50 0.0
314 51 0.0
314 52 0.0
314 53 0.0
314 54 0.0
314 55 6.21886679809e-06
314 56 0.0
314 57 6.21886679809e-06
314 58 0.0
314 59 0.000155471669952
314 60 0.0
314 61 0.000895516818925
314 62 0.0
314 63 0.000223879204731
314 64 0.0
314 65 0.000304724473107
314 66 0.0
314 67 0.000398007475078
314 68 0.0
314 69 9.95018687695e-05
314 70 0.0
314 71 6.21886679809e-06
314 72 0.0
314 73 2.48754671924e-05
314 74 0.0
314 75 0.0
314 76 0.0
314 77 6.21886679809e-06
314 78 0.0
314 79 0.0
314 80 0.0
314 81 0.0
314 82 0.0
314 83 0.0
314 84 0.0
314 85 0.0
314 86 0.0
314 87 0.0
314 88 0.0
314 89 0.0
314 90 0.0
314 91 0.0
314 92 0.0
314 93 2.48754671924e-05
314 94 0.0
314 95 0.0
314 96 0.0
314 97 0.0
314 98 0.0
314 99 0.0
314 100 0.0
314 101 0.0
314 102 0.0
314 103 0.0
314 104 0.0
314 105 0.0
314 106 0.0
314 107 0.0
314 108 0.0
314 109 0.0
314 110 0.0
314 111 0.0
314 112 0.0
314 113 0.0
314 114 0.0
314 115 0.0
314 116 0.0
314 117 0.0
314 118 0.0
314 119 0.0
314 120 0.0
314 121 0.0
314 122 0.0
314 123 0.0
314 124 0.0
314 125 0.0
314 126 0.0
314 127 0.0
314 128 0.0
314 129 0.0
314 130 0.0
314 131 0.0
314 132 0.0
314 133 0.0
314 134 0.0
314 135 0.0
314 136 0.0
314 137 0.0
314 138 0.0
314 139 0.0
314 140 0.0
314 141 0.0
314 142 0.0
314 143 0.0
314 144 0.0
314 145 0.0
314 146 0.0
314 147 0.0
314 148 0.0
314 149 0.0
314 150 0.0
314 151 0.0
314 152 0.0
314 153 0.0
314 154 0.0
314 155 0.0
314 156 0.0
314 157 0.0
314 158 0.0
314 159 0.0
314 160 0.0
314 161 0.0
314 162 0.0
314 163 0.0
314 164 0.0
314 165 0.0
314 166 0.0
314 167 0.0
314 168 0.0
314 169 0.0
314 170 0.0
314 171 0.0
314 172 0.0
314 173 0.0
314 174 0.0
314 175 0.0
314 176 0.0
314 177 0.0
314 178 0.0
314 179 0.0
314 180 0.0
314 181 0.0
314 182 0.0
314 183 0.0
314 184 0.0
314 185 0.0
314 186 0.0
314 187 0.0
314 188 0.0
314 189 0.0
314 190 0.0
314 191 0.0
314 192 0.0
314 193 0.0
314 194 0.0
314 195 0.0
314 196 0.0
314 197 0.0
314 198 0.0
314 199 0.0
314 200 0.0
314 201 0.0
314 202 0.0
314 203 0.0
314 204 0.0
314 205 0.0
314 206 0.0
314 207 0.0
314 208 0.0
314 209 0.0
314 210 0.0
314 211 0.0
314 212 0.0
314 213 0.0
314 214 0.0
314 215 0.0
314 216 0.0
314 217 0.0
314 218 0.0
314 219 0.0
314 220 0.0
314 221 0.0
314 222 0.0
314 223 0.0
314 224 0.0
314 225 0.0
314 226 0.0
314 227 0.0
314 228 0.0
314 229 0.0
314 230 0.0
314 231 0.0
314 232 0.0
314 233 0.0
314 234 0.0
314 235 0.0
314 236 0.0
314 237 0.0
314 238 0.0
314 239 0.0
314 240 0.0
314 241 0.0
314 242 0.0
314 243 0.0
314 244 0.0
314 245 0.0
314 246 0.0
314 247 0.0
314 248 0.0
314 249 0.0
314 250 0.0
314 251 0.0
314 252 0.0
314 253 0.0
314 254 0.0
314 255 0.0
314 256 0.0
314 257 0.0
314 258 0.0
314 259 0.0
314 260 0.0
314 261 0.0
314 262 0.0
314 263 0.0
314 264 0.0
314 265 0.0
314 266 0.0
314 267 0.0
314 268 0.0
314 269 0.0
314 270 0.0
314 271 0.0
314 272 0.0
314 273 0.0
314 274 0.0
314 275 0.0
314 276 0.0
314 277 0.0
314 278 0.0
314 279 0.0
314 280 0.0
314 281 0.0
314 282 0.0
314 283 0.0
314 284 0.0
314 285 0.0
314 286 0.0
314 287 0.0
314 288 0.0
314 289 0.0
314 290 0.0
314 291 0.0
314 292 0.0
314 293 0.0
314 294 0.0
314 295 0.0
314 296 0.0
314 297 0.0
314 298 0.0
314 299 0.0
314 300 0.0
314 301 0.0
314 302 0.0
314 303 0.0
314 304 0.0
314 305 0.0
314 306 0.0
314 307 0.0
314 308 0.0
314 309 0.0
314 310 0.0
314 311 0.0
314 312 0.0
314 313 0.0
314 314 0.0
314 315 0.0
314 316 0.0
314 317 0.0
314 318 0.0
314 319 6.21886679809e-06
314 320 0.0
314 321 0.0
314 322 0.0
314 323 2.48754671924e-05
314 324 0.0
314 325 6.21886679809e-06
314 326 0.0
314 327 0.0
314 328 0.0
314 329 0.0
314 330 0.0
314 331 0.0
314 332 0.0
314 333 0.0
314 334 0.0
314 335 0.0
314 336 0.0
314 337 0.0
314 338 0.0
314 339 0.0
314 340 0.0
314 341 0.000304724473107
314 342 0.0
314 343 0.00139924502957
314 344 0.0
314 345 0.000304724473107
314 346 0.0
314 347 9.95018687695e-05
314 348 0.0
314 349 0.000895516818925
314 350 0.0
314 351 0.000621886679809
314 352 0.0
314 353 0.000155471669952
314 354 0.0
314 355 6.21886679809e-06
314 356 0.0
314 357 0.0
314 358 0.0
314 359 0.0
314 360 0.0
314 361 0.0
314 362 0.0
314 363 2.48754671924e-05
314 364 0.0
314 365 6.21886679809e-06
314 366 0.0
314 367 0.000304724473107
314 368 0.0
314 369 9.95018687695e-05
314 370 0.0
314 371 0.000398007475078
314 372 0.0
314 373 0.000223879204731
314 374 0.0
314 375 9.95018687695e-05
314 376 0.0
314 377 2.48754671924e-05
314 378 0.0
314 379 0.0
314 380 0.0
314 381 5.59698011828e-05
314 382 0.0
314 383 2.48754671924e-05
314 384 0.0
314 385 2.48754671924e-05
314 386 0.0
314 387 2.48754671924e-05
314 388 0.0
314 389 0.0
314 390 0.0
314 391 9.95018687695e-05
314 392 0.0
314 393 6.21886679809e-06
314 394 0.0
314 395 9.95018687695e-05
314 396 0.0
314 397 9.95018687695e-05
314 398 0.0
314 399 2.48754671924e-05
314 400 0.0
315 0 0.0
315 1 6.21886679809e-06
315 2 0.0
315 3 6.21886679809e-06
315 4 6.21886679809e-06
315 5 0.000155471669952
315 6 0.0
315 7 0.000304724473107
315 8 0.0
315 9 5.59698011828e-05
315 10 6.21886679809e-06
315 11 0.000398007475078
315 12 0.0
315 13 9.95018687695e-05
315 14 0.0
315 15 9.95018687695e-05
315 16 6.21886679809e-06
315 17 5.59698011828e-05
315 18 6.21886679809e-06
315 19 6.21886679809e-06
315 20 0.0
315 21 6.21886679809e-06
315 22 0.0
315 23 0.0
315 24 0.0
315 25 6.21886679809e-06
315 26 0.0
315 27 6.21886679809e-06
315 28 0.0
315 29 0.000304724473107
315 30 0.0
315 31 9.95018687695e-05
315 32 0.0
315 33 2.48754671924e-05
315 34 0.0
315 35 6.21886679809e-06
315 36 0.0
315 37 0.000621886679809
315 38 0.0
315 39 0.000223879204731
315 40 0.0
315 41 6.21886679809e-06
315 42 0.0
315 43 5.59698011828e-05
315 44 0.0
315 45 0.0
315 46 0.0
315 47 6.21886679809e-06
315 48 0.0
315 49 0.0
315 50 0.0
315 51 0.0
315 52 0.0
315 53 0.0
315 54 0.0
315 55 6.21886679809e-06
315 56 0.0
315 57 6.21886679809e-06
315 58 0.0
315 59 0.000155471669952
315 60 0.0
315 61 0.000895516818925
315 62 0.0
315 63 0.000223879204731
315 64 0.0
315 65 0.000304724473107
315 66 0.0
315 67 0.000398007475078
315 68 0.0
315 69 9.95018687695e-05
315 70 0.0
315 71 6.21886679809e-06
315 72 0.0
315 73 2.48754671924e-05
315 74 0.0
315 75 0.0
315 76 0.0
315 77 6.21886679809e-06
315 78 0.0
315 79 0.0
315 80 0.0
315 81 0.0
315 82 0.0
315 83 0.0
315 84 0.0
315 85 0.0
315 86 0.0
315 87 6.21886679809e-06
315 88 0.0
315 89 6.21886679809e-06
315 90 5.59698011828e-05
315 91 2.48754671924e-05
315 92 2.48754671924e-05
315 93 0.0
315 94 6.21886679809e-06
315 95 0.0
315 96 0.0
315 97 0.0
315 98 6.21886679809e-06
315 99 0.0
315 100 0.0
315 101 6.21886679809e-06
315 102 0.0
315 103 0.0
315 104 0.0
315 105 0.0
315 106 0.0
315 107 0.0
315 108 0.0
315 109 0.0
315 110 0.0
315 111 0.0
315 112 0.0
315 113 0.0
315 114 0.0
315 115 0.0
315 116 0.0
315 117 0.0
315 118 0.0
315 119 0.0
315 120 0.0
315 121 0.0
315 122 0.0
315 123 0.0
315 124 0.0
315 125 0.0
315 126 0.0
315 127 0.0
315 128 0.0
315 129 0.0
315 130 0.0
315 131 0.0
315 132 0.0
315 133 0.0
315 134 0.0
315 135 0.0
315 136 0.0
315 137 0.0
315 138 0.0
315 139 0.0
315 140 0.0
315 141 0.0
315 142 0.0
315 143 0.0
315 144 0.0
315 145 0.0
315 146 0.0
315 147 0.0
315 148 0.0
315 149 0.0
315 150 0.0
315 151 0.0
315 152 0.0
315 153 0.0
315 154 0.0
315 155 0.0
315 156 0.0
315 157 0.0
315 158 0.0
315 159 0.0
315 160 0.0
315 161 0.0
315 162 0.0
315 163 0.0
315 164 0.0
315 165 0.0
315 166 0.0
315 167 0.0
315 168 0.0
315 169 0.0
315 170 0.0
315 171 0.0
315 172 0.0
315 173 0.0
315 174 0.0
315 175 0.0
315 176 0.0
315 177 0.0
315 178 0.0
315 179 0.0
315 180 0.0
315 181 0.0
315 182 0.0
315 183 0.0
315 184 0.0
315 185 0.0
315 186 0.0
315 187 0.0
315 188 0.0
315 189 0.0
315 190 0.0
315 191 0.0
315 192 0.0
315 193 0.0
315 194 0.0
315 195 0.0
315 196 0.0
315 197 0.0
315 198 0.0
315 199 0.0
315 200 0.0
315 201 0.0
315 202 0.0
315 203 0.0
315 204 0.0
315 205 0.0
315 206 0.0
315 207 0.0
315 208 0.0
315 209 0.0
315 210 0.0
315 211 0.0
315 212 0.0
315 213 0.0
315 214 0.0
315 215 0.0
315 216 0.0
315 217 0.0
315 218 0.0
315 219 0.0
315 220 0.0
315 221 0.0
315 222 0.0
315 223 0.0
315 224 0.0
315 225 0.0
315 226 0.0
315 227 0.0
315 228 0.0
315 229 0.0
315 230 0.0
315 231 0.0
315 232 0.0
315 233 0.0
315 234 0.0
315 235 0.0
315 236 0.0
315 237 0.0
315 238 0.0
315 239 0.0
315 240 0.0
315 241 0.0
315 242 0.0
315 243 0.0
315 244 0.0
315 245 0.0
315 246 0.0
315 247 0.0
315 248 0.0
315 249 0.0
315 250 0.0
315 251 0.0
315 252 0.0
315 253 0.0
315 254 0.0
315 255 0.0
315 256 0.0
315 257 0.0
315 258 0.0
315 259 0.0
315 260 0.0
315 261 0.0
315 262 0.0
315 263 0.0
315 264 0.0
315 265 0.0
315 266 0.0
315 267 0.0
315 268 0.0
315 269 0.0
315 270 0.0
315 271 0.0
315 272 0.0
315 273 0.0
315 274 0.0
315 275 0.0
315 276 0.0
315 277 0.0
315 278 0.0
315 279 0.0
315 280 0.0
315 281 0.0
315 282 0.0
315 283 0.0
315 284 0.0
315 285 0.0
315 286 0.0
315 287 0.0
315 288 0.0
315 289 0.0
315 290 0.0
315 291 0.0
315 292 0.0
315 293 0.0
315 294 0.0
315 295 0.0
315 296 0.0
315 297 0.0
315 298 0.0
315 299 0.0
315 300 0.0
315 301 0.0
315 302 0.0
315 303 0.0
315 304 0.0
315 305 0.0
315 306 0.0
315 307 0.0
315 308 0.0
315 309 0.0
315 310 0.0
315 311 0.0
315 312 0.0
315 313 0.0
315 314 0.0
315 315 0.0
315 316 0.0
315 317 0.0
315 318 0.0
315 319 6.21886679809e-06
315 320 6.21886679809e-06
315 321 2.48754671924e-05
315 322 2.48754671924e-05
315 323 6.21886679809e-06
315 324 6.21886679809e-06
315 325 6.21886679809e-06
315 326 6.21886679809e-06
315 327 0.0
315 328 0.0
315 329 6.21886679809e-06
315 330 0.0
315 331 0.0
315 332 0.0
315 333 0.0
315 334 0.0
315 335 0.0
315 336 0.0
315 337 0.0
315 338 0.0
315 339 0.0
315 340 0.0
315 341 0.000304724473107
315 342 0.0
315 343 0.00139924502957
315 344 0.0
315 345 0.000304724473107
315 346 0.0
315 347 9.95018687695e-05
315 348 0.0
315 349 0.000895516818925
315 350 0.0
315 351 0.000621886679809
315 352 0.0
315 353 0.000155471669952
315 354 0.0
315 355 6.21886679809e-06
315 356 0.0
315 357 0.0
315 358 0.0
315 359 0.0
315 360 0.0
315 361 0.0
315 362 0.0
315 363 2.48754671924e-05
315 364 0.0
315 365 6.21886679809e-06
315 366 0.0
315 367 0.000304724473107
315 368 0.0
315 369 9.95018687695e-05
315 370 0.0
315 371 0.000398007475078
315 372 6.21886679809e-06
315 373 0.000155471669952
315 374 6.21886679809e-06
315 375 0.000155471669952
315 376 6.21886679809e-06
315 377 6.21886679809e-06
315 378 0.0
315 379 0.0
315 380 0.0
315 381 5.59698011828e-05
315 382 0.0
315 383 2.48754671924e-05
315 384 0.0
315 385 5.59698011828e-05
315 386 0.0
315 387 2.48754671924e-05
315 388 0.0
315 389 6.21886679809e-06
315 390 6.21886679809e-06
315 391 9.95018687695e-05
315 392 0.0
315 393 6.21886679809e-06
315 394 0.0
315 395 9.95018687695e-05
315 396 0.0
315 397 9.95018687695e-05
315 398 0.0
315 399 2.48754671924e-05
315 400 0.0
316 0 0.0
316 1 6.21886679809e-06
316 2 0.0
316 3 6.21886679809e-06
316 4 0.0
316 5 0.000155471669952
316 6 0.0
316 7 0.000304724473107
316 8 0.0
316 9 2.48754671924e-05
316 10 0.0
316 11 0.000398007475078
316 12 0.0
316 13 5.59698011828e-05
316 14 0.0
316 15 5.59698011828e-05
316 16 0.0
316 17 9.95018687695e-05
316 18 0.0
316 19 6.21886679809e-06
316 20 0.0
316 21 6.21886679809e-06
316 22 0.0
316 23 0.0
316 24 0.0
316 25 6.21886679809e-06
316 26 0.0
316 27 6.21886679809e-06
316 28 0.0
316 29 0.000304724473107
316 30 0.0
316 31 9.95018687695e-05
316 32 0.0
316 33 2.48754671924e-05
316 34 0.0
316 35 6.21886679809e-06
316 36 0.0
316 37 0.000621886679809
316 38 0.0
316 39 0.000223879204731
316 40 0.0
316 41 6.21886679809e-06
316 42 0.0
316 43 5.59698011828e-05
316 44 0.0
316 45 0.0
316 46 0.0
316 47 6.21886679809e-06
316 48 0.0
316 49 0.0
316 50 0.0
316 51 0.0
316 52 0.0
316 53 0.0
316 54 0.0
316 55 6.21886679809e-06
316 56 0.0
316 57 6.21886679809e-06
316 58 0.0
316 59 0.000155471669952
316 60 0.0
316 61 0.000895516818925
316 62 0.0
316 63 0.000223879204731
316 64 0.0
316 65 0.000304724473107
316 66 0.0
316 67 0.000398007475078
316 68 0.0
316 69 9.95018687695e-05
316 70 0.0
316 71 6.21886679809e-06
316 72 0.0
316 73 2.48754671924e-05
316 74 0.0
316 75 0.0
316 76 0.0
316 77 6.21886679809e-06
316 78 0.0
316 79 0.0
316 80 0.0
316 81 0.0
316 82 0.0
316 83 0.0
316 84 0.0
316 85 6.21886679809e-06
316 86 0.0
316 87 6.21886679809e-06
316 88 0.0
316 89 0.0
316 90 0.0
316 91 0.0
316 92 0.0
316 93 0.0
316 94 0.0
316 95 0.0
316 96 0.0
316 97 0.0
316 98 0.0
316 99 6.21886679809e-06
316 100 0.0
316 101 6.21886679809e-06
316 102 0.0
316 103 0.0
316 104 0.0
316 105 0.0
316 106 0.0
316 107 0.0
316 108 0.0
316 109 0.0
316 110 0.0
316 111 0.0
316 112 0.0
316 113 0.0
316 114 0.0
316 115 0.0
316 116 0.0
316 117 0.0
316 118 0.0
316 119 0.0
316 120 0.0
316 121 0.0
316 122 0.0
316 123 0.0
316 124 0.0
316 125 0.0
316 126 0.0
316 127 0.0
316 128 0.0
316 129 0.0
316 130 0.0
316 131 0.0
316 132 0.0
316 133 0.0
316 134 0.0
316 135 0.0
316 136 0.0
316 137 0.0
316 138 0.0
316 139 0.0
316 140 0.0
316 141 0.0
316 142 0.0
316 143 0.0
316 144 0.0
316 145 0.0
316 146 0.0
316 147 6.21886679809e-06
316 148 0.0
316 149 6.21886679809e-06
316 150 0.0
316 151 0.0
316 152 0.0
316 153 0.0
316 154 0.0
316 155 0.0
316 156 0.0
316 157 0.0
316 158 0.0
316 159 6.21886679809e-06
316 160 0.0
316 161 0.0
316 162 0.0
316 163 0.0
316 164 0.0
316 165 0.0
316 166 0.0
316 167 0.0
316 168 0.0
316 169 0.0
316 170 0.0
316 171 0.0
316 172 0.0
316 173 0.0
316 174 0.0
316 175 0.0
316 176 0.0
316 177 0.0
316 178 0.0
316 179 0.0
316 180 0.0
316 181 0.0
316 182 0.0
316 183 0.0
316 184 0.0
316 185 0.0
316 186 0.0
316 187 0.0
316 188 0.0
316 189 0.0
316 190 0.0
316 191 0.0
316 192 0.0
316 193 0.0
316 194 0.0
316 195 0.0
316 196 0.0
316 197 0.0
316 198 0.0
316 199 6.21886679809e-06
316 200 0.0
316 201 0.0
316 202 0.0
316 203 6.21886679809e-06
316 204 0.0
316 205 0.0
316 206 0.0
316 207 0.0
316 208 0.0
316 209 0.0
316 210 0.0
316 211 0.0
316 212 0.0
316 213 6.21886679809e-06
316 214 0.0
316 215 6.21886679809e-06
316 216 0.0
316 217 0.0
316 218 0.0
316 219 0.0
316 220 0.0
316 221 0.0
316 222 0.0
316 223 0.0
316 224 0.0
316 225 0.0
316 226 0.0
316 227 0.0
316 228 0.0
316 229 0.0
316 230 0.0
316 231 0.0
316 232 0.0
316 233 0.0
316 234 0.0
316 235 0.0
316 236 0.0
316 237 0.0
316 238 0.0
316 239 0.0
316 240 0.0
316 241 0.0
316 242 0.0
316 243 0.0
316 244 0.0
316 245 0.0
316 246 0.0
316 247 0.0
316 248 0.0
316 249 0.0
316 250 0.0
316 251 0.0
316 252 0.0
316 253 0.0
316 254 0.0
316 255 0.0
316 256 0.0
316 257 0.0
316 258 0.0
316 259 0.0
316 260 0.0
316 261 0.0
316 262 0.0
316 263 0.0
316 264 0.0
316 265 0.0
316 266 0.0
316 267 0.0
316 268 0.0
316 269 0.0
316 270 0.0
316 271 0.0
316 272 0.0
316 273 0.0
316 274 0.0
316 275 0.0
316 276 0.0
316 277 0.0
316 278 0.0
316 279 0.0
316 280 0.0
316 281 0.0
316 282 0.0
316 283 0.0
316 284 0.0
316 285 0.0
316 286 0.0
316 287 0.0
316 288 0.0
316 289 0.0
316 290 0.0
316 291 0.0
316 292 0.0
316 293 0.0
316 294 0.0
316 295 0.0
316 296 0.0
316 297 0.0
316 298 0.0
316 299 0.0
316 300 0.0
316 301 0.0
316 302 0.0
316 303 0.0
316 304 0.0
316 305 0.0
316 306 0.0
316 307 0.0
316 308 0.0
316 309 0.0
316 310 0.0
316 311 0.0
316 312 0.0
316 313 0.0
316 314 0.0
316 315 0.0
316 316 0.0
316 317 0.0
316 318 0.0
316 319 0.0
316 320 0.0
316 321 0.0
316 322 0.0
316 323 6.21886679809e-06
316 324 0.0
316 325 6.21886679809e-06
316 326 0.0
316 327 0.0
316 328 0.0
316 329 0.0
316 330 0.0
316 331 0.0
316 332 0.0
316 333 0.0
316 334 0.0
316 335 0.0
316 336 0.0
316 337 0.0
316 338 0.0
316 339 0.0
316 340 0.0
316 341 0.000304724473107
316 342 0.0
316 343 0.00139924502957
316 344 0.0
316 345 0.000304724473107
316 346 0.0
316 347 9.95018687695e-05
316 348 0.0
316 349 0.000895516818925
316 350 0.0
316 351 0.000621886679809
316 352 0.0
316 353 0.000155471669952
316 354 0.0
316 355 6.21886679809e-06
316 356 0.0
316 357 0.0
316 358 0.0
316 359 0.0
316 360 0.0
316 361 0.0
316 362 0.0
316 363 2.48754671924e-05
316 364 0.0
316 365 6.21886679809e-06
316 366 0.0
316 367 0.000304724473107
316 368 0.0
316 369 9.95018687695e-05
316 370 0.0
316 371 0.000398007475078
316 372 0.0
316 373 0.000223879204731
316 374 0.0
316 375 9.95018687695e-05
316 376 0.0
316 377 2.48754671924e-05
316 378 0.0
316 379 0.0
316 380 0.0
316 381 5.59698011828e-05
316 382 0.0
316 383 2.48754671924e-05
316 384 0.0
316 385 5.59698011828e-05
316 386 0.0
316 387 2.48754671924e-05
316 388 0.0
316 389 0.0
316 390 0.0
316 391 9.95018687695e-05
316 392 0.0
316 393 6.21886679809e-06
316 394 0.0
316 395 9.95018687695e-05
316 396 0.0
316 397 9.95018687695e-05
316 398 0.0
316 399 2.48754671924e-05
316 400 0.0
317 0 0.0
317 1 2.48754671924e-05
317 2 6.21886679809e-06
317 3 6.21886679809e-06
317 4 0.0
317 5 0.000155471669952
317 6 6.21886679809e-06
317 7 0.000223879204731
317 8 6.21886679809e-06
317 9 5.59698011828e-05
317 10 0.0
317 11 0.000398007475078
317 12 6.21886679809e-06
317 13 2.48754671924e-05
317 14 6.21886679809e-06
317 15 9.95018687695e-05
317 16 0.0
317 17 9.95018687695e-05
317 18 0.0
317 19 6.21886679809e-06
317 20 6.21886679809e-06
317 21 6.21886679809e-06
317 22 0.0
317 23 6.21886679809e-06
317 24 0.0
317 25 6.21886679809e-06
317 26 0.0
317 27 6.21886679809e-06
317 28 0.0
317 29 0.000304724473107
317 30 0.0
317 31 9.95018687695e-05
317 32 0.0
317 33 2.48754671924e-05
317 34 0.0
317 35 6.21886679809e-06
317 36 0.0
317 37 0.000621886679809
317 38 0.0
317 39 0.000223879204731
317 40 0.0
317 41 6.21886679809e-06
317 42 0.0
317 43 5.59698011828e-05
317 44 0.0
317 45 0.0
317 46 0.0
317 47 6.21886679809e-06
317 48 0.0
317 49 0.0
317 50 0.0
317 51 0.0
317 52 0.0
317 53 0.0
317 54 0.0
317 55 6.21886679809e-06
317 56 0.0
317 57 6.21886679809e-06
317 58 0.0
317 59 0.000155471669952
317 60 0.0
317 61 0.000895516818925
317 62 0.0
317 63 0.000223879204731
317 64 0.0
317 65 0.000304724473107
317 66 0.0
317 67 0.000398007475078
317 68 0.0
317 69 9.95018687695e-05
317 70 0.0
317 71 6.21886679809e-06
317 72 0.0
317 73 2.48754671924e-05
317 74 0.0
317 75 0.0
317 76 0.0
317 77 6.21886679809e-06
317 78 0.0
317 79 0.0
317 80 0.0
317 81 0.0
317 82 0.0
317 83 0.0
317 84 0.0
317 85 6.21886679809e-06
317 86 6.21886679809e-06
317 87 2.48754671924e-05
317 88 6.21886679809e-06
317 89 6.21886679809e-06
317 90 6.21886679809e-06
317 91 6.21886679809e-06
317 92 6.21886679809e-06
317 93 0.0
317 94 0.0
317 95 0.0
317 96 6.21886679809e-06
317 97 6.21886679809e-06
317 98 6.21886679809e-06
317 99 0.0
317 100 6.21886679809e-06
317 101 2.48754671924e-05
317 102 6.21886679809e-06
317 103 6.21886679809e-06
317 104 6.21886679809e-06
317 105 6.21886679809e-06
317 106 6.21886679809e-06
317 107 6.21886679809e-06
317 108 6.21886679809e-06
317 109 6.21886679809e-06
317 110 6.21886679809e-06
317 111 6.21886679809e-06
317 112 6.21886679809e-06
317 113 6.21886679809e-06
317 114 6.21886679809e-06
317 115 6.21886679809e-06
317 116 6.21886679809e-06
317 117 6.21886679809e-06
317 118 6.21886679809e-06
317 119 6.21886679809e-06
317 120 6.21886679809e-06
317 121 6.21886679809e-06
317 122 6.21886679809e-06
317 123 6.21886679809e-06
317 124 6.21886679809e-06
317 125 6.21886679809e-06
317 126 6.21886679809e-06
317 127 6.21886679809e-06
317 128 6.21886679809e-06
317 129 6.21886679809e-06
317 130 6.21886679809e-06
317 131 6.21886679809e-06
317 132 6.21886679809e-06
317 133 6.21886679809e-06
317 134 6.21886679809e-06
317 135 6.21886679809e-06
317 136 6.21886679809e-06
317 137 6.21886679809e-06
317 138 6.21886679809e-06
317 139 6.21886679809e-06
317 140 6.21886679809e-06
317 141 6.21886679809e-06
317 142 6.21886679809e-06
317 143 6.21886679809e-06
317 144 6.21886679809e-06
317 145 6.21886679809e-06
317 146 6.21886679809e-06
317 147 2.48754671924e-05
317 148 6.21886679809e-06
317 149 0.0
317 150 6.21886679809e-06
317 151 6.21886679809e-06
317 152 6.21886679809e-06
317 153 6.21886679809e-06
317 154 6.21886679809e-06
317 155 6.21886679809e-06
317 156 6.21886679809e-06
317 157 6.21886679809e-06
317 158 6.21886679809e-06
317 159 2.48754671924e-05
317 160 6.21886679809e-06
317 161 6.21886679809e-06
317 162 6.21886679809e-06
317 163 6.21886679809e-06
317 164 6.21886679809e-06
317 165 6.21886679809e-06
317 166 6.21886679809e-06
317 167 6.21886679809e-06
317 168 6.21886679809e-06
317 169 6.21886679809e-06
317 170 6.21886679809e-06
317 171 6.21886679809e-06
317 172 6.21886679809e-06
317 173 6.21886679809e-06
317 174 6.21886679809e-06
317 175 6.21886679809e-06
317 176 6.21886679809e-06
317 177 6.21886679809e-06
317 178 6.21886679809e-06
317 179 6.21886679809e-06
317 180 6.21886679809e-06
317 181 6.21886679809e-06
317 182 6.21886679809e-06
317 183 6.21886679809e-06
317 184 6.21886679809e-06
317 185 6.21886679809e-06
317 186 6.21886679809e-06
317 187 6.21886679809e-06
317 188 6.21886679809e-06
317 189 6.21886679809e-06
317 190 6.21886679809e-06
317 191 6.21886679809e-06
317 192 6.21886679809e-06
317 193 6.21886679809e-06
317 194 6.21886679809e-06
317 195 6.21886679809e-06
317 196 6.21886679809e-06
317 197 6.21886679809e-06
317 198 6.21886679809e-06
317 199 0.0
317 200 6.21886679809e-06
317 201 6.21886679809e-06
317 202 6.21886679809e-06
317 203 0.0
317 204 6.21886679809e-06
317 205 6.21886679809e-06
317 206 6.21886679809e-06
317 207 6.21886679809e-06
317 208 6.21886679809e-06
317 209 6.21886679809e-06
317 210 6.21886679809e-06
317 211 6.21886679809e-06
317 212 6.21886679809e-06
317 213 0.0
317 214 6.21886679809e-06
317 215 2.48754671924e-05
317 216 6.21886679809e-06
317 217 6.21886679809e-06
317 218 6.21886679809e-06
317 219 6.21886679809e-06
317 220 6.21886679809e-06
317 221 6.21886679809e-06
317 222 6.21886679809e-06
317 223 6.21886679809e-06
317 224 6.21886679809e-06
317 225 6.21886679809e-06
317 226 6.21886679809e-06
317 227 6.21886679809e-06
317 228 6.21886679809e-06
317 229 6.21886679809e-06
317 230 6.21886679809e-06
317 231 6.21886679809e-06
317 232 6.21886679809e-06
317 233 6.21886679809e-06
317 234 6.21886679809e-06
317 235 6.21886679809e-06
317 236 6.21886679809e-06
317 237 6.21886679809e-06
317 238 6.21886679809e-06
317 239 6.21886679809e-06
317 240 6.21886679809e-06
317 241 6.21886679809e-06
317 242 6.21886679809e-06
317 243 6.21886679809e-06
317 244 6.21886679809e-06
317 245 6.21886679809e-06
317 246 6.21886679809e-06
317 247 6.21886679809e-06
317 248 6.21886679809e-06
317 249 6.21886679809e-06
317 250 6.21886679809e-06
317 251 6.21886679809e-06
317 252 6.21886679809e-06
317 253 6.21886679809e-06
317 254 6.21886679809e-06
317 255 6.21886679809e-06
317 256 6.21886679809e-06
317 257 6.21886679809e-06
317 258 6.21886679809e-06
317 259 6.21886679809e-06
317 260 6.21886679809e-06
317 261 6.21886679809e-06
317 262 6.21886679809e-06
317 263 6.21886679809e-06
317 264 6.21886679809e-06
317 265 6.21886679809e-06
317 266 6.21886679809e-06
317 267 6.21886679809e-06
317 268 6.21886679809e-06
317 269 6.21886679809e-06
317 270 6.21886679809e-06
317 271 6.21886679809e-06
317 272 6.21886679809e-06
317 273 6.21886679809e-06
317 274 6.21886679809e-06
317 275 6.21886679809e-06
317 276 6.21886679809e-06
317 277 6.21886679809e-06
317 278 6.21886679809e-06
317 279 6.21886679809e-06
317 280 6.21886679809e-06
317 281 6.21886679809e-06
317 282 6.21886679809e-06
317 283 6.21886679809e-06
317 284 6.21886679809e-06
317 285 6.21886679809e-06
317 286 6.21886679809e-06
317 287 6.21886679809e-06
317 288 6.21886679809e-06
317 289 6.21886679809e-06
317 290 6.21886679809e-06
317 291 6.21886679809e-06
317 292 6.21886679809e-06
317 293 6.21886679809e-06
317 294 6.21886679809e-06
317 295 6.21886679809e-06
317 296 6.21886679809e-06
317 297 6.21886679809e-06
317 298 6.21886679809e-06
317 299 6.21886679809e-06
317 300 6.21886679809e-06
317 301 6.21886679809e-06
317 302 6.21886679809e-06
317 303 6.21886679809e-06
317 304 6.21886679809e-06
317 305 6.21886679809e-06
317 306 6.21886679809e-06
317 307 6.21886679809e-06
317 308 6.21886679809e-06
317 309 6.21886679809e-06
317 310 6.21886679809e-06
317 311 6.21886679809e-06
317 312 6.21886679809e-06
317 313 6.21886679809e-06
317 314 6.21886679809e-06
317 315 6.21886679809e-06
317 316 6.21886679809e-06
317 317 6.21886679809e-06
317 318 6.21886679809e-06
317 319 2.48754671924e-05
317 320 0.0
317 321 0.0
317 322 6.21886679809e-06
317 323 6.21886679809e-06
317 324 6.21886679809e-06
317 325 5.59698011828e-05
317 326 2.48754671924e-05
317 327 2.48754671924e-05
317 328 6.21886679809e-06
317 329 6.21886679809e-06
317 330 6.21886679809e-06
317 331 6.21886679809e-06
317 332 0.0
317 333 0.0
317 334 0.0
317 335 6.21886679809e-06
317 336 0.0
317 337 0.0
317 338 0.0
317 339 0.0
317 340 0.0
317 341 0.000304724473107
317 342 0.0
317 343 0.00139924502957
317 344 0.0
317 345 0.000304724473107
317 346 0.0
317 347 9.95018687695e-05
317 348 0.0
317 349 0.000895516818925
317 350 0.0
317 351 0.000621886679809
317 352 0.0
317 353 0.000155471669952
317 354 0.0
317 355 6.21886679809e-06
317 356 0.0
317 357 0.0
317 358 0.0
317 359 0.0
317 360 0.0
317 361 0.0
317 362 0.0
317 363 2.48754671924e-05
317 364 0.0
317 365 6.21886679809e-06
317 366 0.0
317 367 0.000304724473107
317 368 0.0
317 369 9.95018687695e-05
317 370 0.0
317 371 0.000398007475078
317 372 0.0
317 373 0.000223879204731
317 374 0.0
317 375 9.95018687695e-05
317 376 0.0
317 377 6.21886679809e-06
317 378 6.21886679809e-06
317 379 6.21886679809e-06
317 380 6.21886679809e-06
317 381 2.48754671924e-05
317 382 6.21886679809e-06
317 383 5.59698011828e-05
317 384 6.21886679809e-06
317 385 2.48754671924e-05
317 386 6.21886679809e-06
317 387 9.95018687695e-05
317 388 6.21886679809e-06
317 389 6.21886679809e-06
317 390 0.0
317 391 9.95018687695e-05
317 392 6.21886679809e-06
317 393 2.48754671924e-05
317 394 6.21886679809e-06
317 395 0.000155471669952
317 396 6.21886679809e-06
317 397 5.59698011828e-05
317 398 0.0
317 399 6.21886679809e-06
317 400 0.0
318 0 0.0
318 1 6.21886679809e-06
318 2 0.0
318 3 6.21886679809e-06
318 4 0.0
318 5 0.000155471669952
318 6 0.0
318 7 0.000304724473107
318 8 0.0
318 9 2.48754671924e-05
318 10 0.0
318 11 0.000398007475078
318 12 0.0
318 13 5.59698011828e-05
318 14 0.0
318 15 5.59698011828e-05
318 16 0.0
318 17 9.95018687695e-05
318 18 0.0
318 19 6.21886679809e-06
318 20 0.0
318 21 6.21886679809e-06
318 22 0.0
318 23 0.0
318 24 0.0
318 25 6.21886679809e-06
318 26 0.0
318 27 6.21886679809e-06
318 28 0.0
318 29 0.000304724473107
318 30 0.0
318 31 9.95018687695e-05
318 32 0.0
318 33 2.48754671924e-05
318 34 0.0
318 35 6.21886679809e-06
318 36 0.0
318 37 0.000621886679809
318 38 0.0
318 39 0.000223879204731
318 40 0.0
318 41 6.21886679809e-06
318 42 0.0
318 43 5.59698011828e-05
318 44 0.0
318 45 0.0
318 46 0.0
318 47 6.21886679809e-06
318 48 0.0
318 49 0.0
318 50 0.0
318 51 0.0
318 52 0.0
318 53 0.0
318 54 0.0
318 55 6.21886679809e-06
318 56 0.0
318 57 6.21886679809e-06
318 58 0.0
318 59 0.000155471669952
318 60 0.0
318 61 0.000895516818925
318 62 0.0
318 63 0.000223879204731
318 64 0.0
318 65 0.000304724473107
318 66 0.0
318 67 0.000398007475078
318 68 0.0
318 69 9.95018687695e-05
318 70 0.0
318 71 6.21886679809e-06
318 72 0.0
318 73 2.48754671924e-05
318 74 0.0
318 75 0.0
318 76 0.0
318 77 6.21886679809e-06
318 78 0.0
318 79 0.0
318 80 0.0
318 81 0.0
318 82 0.0
318 83 0.0
318 84 0.0
318 85 6.21886679809e-06
318 86 0.0
318 87 0.0
318 88 0.0
318 89 0.0
318 90 0.0
318 91 6.21886679809e-06
318 92 0.0
318 93 0.0
318 94 0.0
318 95 6.21886679809e-06
318 96 0.0
318 97 0.0
318 98 0.0
318 99 0.0
318 100 0.0
318 101 0.0
318 102 0.0
318 103 0.0
318 104 0.0
318 105 0.0
318 106 0.0
318 107 0.0
318 108 0.0
318 109 0.0
318 110 0.0
318 111 0.0
318 112 0.0
318 113 0.0
318 114 0.0
318 115 0.0
318 116 0.0
318 117 0.0
318 118 0.0
318 119 0.0
318 120 0.0
318 121 0.0
318 122 0.0
318 123 0.0
318 124 0.0
318 125 0.0
318 126 0.0
318 127 0.0
318 128 0.0
318 129 0.0
318 130 0.0
318 131 0.0
318 132 0.0
318 133 0.0
318 134 0.0
318 135 0.0
318 136 0.0
318 137 0.0
318 138 0.0
318 139 0.0
318 140 0.0
318 141 0.0
318 142 0.0
318 143 0.0
318 144 0.0
318 145 0.0
318 146 0.0
318 147 0.0
318 148 0.0
318 149 0.0
318 150 0.0
318 151 0.0
318 152 0.0
318 153 0.0
318 154 0.0
318 155 0.0
318 156 0.0
318 157 0.0
318 158 0.0
318 159 0.0
318 160 0.0
318 161 0.0
318 162 0.0
318 163 0.0
318 164 0.0
318 165 0.0
318 166 0.0
318 167 0.0
318 168 0.0
318 169 0.0
318 170 0.0
318 171 0.0
318 172 0.0
318 173 0.0
318 174 0.0
318 175 0.0
318 176 0.0
318 177 0.0
318 178 0.0
318 179 0.0
318 180 0.0
318 181 0.0
318 182 0.0
318 183 0.0
318 184 0.0
318 185 0.0
318 186 0.0
318 187 0.0
318 188 0.0
318 189 0.0
318 190 0.0
318 191 0.0
318 192 0.0
318 193 0.0
318 194 0.0
318 195 0.0
318 196 0.0
318 197 0.0
318 198 0.0
318 199 0.0
318 200 0.0
318 201 0.0
318 202 0.0
318 203 0.0
318 204 0.0
318 205 0.0
318 206 0.0
318 207 0.0
318 208 0.0
318 209 0.0
318 210 0.0
318 211 0.0
318 212 0.0
318 213 0.0
318 214 0.0
318 215 0.0
318 216 0.0
318 217 0.0
318 218 0.0
318 219 0.0
318 220 0.0
318 221 0.0
318 222 0.0
318 223 0.0
318 224 0.0
318 225 0.0
318 226 0.0
318 227 0.0
318 228 0.0
318 229 0.0
318 230 0.0
318 231 0.0
318 232 0.0
318 233 0.0
318 234 0.0
318 235 0.0
318 236 0.0
318 237 0.0
318 238 0.0
318 239 0.0
318 240 0.0
318 241 0.0
318 242 0.0
318 243 0.0
318 244 0.0
318 245 0.0
318 246 0.0
318 247 0.0
318 248 0.0
318 249 0.0
318 250 0.0
318 251 0.0
318 252 0.0
318 253 0.0
318 254 0.0
318 255 0.0
318 256 0.0
318 257 0.0
318 258 0.0
318 259 0.0
318 260 0.0
318 261 0.0
318 262 0.0
318 263 0.0
318 264 0.0
318 265 0.0
318 266 0.0
318 267 0.0
318 268 0.0
318 269 0.0
318 270 0.0
318 271 0.0
318 272 0.0
318 273 0.0
318 274 0.0
318 275 0.0
318 276 0.0
318 277 0.0
318 278 0.0
318 279 0.0
318 280 0.0
318 281 0.0
318 282 0.0
318 283 0.0
318 284 0.0
318 285 0.0
318 286 0.0
318 287 0.0
318 288 0.0
318 289 0.0
318 290 0.0
318 291 0.0
318 292 0.0
318 293 0.0
318 294 0.0
318 295 0.0
318 296 0.0
318 297 0.0
318 298 0.0
318 299 0.0
318 300 0.0
318 301 0.0
318 302 0.0
318 303 0.0
318 304 0.0
318 305 0.0
318 306 0.0
318 307 0.0
318 308 0.0
318 309 0.0
318 310 0.0
318 311 0.0
318 312 0.0
318 313 0.0
318 314 0.0
318 315 0.0
318 316 0.0
318 317 0.0
318 318 0.0
318 319 0.0
318 320 0.0
318 321 0.0
318 322 0.0
318 323 0.0
318 324 0.0
318 325 0.0
318 326 0.0
318 327 0.0
318 328 0.0
318 329 0.0
318 330 0.0
318 331 0.0
318 332 0.0
318 333 0.0
318 334 0.0
318 335 0.0
318 336 0.0
318 337 0.0
318 338 0.0
318 339 0.0
318 340 0.0
318 341 0.000304724473107
318 342 0.0
318 343 0.00139924502957
318 344 0.0
318 345 0.000304724473107
318 346 0.0
318 347 9.95018687695e-05
318 348 0.0
318 349 0.000895516818925
318 350 0.0
318 351 0.000621886679809
318 352 0.0
318 353 0.000155471669952
318 354 0.0
318 355 6.21886679809e-06
318 356 0.0
318 357 0.0
318 358 0.0
318 359 0.0
318 360 0.0
318 361 0.0
318 362 0.0
318 363 2.48754671924e-05
318 364 0.0
318 365 6.21886679809e-06
318 366 0.0
318 367 0.000304724473107
318 368 0.0
318 369 9.95018687695e-05
318 370 0.0
318 371 0.000398007475078
318 372 0.0
318 373 0.000223879204731
318 374 0.0
318 375 9.95018687695e-05
318 376 0.0
318 377 2.48754671924e-05
318 378 0.0
318 379 0.0
318 380 0.0
318 381 5.59698011828e-05
318 382 0.0
318 383 2.48754671924e-05
318 384 0.0
318 385 5.59698011828e-05
318 386 0.0
318 387 2.48754671924e-05
318 388 0.0
318 389 0.0
318 390 0.0
318 391 9.95018687695e-05
318 392 0.0
318 393 6.21886679809e-06
318 394 0.0
318 395 9.95018687695e-05
318 396 0.0
318 397 9.95018687695e-05
318 398 0.0
318 399 2.48754671924e-05
318 400 0.0
319 0 0.0
319 1 6.21886679809e-06
319 2 0.0
319 3 6.21886679809e-06
319 4 0.0
319 5 0.000155471669952
319 6 6.21886679809e-06
319 7 0.000223879204731
319 8 6.21886679809e-06
319 9 5.59698011828e-05
319 10 6.21886679809e-06
319 11 0.000398007475078
319 12 0.0
319 13 9.95018687695e-05
319 14 0.0
319 15 9.95018687695e-05
319 16 6.21886679809e-06
319 17 5.59698011828e-05
319 18 6.21886679809e-06
319 19 6.21886679809e-06
319 20 0.0
319 21 6.21886679809e-06
319 22 0.0
319 23 0.0
319 24 0.0
319 25 6.21886679809e-06
319 26 0.0
319 27 6.21886679809e-06
319 28 0.0
319 29 0.000304724473107
319 30 0.0
319 31 9.95018687695e-05
319 32 0.0
319 33 2.48754671924e-05
319 34 0.0
319 35 6.21886679809e-06
319 36 0.0
319 37 0.000621886679809
319 38 0.0
319 39 0.000223879204731
319 40 0.0
319 41 6.21886679809e-06
319 42 0.0
319 43 5.59698011828e-05
319 44 0.0
319 45 0.0
319 46 0.0
319 47 6.21886679809e-06
319 48 0.0
319 49 0.0
319 50 0.0
319 51 0.0
319 52 0.0
319 53 0.0
319 54 0.0
319 55 6.21886679809e-06
319 56 0.0
319 57 6.21886679809e-06
319 58 0.0
319 59 0.000155471669952
319 60 0.0
319 61 0.000895516818925
319 62 0.0
319 63 0.000223879204731
319 64 0.0
319 65 0.000304724473107
319 66 0.0
319 67 0.000304724473107
319 68 6.21886679809e-06
319 69 0.000155471669952
319 70 6.21886679809e-06
319 71 2.48754671924e-05
319 72 6.21886679809e-06
319 73 2.48754671924e-05
319 74 0.0
319 75 6.21886679809e-06
319 76 6.21886679809e-06
319 77 2.48754671924e-05
319 78 6.21886679809e-06
319 79 6.21886679809e-06
319 80 6.21886679809e-06
319 81 6.21886679809e-06
319 82 6.21886679809e-06
319 83 6.21886679809e-06
319 84 6.21886679809e-06
319 85 2.48754671924e-05
319 86 6.21886679809e-06
319 87 6.21886679809e-06
319 88 6.21886679809e-06
319 89 2.48754671924e-05
319 90 2.48754671924e-05
319 91 5.59698011828e-05
319 92 6.21886679809e-06
319 93 0.0
319 94 6.21886679809e-06
319 95 6.21886679809e-06
319 96 6.21886679809e-06
319 97 6.21886679809e-06
319 98 6.21886679809e-06
319 99 6.21886679809e-06
319 100 0.0
319 101 0.0
319 102 0.0
319 103 0.0
319 104 0.0
319 105 0.0
319 106 0.0
319 107 0.0
319 108 0.0
319 109 0.0
319 110 0.0
319 111 0.0
319 112 0.0
319 113 0.0
319 114 0.0
319 115 0.0
319 116 0.0
319 117 0.0
319 118 0.0
319 119 0.0
319 120 0.0
319 121 0.0
319 122 0.0
319 123 0.0
319 124 0.0
319 125 0.0
319 126 0.0
319 127 0.0
319 128 0.0
319 129 0.0
319 130 0.0
319 131 0.0
319 132 0.0
319 133 6.21886679809e-06
319 134 0.0
319 135 0.0
319 136 6.21886679809e-06
319 137 6.21886679809e-06
319 138 6.21886679809e-06
319 139 6.21886679809e-06
319 140 6.21886679809e-06
319 141 0.0
319 142 0.0
319 143 6.21886679809e-06
319 144 0.0
319 145 0.0
319 146 0.0
319 147 0.0
319 148 0.0
319 149 0.0
319 150 6.21886679809e-06
319 151 6.21886679809e-06
319 152 6.21886679809e-06
319 153 6.21886679809e-06
319 154 6.21886679809e-06
319 155 6.21886679809e-06
319 156 6.21886679809e-06
319 157 0.0
319 158 0.0
319 159 0.0
319 160 0.0
319 161 0.0
319 162 0.0
319 163 0.0
319 164 0.0
319 165 0.0
319 166 0.0
319 167 0.0
319 168 0.0
319 169 0.0
319 170 0.0
319 171 0.0
319 172 0.0
319 173 0.0
319 174 0.0
319 175 0.0
319 176 0.0
319 177 0.0
319 178 0.0
319 179 0.0
319 180 0.0
319 181 0.0
319 182 0.0
319 183 0.0
319 184 0.0
319 185 0.0
319 186 0.0
319 187 0.0
319 188 0.0
319 189 0.0
319 190 0.0
319 191 0.0
319 192 0.0
319 193 0.0
319 194 0.0
319 195 0.0
319 196 0.0
319 197 0.0
319 198 0.0
319 199 0.0
319 200 6.21886679809e-06
319 201 6.21886679809e-06
319 202 6.21886679809e-06
319 203 6.21886679809e-06
319 204 6.21886679809e-06
319 205 6.21886679809e-06
319 206 6.21886679809e-06
319 207 6.21886679809e-06
319 208 6.21886679809e-06
319 209 6.21886679809e-06
319 210 6.21886679809e-06
319 211 6.21886679809e-06
319 212 6.21886679809e-06
319 213 6.21886679809e-06
319 214 0.0
319 215 0.0
319 216 0.0
319 217 0.0
319 218 0.0
319 219 6.21886679809e-06
319 220 0.0
319 221 0.0
319 222 6.21886679809e-06
319 223 0.0
319 224 6.21886679809e-06
319 225 6.21886679809e-06
319 226 6.21886679809e-06
319 227 0.0
319 228 0.0
319 229 0.0
319 230 0.0
319 231 0.0
319 232 0.0
319 233 0.0
319 234 0.0
319 235 0.0
319 236 0.0
319 237 0.0
319 238 0.0
319 239 0.0
319 240 0.0
319 241 0.0
319 242 0.0
319 243 0.0
319 244 0.0
319 245 0.0
319 246 0.0
319 247 0.0
319 248 0.0
319 249 0.0
319 250 0.0
319 251 0.0
319 252 0.0
319 253 0.0
319 254 0.0
319 255 0.0
319 256 0.0
319 257 0.0
319 258 0.0
319 259 0.0
319 260 0.0
319 261 6.21886679809e-06
319 262 0.0
319 263 0.0
319 264 6.21886679809e-06
319 265 0.0
319 266 6.21886679809e-06
319 267 6.21886679809e-06
319 268 6.21886679809e-06
319 269 0.0
319 270 0.0
319 271 0.0
319 272 0.0
319 273 0.0
319 274 0.0
319 275 0.0
319 276 0.0
319 277 0.0
319 278 0.0
319 279 0.0
319 280 0.0
319 281 0.0
319 282 0.0
319 283 0.0
319 284 0.0
319 285 0.0
319 286 0.0
319 287 0.0
319 288 0.0
319 289 0.0
319 290 0.0
319 291 0.0
319 292 0.0
319 293 0.0
319 294 0.0
319 295 0.0
319 296 0.0
319 297 0.0
319 298 0.0
319 299 0.0
319 300 0.0
319 301 0.0
319 302 0.0
319 303 0.0
319 304 0.0
319 305 0.0
319 306 0.0
319 307 0.0
319 308 6.21886679809e-06
319 309 6.21886679809e-06
319 310 6.21886679809e-06
319 311 0.0
319 312 6.21886679809e-06
319 313 0.0
319 314 0.0
319 315 6.21886679809e-06
319 316 0.0
319 317 0.0
319 318 0.0
319 319 0.0
319 320 0.0
319 321 6.21886679809e-06
319 322 6.21886679809e-06
319 323 0.0
319 324 0.0
319 325 0.0
319 326 0.0
319 327 6.21886679809e-06
319 328 6.21886679809e-06
319 329 6.21886679809e-06
319 330 6.21886679809e-06
319 331 6.21886679809e-06
319 332 6.21886679809e-06
319 333 6.21886679809e-06
319 334 6.21886679809e-06
319 335 6.21886679809e-06
319 336 6.21886679809e-06
319 337 6.21886679809e-06
319 338 6.21886679809e-06
319 339 6.21886679809e-06
319 340 6.21886679809e-06
319 341 0.000398007475078
319 342 6.21886679809e-06
319 343 0.00159202990031
319 344 6.21886679809e-06
319 345 0.000223879204731
319 346 6.21886679809e-06
319 347 0.000155471669952
319 348 0.0
319 349 0.000752482882569
319 350 0.0
319 351 0.000621886679809
319 352 0.0
319 353 0.000155471669952
319 354 0.0
319 355 6.21886679809e-06
319 356 0.0
319 357 0.0
319 358 0.0
319 359 0.0
319 360 0.0
319 361 0.0
319 362 0.0
319 363 2.48754671924e-05
319 364 0.0
319 365 6.21886679809e-06
319 366 0.0
319 367 0.000304724473107
319 368 0.0
319 369 9.95018687695e-05
319 370 0.0
319 371 0.000398007475078
319 372 6.21886679809e-06
319 373 0.000155471669952
319 374 0.0
319 375 9.95018687695e-05
319 376 0.0
319 377 2.48754671924e-05
319 378 0.0
319 379 0.0
319 380 6.21886679809e-06
319 381 2.48754671924e-05
319 382 6.21886679809e-06
319 383 5.59698011828e-05
319 384 6.21886679809e-06
319 385 2.48754671924e-05
319 386 0.0
319 387 2.48754671924e-05
319 388 0.0
319 389 0.0
319 390 0.0
319 391 9.95018687695e-05
319 392 0.0
319 393 2.48754671924e-05
319 394 6.21886679809e-06
319 395 0.000155471669952
319 396 6.21886679809e-06
319 397 5.59698011828e-05
319 398 0.0
319 399 6.21886679809e-06
319 400 0.0
320 0 0.0
320 1 6.21886679809e-06
320 2 0.0
320 3 6.21886679809e-06
320 4 0.0
320 5 0.000155471669952
320 6 0.0
320 7 0.000304724473107
320 8 0.0
320 9 5.59698011828e-05
320 10 0.0
320 11 0.000503728210645
320 12 0.0
320 13 5.59698011828e-05
320 14 0.0
320 15 5.59698011828e-05
320 16 0.0
320 17 9.95018687695e-05
320 18 0.0
320 19 6.21886679809e-06
320 20 0.0
320 21 6.21886679809e-06
320 22 0.0
320 23 0.0
320 24 0.0
320 25 6.21886679809e-06
320 26 0.0
320 27 6.21886679809e-06
320 28 0.0
320 29 0.000304724473107
320 30 0.0
320 31 9.95018687695e-05
320 32 0.0
320 33 2.48754671924e-05
320 34 0.0
320 35 6.21886679809e-06
320 36 0.0
320 37 0.000621886679809
320 38 0.0
320 39 0.000223879204731
320 40 0.0
320 41 6.21886679809e-06
320 42 0.0
320 43 5.59698011828e-05
320 44 0.0
320 45 0.0
320 46 0.0
320 47 6.21886679809e-06
320 48 0.0
320 49 0.0
320 50 0.0
320 51 0.0
320 52 0.0
320 53 0.0
320 54 0.0
320 55 6.21886679809e-06
320 56 0.0
320 57 6.21886679809e-06
320 58 0.0
320 59 0.000155471669952
320 60 0.0
320 61 0.000895516818925
320 62 0.0
320 63 0.000223879204731
320 64 0.0
320 65 0.000304724473107
320 66 0.0
320 67 0.000304724473107
320 68 0.0
320 69 0.000155471669952
320 70 0.0
320 71 6.21886679809e-06
320 72 0.0
320 73 2.48754671924e-05
320 74 0.0
320 75 0.0
320 76 0.0
320 77 6.21886679809e-06
320 78 0.0
320 79 0.0
320 80 0.0
320 81 6.21886679809e-06
320 82 0.0
320 83 0.0
320 84 0.0
320 85 0.0
320 86 0.0
320 87 0.0
320 88 0.0
320 89 0.0
320 90 0.0
320 91 6.21886679809e-06
320 92 0.0
320 93 2.48754671924e-05
320 94 0.0
320 95 0.0
320 96 0.0
320 97 0.0
320 98 0.0
320 99 0.0
320 100 0.0
320 101 0.0
320 102 0.0
320 103 0.0
320 104 0.0
320 105 0.0
320 106 0.0
320 107 0.0
320 108 0.0
320 109 0.0
320 110 0.0
320 111 0.0
320 112 0.0
320 113 0.0
320 114 0.0
320 115 0.0
320 116 0.0
320 117 0.0
320 118 0.0
320 119 0.0
320 120 0.0
320 121 0.0
320 122 0.0
320 123 0.0
320 124 0.0
320 125 0.0
320 126 0.0
320 127 0.0
320 128 0.0
320 129 0.0
320 130 0.0
320 131 0.0
320 132 0.0
320 133 6.21886679809e-06
320 134 0.0
320 135 6.21886679809e-06
320 136 0.0
320 137 0.0
320 138 0.0
320 139 6.21886679809e-06
320 140 0.0
320 141 0.0
320 142 0.0
320 143 0.0
320 144 0.0
320 145 0.0
320 146 0.0
320 147 0.0
320 148 0.0
320 149 0.0
320 150 0.0
320 151 0.0
320 152 0.0
320 153 0.0
320 154 0.0
320 155 0.0
320 156 0.0
320 157 6.21886679809e-06
320 158 0.0
320 159 0.0
320 160 0.0
320 161 6.21886679809e-06
320 162 0.0
320 163 6.21886679809e-06
320 164 0.0
320 165 6.21886679809e-06
320 166 0.0
320 167 0.0
320 168 0.0
320 169 0.0
320 170 0.0
320 171 0.0
320 172 0.0
320 173 0.0
320 174 0.0
320 175 0.0
320 176 0.0
320 177 0.0
320 178 0.0
320 179 0.0
320 180 0.0
320 181 0.0
320 182 0.0
320 183 0.0
320 184 0.0
320 185 0.0
320 186 0.0
320 187 0.0
320 188 0.0
320 189 0.0
320 190 0.0
320 191 0.0
320 192 0.0
320 193 0.0
320 194 0.0
320 195 0.0
320 196 0.0
320 197 0.0
320 198 0.0
320 199 0.0
320 200 0.0
320 201 0.0
320 202 0.0
320 203 0.0
320 204 0.0
320 205 0.0
320 206 0.0
320 207 0.0
320 208 0.0
320 209 0.0
320 210 0.0
320 211 0.0
320 212 0.0
320 213 0.0
320 214 0.0
320 215 0.0
320 216 0.0
320 217 0.0
320 218 0.0
320 219 6.21886679809e-06
320 220 0.0
320 221 6.21886679809e-06
320 222 0.0
320 223 6.21886679809e-06
320 224 0.0
320 225 0.0
320 226 0.0
320 227 6.21886679809e-06
320 228 0.0
320 229 0.0
320 230 0.0
320 231 0.0
320 232 0.0
320 233 0.0
320 234 0.0
320 235 0.0
320 236 0.0
320 237 0.0
320 238 0.0
320 239 0.0
320 240 0.0
320 241 0.0
320 242 0.0
320 243 0.0
320 244 0.0
320 245 0.0
320 246 0.0
320 247 0.0
320 248 0.0
320 249 0.0
320 250 0.0
320 251 0.0
320 252 0.0
320 253 0.0
320 254 0.0
320 255 0.0
320 256 0.0
320 257 0.0
320 258 0.0
320 259 0.0
320 260 0.0
320 261 6.21886679809e-06
320 262 0.0
320 263 0.0
320 264 0.0
320 265 0.0
320 266 0.0
320 267 0.0
320 268 0.0
320 269 0.0
320 270 0.0
320 271 0.0
320 272 0.0
320 273 6.21886679809e-06
320 274 0.0
320 275 0.0
320 276 0.0
320 277 0.0
320 278 0.0
320 279 0.0
320 280 0.0
320 281 0.0
320 282 0.0
320 283 0.0
320 284 0.0
320 285 0.0
320 286 0.0
320 287 0.0
320 288 0.0
320 289 0.0
320 290 0.0
320 291 0.0
320 292 0.0
320 293 0.0
320 294 0.0
320 295 0.0
320 296 0.0
320 297 0.0
320 298 0.0
320 299 0.0
320 300 0.0
320 301 0.0
320 302 0.0
320 303 6.21886679809e-06
320 304 0.0
320 305 0.0
320 306 0.0
320 307 0.0
320 308 0.0
320 309 0.0
320 310 0.0
320 311 0.0
320 312 0.0
320 313 6.21886679809e-06
320 314 0.0
320 315 6.21886679809e-06
320 316 0.0
320 317 0.0
320 318 0.0
320 319 0.0
320 320 0.0
320 321 6.21886679809e-06
320 322 0.0
320 323 0.0
320 324 0.0
320 325 0.0
320 326 0.0
320 327 0.0
320 328 0.0
320 329 0.0
320 330 0.0
320 331 0.0
320 332 0.0
320 333 6.21886679809e-06
320 334 0.0
320 335 6.21886679809e-06
320 336 0.0
320 337 0.0
320 338 0.0
320 339 0.0
320 340 0.0
320 341 0.000223879204731
320 342 0.0
320 343 0.00139924502957
320 344 0.0
320 345 0.000304724473107
320 346 0.0
320 347 9.95018687695e-05
320 348 0.0
320 349 0.000895516818925
320 350 0.0
320 351 0.000621886679809
320 352 0.0
320 353 0.000155471669952
320 354 0.0
320 355 6.21886679809e-06
320 356 0.0
320 357 0.0
320 358 0.0
320 359 0.0
320 360 0.0
320 361 0.0
320 362 0.0
320 363 2.48754671924e-05
320 364 0.0
320 365 6.21886679809e-06
320 366 0.0
320 367 0.000304724473107
320 368 0.0
320 369 9.95018687695e-05
320 370 0.0
320 371 0.000398007475078
320 372 0.0
320 373 0.000155471669952
320 374 0.0
320 375 9.95018687695e-05
320 376 0.0
320 377 2.48754671924e-05
320 378 0.0
320 379 0.0
320 380 0.0
320 381 2.48754671924e-05
320 382 0.0
320 383 5.59698011828e-05
320 384 0.0
320 385 2.48754671924e-05
320 386 0.0
320 387 2.48754671924e-05
320 388 0.0
320 389 0.0
320 390 0.0
320 391 9.95018687695e-05
320 392 0.0
320 393 2.48754671924e-05
320 394 0.0
320 395 9.95018687695e-05
320 396 0.0
320 397 9.95018687695e-05
320 398 0.0
320 399 2.48754671924e-05
320 400 0.0
321 0 6.21886679809e-06
321 1 6.21886679809e-06
321 2 6.21886679809e-06
321 3 6.21886679809e-06
321 4 6.21886679809e-06
321 5 0.000155471669952
321 6 0.0
321 7 0.000304724473107
321 8 6.21886679809e-06
321 9 5.59698011828e-05
321 10 6.21886679809e-06
321 11 0.000398007475078
321 12 0.0
321 13 5.59698011828e-05
321 14 0.0
321 15 5.59698011828e-05
321 16 6.21886679809e-06
321 17 5.59698011828e-05
321 18 6.21886679809e-06
321 19 6.21886679809e-06
321 20 0.0
321 21 6.21886679809e-06
321 22 0.0
321 23 6.21886679809e-06
321 24 0.0
321 25 6.21886679809e-06
321 26 0.0
321 27 6.21886679809e-06
321 28 0.0
321 29 0.000304724473107
321 30 0.0
321 31 9.95018687695e-05
321 32 0.0
321 33 2.48754671924e-05
321 34 0.0
321 35 6.21886679809e-06
321 36 0.0
321 37 0.000621886679809
321 38 0.0
321 39 0.000223879204731
321 40 0.0
321 41 6.21886679809e-06
321 42 0.0
321 43 5.59698011828e-05
321 44 0.0
321 45 0.0
321 46 0.0
321 47 6.21886679809e-06
321 48 0.0
321 49 0.0
321 50 0.0
321 51 0.0
321 52 0.0
321 53 0.0
321 54 0.0
321 55 6.21886679809e-06
321 56 0.0
321 57 6.21886679809e-06
321 58 0.0
321 59 0.000155471669952
321 60 0.0
321 61 0.000895516818925
321 62 0.0
321 63 0.000223879204731
321 64 0.0
321 65 0.000304724473107
321 66 0.0
321 67 0.000398007475078
321 68 6.21886679809e-06
321 69 5.59698011828e-05
321 70 6.21886679809e-06
321 71 0.0
321 72 2.48754671924e-05
321 73 6.21886679809e-06
321 74 0.0
321 75 6.21886679809e-06
321 76 2.48754671924e-05
321 77 0.0
321 78 2.48754671924e-05
321 79 6.21886679809e-06
321 80 6.21886679809e-06
321 81 0.0
321 82 6.21886679809e-06
321 83 6.21886679809e-06
321 84 6.21886679809e-06
321 85 6.21886679809e-06
321 86 6.21886679809e-06
321 87 6.21886679809e-06
321 88 6.21886679809e-06
321 89 6.21886679809e-06
321 90 6.21886679809e-06
321 91 0.0
321 92 0.0
321 93 0.0
321 94 6.21886679809e-06
321 95 6.21886679809e-06
321 96 6.21886679809e-06
321 97 6.21886679809e-06
321 98 6.21886679809e-06
321 99 6.21886679809e-06
321 100 6.21886679809e-06
321 101 6.21886679809e-06
321 102 6.21886679809e-06
321 103 6.21886679809e-06
321 104 6.21886679809e-06
321 105 6.21886679809e-06
321 106 6.21886679809e-06
321 107 6.21886679809e-06
321 108 6.21886679809e-06
321 109 6.21886679809e-06
321 110 6.21886679809e-06
321 111 6.21886679809e-06
321 112 6.21886679809e-06
321 113 6.21886679809e-06
321 114 6.21886679809e-06
321 115 6.21886679809e-06
321 116 6.21886679809e-06
321 117 6.21886679809e-06
321 118 6.21886679809e-06
321 119 6.21886679809e-06
321 120 6.21886679809e-06
321 121 6.21886679809e-06
321 122 6.21886679809e-06
321 123 6.21886679809e-06
321 124 6.21886679809e-06
321 125 6.21886679809e-06
321 126 6.21886679809e-06
321 127 6.21886679809e-06
321 128 6.21886679809e-06
321 129 6.21886679809e-06
321 130 6.21886679809e-06
321 131 6.21886679809e-06
321 132 6.21886679809e-06
321 133 0.0
321 134 6.21886679809e-06
321 135 0.0
321 136 6.21886679809e-06
321 137 6.21886679809e-06
321 138 6.21886679809e-06
321 139 0.0
321 140 6.21886679809e-06
321 141 6.21886679809e-06
321 142 6.21886679809e-06
321 143 6.21886679809e-06
321 144 6.21886679809e-06
321 145 6.21886679809e-06
321 146 6.21886679809e-06
321 147 6.21886679809e-06
321 148 6.21886679809e-06
321 149 6.21886679809e-06
321 150 6.21886679809e-06
321 151 6.21886679809e-06
321 152 6.21886679809e-06
321 153 6.21886679809e-06
321 154 6.21886679809e-06
321 155 6.21886679809e-06
321 156 6.21886679809e-06
321 157 0.0
321 158 6.21886679809e-06
321 159 6.21886679809e-06
321 160 6.21886679809e-06
321 161 0.0
321 162 6.21886679809e-06
321 163 0.0
321 164 6.21886679809e-06
321 165 0.0
321 166 6.21886679809e-06
321 167 6.21886679809e-06
321 168 6.21886679809e-06
321 169 6.21886679809e-06
321 170 6.21886679809e-06
321 171 6.21886679809e-06
321 172 6.21886679809e-06
321 173 6.21886679809e-06
321 174 6.21886679809e-06
321 175 6.21886679809e-06
321 176 6.21886679809e-06
321 177 6.21886679809e-06
321 178 6.21886679809e-06
321 179 6.21886679809e-06
321 180 6.21886679809e-06
321 181 6.21886679809e-06
321 182 6.21886679809e-06
321 183 6.21886679809e-06
321 184 6.21886679809e-06
321 185 6.21886679809e-06
321 186 6.21886679809e-06
321 187 6.21886679809e-06
321 188 6.21886679809e-06
321 189 6.21886679809e-06
321 190 6.21886679809e-06
321 191 6.21886679809e-06
321 192 6.21886679809e-06
321 193 6.21886679809e-06
321 194 6.21886679809e-06
321 195 6.21886679809e-06
321 196 6.21886679809e-06
321 197 6.21886679809e-06
321 198 6.21886679809e-06
321 199 6.21886679809e-06
321 200 6.21886679809e-06
321 201 6.21886679809e-06
321 202 6.21886679809e-06
321 203 6.21886679809e-06
321 204 6.21886679809e-06
321 205 6.21886679809e-06
321 206 6.21886679809e-06
321 207 6.21886679809e-06
321 208 6.21886679809e-06
321 209 6.21886679809e-06
321 210 6.21886679809e-06
321 211 6.21886679809e-06
321 212 6.21886679809e-06
321 213 6.21886679809e-06
321 214 6.21886679809e-06
321 215 6.21886679809e-06
321 216 6.21886679809e-06
321 217 6.21886679809e-06
321 218 6.21886679809e-06
321 219 0.0
321 220 6.21886679809e-06
321 221 0.0
321 222 6.21886679809e-06
321 223 0.0
321 224 6.21886679809e-06
321 225 6.21886679809e-06
321 226 6.21886679809e-06
321 227 0.0
321 228 6.21886679809e-06
321 229 6.21886679809e-06
321 230 6.21886679809e-06
321 231 6.21886679809e-06
321 232 6.21886679809e-06
321 233 6.21886679809e-06
321 234 6.21886679809e-06
321 235 6.21886679809e-06
321 236 6.21886679809e-06
321 237 6.21886679809e-06
321 238 6.21886679809e-06
321 239 6.21886679809e-06
321 240 6.21886679809e-06
321 241 6.21886679809e-06
321 242 6.21886679809e-06
321 243 6.21886679809e-06
321 244 6.21886679809e-06
321 245 6.21886679809e-06
321 246 6.21886679809e-06
321 247 6.21886679809e-06
321 248 6.21886679809e-06
321 249 6.21886679809e-06
321 250 6.21886679809e-06
321 251 6.21886679809e-06
321 252 6.21886679809e-06
321 253 6.21886679809e-06
321 254 6.21886679809e-06
321 255 6.21886679809e-06
321 256 6.21886679809e-06
321 257 6.21886679809e-06
321 258 6.21886679809e-06
321 259 6.21886679809e-06
321 260 6.21886679809e-06
321 261 0.0
321 262 6.21886679809e-06
321 263 6.21886679809e-06
321 264 6.21886679809e-06
321 265 6.21886679809e-06
321 266 6.21886679809e-06
321 267 6.21886679809e-06
321 268 6.21886679809e-06
321 269 6.21886679809e-06
321 270 6.21886679809e-06
321 271 6.21886679809e-06
321 272 6.21886679809e-06
321 273 0.0
321 274 6.21886679809e-06
321 275 6.21886679809e-06
321 276 6.21886679809e-06
321 277 6.21886679809e-06
321 278 6.21886679809e-06
321 279 6.21886679809e-06
321 280 6.21886679809e-06
321 281 6.21886679809e-06
321 282 6.21886679809e-06
321 283 6.21886679809e-06
321 284 6.21886679809e-06
321 285 6.21886679809e-06
321 286 6.21886679809e-06
321 287 6.21886679809e-06
321 288 6.21886679809e-06
321 289 6.21886679809e-06
321 290 6.21886679809e-06
321 291 6.21886679809e-06
321 292 6.21886679809e-06
321 293 6.21886679809e-06
321 294 6.21886679809e-06
321 295 6.21886679809e-06
321 296 6.21886679809e-06
321 297 6.21886679809e-06
321 298 6.21886679809e-06
321 299 6.21886679809e-06
321 300 6.21886679809e-06
321 301 6.21886679809e-06
321 302 6.21886679809e-06
321 303 0.0
321 304 6.21886679809e-06
321 305 6.21886679809e-06
321 306 2.48754671924e-05
321 307 6.21886679809e-06
321 308 6.21886679809e-06
321 309 6.21886679809e-06
321 310 6.21886679809e-06
321 311 6.21886679809e-06
321 312 6.21886679809e-06
321 313 0.0
321 314 6.21886679809e-06
321 315 0.0
321 316 6.21886679809e-06
321 317 6.21886679809e-06
321 318 6.21886679809e-06
321 319 6.21886679809e-06
321 320 6.21886679809e-06
321 321 6.21886679809e-06
321 322 6.21886679809e-06
321 323 6.21886679809e-06
321 324 6.21886679809e-06
321 325 6.21886679809e-06
321 326 6.21886679809e-06
321 327 6.21886679809e-06
321 328 6.21886679809e-06
321 329 6.21886679809e-06
321 330 6.21886679809e-06
321 331 6.21886679809e-06
321 332 6.21886679809e-06
321 333 0.0
321 334 6.21886679809e-06
321 335 6.21886679809e-06
321 336 6.21886679809e-06
321 337 6.21886679809e-06
321 338 6.21886679809e-06
321 339 6.21886679809e-06
321 340 6.21886679809e-06
321 341 0.000223879204731
321 342 6.21886679809e-06
321 343 0.00121889789243
321 344 0.0
321 345 0.000223879204731
321 346 6.21886679809e-06
321 347 0.000155471669952
321 348 6.21886679809e-06
321 349 0.000752482882569
321 350 0.0
321 351 0.000621886679809
321 352 0.0
321 353 0.000155471669952
321 354 0.0
321 355 6.21886679809e-06
321 356 0.0
321 357 0.0
321 358 0.0
321 359 0.0
321 360 0.0
321 361 0.0
321 362 0.0
321 363 2.48754671924e-05
321 364 0.0
321 365 6.21886679809e-06
321 366 0.0
321 367 0.000304724473107
321 368 0.0
321 369 9.95018687695e-05
321 370 0.0
321 371 0.000304724473107
321 372 6.21886679809e-06
321 373 0.000155471669952
321 374 0.0
321 375 9.95018687695e-05
321 376 0.0
321 377 2.48754671924e-05
321 378 0.0
321 379 0.0
321 380 6.21886679809e-06
321 381 5.59698011828e-05
321 382 6.21886679809e-06
321 383 2.48754671924e-05
321 384 0.0
321 385 2.48754671924e-05
321 386 0.0
321 387 2.48754671924e-05
321 388 0.0
321 389 0.0
321 390 0.0
321 391 9.95018687695e-05
321 392 0.0
321 393 6.21886679809e-06
321 394 6.21886679809e-06
321 395 9.95018687695e-05
321 396 6.21886679809e-06
321 397 5.59698011828e-05
321 398 0.0
321 399 2.48754671924e-05
321 400 0.0
322 0 0.0
322 1 2.48754671924e-05
322 2 0.0
322 3 2.48754671924e-05
322 4 0.0
322 5 0.000155471669952
322 6 0.0
322 7 0.000223879204731
322 8 0.0
322 9 2.48754671924e-05
322 10 0.0
322 11 0.000503728210645
322 12 0.0
322 13 5.59698011828e-05
322 14 0.0
322 15 2.48754671924e-05
322 16 0.0
322 17 0.000155471669952
322 18 0.0
322 19 6.21886679809e-06
322 20 0.0
322 21 2.48754671924e-05
322 22 0.0
322 23 6.21886679809e-06
322 24 0.0
322 25 6.21886679809e-06
322 26 0.0
322 27 6.21886679809e-06
322 28 0.0
322 29 0.000304724473107
322 30 0.0
322 31 9.95018687695e-05
322 32 0.0
322 33 2.48754671924e-05
322 34 0.0
322 35 6.21886679809e-06
322 36 0.0
322 37 0.000621886679809
322 38 0.0
322 39 0.000223879204731
322 40 0.0
322 41 6.21886679809e-06
322 42 0.0
322 43 5.59698011828e-05
322 44 0.0
322 45 0.0
322 46 0.0
322 47 6.21886679809e-06
322 48 0.0
322 49 0.0
322 50 0.0
322 51 0.0
322 52 0.0
322 53 0.0
322 54 0.0
322 55 6.21886679809e-06
322 56 0.0
322 57 6.21886679809e-06
322 58 0.0
322 59 0.000155471669952
322 60 0.0
322 61 0.000895516818925
322 62 0.0
322 63 0.000223879204731
322 64 0.0
322 65 0.000304724473107
322 66 0.0
322 67 0.000304724473107
322 68 0.0
322 69 0.000155471669952
322 70 0.0
322 71 2.48754671924e-05
322 72 0.0
322 73 6.21886679809e-06
322 74 0.0
322 75 0.0
322 76 0.0
322 77 6.21886679809e-06
322 78 0.0
322 79 0.0
322 80 0.0
322 81 0.0
322 82 0.0
322 83 0.0
322 84 0.0
322 85 0.0
322 86 0.0
322 87 0.0
322 88 0.0
322 89 0.0
322 90 0.0
322 91 0.0
322 92 0.0
322 93 0.0
322 94 0.0
322 95 0.0
322 96 0.0
322 97 0.0
322 98 0.0
322 99 0.0
322 100 0.0
322 101 0.0
322 102 0.0
322 103 0.0
322 104 0.0
322 105 0.0
322 106 0.0
322 107 0.0
322 108 0.0
322 109 0.0
322 110 0.0
322 111 0.0
322 112 0.0
322 113 0.0
322 114 0.0
322 115 0.0
322 116 0.0
322 117 0.0
322 118 0.0
322 119 0.0
322 120 0.0
322 121 0.0
322 122 0.0
322 123 0.0
322 124 0.0
322 125 0.0
322 126 0.0
322 127 0.0
322 128 0.0
322 129 0.0
322 130 0.0
322 131 0.0
322 132 0.0
322 133 0.0
322 134 0.0
322 135 0.0
322 136 0.0
322 137 0.0
322 138 0.0
322 139 0.0
322 140 0.0
322 141 0.0
322 142 0.0
322 143 0.0
322 144 0.0
322 145 0.0
322 146 0.0
322 147 0.0
322 148 0.0
322 149 0.0
322 150 0.0
322 151 0.0
322 152 0.0
322 153 0.0
322 154 0.0
322 155 0.0
322 156 0.0
322 157 0.0
322 158 0.0
322 159 0.0
322 160 0.0
322 161 0.0
322 162 0.0
322 163 0.0
322 164 0.0
322 165 0.0
322 166 0.0
322 167 0.0
322 168 0.0
322 169 0.0
322 170 0.0
322 171 0.0
322 172 0.0
322 173 0.0
322 174 0.0
322 175 0.0
322 176 0.0
322 177 0.0
322 178 0.0
322 179 0.0
322 180 0.0
322 181 0.0
322 182 0.0
322 183 0.0
322 184 0.0
322 185 0.0
322 186 0.0
322 187 0.0
322 188 0.0
322 189 0.0
322 190 0.0
322 191 0.0
322 192 0.0
322 193 0.0
322 194 0.0
322 195 0.0
322 196 0.0
322 197 0.0
322 198 0.0
322 199 0.0
322 200 0.0
322 201 0.0
322 202 0.0
322 203 0.0
322 204 0.0
322 205 0.0
322 206 0.0
322 207 0.0
322 208 0.0
322 209 0.0
322 210 0.0
322 211 0.0
322 212 0.0
322 213 0.0
322 214 0.0
322 215 0.0
322 216 0.0
322 217 0.0
322 218 0.0
322 219 0.0
322 220 0.0
322 221 0.0
322 222 0.0
322 223 0.0
322 224 0.0
322 225 0.0
322 226 0.0
322 227 0.0
322 228 0.0
322 229 0.0
322 230 0.0
322 231 0.0
322 232 0.0
322 233 0.0
322 234 0.0
322 235 0.0
322 236 0.0
322 237 0.0
322 238 0.0
322 239 0.0
322 240 0.0
322 241 0.0
322 242 0.0
322 243 0.0
322 244 0.0
322 245 0.0
322 246 0.0
322 247 0.0
322 248 0.0
322 249 0.0
322 250 0.0
322 251 0.0
322 252 0.0
322 253 0.0
322 254 0.0
322 255 0.0
322 256 0.0
322 257 0.0
322 258 0.0
322 259 0.0
322 260 0.0
322 261 0.0
322 262 0.0
322 263 0.0
322 264 0.0
322 265 0.0
322 266 0.0
322 267 0.0
322 268 0.0
322 269 0.0
322 270 0.0
322 271 0.0
322 272 0.0
322 273 0.0
322 274 0.0
322 275 0.0
322 276 0.0
322 277 0.0
322 278 0.0
322 279 0.0
322 280 0.0
322 281 0.0
322 282 0.0
322 283 0.0
322 284 0.0
322 285 0.0
322 286 0.0
322 287 0.0
322 288 0.0
322 289 0.0
322 290 0.0
322 291 0.0
322 292 0.0
322 293 0.0
322 294 0.0
322 295 0.0
322 296 0.0
322 297 0.0
322 298 0.0
322 299 0.0
322 300 0.0
322 301 0.0
322 302 0.0
322 303 0.0
322 304 0.0
322 305 0.0
322 306 0.0
322 307 0.0
322 308 0.0
322 309 0.0
322 310 0.0
322 311 0.0
322 312 0.0
322 313 0.0
322 314 0.0
322 315 0.0
322 316 0.0
322 317 0.0
322 318 0.0
322 319 0.0
322 320 0.0
322 321 0.0
322 322 0.0
322 323 0.0
322 324 0.0
322 325 0.0
322 326 0.0
322 327 0.0
322 328 0.0
322 329 0.0
322 330 0.0
322 331 0.0
322 332 0.0
322 333 0.0
322 334 0.0
322 335 0.0
322 336 0.0
322 337 6.21886679809e-06
322 338 0.0
322 339 0.0
322 340 0.0
322 341 0.000304724473107
322 342 0.0
322 343 0.00121889789243
322 344 0.0
322 345 0.000223879204731
322 346 0.0
322 347 9.95018687695e-05
322 348 0.0
322 349 0.000895516818925
322 350 0.0
322 351 0.000621886679809
322 352 0.0
322 353 0.000155471669952
322 354 0.0
322 355 6.21886679809e-06
322 356 0.0
322 357 0.0
322 358 0.0
322 359 0.0
322 360 0.0
322 361 0.0
322 362 0.0
322 363 2.48754671924e-05
322 364 0.0
322 365 6.21886679809e-06
322 366 0.0
322 367 0.000304724473107
322 368 0.0
322 369 0.000155471669952
322 370 0.0
322 371 0.000398007475078
322 372 0.0
322 373 0.000155471669952
322 374 0.0
322 375 9.95018687695e-05
322 376 0.0
322 377 2.48754671924e-05
322 378 0.0
322 379 6.21886679809e-06
322 380 0.0
322 381 9.95018687695e-05
322 382 0.0
322 383 2.48754671924e-05
322 384 0.0
322 385 2.48754671924e-05
322 386 0.0
322 387 2.48754671924e-05
322 388 0.0
322 389 0.0
322 390 0.0
322 391 9.95018687695e-05
322 392 0.0
322 393 6.21886679809e-06
322 394 0.0
322 395 5.59698011828e-05
322 396 0.0
322 397 5.59698011828e-05
322 398 0.0
322 399 2.48754671924e-05
322 400 0.0
323 0 6.21886679809e-06
323 1 5.59698011828e-05
323 2 6.21886679809e-06
323 3 5.59698011828e-05
323 4 6.21886679809e-06
323 5 9.95018687695e-05
323 6 6.21886679809e-06
323 7 0.000223879204731
323 8 0.0
323 9 2.48754671924e-05
323 10 0.0
323 11 0.000398007475078
323 12 6.21886679809e-06
323 13 2.48754671924e-05
323 14 6.21886679809e-06
323 15 5.59698011828e-05
323 16 0.0
323 17 0.000155471669952
323 18 0.0
323 19 2.48754671924e-05
323 20 6.21886679809e-06
323 21 2.48754671924e-05
323 22 0.0
323 23 6.21886679809e-06
323 24 0.0
323 25 6.21886679809e-06
323 26 0.0
323 27 6.21886679809e-06
323 28 0.0
323 29 0.000304724473107
323 30 0.0
323 31 9.95018687695e-05
323 32 0.0
323 33 2.48754671924e-05
323 34 0.0
323 35 6.21886679809e-06
323 36 0.0
323 37 0.000621886679809
323 38 0.0
323 39 0.000223879204731
323 40 0.0
323 41 6.21886679809e-06
323 42 0.0
323 43 5.59698011828e-05
323 44 0.0
323 45 0.0
323 46 0.0
323 47 6.21886679809e-06
323 48 0.0
323 49 0.0
323 50 0.0
323 51 0.0
323 52 0.0
323 53 0.0
323 54 0.0
323 55 6.21886679809e-06
323 56 0.0
323 57 6.21886679809e-06
323 58 0.0
323 59 0.000155471669952
323 60 0.0
323 61 0.000895516818925
323 62 0.0
323 63 0.000223879204731
323 64 0.0
323 65 0.000304724473107
323 66 6.21886679809e-06
323 67 0.000304724473107
323 68 6.21886679809e-06
323 69 0.000155471669952
323 70 6.21886679809e-06
323 71 6.21886679809e-06
323 72 2.48754671924e-05
323 73 6.21886679809e-06
323 74 0.0
323 75 0.0
323 76 0.0
323 77 6.21886679809e-06
323 78 0.0
323 79 6.21886679809e-06
323 80 6.21886679809e-06
323 81 6.21886679809e-06
323 82 6.21886679809e-06
323 83 6.21886679809e-06
323 84 6.21886679809e-06
323 85 6.21886679809e-06
323 86 6.21886679809e-06
323 87 6.21886679809e-06
323 88 6.21886679809e-06
323 89 6.21886679809e-06
323 90 6.21886679809e-06
323 91 6.21886679809e-06
323 92 6.21886679809e-06
323 93 6.21886679809e-06
323 94 6.21886679809e-06
323 95 6.21886679809e-06
323 96 6.21886679809e-06
323 97 6.21886679809e-06
323 98 6.21886679809e-06
323 99 6.21886679809e-06
323 100 6.21886679809e-06
323 101 6.21886679809e-06
323 102 6.21886679809e-06
323 103 6.21886679809e-06
323 104 6.21886679809e-06
323 105 6.21886679809e-06
323 106 6.21886679809e-06
323 107 6.21886679809e-06
323 108 6.21886679809e-06
323 109 6.21886679809e-06
323 110 6.21886679809e-06
323 111 6.21886679809e-06
323 112 6.21886679809e-06
323 113 6.21886679809e-06
323 114 6.21886679809e-06
323 115 6.21886679809e-06
323 116 6.21886679809e-06
323 117 6.21886679809e-06
323 118 6.21886679809e-06
323 119 6.21886679809e-06
323 120 6.21886679809e-06
323 121 6.21886679809e-06
323 122 6.21886679809e-06
323 123 6.21886679809e-06
323 124 6.21886679809e-06
323 125 6.21886679809e-06
323 126 6.21886679809e-06
323 127 6.21886679809e-06
323 128 6.21886679809e-06
323 129 6.21886679809e-06
323 130 6.21886679809e-06
323 131 6.21886679809e-06
323 132 6.21886679809e-06
323 133 0.0
323 134 6.21886679809e-06
323 135 0.0
323 136 6.21886679809e-06
323 137 6.21886679809e-06
323 138 6.21886679809e-06
323 139 6.21886679809e-06
323 140 6.21886679809e-06
323 141 0.0
323 142 0.0
323 143 0.0
323 144 6.21886679809e-06
323 145 6.21886679809e-06
323 146 6.21886679809e-06
323 147 6.21886679809e-06
323 148 6.21886679809e-06
323 149 6.21886679809e-06
323 150 6.21886679809e-06
323 151 6.21886679809e-06
323 152 6.21886679809e-06
323 153 6.21886679809e-06
323 154 6.21886679809e-06
323 155 6.21886679809e-06
323 156 6.21886679809e-06
323 157 0.0
323 158 0.0
323 159 0.0
323 160 0.0
323 161 0.0
323 162 0.0
323 163 0.0
323 164 6.21886679809e-06
323 165 6.21886679809e-06
323 166 6.21886679809e-06
323 167 6.21886679809e-06
323 168 6.21886679809e-06
323 169 6.21886679809e-06
323 170 6.21886679809e-06
323 171 6.21886679809e-06
323 172 6.21886679809e-06
323 173 6.21886679809e-06
323 174 6.21886679809e-06
323 175 6.21886679809e-06
323 176 6.21886679809e-06
323 177 6.21886679809e-06
323 178 6.21886679809e-06
323 179 6.21886679809e-06
323 180 6.21886679809e-06
323 181 6.21886679809e-06
323 182 6.21886679809e-06
323 183 6.21886679809e-06
323 184 6.21886679809e-06
323 185 6.21886679809e-06
323 186 6.21886679809e-06
323 187 6.21886679809e-06
323 188 6.21886679809e-06
323 189 6.21886679809e-06
323 190 6.21886679809e-06
323 191 6.21886679809e-06
323 192 6.21886679809e-06
323 193 6.21886679809e-06
323 194 6.21886679809e-06
323 195 6.21886679809e-06
323 196 6.21886679809e-06
323 197 6.21886679809e-06
323 198 6.21886679809e-06
323 199 6.21886679809e-06
323 200 6.21886679809e-06
323 201 6.21886679809e-06
323 202 6.21886679809e-06
323 203 6.21886679809e-06
323 204 6.21886679809e-06
323 205 6.21886679809e-06
323 206 6.21886679809e-06
323 207 6.21886679809e-06
323 208 6.21886679809e-06
323 209 6.21886679809e-06
323 210 6.21886679809e-06
323 211 6.21886679809e-06
323 212 6.21886679809e-06
323 213 6.21886679809e-06
323 214 6.21886679809e-06
323 215 6.21886679809e-06
323 216 6.21886679809e-06
323 217 6.21886679809e-06
323 218 6.21886679809e-06
323 219 0.0
323 220 6.21886679809e-06
323 221 0.0
323 222 6.21886679809e-06
323 223 0.0
323 224 6.21886679809e-06
323 225 6.21886679809e-06
323 226 6.21886679809e-06
323 227 0.0
323 228 6.21886679809e-06
323 229 6.21886679809e-06
323 230 6.21886679809e-06
323 231 6.21886679809e-06
323 232 6.21886679809e-06
323 233 6.21886679809e-06
323 234 6.21886679809e-06
323 235 6.21886679809e-06
323 236 6.21886679809e-06
323 237 6.21886679809e-06
323 238 6.21886679809e-06
323 239 6.21886679809e-06
323 240 6.21886679809e-06
323 241 6.21886679809e-06
323 242 6.21886679809e-06
323 243 6.21886679809e-06
323 244 6.21886679809e-06
323 245 6.21886679809e-06
323 246 6.21886679809e-06
323 247 6.21886679809e-06
323 248 6.21886679809e-06
323 249 6.21886679809e-06
323 250 6.21886679809e-06
323 251 6.21886679809e-06
323 252 6.21886679809e-06
323 253 6.21886679809e-06
323 254 6.21886679809e-06
323 255 6.21886679809e-06
323 256 6.21886679809e-06
323 257 6.21886679809e-06
323 258 6.21886679809e-06
323 259 6.21886679809e-06
323 260 6.21886679809e-06
323 261 0.0
323 262 6.21886679809e-06
323 263 6.21886679809e-06
323 264 6.21886679809e-06
323 265 0.0
323 266 6.21886679809e-06
323 267 6.21886679809e-06
323 268 6.21886679809e-06
323 269 0.0
323 270 0.0
323 271 6.21886679809e-06
323 272 6.21886679809e-06
323 273 6.21886679809e-06
323 274 6.21886679809e-06
323 275 6.21886679809e-06
323 276 6.21886679809e-06
323 277 6.21886679809e-06
323 278 6.21886679809e-06
323 279 6.21886679809e-06
323 280 6.21886679809e-06
323 281 6.21886679809e-06
323 282 6.21886679809e-06
323 283 6.21886679809e-06
323 284 6.21886679809e-06
323 285 6.21886679809e-06
323 286 6.21886679809e-06
323 287 6.21886679809e-06
323 288 6.21886679809e-06
323 289 6.21886679809e-06
323 290 6.21886679809e-06
323 291 6.21886679809e-06
323 292 6.21886679809e-06
323 293 6.21886679809e-06
323 294 6.21886679809e-06
323 295 6.21886679809e-06
323 296 6.21886679809e-06
323 297 6.21886679809e-06
323 298 6.21886679809e-06
323 299 6.21886679809e-06
323 300 6.21886679809e-06
323 301 6.21886679809e-06
323 302 6.21886679809e-06
323 303 6.21886679809e-06
323 304 6.21886679809e-06
323 305 6.21886679809e-06
323 306 0.0
323 307 0.0
323 308 6.21886679809e-06
323 309 6.21886679809e-06
323 310 6.21886679809e-06
323 311 0.0
323 312 6.21886679809e-06
323 313 0.0
323 314 6.21886679809e-06
323 315 0.0
323 316 6.21886679809e-06
323 317 6.21886679809e-06
323 318 6.21886679809e-06
323 319 6.21886679809e-06
323 320 6.21886679809e-06
323 321 6.21886679809e-06
323 322 6.21886679809e-06
323 323 6.21886679809e-06
323 324 6.21886679809e-06
323 325 6.21886679809e-06
323 326 6.21886679809e-06
323 327 6.21886679809e-06
323 328 6.21886679809e-06
323 329 6.21886679809e-06
323 330 6.21886679809e-06
323 331 6.21886679809e-06
323 332 6.21886679809e-06
323 333 6.21886679809e-06
323 334 6.21886679809e-06
323 335 6.21886679809e-06
323 336 0.0
323 337 0.0
323 338 0.0
323 339 0.0
323 340 6.21886679809e-06
323 341 0.000155471669952
323 342 0.0
323 343 0.00139924502957
323 344 6.21886679809e-06
323 345 0.000223879204731
323 346 0.0
323 347 9.95018687695e-05
323 348 0.0
323 349 0.000895516818925
323 350 0.0
323 351 0.000621886679809
323 352 0.0
323 353 0.000155471669952
323 354 0.0
323 355 6.21886679809e-06
323 356 0.0
323 357 0.0
323 358 0.0
323 359 0.0
323 360 0.0
323 361 0.0
323 362 0.0
323 363 2.48754671924e-05
323 364 0.0
323 365 6.21886679809e-06
323 366 0.0
323 367 0.000304724473107
323 368 0.0
323 369 0.000155471669952
323 370 0.0
323 371 0.000398007475078
323 372 0.0
323 373 0.000155471669952
323 374 0.0
323 375 9.95018687695e-05
323 376 6.21886679809e-06
323 377 6.21886679809e-06
323 378 6.21886679809e-06
323 379 0.0
323 380 0.0
323 381 5.59698011828e-05
323 382 6.21886679809e-06
323 383 5.59698011828e-05
323 384 0.0
323 385 2.48754671924e-05
323 386 0.0
323 387 2.48754671924e-05
323 388 0.0
323 389 0.0
323 390 0.0
323 391 5.59698011828e-05
323 392 6.21886679809e-06
323 393 6.21886679809e-06
323 394 0.0
323 395 5.59698011828e-05
323 396 0.0
323 397 5.59698011828e-05
323 398 0.0
323 399 2.48754671924e-05
323 400 0.0
324 0 0.0
324 1 2.48754671924e-05
324 2 0.0
324 3 2.48754671924e-05
324 4 0.0
324 5 0.000155471669952
324 6 0.0
324 7 0.000223879204731
324 8 0.0
324 9 2.48754671924e-05
324 10 0.0
324 11 0.000503728210645
324 12 0.0
324 13 5.59698011828e-05
324 14 0.0
324 15 2.48754671924e-05
324 16 0.0
324 17 0.000155471669952
324 18 0.0
324 19 6.21886679809e-06
324 20 0.0
324 21 2.48754671924e-05
324 22 0.0
324 23 6.21886679809e-06
324 24 0.0
324 25 6.21886679809e-06
324 26 0.0
324 27 6.21886679809e-06
324 28 0.0
324 29 0.000304724473107
324 30 0.0
324 31 9.95018687695e-05
324 32 0.0
324 33 2.48754671924e-05
324 34 0.0
324 35 6.21886679809e-06
324 36 0.0
324 37 0.000621886679809
324 38 0.0
324 39 0.000223879204731
324 40 0.0
324 41 6.21886679809e-06
324 42 0.0
324 43 5.59698011828e-05
324 44 0.0
324 45 0.0
324 46 0.0
324 47 6.21886679809e-06
324 48 0.0
324 49 0.0
324 50 0.0
324 51 0.0
324 52 0.0
324 53 0.0
324 54 0.0
324 55 6.21886679809e-06
324 56 0.0
324 57 6.21886679809e-06
324 58 0.0
324 59 0.000155471669952
324 60 0.0
324 61 0.000895516818925
324 62 0.0
324 63 0.000223879204731
324 64 0.0
324 65 0.000304724473107
324 66 0.0
324 67 0.000223879204731
324 68 0.0
324 69 9.95018687695e-05
324 70 0.0
324 71 0.0
324 72 0.0
324 73 6.21886679809e-06
324 74 0.0
324 75 0.0
324 76 0.0
324 77 6.21886679809e-06
324 78 0.0
324 79 0.0
324 80 0.0
324 81 6.21886679809e-06
324 82 0.0
324 83 0.0
324 84 0.0
324 85 0.0
324 86 0.0
324 87 0.0
324 88 0.0
324 89 0.0
324 90 0.0
324 91 0.0
324 92 0.0
324 93 0.0
324 94 0.0
324 95 0.0
324 96 0.0
324 97 0.0
324 98 0.0
324 99 0.0
324 100 0.0
324 101 0.0
324 102 0.0
324 103 0.0
324 104 0.0
324 105 0.0
324 106 0.0
324 107 0.0
324 108 0.0
324 109 0.0
324 110 0.0
324 111 0.0
324 112 0.0
324 113 0.0
324 114 0.0
324 115 0.0
324 116 0.0
324 117 0.0
324 118 0.0
324 119 0.0
324 120 0.0
324 121 0.0
324 122 0.0
324 123 0.0
324 124 0.0
324 125 0.0
324 126 0.0
324 127 0.0
324 128 0.0
324 129 0.0
324 130 0.0
324 131 0.0
324 132 0.0
324 133 6.21886679809e-06
324 134 0.0
324 135 6.21886679809e-06
324 136 0.0
324 137 0.0
324 138 0.0
324 139 0.0
324 140 0.0
324 141 6.21886679809e-06
324 142 0.0
324 143 0.0
324 144 0.0
324 145 0.0
324 146 0.0
324 147 0.0
324 148 0.0
324 149 0.0
324 150 0.0
324 151 0.0
324 152 0.0
324 153 0.0
324 154 0.0
324 155 0.0
324 156 0.0
324 157 0.0
324 158 0.0
324 159 0.0
324 160 0.0
324 161 0.0
324 162 0.0
324 163 0.0
324 164 0.0
324 165 0.0
324 166 0.0
324 167 0.0
324 168 0.0
324 169 0.0
324 170 0.0
324 171 0.0
324 172 0.0
324 173 0.0
324 174 0.0
324 175 0.0
324 176 0.0
324 177 0.0
324 178 0.0
324 179 0.0
324 180 0.0
324 181 0.0
324 182 0.0
324 183 0.0
324 184 0.0
324 185 0.0
324 186 0.0
324 187 0.0
324 188 0.0
324 189 0.0
324 190 0.0
324 191 0.0
324 192 0.0
324 193 0.0
324 194 0.0
324 195 0.0
324 196 0.0
324 197 0.0
324 198 0.0
324 199 0.0
324 200 0.0
324 201 0.0
324 202 0.0
324 203 0.0
324 204 0.0
324 205 0.0
324 206 0.0
324 207 0.0
324 208 0.0
324 209 0.0
324 210 0.0
324 211 0.0
324 212 0.0
324 213 0.0
324 214 0.0
324 215 0.0
324 216 0.0
324 217 0.0
324 218 0.0
324 219 6.21886679809e-06
324 220 0.0
324 221 2.48754671924e-05
324 222 0.0
324 223 6.21886679809e-06
324 224 0.0
324 225 0.0
324 226 0.0
324 227 6.21886679809e-06
324 228 0.0
324 229 0.0
324 230 0.0
324 231 0.0
324 232 0.0
324 233 0.0
324 234 0.0
324 235 0.0
324 236 0.0
324 237 0.0
324 238 0.0
324 239 0.0
324 240 0.0
324 241 0.0
324 242 0.0
324 243 0.0
324 244 0.0
324 245 0.0
324 246 0.0
324 247 0.0
324 248 0.0
324 249 0.0
324 250 0.0
324 251 0.0
324 252 0.0
324 253 0.0
324 254 0.0
324 255 0.0
324 256 0.0
324 257 0.0
324 258 0.0
324 259 0.0
324 260 0.0
324 261 6.21886679809e-06
324 262 0.0
324 263 0.0
324 264 0.0
324 265 6.21886679809e-06
324 266 0.0
324 267 0.0
324 268 0.0
324 269 6.21886679809e-06
324 270 0.0
324 271 0.0
324 272 0.0
324 273 6.21886679809e-06
324 274 0.0
324 275 0.0
324 276 0.0
324 277 0.0
324 278 0.0
324 279 0.0
324 280 0.0
324 281 0.0
324 282 0.0
324 283 0.0
324 284 0.0
324 285 0.0
324 286 0.0
324 287 0.0
324 288 0.0
324 289 0.0
324 290 0.0
324 291 0.0
324 292 0.0
324 293 0.0
324 294 0.0
324 295 0.0
324 296 0.0
324 297 0.0
324 298 0.0
324 299 0.0
324 300 0.0
324 301 0.0
324 302 0.0
324 303 6.21886679809e-06
324 304 0.0
324 305 0.0
324 306 0.0
324 307 6.21886679809e-06
324 308 0.0
324 309 0.0
324 310 0.0
324 311 6.21886679809e-06
324 312 0.0
324 313 6.21886679809e-06
324 314 0.0
324 315 6.21886679809e-06
324 316 0.0
324 317 0.0
324 318 0.0
324 319 0.0
324 320 0.0
324 321 0.0
324 322 0.0
324 323 0.0
324 324 0.0
324 325 0.0
324 326 0.0
324 327 0.0
324 328 0.0
324 329 0.0
324 330 0.0
324 331 0.0
324 332 0.0
324 333 6.21886679809e-06
324 334 0.0
324 335 2.48754671924e-05
324 336 0.0
324 337 0.0
324 338 0.0
324 339 6.21886679809e-06
324 340 0.0
324 341 0.000155471669952
324 342 0.0
324 343 0.00139924502957
324 344 0.0
324 345 0.000223879204731
324 346 0.0
324 347 9.95018687695e-05
324 348 0.0
324 349 0.000895516818925
324 350 0.0
324 351 0.000621886679809
324 352 0.0
324 353 0.000155471669952
324 354 0.0
324 355 6.21886679809e-06
324 356 0.0
324 357 0.0
324 358 0.0
324 359 0.0
324 360 0.0
324 361 0.0
324 362 0.0
324 363 2.48754671924e-05
324 364 0.0
324 365 6.21886679809e-06
324 366 0.0
324 367 0.000304724473107
324 368 0.0
324 369 0.000155471669952
324 370 0.0
324 371 0.000398007475078
324 372 0.0
324 373 0.000155471669952
324 374 0.0
324 375 9.95018687695e-05
324 376 0.0
324 377 2.48754671924e-05
324 378 0.0
324 379 6.21886679809e-06
324 380 0.0
324 381 9.95018687695e-05
324 382 0.0
324 383 2.48754671924e-05
324 384 0.0
324 385 2.48754671924e-05
324 386 0.0
324 387 2.48754671924e-05
324 388 0.0
324 389 0.0
324 390 0.0
324 391 9.95018687695e-05
324 392 0.0
324 393 6.21886679809e-06
324 394 0.0
324 395 5.59698011828e-05
324 396 0.0
324 397 5.59698011828e-05
324 398 0.0
324 399 2.48754671924e-05
324 400 0.0
325 0 0.0
325 1 2.48754671924e-05
325 2 0.0
325 3 2.48754671924e-05
325 4 0.0
325 5 0.000155471669952
325 6 0.0
325 7 0.000223879204731
325 8 0.0
325 9 2.48754671924e-05
325 10 0.0
325 11 0.000503728210645
325 12 0.0
325 13 5.59698011828e-05
325 14 0.0
325 15 2.48754671924e-05
325 16 0.0
325 17 0.000155471669952
325 18 0.0
325 19 6.21886679809e-06
325 20 0.0
325 21 2.48754671924e-05
325 22 0.0
325 23 6.21886679809e-06
325 24 0.0
325 25 6.21886679809e-06
325 26 0.0
325 27 6.21886679809e-06
325 28 0.0
325 29 0.000304724473107
325 30 0.0
325 31 9.95018687695e-05
325 32 0.0
325 33 2.48754671924e-05
325 34 0.0
325 35 6.21886679809e-06
325 36 6.21886679809e-06
325 37 0.000503728210645
325 38 6.21886679809e-06
325 39 0.000304724473107
325 40 6.21886679809e-06
325 41 2.48754671924e-05
325 42 6.21886679809e-06
325 43 5.59698011828e-05
325 44 0.0
325 45 0.0
325 46 0.0
325 47 6.21886679809e-06
325 48 0.0
325 49 0.0
325 50 0.0
325 51 0.0
325 52 0.0
325 53 0.0
325 54 0.0
325 55 6.21886679809e-06
325 56 0.0
325 57 6.21886679809e-06
325 58 0.0
325 59 0.000155471669952
325 60 0.0
325 61 0.00105098848888
325 62 6.21886679809e-06
325 63 0.000223879204731
325 64 0.0
325 65 0.000398007475078
325 66 0.0
325 67 0.000304724473107
325 68 0.0
325 69 0.000155471669952
325 70 0.0
325 71 5.59698011828e-05
325 72 2.48754671924e-05
325 73 6.21886679809e-06
325 74 2.48754671924e-05
325 75 0.0
325 76 6.21886679809e-06
325 77 2.48754671924e-05
325 78 0.0
325 79 0.0
325 80 0.0
325 81 0.0
325 82 0.0
325 83 0.0
325 84 0.0
325 85 6.21886679809e-06
325 86 6.21886679809e-06
325 87 2.48754671924e-05
325 88 6.21886679809e-06
325 89 6.21886679809e-06
325 90 6.21886679809e-06
325 91 2.48754671924e-05
325 92 6.21886679809e-06
325 93 6.21886679809e-06
325 94 0.0
325 95 0.0
325 96 0.0
325 97 0.0
325 98 0.0
325 99 0.0
325 100 0.0
325 101 0.0
325 102 0.0
325 103 6.21886679809e-06
325 104 0.0
325 105 0.0
325 106 0.0
325 107 6.21886679809e-06
325 108 6.21886679809e-06
325 109 6.21886679809e-06
325 110 6.21886679809e-06
325 111 2.48754671924e-05
325 112 6.21886679809e-06
325 113 6.21886679809e-06
325 114 0.0
325 115 0.0
325 116 0.0
325 117 0.0
325 118 0.0
325 119 0.0
325 120 0.0
325 121 0.0
325 122 0.0
325 123 0.0
325 124 0.0
325 125 0.0
325 126 0.0
325 127 0.0
325 128 0.0
325 129 0.0
325 130 0.0
325 131 0.0
325 132 0.0
325 133 6.21886679809e-06
325 134 6.21886679809e-06
325 135 6.21886679809e-06
325 136 0.0
325 137 0.0
325 138 0.0
325 139 0.0
325 140 0.0
325 141 0.0
325 142 0.0
325 143 0.0
325 144 0.0
325 145 0.0
325 146 0.0
325 147 0.0
325 148 0.0
325 149 0.0
325 150 0.0
325 151 6.21886679809e-06
325 152 0.0
325 153 0.0
325 154 0.0
325 155 6.21886679809e-06
325 156 6.21886679809e-06
325 157 2.48754671924e-05
325 158 2.48754671924e-05
325 159 5.59698011828e-05
325 160 2.48754671924e-05
325 161 2.48754671924e-05
325 162 2.48754671924e-05
325 163 6.21886679809e-06
325 164 0.0
325 165 0.0
325 166 0.0
325 167 6.21886679809e-06
325 168 0.0
325 169 0.0
325 170 0.0
325 171 6.21886679809e-06
325 172 6.21886679809e-06
325 173 2.48754671924e-05
325 174 6.21886679809e-06
325 175 2.48754671924e-05
325 176 6.21886679809e-06
325 177 6.21886679809e-06
325 178 0.0
325 179 0.0
325 180 0.0
325 181 0.0
325 182 0.0
325 183 0.0
325 184 0.0
325 185 0.0
325 186 0.0
325 187 0.0
325 188 0.0
325 189 0.0
325 190 0.0
325 191 0.0
325 192 0.0
325 193 0.0
325 194 0.0
325 195 0.0
325 196 0.0
325 197 0.0
325 198 0.0
325 199 0.0
325 200 0.0
325 201 0.0
325 202 0.0
325 203 0.0
325 204 0.0
325 205 0.0
325 206 0.0
325 207 0.0
325 208 0.0
325 209 0.0
325 210 0.0
325 211 0.0
325 212 0.0
325 213 0.0
325 214 0.0
325 215 0.0
325 216 0.0
325 217 0.0
325 218 0.0
325 219 6.21886679809e-06
325 220 0.0
325 221 0.0
325 222 6.21886679809e-06
325 223 0.0
325 224 6.21886679809e-06
325 225 6.21886679809e-06
325 226 6.21886679809e-06
325 227 0.0
325 228 0.0
325 229 0.0
325 230 0.0
325 231 0.0
325 232 0.0
325 233 0.0
325 234 0.0
325 235 0.0
325 236 0.0
325 237 0.0
325 238 0.0
325 239 0.0
325 240 0.0
325 241 0.0
325 242 0.0
325 243 0.0
325 244 0.0
325 245 0.0
325 246 0.0
325 247 0.0
325 248 0.0
325 249 0.0
325 250 0.0
325 251 0.0
325 252 0.0
325 253 0.0
325 254 0.0
325 255 0.0
325 256 0.0
325 257 0.0
325 258 0.0
325 259 0.0
325 260 0.0
325 261 6.21886679809e-06
325 262 0.0
325 263 0.0
325 264 6.21886679809e-06
325 265 0.0
325 266 6.21886679809e-06
325 267 6.21886679809e-06
325 268 6.21886679809e-06
325 269 0.0
325 270 0.0
325 271 0.0
325 272 0.0
325 273 0.0
325 274 0.0
325 275 0.0
325 276 0.0
325 277 0.0
325 278 0.0
325 279 0.0
325 280 0.0
325 281 0.0
325 282 0.0
325 283 0.0
325 284 0.0
325 285 0.0
325 286 0.0
325 287 0.0
325 288 0.0
325 289 0.0
325 290 0.0
325 291 0.0
325 292 0.0
325 293 0.0
325 294 0.0
325 295 0.0
325 296 0.0
325 297 0.0
325 298 0.0
325 299 0.0
325 300 0.0
325 301 0.0
325 302 0.0
325 303 0.0
325 304 0.0
325 305 0.0
325 306 0.0
325 307 0.0
325 308 0.0
325 309 0.0
325 310 0.0
325 311 0.0
325 312 0.0
325 313 6.21886679809e-06
325 314 6.21886679809e-06
325 315 6.21886679809e-06
325 316 0.0
325 317 0.0
325 318 0.0
325 319 0.0
325 320 0.0
325 321 0.0
325 322 0.0
325 323 0.0
325 324 0.0
325 325 0.0
325 326 0.0
325 327 0.0
325 328 0.0
325 329 0.0
325 330 0.0
325 331 0.0
325 332 0.0
325 333 0.0
325 334 0.0
325 335 0.0
325 336 0.0
325 337 6.21886679809e-06
325 338 0.0
325 339 0.0
325 340 6.21886679809e-06
325 341 0.000503728210645
325 342 0.0
325 343 0.00159202990031
325 344 6.21886679809e-06
325 345 0.000155471669952
325 346 6.21886679809e-06
325 347 0.000155471669952
325 348 0.0
325 349 0.000621886679809
325 350 6.21886679809e-06
325 351 0.000752482882569
325 352 6.21886679809e-06
325 353 9.95018687695e-05
325 354 0.0
325 355 0.0
325 356 6.21886679809e-06
325 357 6.21886679809e-06
325 358 0.0
325 359 0.0
325 360 0.0
325 361 0.0
325 362 0.0
325 363 2.48754671924e-05
325 364 0.0
325 365 6.21886679809e-06
325 366 0.0
325 367 0.000304724473107
325 368 0.0
325 369 0.000155471669952
325 370 0.0
325 371 0.000398007475078
325 372 0.0
325 373 0.000155471669952
325 374 0.0
325 375 9.95018687695e-05
325 376 0.0
325 377 6.21886679809e-06
325 378 6.21886679809e-06
325 379 0.0
325 380 6.21886679809e-06
325 381 2.48754671924e-05
325 382 6.21886679809e-06
325 383 5.59698011828e-05
325 384 0.0
325 385 2.48754671924e-05
325 386 0.0
325 387 2.48754671924e-05
325 388 0.0
325 389 6.21886679809e-06
325 390 6.21886679809e-06
325 391 5.59698011828e-05
325 392 0.0
325 393 6.21886679809e-06
325 394 0.0
325 395 5.59698011828e-05
325 396 0.0
325 397 5.59698011828e-05
325 398 0.0
325 399 2.48754671924e-05
325 400 0.0
326 0 0.0
326 1 2.48754671924e-05
326 2 0.0
326 3 2.48754671924e-05
326 4 0.0
326 5 0.000155471669952
326 6 0.0
326 7 0.000223879204731
326 8 0.0
326 9 2.48754671924e-05
326 10 0.0
326 11 0.000503728210645
326 12 0.0
326 13 5.59698011828e-05
326 14 0.0
326 15 2.48754671924e-05
326 16 0.0
326 17 0.000155471669952
326 18 0.0
326 19 6.21886679809e-06
326 20 0.0
326 21 2.48754671924e-05
326 22 0.0
326 23 6.21886679809e-06
326 24 0.0
326 25 6.21886679809e-06
326 26 0.0
326 27 6.21886679809e-06
326 28 0.0
326 29 0.000304724473107
326 30 0.0
326 31 9.95018687695e-05
326 32 0.0
326 33 2.48754671924e-05
326 34 0.0
326 35 6.21886679809e-06
326 36 0.0
326 37 0.000621886679809
326 38 0.0
326 39 0.000223879204731
326 40 0.0
326 41 6.21886679809e-06
326 42 0.0
326 43 5.59698011828e-05
326 44 0.0
326 45 0.0
326 46 0.0
326 47 6.21886679809e-06
326 48 0.0
326 49 0.0
326 50 0.0
326 51 0.0
326 52 0.0
326 53 0.0
326 54 0.0
326 55 6.21886679809e-06
326 56 0.0
326 57 6.21886679809e-06
326 58 0.0
326 59 0.000155471669952
326 60 0.0
326 61 0.00105098848888
326 62 0.0
326 63 0.000304724473107
326 64 0.0
326 65 0.000398007475078
326 66 0.0
326 67 0.000304724473107
326 68 0.0
326 69 0.000155471669952
326 70 0.0
326 71 2.48754671924e-05
326 72 0.0
326 73 0.0
326 74 0.0
326 75 6.21886679809e-06
326 76 0.0
326 77 2.48754671924e-05
326 78 0.0
326 79 6.21886679809e-06
326 80 0.0
326 81 0.0
326 82 0.0
326 83 0.0
326 84 0.0
326 85 0.0
326 86 0.0
326 87 0.0
326 88 0.0
326 89 0.0
326 90 0.0
326 91 0.0
326 92 0.0
326 93 0.0
326 94 0.0
326 95 0.0
326 96 0.0
326 97 0.0
326 98 0.0
326 99 0.0
326 100 0.0
326 101 0.0
326 102 0.0
326 103 0.0
326 104 0.0
326 105 0.0
326 106 0.0
326 107 0.0
326 108 0.0
326 109 0.0
326 110 0.0
326 111 0.0
326 112 0.0
326 113 0.0
326 114 0.0
326 115 0.0
326 116 0.0
326 117 0.0
326 118 0.0
326 119 0.0
326 120 0.0
326 121 0.0
326 122 0.0
326 123 0.0
326 124 0.0
326 125 0.0
326 126 0.0
326 127 0.0
326 128 0.0
326 129 0.0
326 130 0.0
326 131 0.0
326 132 0.0
326 133 6.21886679809e-06
326 134 0.0
326 135 6.21886679809e-06
326 136 0.0
326 137 0.0
326 138 0.0
326 139 0.0
326 140 0.0
326 141 0.0
326 142 0.0
326 143 6.21886679809e-06
326 144 0.0
326 145 0.0
326 146 0.0
326 147 0.0
326 148 0.0
326 149 0.0
326 150 0.0
326 151 6.21886679809e-06
326 152 0.0
326 153 0.0
326 154 0.0
326 155 6.21886679809e-06
326 156 0.0
326 157 0.0
326 158 0.0
326 159 6.21886679809e-06
326 160 0.0
326 161 0.0
326 162 0.0
326 163 6.21886679809e-06
326 164 0.0
326 165 0.0
326 166 0.0
326 167 6.21886679809e-06
326 168 0.0
326 169 0.0
326 170 0.0
326 171 0.0
326 172 0.0
326 173 0.0
326 174 0.0
326 175 0.0
326 176 0.0
326 177 0.0
326 178 0.0
326 179 0.0
326 180 0.0
326 181 0.0
326 182 0.0
326 183 0.0
326 184 0.0
326 185 0.0
326 186 0.0
326 187 0.0
326 188 0.0
326 189 0.0
326 190 0.0
326 191 0.0
326 192 0.0
326 193 0.0
326 194 0.0
326 195 0.0
326 196 0.0
326 197 0.0
326 198 0.0
326 199 0.0
326 200 0.0
326 201 0.0
326 202 0.0
326 203 0.0
326 204 0.0
326 205 0.0
326 206 0.0
326 207 0.0
326 208 0.0
326 209 0.0
326 210 0.0
326 211 0.0
326 212 0.0
326 213 0.0
326 214 0.0
326 215 0.0
326 216 0.0
326 217 0.0
326 218 0.0
326 219 0.0
326 220 0.0
326 221 0.0
326 222 0.0
326 223 0.0
326 224 0.0
326 225 0.0
326 226 0.0
326 227 0.0
326 228 0.0
326 229 0.0
326 230 0.0
326 231 0.0
326 232 0.0
326 233 0.0
326 234 0.0
326 235 0.0
326 236 0.0
326 237 0.0
326 238 0.0
326 239 0.0
326 240 0.0
326 241 0.0
326 242 0.0
326 243 0.0
326 244 0.0
326 245 0.0
326 246 0.0
326 247 0.0
326 248 0.0
326 249 0.0
326 250 0.0
326 251 0.0
326 252 0.0
326 253 0.0
326 254 0.0
326 255 0.0
326 256 0.0
326 257 0.0
326 258 0.0
326 259 0.0
326 260 0.0
326 261 0.0
326 262 0.0
326 263 0.0
326 264 0.0
326 265 0.0
326 266 0.0
326 267 0.0
326 268 0.0
326 269 0.0
326 270 0.0
326 271 0.0
326 272 0.0
326 273 0.0
326 274 0.0
326 275 0.0
326 276 0.0
326 277 0.0
326 278 0.0
326 279 0.0
326 280 0.0
326 281 0.0
326 282 0.0
326 283 0.0
326 284 0.0
326 285 0.0
326 286 0.0
326 287 0.0
326 288 0.0
326 289 0.0
326 290 0.0
326 291 0.0
326 292 0.0
326 293 0.0
326 294 0.0
326 295 0.0
326 296 0.0
326 297 0.0
326 298 0.0
326 299 0.0
326 300 0.0
326 301 0.0
326 302 0.0
326 303 0.0
326 304 0.0
326 305 0.0
326 306 0.0
326 307 0.0
326 308 0.0
326 309 0.0
326 310 0.0
326 311 0.0
326 312 0.0
326 313 6.21886679809e-06
326 314 0.0
326 315 6.21886679809e-06
326 316 0.0
326 317 0.0
326 318 0.0
326 319 0.0
326 320 0.0
326 321 0.0
326 322 0.0
326 323 0.0
326 324 0.0
326 325 0.0
326 326 0.0
326 327 0.0
326 328 0.0
326 329 0.0
326 330 0.0
326 331 0.0
326 332 0.0
326 333 0.0
326 334 0.0
326 335 2.48754671924e-05
326 336 0.0
326 337 0.0
326 338 0.0
326 339 6.21886679809e-06
326 340 0.0
326 341 0.000304724473107
326 342 0.0
326 343 0.00121889789243
326 344 0.0
326 345 0.000223879204731
326 346 0.0
326 347 9.95018687695e-05
326 348 0.0
326 349 0.000752482882569
326 350 0.0
326 351 0.000621886679809
326 352 0.0
326 353 0.000155471669952
326 354 0.0
326 355 0.0
326 356 0.0
326 357 6.21886679809e-06
326 358 0.0
326 359 0.0
326 360 0.0
326 361 0.0
326 362 0.0
326 363 2.48754671924e-05
326 364 0.0
326 365 6.21886679809e-06
326 366 0.0
326 367 0.000304724473107
326 368 0.0
326 369 0.000155471669952
326 370 0.0
326 371 0.000398007475078
326 372 0.0
326 373 0.000155471669952
326 374 0.0
326 375 9.95018687695e-05
326 376 0.0
326 377 2.48754671924e-05
326 378 0.0
326 379 6.21886679809e-06
326 380 0.0
326 381 5.59698011828e-05
326 382 0.0
326 383 5.59698011828e-05
326 384 0.0
326 385 2.48754671924e-05
326 386 0.0
326 387 2.48754671924e-05
326 388 0.0
326 389 0.0
326 390 0.0
326 391 9.95018687695e-05
326 392 0.0
326 393 6.21886679809e-06
326 394 0.0
326 395 5.59698011828e-05
326 396 0.0
326 397 5.59698011828e-05
326 398 0.0
326 399 2.48754671924e-05
326 400 0.0
327 0 0.0
327 1 2.48754671924e-05
327 2 0.0
327 3 2.48754671924e-05
327 4 0.0
327 5 0.000155471669952
327 6 0.0
327 7 0.000223879204731
327 8 0.0
327 9 2.48754671924e-05
327 10 0.0
327 11 0.000503728210645
327 12 0.0
327 13 5.59698011828e-05
327 14 0.0
327 15 2.48754671924e-05
327 16 0.0
327 17 0.000155471669952
327 18 0.0
327 19 6.21886679809e-06
327 20 0.0
327 21 2.48754671924e-05
327 22 0.0
327 23 6.21886679809e-06
327 24 0.0
327 25 6.21886679809e-06
327 26 0.0
327 27 6.21886679809e-06
327 28 0.0
327 29 0.000304724473107
327 30 0.0
327 31 9.95018687695e-05
327 32 0.0
327 33 2.48754671924e-05
327 34 0.0
327 35 6.21886679809e-06
327 36 0.0
327 37 0.000621886679809
327 38 0.0
327 39 0.000223879204731
327 40 0.0
327 41 6.21886679809e-06
327 42 6.21886679809e-06
327 43 5.59698011828e-05
327 44 0.0
327 45 0.0
327 46 0.0
327 47 6.21886679809e-06
327 48 0.0
327 49 0.0
327 50 0.0
327 51 0.0
327 52 0.0
327 53 0.0
327 54 0.0
327 55 6.21886679809e-06
327 56 0.0
327 57 0.0
327 58 2.48754671924e-05
327 59 0.000304724473107
327 60 6.21886679809e-06
327 61 0.00105098848888
327 62 0.0
327 63 0.000304724473107
327 64 6.21886679809e-06
327 65 0.000398007475078
327 66 6.21886679809e-06
327 67 0.000155471669952
327 68 5.59698011828e-05
327 69 0.000621886679809
327 70 0.000304724473107
327 71 0.000155471669952
327 72 6.21886679809e-06
327 73 9.95018687695e-05
327 74 9.95018687695e-05
327 75 5.59698011828e-05
327 76 5.59698011828e-05
327 77 9.95018687695e-05
327 78 9.95018687695e-05
327 79 5.59698011828e-05
327 80 5.59698011828e-05
327 81 5.59698011828e-05
327 82 5.59698011828e-05
327 83 5.59698011828e-05
327 84 5.59698011828e-05
327 85 2.48754671924e-05
327 86 6.21886679809e-06
327 87 6.21886679809e-06
327 88 6.21886679809e-06
327 89 2.48754671924e-05
327 90 6.21886679809e-06
327 91 2.48754671924e-05
327 92 2.48754671924e-05
327 93 5.59698011828e-05
327 94 5.59698011828e-05
327 95 9.95018687695e-05
327 96 5.59698011828e-05
327 97 5.59698011828e-05
327 98 5.59698011828e-05
327 99 5.59698011828e-05
327 100 5.59698011828e-05
327 101 5.59698011828e-05
327 102 5.59698011828e-05
327 103 5.59698011828e-05
327 104 5.59698011828e-05
327 105 9.95018687695e-05
327 106 5.59698011828e-05
327 107 5.59698011828e-05
327 108 2.48754671924e-05
327 109 5.59698011828e-05
327 110 2.48754671924e-05
327 111 2.48754671924e-05
327 112 2.48754671924e-05
327 113 5.59698011828e-05
327 114 2.48754671924e-05
327 115 2.48754671924e-05
327 116 2.48754671924e-05
327 117 2.48754671924e-05
327 118 2.48754671924e-05
327 119 2.48754671924e-05
327 120 2.48754671924e-05
327 121 5.59698011828e-05
327 122 5.59698011828e-05
327 123 5.59698011828e-05
327 124 5.59698011828e-05
327 125 5.59698011828e-05
327 126 5.59698011828e-05
327 127 5.59698011828e-05
327 128 2.48754671924e-05
327 129 2.48754671924e-05
327 130 2.48754671924e-05
327 131 5.59698011828e-05
327 132 2.48754671924e-05
327 133 2.48754671924e-05
327 134 2.48754671924e-05
327 135 5.59698011828e-05
327 136 9.95018687695e-05
327 137 9.95018687695e-05
327 138 9.95018687695e-05
327 139 0.000155471669952
327 140 9.95018687695e-05
327 141 9.95018687695e-05
327 142 5.59698011828e-05
327 143 5.59698011828e-05
327 144 5.59698011828e-05
327 145 5.59698011828e-05
327 146 5.59698011828e-05
327 147 5.59698011828e-05
327 148 5.59698011828e-05
327 149 5.59698011828e-05
327 150 5.59698011828e-05
327 151 9.95018687695e-05
327 152 5.59698011828e-05
327 153 5.59698011828e-05
327 154 5.59698011828e-05
327 155 9.95018687695e-05
327 156 9.95018687695e-05
327 157 5.59698011828e-05
327 158 5.59698011828e-05
327 159 5.59698011828e-05
327 160 5.59698011828e-05
327 161 5.59698011828e-05
327 162 5.59698011828e-05
327 163 5.59698011828e-05
327 164 5.59698011828e-05
327 165 5.59698011828e-05
327 166 5.59698011828e-05
327 167 9.95018687695e-05
327 168 5.59698011828e-05
327 169 9.95018687695e-05
327 170 5.59698011828e-05
327 171 5.59698011828e-05
327 172 6.21886679809e-06
327 173 6.21886679809e-06
327 174 6.21886679809e-06
327 175 6.21886679809e-06
327 176 6.21886679809e-06
327 177 2.48754671924e-05
327 178 2.48754671924e-05
327 179 5.59698011828e-05
327 180 2.48754671924e-05
327 181 5.59698011828e-05
327 182 2.48754671924e-05
327 183 2.48754671924e-05
327 184 2.48754671924e-05
327 185 5.59698011828e-05
327 186 5.59698011828e-05
327 187 5.59698011828e-05
327 188 5.59698011828e-05
327 189 5.59698011828e-05
327 190 5.59698011828e-05
327 191 5.59698011828e-05
327 192 5.59698011828e-05
327 193 5.59698011828e-05
327 194 5.59698011828e-05
327 195 5.59698011828e-05
327 196 5.59698011828e-05
327 197 5.59698011828e-05
327 198 5.59698011828e-05
327 199 5.59698011828e-05
327 200 5.59698011828e-05
327 201 5.59698011828e-05
327 202 5.59698011828e-05
327 203 5.59698011828e-05
327 204 5.59698011828e-05
327 205 5.59698011828e-05
327 206 5.59698011828e-05
327 207 5.59698011828e-05
327 208 5.59698011828e-05
327 209 5.59698011828e-05
327 210 5.59698011828e-05
327 211 9.95018687695e-05
327 212 5.59698011828e-05
327 213 5.59698011828e-05
327 214 2.48754671924e-05
327 215 2.48754671924e-05
327 216 2.48754671924e-05
327 217 5.59698011828e-05
327 218 2.48754671924e-05
327 219 2.48754671924e-05
327 220 2.48754671924e-05
327 221 9.95018687695e-05
327 222 0.000155471669952
327 223 0.000155471669952
327 224 0.000155471669952
327 225 0.000155471669952
327 226 0.000155471669952
327 227 0.000155471669952
327 228 5.59698011828e-05
327 229 5.59698011828e-05
327 230 5.59698011828e-05
327 231 5.59698011828e-05
327 232 5.59698011828e-05
327 233 5.59698011828e-05
327 234 5.59698011828e-05
327 235 5.59698011828e-05
327 236 5.59698011828e-05
327 237 5.59698011828e-05
327 238 5.59698011828e-05
327 239 5.59698011828e-05
327 240 5.59698011828e-05
327 241 5.59698011828e-05
327 242 5.59698011828e-05
327 243 5.59698011828e-05
327 244 5.59698011828e-05
327 245 5.59698011828e-05
327 246 5.59698011828e-05
327 247 5.59698011828e-05
327 248 5.59698011828e-05
327 249 5.59698011828e-05
327 250 5.59698011828e-05
327 251 5.59698011828e-05
327 252 5.59698011828e-05
327 253 5.59698011828e-05
327 254 5.59698011828e-05
327 255 5.59698011828e-05
327 256 5.59698011828e-05
327 257 5.59698011828e-05
327 258 5.59698011828e-05
327 259 5.59698011828e-05
327 260 5.59698011828e-05
327 261 5.59698011828e-05
327 262 5.59698011828e-05
327 263 5.59698011828e-05
327 264 0.000155471669952
327 265 0.000155471669952
327 266 0.000155471669952
327 267 0.000155471669952
327 268 0.000155471669952
327 269 0.000155471669952
327 270 9.95018687695e-05
327 271 5.59698011828e-05
327 272 2.48754671924e-05
327 273 2.48754671924e-05
327 274 2.48754671924e-05
327 275 5.59698011828e-05
327 276 2.48754671924e-05
327 277 5.59698011828e-05
327 278 5.59698011828e-05
327 279 9.95018687695e-05
327 280 5.59698011828e-05
327 281 5.59698011828e-05
327 282 5.59698011828e-05
327 283 5.59698011828e-05
327 284 5.59698011828e-05
327 285 5.59698011828e-05
327 286 5.59698011828e-05
327 287 5.59698011828e-05
327 288 5.59698011828e-05
327 289 5.59698011828e-05
327 290 5.59698011828e-05
327 291 5.59698011828e-05
327 292 5.59698011828e-05
327 293 5.59698011828e-05
327 294 5.59698011828e-05
327 295 5.59698011828e-05
327 296 5.59698011828e-05
327 297 5.59698011828e-05
327 298 5.59698011828e-05
327 299 5.59698011828e-05
327 300 5.59698011828e-05
327 301 5.59698011828e-05
327 302 5.59698011828e-05
327 303 9.95018687695e-05
327 304 5.59698011828e-05
327 305 5.59698011828e-05
327 306 5.59698011828e-05
327 307 9.95018687695e-05
327 308 9.95018687695e-05
327 309 9.95018687695e-05
327 310 9.95018687695e-05
327 311 9.95018687695e-05
327 312 9.95018687695e-05
327 313 0.000155471669952
327 314 9.95018687695e-05
327 315 9.95018687695e-05
327 316 5.59698011828e-05
327 317 5.59698011828e-05
327 318 5.59698011828e-05
327 319 5.59698011828e-05
327 320 5.59698011828e-05
327 321 5.59698011828e-05
327 322 5.59698011828e-05
327 323 5.59698011828e-05
327 324 5.59698011828e-05
327 325 5.59698011828e-05
327 326 5.59698011828e-05
327 327 5.59698011828e-05
327 328 5.59698011828e-05
327 329 5.59698011828e-05
327 330 5.59698011828e-05
327 331 5.59698011828e-05
327 332 5.59698011828e-05
327 333 9.95018687695e-05
327 334 5.59698011828e-05
327 335 0.000155471669952
327 336 5.59698011828e-05
327 337 5.59698011828e-05
327 338 5.59698011828e-05
327 339 9.95018687695e-05
327 340 9.95018687695e-05
327 341 0.000621886679809
327 342 0.000155471669952
327 343 0.00179725250465
327 344 6.21886679809e-06
327 345 0.000304724473107
327 346 6.21886679809e-06
327 347 9.95018687695e-05
327 348 6.21886679809e-06
327 349 0.000621886679809
327 350 6.21886679809e-06
327 351 0.000752482882569
327 352 2.48754671924e-05
327 353 0.000155471669952
327 354 0.0
327 355 6.21886679809e-06
327 356 6.21886679809e-06
327 357 6.21886679809e-06
327 358 0.0
327 359 0.0
327 360 0.0
327 361 0.0
327 362 0.0
327 363 2.48754671924e-05
327 364 0.0
327 365 6.21886679809e-06
327 366 0.0
327 367 0.000304724473107
327 368 0.0
327 369 0.000155471669952
327 370 0.0
327 371 0.000398007475078
327 372 0.0
327 373 0.000155471669952
327 374 0.0
327 375 9.95018687695e-05
327 376 0.0
327 377 2.48754671924e-05
327 378 0.0
327 379 6.21886679809e-06
327 380 0.0
327 381 9.95018687695e-05
327 382 0.0
327 383 2.48754671924e-05
327 384 0.0
327 385 2.48754671924e-05
327 386 6.21886679809e-06
327 387 9.95018687695e-05
327 388 6.21886679809e-06
327 389 6.21886679809e-06
327 390 0.0
327 391 9.95018687695e-05
327 392 0.0
327 393 6.21886679809e-06
327 394 0.0
327 395 5.59698011828e-05
327 396 0.0
327 397 5.59698011828e-05
327 398 0.0
327 399 2.48754671924e-05
327 400 0.0
328 0 0.0
328 1 2.48754671924e-05
328 2 0.0
328 3 2.48754671924e-05
328 4 0.0
328 5 0.000155471669952
328 6 0.0
328 7 0.000223879204731
328 8 0.0
328 9 2.48754671924e-05
328 10 0.0
328 11 0.000503728210645
328 12 0.0
328 13 5.59698011828e-05
328 14 0.0
328 15 2.48754671924e-05
328 16 0.0
328 17 0.000155471669952
328 18 0.0
328 19 6.21886679809e-06
328 20 0.0
328 21 2.48754671924e-05
328 22 0.0
328 23 6.21886679809e-06
328 24 0.0
328 25 6.21886679809e-06
328 26 0.0
328 27 6.21886679809e-06
328 28 0.0
328 29 0.000304724473107
328 30 0.0
328 31 9.95018687695e-05
328 32 0.0
328 33 2.48754671924e-05
328 34 0.0
328 35 0.0
328 36 0.0
328 37 0.000621886679809
328 38 0.0
328 39 0.000304724473107
328 40 0.0
328 41 0.0
328 42 0.0
328 43 2.48754671924e-05
328 44 0.0
328 45 0.0
328 46 0.0
328 47 6.21886679809e-06
328 48 0.0
328 49 0.0
328 50 0.0
328 51 0.0
328 52 0.0
328 53 0.0
328 54 0.0
328 55 0.0
328 56 0.0
328 57 0.0
328 58 0.0
328 59 0.000223879204731
328 60 0.0
328 61 0.000752482882569
328 62 0.0
328 63 0.000895516818925
328 64 0.0
328 65 2.48754671924e-05
328 66 0.0
328 67 0.0
328 68 0.0
328 69 9.95018687695e-05
328 70 0.0
328 71 5.59698011828e-05
328 72 0.0
328 73 0.0
328 74 0.0
328 75 6.21886679809e-06
328 76 0.0
328 77 0.0
328 78 0.0
328 79 0.0
328 80 0.0
328 81 0.0
328 82 0.0
328 83 0.0
328 84 0.0
328 85 0.0
328 86 0.0
328 87 0.0
328 88 0.0
328 89 6.21886679809e-06
328 90 0.0
328 91 6.21886679809e-06
328 92 0.0
328 93 0.0
328 94 0.0
328 95 6.21886679809e-06
328 96 0.0
328 97 0.0
328 98 0.0
328 99 0.0
328 100 0.0
328 101 0.0
328 102 0.0
328 103 0.0
328 104 0.0
328 105 6.21886679809e-06
328 106 0.0
328 107 2.48754671924e-05
328 108 0.0
328 109 6.21886679809e-06
328 110 0.0
328 111 0.0
328 112 0.0
328 113 2.48754671924e-05
328 114 0.0
328 115 0.0
328 116 0.0
328 117 0.0
328 118 0.0
328 119 0.0
328 120 0.0
328 121 6.21886679809e-06
328 122 0.0
328 123 0.0
328 124 0.0
328 125 6.21886679809e-06
328 126 0.0
328 127 0.0
328 128 0.0
328 129 6.21886679809e-06
328 130 0.0
328 131 0.0
328 132 0.0
328 133 0.0
328 134 0.0
328 135 0.0
328 136 0.0
328 137 0.0
328 138 0.0
328 139 0.0
328 140 0.0
328 141 6.21886679809e-06
328 142 0.0
328 143 0.0
328 144 0.0
328 145 0.0
328 146 0.0
328 147 0.0
328 148 0.0
328 149 0.0
328 150 0.0
328 151 0.0
328 152 0.0
328 153 0.0
328 154 0.0
328 155 0.0
328 156 0.0
328 157 0.0
328 158 0.0
328 159 0.0
328 160 0.0
328 161 0.0
328 162 0.0
328 163 0.0
328 164 0.0
328 165 0.0
328 166 0.0
328 167 0.0
328 168 0.0
328 169 6.21886679809e-06
328 170 0.0
328 171 2.48754671924e-05
328 172 0.0
328 173 0.0
328 174 0.0
328 175 0.0
328 176 0.0
328 177 6.21886679809e-06
328 178 0.0
328 179 6.21886679809e-06
328 180 0.0
328 181 6.21886679809e-06
328 182 0.0
328 183 0.0
328 184 0.0
328 185 0.0
328 186 0.0
328 187 0.0
328 188 0.0
328 189 0.0
328 190 0.0
328 191 0.0
328 192 0.0
328 193 0.0
328 194 0.0
328 195 0.0
328 196 0.0
328 197 0.0
328 198 0.0
328 199 0.0
328 200 0.0
328 201 0.0
328 202 0.0
328 203 0.0
328 204 0.0
328 205 0.0
328 206 0.0
328 207 0.0
328 208 0.0
328 209 0.0
328 210 0.0
328 211 6.21886679809e-06
328 212 0.0
328 213 0.0
328 214 0.0
328 215 0.0
328 216 0.0
328 217 6.21886679809e-06
328 218 0.0
328 219 0.0
328 220 0.0
328 221 6.21886679809e-06
328 222 0.0
328 223 0.0
328 224 0.0
328 225 0.0
328 226 0.0
328 227 0.0
328 228 0.0
328 229 0.0
328 230 0.0
328 231 0.0
328 232 0.0
328 233 0.0
328 234 0.0
328 235 0.0
328 236 0.0
328 237 0.0
328 238 0.0
328 239 0.0
328 240 0.0
328 241 0.0
328 242 0.0
328 243 0.0
328 244 0.0
328 245 0.0
328 246 0.0
328 247 0.0
328 248 0.0
328 249 0.0
328 250 0.0
328 251 0.0
328 252 0.0
328 253 0.0
328 254 0.0
328 255 0.0
328 256 0.0
328 257 0.0
328 258 0.0
328 259 0.0
328 260 0.0
328 261 0.0
328 262 0.0
328 263 0.0
328 264 0.0
328 265 0.0
328 266 0.0
328 267 0.0
328 268 0.0
328 269 0.0
328 270 0.0
328 271 6.21886679809e-06
328 272 0.0
328 273 0.0
328 274 0.0
328 275 6.21886679809e-06
328 276 0.0
328 277 2.48754671924e-05
328 278 0.0
328 279 6.21886679809e-06
328 280 0.0
328 281 0.0
328 282 0.0
328 283 0.0
328 284 0.0
328 285 0.0
328 286 0.0
328 287 0.0
328 288 0.0
328 289 0.0
328 290 0.0
328 291 0.0
328 292 0.0
328 293 0.0
328 294 0.0
328 295 0.0
328 296 0.0
328 297 0.0
328 298 0.0
328 299 0.0
328 300 0.0
328 301 0.0
328 302 0.0
328 303 6.21886679809e-06
328 304 0.0
328 305 0.0
328 306 0.0
328 307 6.21886679809e-06
328 308 0.0
328 309 0.0
328 310 0.0
328 311 6.21886679809e-06
328 312 0.0
328 313 6.21886679809e-06
328 314 0.0
328 315 6.21886679809e-06
328 316 0.0
328 317 0.0
328 318 0.0
328 319 0.0
328 320 0.0
328 321 0.0
328 322 0.0
328 323 0.0
328 324 0.0
328 325 0.0
328 326 0.0
328 327 0.0
328 328 0.0
328 329 0.0
328 330 0.0
328 331 0.0
328 332 0.0
328 333 6.21886679809e-06
328 334 0.0
328 335 2.48754671924e-05
328 336 0.0
328 337 0.0
328 338 0.0
328 339 6.21886679809e-06
328 340 0.0
328 341 0.000503728210645
328 342 0.0
328 343 0.000895516818925
328 344 0.0
328 345 0.000155471669952
328 346 0.0
328 347 5.59698011828e-05
328 348 0.0
328 349 0.000503728210645
328 350 0.0
328 351 0.000398007475078
328 352 0.0
328 353 9.95018687695e-05
328 354 0.0
328 355 0.0
328 356 0.0
328 357 0.0
328 358 0.0
328 359 0.0
328 360 0.0
328 361 0.0
328 362 0.0
328 363 2.48754671924e-05
328 364 0.0
328 365 6.21886679809e-06
328 366 0.0
328 367 0.000304724473107
328 368 0.0
328 369 0.000155471669952
328 370 0.0
328 371 0.000398007475078
328 372 0.0
328 373 0.000155471669952
328 374 0.0
328 375 9.95018687695e-05
328 376 0.0
328 377 2.48754671924e-05
328 378 0.0
328 379 0.0
328 380 0.0
328 381 5.59698011828e-05
328 382 0.0
328 383 5.59698011828e-05
328 384 0.0
328 385 5.59698011828e-05
328 386 0.0
328 387 5.59698011828e-05
328 388 0.0
328 389 6.21886679809e-06
328 390 0.0
328 391 5.59698011828e-05
328 392 0.0
328 393 6.21886679809e-06
328 394 0.0
328 395 5.59698011828e-05
328 396 0.0
328 397 5.59698011828e-05
328 398 0.0
328 399 2.48754671924e-05
328 400 0.0
329 0 0.0
329 1 2.48754671924e-05
329 2 0.0
329 3 2.48754671924e-05
329 4 0.0
329 5 0.000155471669952
329 6 0.0
329 7 0.000223879204731
329 8 0.0
329 9 2.48754671924e-05
329 10 0.0
329 11 0.000503728210645
329 12 0.0
329 13 5.59698011828e-05
329 14 0.0
329 15 2.48754671924e-05
329 16 0.0
329 17 0.000155471669952
329 18 0.0
329 19 6.21886679809e-06
329 20 0.0
329 21 2.48754671924e-05
329 22 0.0
329 23 6.21886679809e-06
329 24 0.0
329 25 6.21886679809e-06
329 26 0.0
329 27 6.21886679809e-06
329 28 0.0
329 29 0.000304724473107
329 30 0.0
329 31 9.95018687695e-05
329 32 0.0
329 33 2.48754671924e-05
329 34 0.0
329 35 0.0
329 36 0.0
329 37 0.000621886679809
329 38 0.0
329 39 0.000304724473107
329 40 0.0
329 41 0.0
329 42 0.0
329 43 2.48754671924e-05
329 44 0.0
329 45 0.0
329 46 0.0
329 47 6.21886679809e-06
329 48 0.0
329 49 0.0
329 50 0.0
329 51 0.0
329 52 0.0
329 53 0.0
329 54 0.0
329 55 0.0
329 56 0.0
329 57 6.21886679809e-06
329 58 5.59698011828e-05
329 59 0.000398007475078
329 60 0.0
329 61 0.000621886679809
329 62 6.21886679809e-06
329 63 0.000752482882569
329 64 9.95018687695e-05
329 65 0.000223879204731
329 66 5.59698011828e-05
329 67 0.000155471669952
329 68 5.59698011828e-05
329 69 0.000304724473107
329 70 9.95018687695e-05
329 71 2.48754671924e-05
329 72 0.000223879204731
329 73 0.000155471669952
329 74 0.000155471669952
329 75 0.000155471669952
329 76 0.000223879204731
329 77 0.000223879204731
329 78 0.000155471669952
329 79 0.000155471669952
329 80 0.000155471669952
329 81 0.000155471669952
329 82 0.000155471669952
329 83 0.000155471669952
329 84 0.000155471669952
329 85 9.95018687695e-05
329 86 9.95018687695e-05
329 87 9.95018687695e-05
329 88 9.95018687695e-05
329 89 5.59698011828e-05
329 90 9.95018687695e-05
329 91 9.95018687695e-05
329 92 0.000155471669952
329 93 0.000155471669952
329 94 0.000155471669952
329 95 9.95018687695e-05
329 96 0.000155471669952
329 97 0.000155471669952
329 98 0.000155471669952
329 99 0.000155471669952
329 100 0.000155471669952
329 101 0.000155471669952
329 102 0.000155471669952
329 103 0.000155471669952
329 104 0.000155471669952
329 105 9.95018687695e-05
329 106 0.000155471669952
329 107 0.000155471669952
329 108 0.000223879204731
329 109 0.000155471669952
329 110 0.000223879204731
329 111 0.000223879204731
329 112 0.000223879204731
329 113 9.95018687695e-05
329 114 0.0
329 115 0.0
329 116 0.0
329 117 0.0
329 118 0.0
329 119 0.0
329 120 0.0
329 121 5.59698011828e-05
329 122 0.000155471669952
329 123 0.000155471669952
329 124 0.000155471669952
329 125 9.95018687695e-05
329 126 0.000155471669952
329 127 0.000155471669952
329 128 0.000155471669952
329 129 0.000155471669952
329 130 0.000223879204731
329 131 0.000223879204731
329 132 0.000223879204731
329 133 0.000223879204731
329 134 0.000223879204731
329 135 0.000223879204731
329 136 0.000223879204731
329 137 0.000223879204731
329 138 0.000223879204731
329 139 0.000223879204731
329 140 0.000223879204731
329 141 0.000155471669952
329 142 9.95018687695e-05
329 143 9.95018687695e-05
329 144 0.000155471669952
329 145 0.000155471669952
329 146 0.000155471669952
329 147 0.000155471669952
329 148 0.000155471669952
329 149 0.000155471669952
329 150 0.000155471669952
329 151 0.000155471669952
329 152 0.000155471669952
329 153 0.000155471669952
329 154 0.000155471669952
329 155 0.000155471669952
329 156 0.000155471669952
329 157 0.000155471669952
329 158 0.000155471669952
329 159 0.000155471669952
329 160 0.000155471669952
329 161 0.000155471669952
329 162 0.000155471669952
329 163 0.000155471669952
329 164 0.000155471669952
329 165 0.000155471669952
329 166 0.000155471669952
329 167 0.000155471669952
329 168 0.000155471669952
329 169 9.95018687695e-05
329 170 0.000155471669952
329 171 5.59698011828e-05
329 172 9.95018687695e-05
329 173 9.95018687695e-05
329 174 9.95018687695e-05
329 175 5.59698011828e-05
329 176 9.95018687695e-05
329 177 9.95018687695e-05
329 178 0.000223879204731
329 179 0.000223879204731
329 180 0.000223879204731
329 181 0.000155471669952
329 182 0.000223879204731
329 183 0.000223879204731
329 184 0.000223879204731
329 185 0.000155471669952
329 186 0.000155471669952
329 187 0.000155471669952
329 188 0.000155471669952
329 189 0.000155471669952
329 190 0.000155471669952
329 191 0.000155471669952
329 192 0.000155471669952
329 193 0.000155471669952
329 194 0.000155471669952
329 195 0.000155471669952
329 196 0.000155471669952
329 197 0.000155471669952
329 198 0.000155471669952
329 199 0.000155471669952
329 200 0.000155471669952
329 201 0.000155471669952
329 202 0.000155471669952
329 203 0.000155471669952
329 204 0.000155471669952
329 205 0.000155471669952
329 206 0.000155471669952
329 207 0.000155471669952
329 208 0.000155471669952
329 209 0.000155471669952
329 210 0.000155471669952
329 211 9.95018687695e-05
329 212 0.000155471669952
329 213 0.000155471669952
329 214 0.000223879204731
329 215 0.000223879204731
329 216 0.000223879204731
329 217 0.000155471669952
329 218 0.000223879204731
329 219 0.000223879204731
329 220 0.000223879204731
329 221 0.000223879204731
329 222 0.000155471669952
329 223 0.000155471669952
329 224 0.000155471669952
329 225 0.000155471669952
329 226 0.000155471669952
329 227 0.000155471669952
329 228 0.000155471669952
329 229 0.000155471669952
329 230 0.000155471669952
329 231 0.000155471669952
329 232 0.000155471669952
329 233 0.000155471669952
329 234 0.000155471669952
329 235 0.000155471669952
329 236 0.000155471669952
329 237 0.000155471669952
329 238 0.000155471669952
329 239 0.000155471669952
329 240 0.000155471669952
329 241 0.000155471669952
329 242 0.000155471669952
329 243 0.000155471669952
329 244 0.000155471669952
329 245 0.000155471669952
329 246 0.000155471669952
329 247 0.000155471669952
329 248 0.000155471669952
329 249 0.000155471669952
329 250 0.000155471669952
329 251 0.000155471669952
329 252 0.000155471669952
329 253 0.000155471669952
329 254 0.000155471669952
329 255 0.000155471669952
329 256 0.000155471669952
329 257 0.000155471669952
329 258 0.000155471669952
329 259 0.000155471669952
329 260 0.000155471669952
329 261 0.000155471669952
329 262 0.000155471669952
329 263 0.000155471669952
329 264 0.000155471669952
329 265 0.000155471669952
329 266 0.000155471669952
329 267 0.000155471669952
329 268 0.000155471669952
329 269 0.000155471669952
329 270 0.000155471669952
329 271 0.000155471669952
329 272 0.000223879204731
329 273 0.000223879204731
329 274 0.000223879204731
329 275 0.000155471669952
329 276 0.000223879204731
329 277 9.95018687695e-05
329 278 0.000155471669952
329 279 9.95018687695e-05
329 280 0.000155471669952
329 281 0.000155471669952
329 282 0.000155471669952
329 283 0.000155471669952
329 284 0.000155471669952
329 285 0.000155471669952
329 286 0.000155471669952
329 287 0.000155471669952
329 288 0.000155471669952
329 289 0.000155471669952
329 290 0.000155471669952
329 291 0.000155471669952
329 292 0.000155471669952
329 293 0.000155471669952
329 294 0.000155471669952
329 295 0.000155471669952
329 296 0.000155471669952
329 297 0.000155471669952
329 298 0.000155471669952
329 299 0.000155471669952
329 300 0.000155471669952
329 301 0.000155471669952
329 302 0.000155471669952
329 303 0.000155471669952
329 304 0.000155471669952
329 305 0.000155471669952
329 306 9.95018687695e-05
329 307 0.000155471669952
329 308 0.000223879204731
329 309 0.000223879204731
329 310 0.000223879204731
329 311 0.000155471669952
329 312 0.000223879204731
329 313 9.95018687695e-05
329 314 0.000155471669952
329 315 9.95018687695e-05
329 316 0.000155471669952
329 317 0.000155471669952
329 318 0.000155471669952
329 319 0.000155471669952
329 320 0.000155471669952
329 321 0.000155471669952
329 322 0.000155471669952
329 323 0.000155471669952
329 324 0.000155471669952
329 325 0.000155471669952
329 326 0.000155471669952
329 327 0.000155471669952
329 328 0.000155471669952
329 329 0.000155471669952
329 330 0.000155471669952
329 331 0.000155471669952
329 332 0.000155471669952
329 333 9.95018687695e-05
329 334 0.000155471669952
329 335 9.95018687695e-05
329 336 0.000223879204731
329 337 9.95018687695e-05
329 338 0.000155471669952
329 339 0.000155471669952
329 340 0.000155471669952
329 341 0.0
329 342 5.59698011828e-05
329 343 0.000304724473107
329 344 5.59698011828e-05
329 345 0.000223879204731
329 346 2.48754671924e-05
329 347 6.21886679809e-06
329 348 0.0
329 349 0.000621886679809
329 350 2.48754671924e-05
329 351 0.000223879204731
329 352 9.95018687695e-05
329 353 9.95018687695e-05
329 354 0.0
329 355 0.0
329 356 0.0
329 357 0.0
329 358 0.0
329 359 0.0
329 360 0.0
329 361 0.0
329 362 0.0
329 363 2.48754671924e-05
329 364 0.0
329 365 6.21886679809e-06
329 366 0.0
329 367 0.000304724473107
329 368 0.0
329 369 0.000155471669952
329 370 0.0
329 371 0.000398007475078
329 372 0.0
329 373 0.000155471669952
329 374 0.0
329 375 9.95018687695e-05
329 376 0.0
329 377 2.48754671924e-05
329 378 0.0
329 379 0.0
329 380 0.0
329 381 5.59698011828e-05
329 382 0.0
329 383 5.59698011828e-05
329 384 0.0
329 385 2.48754671924e-05
329 386 6.21886679809e-06
329 387 5.59698011828e-05
329 388 0.0
329 389 6.21886679809e-06
329 390 0.0
329 391 5.59698011828e-05
329 392 0.0
329 393 6.21886679809e-06
329 394 0.0
329 395 5.59698011828e-05
329 396 0.0
329 397 5.59698011828e-05
329 398 0.0
329 399 2.48754671924e-05
329 400 0.0
330 0 0.0
330 1 2.48754671924e-05
330 2 0.0
330 3 2.48754671924e-05
330 4 0.0
330 5 0.000155471669952
330 6 0.0
330 7 0.000223879204731
330 8 0.0
330 9 2.48754671924e-05
330 10 0.0
330 11 0.000503728210645
330 12 0.0
330 13 5.59698011828e-05
330 14 0.0
330 15 2.48754671924e-05
330 16 0.0
330 17 0.000155471669952
330 18 0.0
330 19 6.21886679809e-06
330 20 0.0
330 21 2.48754671924e-05
330 22 0.0
330 23 6.21886679809e-06
330 24 0.0
330 25 6.21886679809e-06
330 26 0.0
330 27 6.21886679809e-06
330 28 0.0
330 29 0.000304724473107
330 30 0.0
330 31 9.95018687695e-05
330 32 0.0
330 33 2.48754671924e-05
330 34 0.0
330 35 0.0
330 36 0.0
330 37 0.000621886679809
330 38 0.0
330 39 0.000304724473107
330 40 0.0
330 41 0.0
330 42 0.0
330 43 2.48754671924e-05
330 44 0.0
330 45 0.0
330 46 0.0
330 47 6.21886679809e-06
330 48 0.0
330 49 0.0
330 50 0.0
330 51 0.0
330 52 0.0
330 53 0.0
330 54 0.0
330 55 6.21886679809e-06
330 56 0.0
330 57 0.0
330 58 0.0
330 59 0.000223879204731
330 60 0.0
330 61 0.000752482882569
330 62 0.0
330 63 0.000621886679809
330 64 0.0
330 65 0.000223879204731
330 66 0.0
330 67 5.59698011828e-05
330 68 0.0
330 69 5.59698011828e-05
330 70 0.0
330 71 6.21886679809e-06
330 72 0.0
330 73 6.21886679809e-06
330 74 0.0
330 75 0.0
330 76 0.0
330 77 0.0
330 78 0.0
330 79 0.0
330 80 0.0
330 81 0.0
330 82 0.0
330 83 0.0
330 84 0.0
330 85 6.21886679809e-06
330 86 0.0
330 87 6.21886679809e-06
330 88 0.0
330 89 0.0
330 90 0.0
330 91 6.21886679809e-06
330 92 0.0
330 93 6.21886679809e-06
330 94 0.0
330 95 0.0
330 96 0.0
330 97 0.0
330 98 0.0
330 99 0.0
330 100 0.0
330 101 0.0
330 102 0.0
330 103 6.21886679809e-06
330 104 0.0
330 105 0.0
330 106 0.0
330 107 0.0
330 108 0.0
330 109 6.21886679809e-06
330 110 0.0
330 111 0.0
330 112 0.0
330 113 6.21886679809e-06
330 114 0.0
330 115 0.0
330 116 0.0
330 117 0.0
330 118 0.0
330 119 0.0
330 120 0.0
330 121 6.21886679809e-06
330 122 0.0
330 123 0.0
330 124 0.0
330 125 6.21886679809e-06
330 126 0.0
330 127 0.0
330 128 0.0
330 129 0.0
330 130 0.0
330 131 6.21886679809e-06
330 132 0.0
330 133 0.0
330 134 0.0
330 135 0.0
330 136 0.0
330 137 0.0
330 138 0.0
330 139 0.0
330 140 0.0
330 141 6.21886679809e-06
330 142 0.0
330 143 6.21886679809e-06
330 144 0.0
330 145 0.0
330 146 0.0
330 147 0.0
330 148 0.0
330 149 0.0
330 150 0.0
330 151 0.0
330 152 0.0
330 153 0.0
330 154 0.0
330 155 0.0
330 156 0.0
330 157 0.0
330 158 0.0
330 159 0.0
330 160 0.0
330 161 0.0
330 162 0.0
330 163 0.0
330 164 0.0
330 165 0.0
330 166 0.0
330 167 0.0
330 168 0.0
330 169 0.0
330 170 0.0
330 171 0.0
330 172 0.0
330 173 6.21886679809e-06
330 174 0.0
330 175 6.21886679809e-06
330 176 0.0
330 177 0.0
330 178 0.0
330 179 0.0
330 180 0.0
330 181 6.21886679809e-06
330 182 0.0
330 183 0.0
330 184 0.0
330 185 0.0
330 186 0.0
330 187 0.0
330 188 0.0
330 189 0.0
330 190 0.0
330 191 0.0
330 192 0.0
330 193 0.0
330 194 0.0
330 195 0.0
330 196 0.0
330 197 0.0
330 198 0.0
330 199 0.0
330 200 0.0
330 201 0.0
330 202 0.0
330 203 0.0
330 204 0.0
330 205 0.0
330 206 0.0
330 207 0.0
330 208 0.0
330 209 0.0
330 210 0.0
330 211 6.21886679809e-06
330 212 0.0
330 213 0.0
330 214 0.0
330 215 0.0
330 216 0.0
330 217 6.21886679809e-06
330 218 0.0
330 219 0.0
330 220 0.0
330 221 0.0
330 222 0.0
330 223 0.0
330 224 0.0
330 225 0.0
330 226 0.0
330 227 0.0
330 228 0.0
330 229 0.0
330 230 0.0
330 231 0.0
330 232 0.0
330 233 0.0
330 234 0.0
330 235 0.0
330 236 0.0
330 237 0.0
330 238 0.0
330 239 0.0
330 240 0.0
330 241 0.0
330 242 0.0
330 243 0.0
330 244 0.0
330 245 0.0
330 246 0.0
330 247 0.0
330 248 0.0
330 249 0.0
330 250 0.0
330 251 0.0
330 252 0.0
330 253 0.0
330 254 0.0
330 255 0.0
330 256 0.0
330 257 0.0
330 258 0.0
330 259 0.0
330 260 0.0
330 261 0.0
330 262 0.0
330 263 0.0
330 264 0.0
330 265 0.0
330 266 0.0
330 267 0.0
330 268 0.0
330 269 0.0
330 270 0.0
330 271 6.21886679809e-06
330 272 0.0
330 273 0.0
330 274 0.0
330 275 6.21886679809e-06
330 276 0.0
330 277 6.21886679809e-06
330 278 0.0
330 279 6.21886679809e-06
330 280 0.0
330 281 0.0
330 282 0.0
330 283 0.0
330 284 0.0
330 285 0.0
330 286 0.0
330 287 0.0
330 288 0.0
330 289 0.0
330 290 0.0
330 291 0.0
330 292 0.0
330 293 0.0
330 294 0.0
330 295 0.0
330 296 0.0
330 297 0.0
330 298 0.0
330 299 0.0
330 300 0.0
330 301 0.0
330 302 0.0
330 303 0.0
330 304 0.0
330 305 0.0
330 306 0.0
330 307 6.21886679809e-06
330 308 0.0
330 309 0.0
330 310 0.0
330 311 6.21886679809e-06
330 312 0.0
330 313 0.0
330 314 0.0
330 315 6.21886679809e-06
330 316 0.0
330 317 0.0
330 318 0.0
330 319 0.0
330 320 0.0
330 321 0.0
330 322 0.0
330 323 0.0
330 324 0.0
330 325 0.0
330 326 0.0
330 327 0.0
330 328 0.0
330 329 0.0
330 330 0.0
330 331 0.0
330 332 0.0
330 333 6.21886679809e-06
330 334 0.0
330 335 6.21886679809e-06
330 336 0.0
330 337 6.21886679809e-06
330 338 0.0
330 339 0.0
330 340 0.0
330 341 5.59698011828e-05
330 342 0.0
330 343 9.95018687695e-05
330 344 0.0
330 345 6.21886679809e-06
330 346 0.0
330 347 2.48754671924e-05
330 348 0.0
330 349 0.000503728210645
330 350 0.0
330 351 0.000398007475078
330 352 0.0
330 353 0.0
330 354 0.0
330 355 0.0
330 356 0.0
330 357 0.0
330 358 0.0
330 359 0.0
330 360 0.0
330 361 0.0
330 362 0.0
330 363 2.48754671924e-05
330 364 0.0
330 365 6.21886679809e-06
330 366 0.0
330 367 0.000304724473107
330 368 0.0
330 369 0.000155471669952
330 370 0.0
330 371 0.000398007475078
330 372 0.0
330 373 0.000155471669952
330 374 0.0
330 375 9.95018687695e-05
330 376 0.0
330 377 2.48754671924e-05
330 378 0.0
330 379 0.0
330 380 0.0
330 381 5.59698011828e-05
330 382 0.0
330 383 5.59698011828e-05
330 384 0.0
330 385 5.59698011828e-05
330 386 0.0
330 387 5.59698011828e-05
330 388 0.0
330 389 6.21886679809e-06
330 390 0.0
330 391 5.59698011828e-05
330 392 0.0
330 393 6.21886679809e-06
330 394 0.0
330 395 5.59698011828e-05
330 396 0.0
330 397 5.59698011828e-05
330 398 0.0
330 399 2.48754671924e-05
330 400 0.0
331 0 0.0
331 1 2.48754671924e-05
331 2 0.0
331 3 2.48754671924e-05
331 4 0.0
331 5 0.000155471669952
331 6 0.0
331 7 0.000223879204731
331 8 0.0
331 9 2.48754671924e-05
331 10 0.0
331 11 0.000503728210645
331 12 0.0
331 13 5.59698011828e-05
331 14 0.0
331 15 5.59698011828e-05
331 16 6.21886679809e-06
331 17 5.59698011828e-05
331 18 6.21886679809e-06
331 19 6.21886679809e-06
331 20 0.0
331 21 6.21886679809e-06
331 22 0.0
331 23 6.21886679809e-06
331 24 0.0
331 25 6.21886679809e-06
331 26 0.0
331 27 6.21886679809e-06
331 28 0.0
331 29 0.000304724473107
331 30 0.0
331 31 9.95018687695e-05
331 32 0.0
331 33 2.48754671924e-05
331 34 0.0
331 35 0.0
331 36 6.21886679809e-06
331 37 0.000503728210645
331 38 6.21886679809e-06
331 39 0.000398007475078
331 40 6.21886679809e-06
331 41 6.21886679809e-06
331 42 6.21886679809e-06
331 43 2.48754671924e-05
331 44 0.0
331 45 0.0
331 46 0.0
331 47 6.21886679809e-06
331 48 0.0
331 49 0.0
331 50 0.0
331 51 0.0
331 52 0.0
331 53 0.0
331 54 0.0
331 55 6.21886679809e-06
331 56 0.0
331 57 6.21886679809e-06
331 58 2.48754671924e-05
331 59 0.000223879204731
331 60 0.0
331 61 0.000895516818925
331 62 2.48754671924e-05
331 63 0.000895516818925
331 64 0.0
331 65 0.000223879204731
331 66 0.0
331 67 2.48754671924e-05
331 68 9.95018687695e-05
331 69 0.000155471669952
331 70 0.000503728210645
331 71 0.00121889789243
331 72 0.00121889789243
331 73 0.00121889789243
331 74 0.00139924502957
331 75 0.00121889789243
331 76 0.00121889789243
331 77 0.00121889789243
331 78 0.00139924502957
331 79 0.00139924502957
331 80 0.00139924502957
331 81 0.00139924502957
331 82 0.00139924502957
331 83 0.00139924502957
331 84 0.00139924502957
331 85 0.00105098848888
331 86 0.00121889789243
331 87 0.00105098848888
331 88 0.00121889789243
331 89 0.00121889789243
331 90 0.00121889789243
331 91 0.00105098848888
331 92 0.00121889789243
331 93 0.00105098848888
331 94 0.00139924502957
331 95 0.00139924502957
331 96 0.00139924502957
331 97 0.00139924502957
331 98 0.00139924502957
331 99 0.00139924502957
331 100 0.00139924502957
331 101 0.00139924502957
331 102 0.00139924502957
331 103 0.00121889789243
331 104 0.00139924502957
331 105 0.00139924502957
331 106 0.00139924502957
331 107 0.00139924502957
331 108 0.00121889789243
331 109 0.00121889789243
331 110 0.00121889789243
331 111 0.00105098848888
331 112 0.00121889789243
331 113 0.00121889789243
331 114 0.00139924502957
331 115 0.00139924502957
331 116 0.00139924502957
331 117 0.00139924502957
331 118 0.00139924502957
331 119 0.00139924502957
331 120 0.00139924502957
331 121 0.00139924502957
331 122 0.00139924502957
331 123 0.00139924502957
331 124 0.00139924502957
331 125 0.00139924502957
331 126 0.00139924502957
331 127 0.00139924502957
331 128 0.00121889789243
331 129 0.00121889789243
331 130 0.00121889789243
331 131 0.00121889789243
331 132 0.00121889789243
331 133 0.00121889789243
331 134 0.00121889789243
331 135 0.00121889789243
331 136 0.00121889789243
331 137 0.00121889789243
331 138 0.00121889789243
331 139 0.00121889789243
331 140 0.00121889789243
331 141 0.00121889789243
331 142 0.00121889789243
331 143 0.00139924502957
331 144 0.00139924502957
331 145 0.00139924502957
331 146 0.00139924502957
331 147 0.00139924502957
331 148 0.00139924502957
331 149 0.00139924502957
331 150 0.00139924502957
331 151 0.00139924502957
331 152 0.00139924502957
331 153 0.00139924502957
331 154 0.00139924502957
331 155 0.00139924502957
331 156 0.00139924502957
331 157 0.00139924502957
331 158 0.00139924502957
331 159 0.00139924502957
331 160 0.00139924502957
331 161 0.00139924502957
331 162 0.00139924502957
331 163 0.00139924502957
331 164 0.00139924502957
331 165 0.00139924502957
331 166 0.00139924502957
331 167 0.00139924502957
331 168 0.00139924502957
331 169 0.00139924502957
331 170 0.00139924502957
331 171 0.00139924502957
331 172 0.00139924502957
331 173 0.00121889789243
331 174 0.00139924502957
331 175 0.00121889789243
331 176 0.00139924502957
331 177 0.00139924502957
331 178 0.00139924502957
331 179 0.00121889789243
331 180 0.00121889789243
331 181 0.00121889789243
331 182 0.00121889789243
331 183 0.00121889789243
331 184 0.00121889789243
331 185 0.00121889789243
331 186 0.00139924502957
331 187 0.00139924502957
331 188 0.00139924502957
331 189 0.00139924502957
331 190 0.00139924502957
331 191 0.00139924502957
331 192 0.00139924502957
331 193 0.00139924502957
331 194 0.00139924502957
331 195 0.00139924502957
331 196 0.00139924502957
331 197 0.00139924502957
331 198 0.00139924502957
331 199 0.00139924502957
331 200 0.00139924502957
331 201 0.00139924502957
331 202 0.00139924502957
331 203 0.00139924502957
331 204 0.00139924502957
331 205 0.00139924502957
331 206 0.00139924502957
331 207 0.00139924502957
331 208 0.00139924502957
331 209 0.00139924502957
331 210 0.00139924502957
331 211 0.00139924502957
331 212 0.00139924502957
331 213 0.00139924502957
331 214 0.00121889789243
331 215 0.00121889789243
331 216 0.00121889789243
331 217 0.00121889789243
331 218 0.00121889789243
331 219 0.00121889789243
331 220 0.00121889789243
331 221 0.00139924502957
331 222 0.00139924502957
331 223 0.00139924502957
331 224 0.00139924502957
331 225 0.00139924502957
331 226 0.00139924502957
331 227 0.00139924502957
331 228 0.00139924502957
331 229 0.00139924502957
331 230 0.00139924502957
331 231 0.00139924502957
331 232 0.00139924502957
331 233 0.00139924502957
331 234 0.00139924502957
331 235 0.00139924502957
331 236 0.00139924502957
331 237 0.00139924502957
331 238 0.00139924502957
331 239 0.00139924502957
331 240 0.00139924502957
331 241 0.00139924502957
331 242 0.00139924502957
331 243 0.00139924502957
331 244 0.00139924502957
331 245 0.00139924502957
331 246 0.00139924502957
331 247 0.00139924502957
331 248 0.00139924502957
331 249 0.00139924502957
331 250 0.00139924502957
331 251 0.00139924502957
331 252 0.00139924502957
331 253 0.00139924502957
331 254 0.00139924502957
331 255 0.00139924502957
331 256 0.00139924502957
331 257 0.00139924502957
331 258 0.00139924502957
331 259 0.00139924502957
331 260 0.00139924502957
331 261 0.00139924502957
331 262 0.00139924502957
331 263 0.00139924502957
331 264 0.00139924502957
331 265 0.00139924502957
331 266 0.00139924502957
331 267 0.00139924502957
331 268 0.00139924502957
331 269 0.00139924502957
331 270 0.00139924502957
331 271 0.00121889789243
331 272 0.00121889789243
331 273 0.00121889789243
331 274 0.00121889789243
331 275 0.00121889789243
331 276 0.00121889789243
331 277 0.00121889789243
331 278 0.00139924502957
331 279 0.00139924502957
331 280 0.00139924502957
331 281 0.00139924502957
331 282 0.00139924502957
331 283 0.00139924502957
331 284 0.00139924502957
331 285 0.00139924502957
331 286 0.00139924502957
331 287 0.00139924502957
331 288 0.00139924502957
331 289 0.00139924502957
331 290 0.00139924502957
331 291 0.00139924502957
331 292 0.00139924502957
331 293 0.00139924502957
331 294 0.00139924502957
331 295 0.00139924502957
331 296 0.00139924502957
331 297 0.00139924502957
331 298 0.00139924502957
331 299 0.00139924502957
331 300 0.00139924502957
331 301 0.00139924502957
331 302 0.00139924502957
331 303 0.00139924502957
331 304 0.00139924502957
331 305 0.00139924502957
331 306 0.00121889789243
331 307 0.00121889789243
331 308 0.00121889789243
331 309 0.00121889789243
331 310 0.00121889789243
331 311 0.00121889789243
331 312 0.00121889789243
331 313 0.00121889789243
331 314 0.00139924502957
331 315 0.00139924502957
331 316 0.00139924502957
331 317 0.00139924502957
331 318 0.00139924502957
331 319 0.00139924502957
331 320 0.00139924502957
331 321 0.00139924502957
331 322 0.00139924502957
331 323 0.00139924502957
331 324 0.00139924502957
331 325 0.00139924502957
331 326 0.00139924502957
331 327 0.00139924502957
331 328 0.00139924502957
331 329 0.00139924502957
331 330 0.00139924502957
331 331 0.00139924502957
331 332 0.00139924502957
331 333 0.00121889789243
331 334 0.00139924502957
331 335 0.00105098848888
331 336 0.00121889789243
331 337 0.00121889789243
331 338 0.00121889789243
331 339 0.00121889789243
331 340 0.00121889789243
331 341 0.00121889789243
331 342 0.000621886679809
331 343 0.000155471669952
331 344 9.95018687695e-05
331 345 6.21886679809e-06
331 346 6.21886679809e-06
331 347 2.48754671924e-05
331 348 6.21886679809e-06
331 349 0.000223879204731
331 350 0.000304724473107
331 351 0.00121889789243
331 352 9.95018687695e-05
331 353 2.48754671924e-05
331 354 0.0
331 355 0.0
331 356 0.0
331 357 2.48754671924e-05
331 358 0.0
331 359 0.0
331 360 0.0
331 361 0.0
331 362 0.0
331 363 2.48754671924e-05
331 364 6.21886679809e-06
331 365 6.21886679809e-06
331 366 0.0
331 367 0.000304724473107
331 368 0.0
331 369 0.000155471669952
331 370 0.0
331 371 0.000398007475078
331 372 0.0
331 373 0.000155471669952
331 374 0.0
331 375 9.95018687695e-05
331 376 0.0
331 377 2.48754671924e-05
331 378 0.0
331 379 0.0
331 380 0.0
331 381 5.59698011828e-05
331 382 0.0
331 383 5.59698011828e-05
331 384 0.0
331 385 5.59698011828e-05
331 386 0.0
331 387 5.59698011828e-05
331 388 0.0
331 389 2.48754671924e-05
331 390 6.21886679809e-06
331 391 5.59698011828e-05
331 392 0.0
331 393 6.21886679809e-06
331 394 0.0
331 395 9.95018687695e-05
331 396 6.21886679809e-06
331 397 5.59698011828e-05
331 398 0.0
331 399 2.48754671924e-05
331 400 0.0
332 0 0.0
332 1 2.48754671924e-05
332 2 0.0
332 3 2.48754671924e-05
332 4 0.0
332 5 0.000155471669952
332 6 0.0
332 7 0.000223879204731
332 8 0.0
332 9 2.48754671924e-05
332 10 0.0
332 11 0.000503728210645
332 12 0.0
332 13 5.59698011828e-05
332 14 0.0
332 15 2.48754671924e-05
332 16 0.0
332 17 0.000155471669952
332 18 0.0
332 19 6.21886679809e-06
332 20 0.0
332 21 2.48754671924e-05
332 22 0.0
332 23 6.21886679809e-06
332 24 0.0
332 25 6.21886679809e-06
332 26 0.0
332 27 6.21886679809e-06
332 28 0.0
332 29 0.000304724473107
332 30 0.0
332 31 9.95018687695e-05
332 32 0.0
332 33 2.48754671924e-05
332 34 0.0
332 35 0.0
332 36 0.0
332 37 0.000621886679809
332 38 0.0
332 39 0.000304724473107
332 40 0.0
332 41 0.0
332 42 0.0
332 43 2.48754671924e-05
332 44 0.0
332 45 0.0
332 46 0.0
332 47 6.21886679809e-06
332 48 0.0
332 49 0.0
332 50 0.0
332 51 0.0
332 52 0.0
332 53 0.0
332 54 0.0
332 55 6.21886679809e-06
332 56 0.0
332 57 0.0
332 58 0.0
332 59 0.000155471669952
332 60 0.0
332 61 0.000752482882569
332 62 0.0
332 63 0.000895516818925
332 64 0.0
332 65 5.59698011828e-05
332 66 0.0
332 67 6.21886679809e-06
332 68 0.0
332 69 6.21886679809e-06
332 70 0.0
332 71 0.0
332 72 0.0
332 73 0.0
332 74 0.0
332 75 6.21886679809e-06
332 76 0.0
332 77 6.21886679809e-06
332 78 0.0
332 79 0.0
332 80 0.0
332 81 0.0
332 82 0.0
332 83 0.0
332 84 0.0
332 85 6.21886679809e-06
332 86 0.0
332 87 0.0
332 88 0.0
332 89 0.0
332 90 0.0
332 91 0.0
332 92 0.0
332 93 2.48754671924e-05
332 94 0.0
332 95 0.0
332 96 0.0
332 97 0.0
332 98 0.0
332 99 0.0
332 100 0.0
332 101 0.0
332 102 0.0
332 103 0.0
332 104 0.0
332 105 6.21886679809e-06
332 106 0.0
332 107 0.0
332 108 0.0
332 109 0.0
332 110 0.0
332 111 0.0
332 112 0.0
332 113 6.21886679809e-06
332 114 0.0
332 115 0.0
332 116 0.0
332 117 0.0
332 118 0.0
332 119 0.0
332 120 0.0
332 121 0.0
332 122 0.0
332 123 6.21886679809e-06
332 124 0.0
332 125 0.0
332 126 0.0
332 127 6.21886679809e-06
332 128 0.0
332 129 6.21886679809e-06
332 130 0.0
332 131 0.0
332 132 0.0
332 133 0.0
332 134 0.0
332 135 0.0
332 136 0.0
332 137 0.0
332 138 0.0
332 139 0.0
332 140 0.0
332 141 6.21886679809e-06
332 142 0.0
332 143 6.21886679809e-06
332 144 0.0
332 145 0.0
332 146 0.0
332 147 0.0
332 148 0.0
332 149 0.0
332 150 0.0
332 151 0.0
332 152 0.0
332 153 0.0
332 154 0.0
332 155 0.0
332 156 0.0
332 157 0.0
332 158 0.0
332 159 0.0
332 160 0.0
332 161 0.0
332 162 0.0
332 163 0.0
332 164 0.0
332 165 0.0
332 166 0.0
332 167 0.0
332 168 0.0
332 169 0.0
332 170 0.0
332 171 6.21886679809e-06
332 172 0.0
332 173 0.0
332 174 0.0
332 175 0.0
332 176 0.0
332 177 0.0
332 178 0.0
332 179 0.0
332 180 0.0
332 181 0.0
332 182 0.0
332 183 6.21886679809e-06
332 184 0.0
332 185 0.0
332 186 0.0
332 187 0.0
332 188 0.0
332 189 0.0
332 190 0.0
332 191 0.0
332 192 0.0
332 193 0.0
332 194 0.0
332 195 0.0
332 196 0.0
332 197 0.0
332 198 0.0
332 199 0.0
332 200 0.0
332 201 0.0
332 202 0.0
332 203 0.0
332 204 0.0
332 205 0.0
332 206 0.0
332 207 0.0
332 208 0.0
332 209 0.0
332 210 0.0
332 211 0.0
332 212 0.0
332 213 0.0
332 214 0.0
332 215 6.21886679809e-06
332 216 0.0
332 217 0.0
332 218 0.0
332 219 6.21886679809e-06
332 220 0.0
332 221 6.21886679809e-06
332 222 0.0
332 223 0.0
332 224 0.0
332 225 0.0
332 226 0.0
332 227 0.0
332 228 0.0
332 229 0.0
332 230 0.0
332 231 0.0
332 232 0.0
332 233 0.0
332 234 0.0
332 235 0.0
332 236 0.0
332 237 0.0
332 238 0.0
332 239 0.0
332 240 0.0
332 241 0.0
332 242 0.0
332 243 0.0
332 244 0.0
332 245 0.0
332 246 0.0
332 247 0.0
332 248 0.0
332 249 0.0
332 250 0.0
332 251 0.0
332 252 0.0
332 253 0.0
332 254 0.0
332 255 0.0
332 256 0.0
332 257 0.0
332 258 0.0
332 259 0.0
332 260 0.0
332 261 0.0
332 262 0.0
332 263 0.0
332 264 0.0
332 265 6.21886679809e-06
332 266 0.0
332 267 0.0
332 268 0.0
332 269 6.21886679809e-06
332 270 0.0
332 271 0.0
332 272 0.0
332 273 0.0
332 274 0.0
332 275 0.0
332 276 0.0
332 277 0.0
332 278 0.0
332 279 0.0
332 280 0.0
332 281 6.21886679809e-06
332 282 0.0
332 283 0.0
332 284 0.0
332 285 0.0
332 286 0.0
332 287 0.0
332 288 0.0
332 289 0.0
332 290 0.0
332 291 0.0
332 292 0.0
332 293 0.0
332 294 0.0
332 295 0.0
332 296 0.0
332 297 0.0
332 298 0.0
332 299 0.0
332 300 0.0
332 301 6.21886679809e-06
332 302 0.0
332 303 0.0
332 304 0.0
332 305 6.21886679809e-06
332 306 0.0
332 307 0.0
332 308 0.0
332 309 0.0
332 310 0.0
332 311 0.0
332 312 0.0
332 313 0.0
332 314 0.0
332 315 0.0
332 316 0.0
332 317 6.21886679809e-06
332 318 0.0
332 319 0.0
332 320 0.0
332 321 0.0
332 322 0.0
332 323 0.0
332 324 0.0
332 325 0.0
332 326 0.0
332 327 0.0
332 328 0.0
332 329 0.0
332 330 0.0
332 331 0.0
332 332 0.0
332 333 0.0
332 334 0.0
332 335 0.0
332 336 0.0
332 337 6.21886679809e-06
332 338 0.0
332 339 6.21886679809e-06
332 340 0.0
332 341 0.0
332 342 0.0
332 343 0.0
332 344 0.0
332 345 0.0
332 346 0.0
332 347 0.0
332 348 0.0
332 349 0.000895516818925
332 350 0.0
332 351 0.000621886679809
332 352 0.0
332 353 6.21886679809e-06
332 354 0.0
332 355 0.0
332 356 0.0
332 357 2.48754671924e-05
332 358 0.0
332 359 0.0
332 360 0.0
332 361 0.0
332 362 0.0
332 363 2.48754671924e-05
332 364 0.0
332 365 6.21886679809e-06
332 366 0.0
332 367 0.000304724473107
332 368 0.0
332 369 0.000155471669952
332 370 0.0
332 371 0.000398007475078
332 372 0.0
332 373 0.000155471669952
332 374 0.0
332 375 9.95018687695e-05
332 376 0.0
332 377 2.48754671924e-05
332 378 0.0
332 379 0.0
332 380 0.0
332 381 5.59698011828e-05
332 382 0.0
332 383 5.59698011828e-05
332 384 0.0
332 385 5.59698011828e-05
332 386 0.0
332 387 5.59698011828e-05
332 388 0.0
332 389 6.21886679809e-06
332 390 0.0
332 391 5.59698011828e-05
332 392 0.0
332 393 6.21886679809e-06
332 394 0.0
332 395 5.59698011828e-05
332 396 0.0
332 397 5.59698011828e-05
332 398 0.0
332 399 2.48754671924e-05
332 400 0.0
333 0 0.0
333 1 2.48754671924e-05
333 2 0.0
333 3 2.48754671924e-05
333 4 0.0
333 5 0.000155471669952
333 6 0.0
333 7 0.000223879204731
333 8 0.0
333 9 2.48754671924e-05
333 10 0.0
333 11 0.000503728210645
333 12 0.0
333 13 5.59698011828e-05
333 14 6.21886679809e-06
333 15 5.59698011828e-05
333 16 0.0
333 17 0.000155471669952
333 18 0.0
333 19 2.48754671924e-05
333 20 6.21886679809e-06
333 21 2.48754671924e-05
333 22 0.0
333 23 6.21886679809e-06
333 24 0.0
333 25 6.21886679809e-06
333 26 0.0
333 27 6.21886679809e-06
333 28 0.0
333 29 0.000304724473107
333 30 0.0
333 31 9.95018687695e-05
333 32 0.0
333 33 2.48754671924e-05
333 34 0.0
333 35 0.0
333 36 0.0
333 37 0.000621886679809
333 38 0.0
333 39 0.000304724473107
333 40 0.0
333 41 0.0
333 42 0.0
333 43 2.48754671924e-05
333 44 0.0
333 45 0.0
333 46 0.0
333 47 6.21886679809e-06
333 48 0.0
333 49 0.0
333 50 0.0
333 51 0.0
333 52 0.0
333 53 0.0
333 54 0.0
333 55 0.0
333 56 0.0
333 57 2.48754671924e-05
333 58 5.59698011828e-05
333 59 0.000223879204731
333 60 6.21886679809e-06
333 61 0.000398007475078
333 62 6.21886679809e-06
333 63 2.48754671924e-05
333 64 2.48754671924e-05
333 65 5.59698011828e-05
333 66 6.21886679809e-06
333 67 2.48754671924e-05
333 68 5.59698011828e-05
333 69 0.000155471669952
333 70 9.95018687695e-05
333 71 9.95018687695e-05
333 72 0.000304724473107
333 73 0.000304724473107
333 74 0.000304724473107
333 75 0.000304724473107
333 76 0.000304724473107
333 77 0.000223879204731
333 78 0.000223879204731
333 79 0.000223879204731
333 80 0.000223879204731
333 81 0.000223879204731
333 82 0.000223879204731
333 83 0.000223879204731
333 84 0.000223879204731
333 85 0.000223879204731
333 86 0.000304724473107
333 87 0.000304724473107
333 88 0.000304724473107
333 89 0.000223879204731
333 90 0.000304724473107
333 91 0.000304724473107
333 92 0.000304724473107
333 93 0.000304724473107
333 94 0.000304724473107
333 95 0.000223879204731
333 96 0.000304724473107
333 97 0.000304724473107
333 98 0.000304724473107
333 99 0.000223879204731
333 100 0.000223879204731
333 101 0.000155471669952
333 102 0.000223879204731
333 103 0.000155471669952
333 104 0.000223879204731
333 105 0.000223879204731
333 106 0.000304724473107
333 107 0.000398007475078
333 108 0.000398007475078
333 109 0.000304724473107
333 110 0.000398007475078
333 111 0.000398007475078
333 112 0.000398007475078
333 113 0.000304724473107
333 114 2.48754671924e-05
333 115 2.48754671924e-05
333 116 2.48754671924e-05
333 117 2.48754671924e-05
333 118 2.48754671924e-05
333 119 2.48754671924e-05
333 120 2.48754671924e-05
333 121 9.95018687695e-05
333 122 0.000223879204731
333 123 0.000223879204731
333 124 0.000223879204731
333 125 0.000155471669952
333 126 0.000223879204731
333 127 0.000304724473107
333 128 0.000304724473107
333 129 0.000304724473107
333 130 0.000304724473107
333 131 0.000223879204731
333 132 0.000304724473107
333 133 0.000304724473107
333 134 0.000304724473107
333 135 0.000304724473107
333 136 0.000304724473107
333 137 0.000304724473107
333 138 0.000304724473107
333 139 0.000223879204731
333 140 0.000304724473107
333 141 0.000304724473107
333 142 0.000304724473107
333 143 0.000304724473107
333 144 0.000304724473107
333 145 0.000304724473107
333 146 0.000304724473107
333 147 0.000304724473107
333 148 0.000304724473107
333 149 0.000304724473107
333 150 0.000304724473107
333 151 0.000304724473107
333 152 0.000304724473107
333 153 0.000304724473107
333 154 0.000304724473107
333 155 0.000304724473107
333 156 0.000304724473107
333 157 0.000304724473107
333 158 0.000304724473107
333 159 0.000304724473107
333 160 0.000304724473107
333 161 0.000304724473107
333 162 0.000304724473107
333 163 0.000304724473107
333 164 0.000304724473107
333 165 0.000304724473107
333 166 0.000304724473107
333 167 0.000304724473107
333 168 0.000304724473107
333 169 0.000223879204731
333 170 0.000304724473107
333 171 0.000223879204731
333 172 0.000304724473107
333 173 0.000304724473107
333 174 0.000304724473107
333 175 0.000304724473107
333 176 0.000304724473107
333 177 0.000304724473107
333 178 0.000304724473107
333 179 0.000304724473107
333 180 0.000304724473107
333 181 0.000223879204731
333 182 0.000304724473107
333 183 0.000304724473107
333 184 0.000304724473107
333 185 0.000304724473107
333 186 0.000223879204731
333 187 0.000223879204731
333 188 0.000223879204731
333 189 0.000223879204731
333 190 0.000223879204731
333 191 0.000223879204731
333 192 0.000223879204731
333 193 0.000223879204731
333 194 0.000304724473107
333 195 0.000304724473107
333 196 0.000304724473107
333 197 0.000223879204731
333 198 0.000304724473107
333 199 0.000304724473107
333 200 0.000304724473107
333 201 0.000304724473107
333 202 0.000304724473107
333 203 0.000304724473107
333 204 0.000304724473107
333 205 0.000304724473107
333 206 0.000304724473107
333 207 0.000304724473107
333 208 0.000304724473107
333 209 0.000304724473107
333 210 0.000304724473107
333 211 0.000223879204731
333 212 0.000304724473107
333 213 0.000304724473107
333 214 0.000304724473107
333 215 0.000304724473107
333 216 0.000304724473107
333 217 0.000223879204731
333 218 0.000304724473107
333 219 0.000304724473107
333 220 0.000304724473107
333 221 0.000304724473107
333 222 0.000304724473107
333 223 0.000304724473107
333 224 0.000304724473107
333 225 0.000304724473107
333 226 0.000304724473107
333 227 0.000304724473107
333 228 0.000304724473107
333 229 0.000304724473107
333 230 0.000304724473107
333 231 0.000304724473107
333 232 0.000304724473107
333 233 0.000304724473107
333 234 0.000304724473107
333 235 0.000304724473107
333 236 0.000304724473107
333 237 0.000304724473107
333 238 0.000304724473107
333 239 0.000304724473107
333 240 0.000304724473107
333 241 0.000223879204731
333 242 0.000223879204731
333 243 0.000155471669952
333 244 0.000223879204731
333 245 0.000223879204731
333 246 0.000223879204731
333 247 0.000155471669952
333 248 0.000223879204731
333 249 0.000223879204731
333 250 0.000304724473107
333 251 0.000304724473107
333 252 0.000304724473107
333 253 0.000304724473107
333 254 0.000304724473107
333 255 0.000304724473107
333 256 0.000304724473107
333 257 0.000304724473107
333 258 0.000304724473107
333 259 0.000304724473107
333 260 0.000304724473107
333 261 0.000304724473107
333 262 0.000304724473107
333 263 0.000304724473107
333 264 0.000304724473107
333 265 0.000304724473107
333 266 0.000304724473107
333 267 0.000304724473107
333 268 0.000304724473107
333 269 0.000304724473107
333 270 0.000304724473107
333 271 0.000223879204731
333 272 0.000304724473107
333 273 0.000304724473107
333 274 0.000304724473107
333 275 0.000223879204731
333 276 0.000304724473107
333 277 0.000223879204731
333 278 0.000304724473107
333 279 0.000223879204731
333 280 0.000304724473107
333 281 0.000304724473107
333 282 0.000304724473107
333 283 0.000304724473107
333 284 0.000304724473107
333 285 0.000304724473107
333 286 0.000304724473107
333 287 0.000304724473107
333 288 0.000304724473107
333 289 0.000304724473107
333 290 0.000304724473107
333 291 0.000304724473107
333 292 0.000304724473107
333 293 0.000304724473107
333 294 0.000304724473107
333 295 0.000223879204731
333 296 0.000304724473107
333 297 0.000304724473107
333 298 0.000304724473107
333 299 0.000223879204731
333 300 0.000223879204731
333 301 0.000223879204731
333 302 0.000223879204731
333 303 0.000155471669952
333 304 0.000223879204731
333 305 0.000223879204731
333 306 0.000398007475078
333 307 0.000304724473107
333 308 0.000304724473107
333 309 0.000304724473107
333 310 0.000304724473107
333 311 0.000304724473107
333 312 0.000304724473107
333 313 0.000223879204731
333 314 0.000304724473107
333 315 0.000223879204731
333 316 0.000304724473107
333 317 0.000304724473107
333 318 0.000304724473107
333 319 0.000304724473107
333 320 0.000304724473107
333 321 0.000223879204731
333 322 0.000223879204731
333 323 0.000155471669952
333 324 0.000223879204731
333 325 0.000155471669952
333 326 0.000223879204731
333 327 0.000223879204731
333 328 0.000304724473107
333 329 0.000304724473107
333 330 0.000304724473107
333 331 0.000223879204731
333 332 0.000304724473107
333 333 0.000304724473107
333 334 0.000304724473107
333 335 0.000304724473107
333 336 0.000304724473107
333 337 0.000304724473107
333 338 0.000304724473107
333 339 0.000223879204731
333 340 0.000304724473107
333 341 0.000304724473107
333 342 0.000503728210645
333 343 0.000398007475078
333 344 0.000398007475078
333 345 0.000223879204731
333 346 0.000223879204731
333 347 0.000155471669952
333 348 0.000155471669952
333 349 0.000398007475078
333 350 6.21886679809e-06
333 351 0.000621886679809
333 352 6.21886679809e-06
333 353 9.95018687695e-05
333 354 0.0
333 355 5.59698011828e-05
333 356 2.48754671924e-05
333 357 2.48754671924e-05
333 358 0.0
333 359 0.0
333 360 0.0
333 361 0.0
333 362 0.0
333 363 2.48754671924e-05
333 364 0.0
333 365 6.21886679809e-06
333 366 0.0
333 367 0.000304724473107
333 368 0.0
333 369 0.000155471669952
333 370 0.0
333 371 0.000398007475078
333 372 0.0
333 373 0.000155471669952
333 374 0.0
333 375 9.95018687695e-05
333 376 0.0
333 377 2.48754671924e-05
333 378 0.0
333 379 0.0
333 380 0.0
333 381 5.59698011828e-05
333 382 0.0
333 383 5.59698011828e-05
333 384 6.21886679809e-06
333 385 2.48754671924e-05
333 386 6.21886679809e-06
333 387 5.59698011828e-05
333 388 0.0
333 389 6.21886679809e-06
333 390 0.0
333 391 2.48754671924e-05
333 392 6.21886679809e-06
333 393 6.21886679809e-06
333 394 0.0
333 395 5.59698011828e-05
333 396 0.0
333 397 5.59698011828e-05
333 398 0.0
333 399 2.48754671924e-05
333 400 0.0
334 0 0.0
334 1 2.48754671924e-05
334 2 0.0
334 3 2.48754671924e-05
334 4 0.0
334 5 0.000155471669952
334 6 0.0
334 7 0.000223879204731
334 8 0.0
334 9 2.48754671924e-05
334 10 0.0
334 11 0.000503728210645
334 12 0.0
334 13 5.59698011828e-05
334 14 0.0
334 15 2.48754671924e-05
334 16 0.0
334 17 0.000155471669952
334 18 0.0
334 19 6.21886679809e-06
334 20 0.0
334 21 2.48754671924e-05
334 22 0.0
334 23 6.21886679809e-06
334 24 0.0
334 25 6.21886679809e-06
334 26 0.0
334 27 6.21886679809e-06
334 28 0.0
334 29 0.000304724473107
334 30 0.0
334 31 9.95018687695e-05
334 32 0.0
334 33 2.48754671924e-05
334 34 0.0
334 35 0.0
334 36 0.0
334 37 0.000621886679809
334 38 0.0
334 39 0.000304724473107
334 40 0.0
334 41 0.0
334 42 0.0
334 43 2.48754671924e-05
334 44 0.0
334 45 0.0
334 46 0.0
334 47 6.21886679809e-06
334 48 0.0
334 49 0.0
334 50 0.0
334 51 0.0
334 52 0.0
334 53 0.0
334 54 0.0
334 55 0.0
334 56 0.0
334 57 2.48754671924e-05
334 58 0.0
334 59 5.59698011828e-05
334 60 0.0
334 61 0.000155471669952
334 62 0.0
334 63 6.21886679809e-06
334 64 0.0
334 65 6.21886679809e-06
334 66 0.0
334 67 6.21886679809e-06
334 68 0.0
334 69 9.95018687695e-05
334 70 0.0
334 71 2.48754671924e-05
334 72 0.0
334 73 6.21886679809e-06
334 74 0.0
334 75 0.0
334 76 0.0
334 77 0.0
334 78 0.0
334 79 0.0
334 80 0.0
334 81 0.0
334 82 0.0
334 83 0.0
334 84 0.0
334 85 0.0
334 86 0.0
334 87 0.0
334 88 0.0
334 89 0.0
334 90 0.0
334 91 0.0
334 92 0.0
334 93 0.0
334 94 0.0
334 95 0.0
334 96 0.0
334 97 0.0
334 98 0.0
334 99 0.0
334 100 0.0
334 101 0.0
334 102 0.0
334 103 0.0
334 104 0.0
334 105 6.21886679809e-06
334 106 0.0
334 107 6.21886679809e-06
334 108 0.0
334 109 0.0
334 110 0.0
334 111 0.0
334 112 0.0
334 113 0.0
334 114 0.0
334 115 0.0
334 116 0.0
334 117 0.0
334 118 0.0
334 119 0.0
334 120 0.0
334 121 0.0
334 122 0.0
334 123 6.21886679809e-06
334 124 0.0
334 125 0.0
334 126 0.0
334 127 6.21886679809e-06
334 128 0.0
334 129 0.0
334 130 0.0
334 131 6.21886679809e-06
334 132 0.0
334 133 0.0
334 134 0.0
334 135 0.0
334 136 0.0
334 137 0.0
334 138 0.0
334 139 6.21886679809e-06
334 140 0.0
334 141 0.0
334 142 0.0
334 143 6.21886679809e-06
334 144 0.0
334 145 0.0
334 146 0.0
334 147 0.0
334 148 0.0
334 149 0.0
334 150 0.0
334 151 0.0
334 152 0.0
334 153 0.0
334 154 0.0
334 155 0.0
334 156 0.0
334 157 0.0
334 158 0.0
334 159 0.0
334 160 0.0
334 161 0.0
334 162 0.0
334 163 0.0
334 164 0.0
334 165 0.0
334 166 0.0
334 167 0.0
334 168 0.0
334 169 0.0
334 170 0.0
334 171 0.0
334 172 0.0
334 173 0.0
334 174 0.0
334 175 0.0
334 176 0.0
334 177 6.21886679809e-06
334 178 0.0
334 179 6.21886679809e-06
334 180 0.0
334 181 0.0
334 182 0.0
334 183 6.21886679809e-06
334 184 0.0
334 185 6.21886679809e-06
334 186 0.0
334 187 0.0
334 188 0.0
334 189 0.0
334 190 0.0
334 191 0.0
334 192 0.0
334 193 0.0
334 194 0.0
334 195 0.0
334 196 0.0
334 197 0.0
334 198 0.0
334 199 0.0
334 200 0.0
334 201 0.0
334 202 0.0
334 203 0.0
334 204 0.0
334 205 0.0
334 206 0.0
334 207 0.0
334 208 0.0
334 209 0.0
334 210 0.0
334 211 0.0
334 212 0.0
334 213 6.21886679809e-06
334 214 0.0
334 215 6.21886679809e-06
334 216 0.0
334 217 0.0
334 218 0.0
334 219 6.21886679809e-06
334 220 0.0
334 221 2.48754671924e-05
334 222 0.0
334 223 0.0
334 224 0.0
334 225 0.0
334 226 0.0
334 227 0.0
334 228 0.0
334 229 0.0
334 230 0.0
334 231 0.0
334 232 0.0
334 233 0.0
334 234 0.0
334 235 0.0
334 236 0.0
334 237 0.0
334 238 0.0
334 239 0.0
334 240 0.0
334 241 0.0
334 242 0.0
334 243 0.0
334 244 0.0
334 245 0.0
334 246 0.0
334 247 0.0
334 248 0.0
334 249 0.0
334 250 0.0
334 251 0.0
334 252 0.0
334 253 0.0
334 254 0.0
334 255 0.0
334 256 0.0
334 257 0.0
334 258 0.0
334 259 0.0
334 260 0.0
334 261 0.0
334 262 0.0
334 263 0.0
334 264 0.0
334 265 0.0
334 266 0.0
334 267 0.0
334 268 0.0
334 269 0.0
334 270 0.0
334 271 0.0
334 272 0.0
334 273 6.21886679809e-06
334 274 0.0
334 275 0.0
334 276 0.0
334 277 6.21886679809e-06
334 278 0.0
334 279 0.0
334 280 0.0
334 281 6.21886679809e-06
334 282 0.0
334 283 0.0
334 284 0.0
334 285 0.0
334 286 0.0
334 287 0.0
334 288 0.0
334 289 0.0
334 290 0.0
334 291 0.0
334 292 0.0
334 293 0.0
334 294 0.0
334 295 0.0
334 296 0.0
334 297 0.0
334 298 0.0
334 299 0.0
334 300 0.0
334 301 6.21886679809e-06
334 302 0.0
334 303 0.0
334 304 0.0
334 305 6.21886679809e-06
334 306 0.0
334 307 0.0
334 308 0.0
334 309 6.21886679809e-06
334 310 0.0
334 311 0.0
334 312 0.0
334 313 0.0
334 314 0.0
334 315 0.0
334 316 0.0
334 317 6.21886679809e-06
334 318 0.0
334 319 0.0
334 320 0.0
334 321 0.0
334 322 0.0
334 323 0.0
334 324 0.0
334 325 0.0
334 326 0.0
334 327 0.0
334 328 0.0
334 329 0.0
334 330 0.0
334 331 0.0
334 332 0.0
334 333 6.21886679809e-06
334 334 0.0
334 335 6.21886679809e-06
334 336 0.0
334 337 6.21886679809e-06
334 338 0.0
334 339 0.0
334 340 0.0
334 341 6.21886679809e-06
334 342 0.0
334 343 6.21886679809e-06
334 344 0.0
334 345 0.0
334 346 0.0
334 347 6.21886679809e-06
334 348 0.0
334 349 0.000503728210645
334 350 0.0
334 351 0.000503728210645
334 352 0.0
334 353 0.000155471669952
334 354 0.0
334 355 6.21886679809e-06
334 356 0.0
334 357 0.0
334 358 0.0
334 359 6.21886679809e-06
334 360 0.0
334 361 0.0
334 362 0.0
334 363 2.48754671924e-05
334 364 0.0
334 365 6.21886679809e-06
334 366 0.0
334 367 0.000304724473107
334 368 0.0
334 369 0.000155471669952
334 370 0.0
334 371 0.000398007475078
334 372 0.0
334 373 0.000155471669952
334 374 0.0
334 375 9.95018687695e-05
334 376 0.0
334 377 2.48754671924e-05
334 378 0.0
334 379 0.0
334 380 0.0
334 381 5.59698011828e-05
334 382 0.0
334 383 5.59698011828e-05
334 384 0.0
334 385 5.59698011828e-05
334 386 0.0
334 387 5.59698011828e-05
334 388 0.0
334 389 6.21886679809e-06
334 390 0.0
334 391 5.59698011828e-05
334 392 0.0
334 393 6.21886679809e-06
334 394 0.0
334 395 5.59698011828e-05
334 396 0.0
334 397 5.59698011828e-05
334 398 0.0
334 399 2.48754671924e-05
334 400 0.0
335 0 0.0
335 1 2.48754671924e-05
335 2 0.0
335 3 2.48754671924e-05
335 4 0.0
335 5 0.000155471669952
335 6 0.0
335 7 0.000223879204731
335 8 0.0
335 9 2.48754671924e-05
335 10 0.0
335 11 0.000503728210645
335 12 0.0
335 13 5.59698011828e-05
335 14 6.21886679809e-06
335 15 9.95018687695e-05
335 16 0.0
335 17 9.95018687695e-05
335 18 0.0
335 19 6.21886679809e-06
335 20 6.21886679809e-06
335 21 6.21886679809e-06
335 22 0.0
335 23 6.21886679809e-06
335 24 0.0
335 25 6.21886679809e-06
335 26 0.0
335 27 6.21886679809e-06
335 28 0.0
335 29 0.000304724473107
335 30 0.0
335 31 9.95018687695e-05
335 32 0.0
335 33 2.48754671924e-05
335 34 0.0
335 35 0.0
335 36 6.21886679809e-06
335 37 0.000621886679809
335 38 0.0
335 39 0.000223879204731
335 40 6.21886679809e-06
335 41 0.0
335 42 0.0
335 43 2.48754671924e-05
335 44 0.0
335 45 0.0
335 46 0.0
335 47 6.21886679809e-06
335 48 0.0
335 49 0.0
335 50 0.0
335 51 0.0
335 52 0.0
335 53 0.0
335 54 0.0
335 55 0.0
335 56 0.0
335 57 2.48754671924e-05
335 58 5.59698011828e-05
335 59 9.95018687695e-05
335 60 9.95018687695e-05
335 61 0.000304724473107
335 62 9.95018687695e-05
335 63 0.00274252025796
335 64 0.000304724473107
335 65 9.95018687695e-05
335 66 2.48754671924e-05
335 67 0.000155471669952
335 68 5.59698011828e-05
335 69 9.95018687695e-05
335 70 5.59698011828e-05
335 71 2.48754671924e-05
335 72 6.21886679809e-06
335 73 2.48754671924e-05
335 74 5.59698011828e-05
335 75 5.59698011828e-05
335 76 5.59698011828e-05
335 77 2.48754671924e-05
335 78 6.21886679809e-06
335 79 6.21886679809e-06
335 80 6.21886679809e-06
335 81 2.48754671924e-05
335 82 6.21886679809e-06
335 83 6.21886679809e-06
335 84 6.21886679809e-06
335 85 6.21886679809e-06
335 86 0.0
335 87 0.0
335 88 0.0
335 89 6.21886679809e-06
335 90 0.0
335 91 6.21886679809e-06
335 92 6.21886679809e-06
335 93 2.48754671924e-05
335 94 5.59698011828e-05
335 95 5.59698011828e-05
335 96 5.59698011828e-05
335 97 5.59698011828e-05
335 98 5.59698011828e-05
335 99 2.48754671924e-05
335 100 6.21886679809e-06
335 101 2.48754671924e-05
335 102 6.21886679809e-06
335 103 6.21886679809e-06
335 104 6.21886679809e-06
335 105 2.48754671924e-05
335 106 6.21886679809e-06
335 107 6.21886679809e-06
335 108 0.0
335 109 0.0
335 110 0.0
335 111 6.21886679809e-06
335 112 0.0
335 113 0.0
335 114 9.95018687695e-05
335 115 9.95018687695e-05
335 116 0.000155471669952
335 117 0.000155471669952
335 118 0.000155471669952
335 119 9.95018687695e-05
335 120 0.000155471669952
335 121 6.21886679809e-06
335 122 6.21886679809e-06
335 123 2.48754671924e-05
335 124 6.21886679809e-06
335 125 6.21886679809e-06
335 126 6.21886679809e-06
335 127 6.21886679809e-06
335 128 6.21886679809e-06
335 129 6.21886679809e-06
335 130 6.21886679809e-06
335 131 6.21886679809e-06
335 132 6.21886679809e-06
335 133 6.21886679809e-06
335 134 6.21886679809e-06
335 135 6.21886679809e-06
335 136 6.21886679809e-06
335 137 6.21886679809e-06
335 138 6.21886679809e-06
335 139 0.0
335 140 6.21886679809e-06
335 141 6.21886679809e-06
335 142 2.48754671924e-05
335 143 2.48754671924e-05
335 144 5.59698011828e-05
335 145 5.59698011828e-05
335 146 5.59698011828e-05
335 147 5.59698011828e-05
335 148 5.59698011828e-05
335 149 5.59698011828e-05
335 150 5.59698011828e-05
335 151 5.59698011828e-05
335 152 5.59698011828e-05
335 153 5.59698011828e-05
335 154 5.59698011828e-05
335 155 5.59698011828e-05
335 156 5.59698011828e-05
335 157 5.59698011828e-05
335 158 5.59698011828e-05
335 159 5.59698011828e-05
335 160 5.59698011828e-05
335 161 5.59698011828e-05
335 162 5.59698011828e-05
335 163 5.59698011828e-05
335 164 5.59698011828e-05
335 165 5.59698011828e-05
335 166 5.59698011828e-05
335 167 5.59698011828e-05
335 168 5.59698011828e-05
335 169 2.48754671924e-05
335 170 2.48754671924e-05
335 171 5.59698011828e-05
335 172 0.000155471669952
335 173 0.000155471669952
335 174 0.000155471669952
335 175 0.000155471669952
335 176 0.000155471669952
335 177 9.95018687695e-05
335 178 6.21886679809e-06
335 179 0.0
335 180 6.21886679809e-06
335 181 6.21886679809e-06
335 182 6.21886679809e-06
335 183 6.21886679809e-06
335 184 6.21886679809e-06
335 185 0.0
335 186 6.21886679809e-06
335 187 6.21886679809e-06
335 188 6.21886679809e-06
335 189 2.48754671924e-05
335 190 6.21886679809e-06
335 191 6.21886679809e-06
335 192 6.21886679809e-06
335 193 2.48754671924e-05
335 194 5.59698011828e-05
335 195 5.59698011828e-05
335 196 5.59698011828e-05
335 197 2.48754671924e-05
335 198 5.59698011828e-05
335 199 5.59698011828e-05
335 200 5.59698011828e-05
335 201 5.59698011828e-05
335 202 5.59698011828e-05
335 203 5.59698011828e-05
335 204 5.59698011828e-05
335 205 5.59698011828e-05
335 206 5.59698011828e-05
335 207 5.59698011828e-05
335 208 5.59698011828e-05
335 209 5.59698011828e-05
335 210 5.59698011828e-05
335 211 5.59698011828e-05
335 212 5.59698011828e-05
335 213 6.21886679809e-06
335 214 2.48754671924e-05
335 215 5.59698011828e-05
335 216 2.48754671924e-05
335 217 2.48754671924e-05
335 218 2.48754671924e-05
335 219 5.59698011828e-05
335 220 2.48754671924e-05
335 221 6.21886679809e-06
335 222 5.59698011828e-05
335 223 5.59698011828e-05
335 224 5.59698011828e-05
335 225 5.59698011828e-05
335 226 5.59698011828e-05
335 227 5.59698011828e-05
335 228 5.59698011828e-05
335 229 5.59698011828e-05
335 230 5.59698011828e-05
335 231 5.59698011828e-05
335 232 5.59698011828e-05
335 233 5.59698011828e-05
335 234 5.59698011828e-05
335 235 5.59698011828e-05
335 236 5.59698011828e-05
335 237 5.59698011828e-05
335 238 5.59698011828e-05
335 239 5.59698011828e-05
335 240 5.59698011828e-05
335 241 2.48754671924e-05
335 242 6.21886679809e-06
335 243 6.21886679809e-06
335 244 6.21886679809e-06
335 245 2.48754671924e-05
335 246 6.21886679809e-06
335 247 2.48754671924e-05
335 248 6.21886679809e-06
335 249 0.0
335 250 5.59698011828e-05
335 251 5.59698011828e-05
335 252 5.59698011828e-05
335 253 5.59698011828e-05
335 254 5.59698011828e-05
335 255 5.59698011828e-05
335 256 5.59698011828e-05
335 257 5.59698011828e-05
335 258 5.59698011828e-05
335 259 5.59698011828e-05
335 260 5.59698011828e-05
335 261 5.59698011828e-05
335 262 5.59698011828e-05
335 263 5.59698011828e-05
335 264 5.59698011828e-05
335 265 5.59698011828e-05
335 266 5.59698011828e-05
335 267 5.59698011828e-05
335 268 5.59698011828e-05
335 269 5.59698011828e-05
335 270 5.59698011828e-05
335 271 6.21886679809e-06
335 272 6.21886679809e-06
335 273 0.0
335 274 6.21886679809e-06
335 275 6.21886679809e-06
335 276 6.21886679809e-06
335 277 2.48754671924e-05
335 278 5.59698011828e-05
335 279 5.59698011828e-05
335 280 5.59698011828e-05
335 281 2.48754671924e-05
335 282 5.59698011828e-05
335 283 5.59698011828e-05
335 284 5.59698011828e-05
335 285 5.59698011828e-05
335 286 5.59698011828e-05
335 287 5.59698011828e-05
335 288 5.59698011828e-05
335 289 5.59698011828e-05
335 290 5.59698011828e-05
335 291 5.59698011828e-05
335 292 5.59698011828e-05
335 293 5.59698011828e-05
335 294 5.59698011828e-05
335 295 2.48754671924e-05
335 296 5.59698011828e-05
335 297 5.59698011828e-05
335 298 5.59698011828e-05
335 299 6.21886679809e-06
335 300 6.21886679809e-06
335 301 6.21886679809e-06
335 302 6.21886679809e-06
335 303 6.21886679809e-06
335 304 6.21886679809e-06
335 305 6.21886679809e-06
335 306 6.21886679809e-06
335 307 2.48754671924e-05
335 308 2.48754671924e-05
335 309 5.59698011828e-05
335 310 2.48754671924e-05
335 311 2.48754671924e-05
335 312 2.48754671924e-05
335 313 0.0
335 314 5.59698011828e-05
335 315 5.59698011828e-05
335 316 5.59698011828e-05
335 317 2.48754671924e-05
335 318 5.59698011828e-05
335 319 2.48754671924e-05
335 320 2.48754671924e-05
335 321 6.21886679809e-06
335 322 6.21886679809e-06
335 323 2.48754671924e-05
335 324 6.21886679809e-06
335 325 2.48754671924e-05
335 326 6.21886679809e-06
335 327 6.21886679809e-06
335 328 5.59698011828e-05
335 329 5.59698011828e-05
335 330 5.59698011828e-05
335 331 5.59698011828e-05
335 332 5.59698011828e-05
335 333 5.59698011828e-05
335 334 5.59698011828e-05
335 335 5.59698011828e-05
335 336 5.59698011828e-05
335 337 5.59698011828e-05
335 338 5.59698011828e-05
335 339 2.48754671924e-05
335 340 2.48754671924e-05
335 341 0.0
335 342 6.21886679809e-06
335 343 6.21886679809e-06
335 344 9.95018687695e-05
335 345 0.000503728210645
335 346 0.000503728210645
335 347 5.59698011828e-05
335 348 0.0
335 349 5.59698011828e-05
335 350 0.000398007475078
335 351 0.000621886679809
335 352 6.21886679809e-06
335 353 9.95018687695e-05
335 354 2.48754671924e-05
335 355 2.48754671924e-05
335 356 6.21886679809e-06
335 357 6.21886679809e-06
335 358 0.0
335 359 0.0
335 360 0.0
335 361 0.0
335 362 0.0
335 363 2.48754671924e-05
335 364 0.0
335 365 6.21886679809e-06
335 366 0.0
335 367 0.000223879204731
335 368 0.0
335 369 9.95018687695e-05
335 370 0.0
335 371 0.000398007475078
335 372 0.0
335 373 0.000155471669952
335 374 0.0
335 375 9.95018687695e-05
335 376 0.0
335 377 2.48754671924e-05
335 378 0.0
335 379 0.0
335 380 0.0
335 381 5.59698011828e-05
335 382 0.0
335 383 5.59698011828e-05
335 384 6.21886679809e-06
335 385 2.48754671924e-05
335 386 6.21886679809e-06
335 387 9.95018687695e-05
335 388 6.21886679809e-06
335 389 6.21886679809e-06
335 390 0.0
335 391 9.95018687695e-05
335 392 2.48754671924e-05
335 393 2.48754671924e-05
335 394 0.0
335 395 2.48754671924e-05
335 396 6.21886679809e-06
335 397 0.000155471669952
335 398 0.0
335 399 2.48754671924e-05
335 400 0.0
336 0 0.0
336 1 2.48754671924e-05
336 2 0.0
336 3 2.48754671924e-05
336 4 0.0
336 5 0.000155471669952
336 6 0.0
336 7 0.000223879204731
336 8 0.0
336 9 2.48754671924e-05
336 10 0.0
336 11 0.000503728210645
336 12 0.0
336 13 9.95018687695e-05
336 14 0.0
336 15 5.59698011828e-05
336 16 0.0
336 17 9.95018687695e-05
336 18 0.0
336 19 6.21886679809e-06
336 20 0.0
336 21 6.21886679809e-06
336 22 0.0
336 23 0.0
336 24 0.0
336 25 6.21886679809e-06
336 26 0.0
336 27 6.21886679809e-06
336 28 0.0
336 29 0.000304724473107
336 30 0.0
336 31 9.95018687695e-05
336 32 0.0
336 33 2.48754671924e-05
336 34 0.0
336 35 6.21886679809e-06
336 36 0.0
336 37 0.000621886679809
336 38 0.0
336 39 0.000223879204731
336 40 0.0
336 41 6.21886679809e-06
336 42 0.0
336 43 5.59698011828e-05
336 44 0.0
336 45 0.0
336 46 0.0
336 47 6.21886679809e-06
336 48 0.0
336 49 0.0
336 50 0.0
336 51 0.0
336 52 0.0
336 53 0.0
336 54 0.0
336 55 0.0
336 56 0.0
336 57 6.21886679809e-06
336 58 0.0
336 59 6.21886679809e-06
336 60 0.0
336 61 9.95018687695e-05
336 62 0.0
336 63 2.48754671924e-05
336 64 0.0
336 65 6.21886679809e-06
336 66 0.0
336 67 6.21886679809e-06
336 68 0.0
336 69 6.21886679809e-06
336 70 0.0
336 71 6.21886679809e-06
336 72 0.0
336 73 6.21886679809e-06
336 74 0.0
336 75 0.0
336 76 0.0
336 77 6.21886679809e-06
336 78 0.0
336 79 0.0
336 80 0.0
336 81 6.21886679809e-06
336 82 0.0
336 83 0.0
336 84 0.0
336 85 0.0
336 86 0.0
336 87 0.0
336 88 0.0
336 89 0.0
336 90 0.0
336 91 0.0
336 92 0.0
336 93 6.21886679809e-06
336 94 0.0
336 95 0.0
336 96 0.0
336 97 0.0
336 98 0.0
336 99 6.21886679809e-06
336 100 0.0
336 101 6.21886679809e-06
336 102 0.0
336 103 0.0
336 104 0.0
336 105 0.0
336 106 0.0
336 107 0.0
336 108 0.0
336 109 0.0
336 110 0.0
336 111 6.21886679809e-06
336 112 0.0
336 113 6.21886679809e-06
336 114 0.0
336 115 6.21886679809e-06
336 116 0.0
336 117 0.0
336 118 0.0
336 119 6.21886679809e-06
336 120 0.0
336 121 6.21886679809e-06
336 122 0.0
336 123 6.21886679809e-06
336 124 0.0
336 125 0.0
336 126 0.0
336 127 0.0
336 128 0.0
336 129 6.21886679809e-06
336 130 0.0
336 131 0.0
336 132 0.0
336 133 6.21886679809e-06
336 134 0.0
336 135 0.0
336 136 0.0
336 137 0.0
336 138 0.0
336 139 0.0
336 140 0.0
336 141 0.0
336 142 0.0
336 143 0.0
336 144 0.0
336 145 0.0
336 146 0.0
336 147 0.0
336 148 0.0
336 149 0.0
336 150 0.0
336 151 0.0
336 152 0.0
336 153 0.0
336 154 0.0
336 155 0.0
336 156 0.0
336 157 0.0
336 158 0.0
336 159 0.0
336 160 0.0
336 161 0.0
336 162 0.0
336 163 0.0
336 164 0.0
336 165 0.0
336 166 0.0
336 167 0.0
336 168 0.0
336 169 6.21886679809e-06
336 170 0.0
336 171 6.21886679809e-06
336 172 0.0
336 173 0.0
336 174 0.0
336 175 0.0
336 176 0.0
336 177 6.21886679809e-06
336 178 0.0
336 179 0.0
336 180 0.0
336 181 6.21886679809e-06
336 182 0.0
336 183 0.0
336 184 0.0
336 185 0.0
336 186 0.0
336 187 0.0
336 188 0.0
336 189 6.21886679809e-06
336 190 0.0
336 191 0.0
336 192 0.0
336 193 6.21886679809e-06
336 194 0.0
336 195 0.0
336 196 0.0
336 197 6.21886679809e-06
336 198 0.0
336 199 0.0
336 200 0.0
336 201 0.0
336 202 0.0
336 203 0.0
336 204 0.0
336 205 0.0
336 206 0.0
336 207 0.0
336 208 0.0
336 209 0.0
336 210 0.0
336 211 0.0
336 212 0.0
336 213 6.21886679809e-06
336 214 0.0
336 215 6.21886679809e-06
336 216 0.0
336 217 0.0
336 218 0.0
336 219 6.21886679809e-06
336 220 0.0
336 221 6.21886679809e-06
336 222 0.0
336 223 0.0
336 224 0.0
336 225 0.0
336 226 0.0
336 227 0.0
336 228 0.0
336 229 0.0
336 230 0.0
336 231 0.0
336 232 0.0
336 233 0.0
336 234 0.0
336 235 0.0
336 236 0.0
336 237 0.0
336 238 0.0
336 239 0.0
336 240 0.0
336 241 2.48754671924e-05
336 242 0.0
336 243 0.0
336 244 0.0
336 245 6.21886679809e-06
336 246 0.0
336 247 6.21886679809e-06
336 248 0.0
336 249 0.0
336 250 0.0
336 251 0.0
336 252 0.0
336 253 0.0
336 254 0.0
336 255 0.0
336 256 0.0
336 257 0.0
336 258 0.0
336 259 0.0
336 260 0.0
336 261 0.0
336 262 0.0
336 263 0.0
336 264 0.0
336 265 0.0
336 266 0.0
336 267 0.0
336 268 0.0
336 269 0.0
336 270 0.0
336 271 0.0
336 272 0.0
336 273 0.0
336 274 0.0
336 275 0.0
336 276 0.0
336 277 0.0
336 278 0.0
336 279 0.0
336 280 0.0
336 281 0.0
336 282 0.0
336 283 0.0
336 284 0.0
336 285 0.0
336 286 0.0
336 287 0.0
336 288 0.0
336 289 0.0
336 290 0.0
336 291 0.0
336 292 0.0
336 293 0.0
336 294 0.0
336 295 6.21886679809e-06
336 296 0.0
336 297 0.0
336 298 0.0
336 299 0.0
336 300 0.0
336 301 0.0
336 302 0.0
336 303 0.0
336 304 0.0
336 305 0.0
336 306 0.0
336 307 0.0
336 308 0.0
336 309 0.0
336 310 0.0
336 311 0.0
336 312 0.0
336 313 0.0
336 314 0.0
336 315 0.0
336 316 0.0
336 317 6.21886679809e-06
336 318 0.0
336 319 6.21886679809e-06
336 320 0.0
336 321 0.0
336 322 0.0
336 323 6.21886679809e-06
336 324 0.0
336 325 6.21886679809e-06
336 326 0.0
336 327 6.21886679809e-06
336 328 0.0
336 329 0.0
336 330 0.0
336 331 0.0
336 332 0.0
336 333 0.0
336 334 0.0
336 335 0.0
336 336 0.0
336 337 6.21886679809e-06
336 338 0.0
336 339 0.0
336 340 0.0
336 341 6.21886679809e-06
336 342 0.0
336 343 6.21886679809e-06
336 344 0.0
336 345 6.21886679809e-06
336 346 0.0
336 347 2.48754671924e-05
336 348 0.0
336 349 2.48754671924e-05
336 350 0.0
336 351 0.000155471669952
336 352 0.0
336 353 5.59698011828e-05
336 354 0.0
336 355 0.0
336 356 0.0
336 357 6.21886679809e-06
336 358 0.0
336 359 0.0
336 360 0.0
336 361 0.0
336 362 0.0
336 363 2.48754671924e-05
336 364 0.0
336 365 6.21886679809e-06
336 366 0.0
336 367 0.000223879204731
336 368 0.0
336 369 9.95018687695e-05
336 370 0.0
336 371 0.000398007475078
336 372 0.0
336 373 0.000155471669952
336 374 0.0
336 375 9.95018687695e-05
336 376 0.0
336 377 2.48754671924e-05
336 378 0.0
336 379 0.0
336 380 0.0
336 381 5.59698011828e-05
336 382 0.0
336 383 2.48754671924e-05
336 384 0.0
336 385 5.59698011828e-05
336 386 0.0
336 387 2.48754671924e-05
336 388 0.0
336 389 0.0
336 390 0.0
336 391 0.000223879204731
336 392 0.0
336 393 6.21886679809e-06
336 394 0.0
336 395 5.59698011828e-05
336 396 0.0
336 397 9.95018687695e-05
336 398 0.0
336 399 6.21886679809e-06
336 400 0.0
337 0 0.0
337 1 2.48754671924e-05
337 2 0.0
337 3 2.48754671924e-05
337 4 0.0
337 5 0.000155471669952
337 6 0.0
337 7 0.000223879204731
337 8 0.0
337 9 2.48754671924e-05
337 10 0.0
337 11 0.000503728210645
337 12 0.0
337 13 9.95018687695e-05
337 14 0.0
337 15 5.59698011828e-05
337 16 0.0
337 17 9.95018687695e-05
337 18 0.0
337 19 6.21886679809e-06
337 20 0.0
337 21 6.21886679809e-06
337 22 0.0
337 23 0.0
337 24 0.0
337 25 6.21886679809e-06
337 26 0.0
337 27 6.21886679809e-06
337 28 0.0
337 29 0.000304724473107
337 30 0.0
337 31 9.95018687695e-05
337 32 0.0
337 33 2.48754671924e-05
337 34 0.0
337 35 6.21886679809e-06
337 36 0.0
337 37 0.000621886679809
337 38 0.0
337 39 0.000223879204731
337 40 0.0
337 41 6.21886679809e-06
337 42 0.0
337 43 5.59698011828e-05
337 44 0.0
337 45 0.0
337 46 0.0
337 47 6.21886679809e-06
337 48 0.0
337 49 0.0
337 50 0.0
337 51 0.0
337 52 0.0
337 53 0.0
337 54 0.0
337 55 0.0
337 56 0.0
337 57 6.21886679809e-06
337 58 0.0
337 59 0.0
337 60 0.0
337 61 5.59698011828e-05
337 62 9.95018687695e-05
337 63 0.000503728210645
337 64 0.000223879204731
337 65 0.000155471669952
337 66 0.000155471669952
337 67 0.000223879204731
337 68 0.000223879204731
337 69 0.000155471669952
337 70 0.000223879204731
337 71 9.95018687695e-05
337 72 9.95018687695e-05
337 73 9.95018687695e-05
337 74 5.59698011828e-05
337 75 5.59698011828e-05
337 76 5.59698011828e-05
337 77 9.95018687695e-05
337 78 0.000304724473107
337 79 0.000503728210645
337 80 0.000503728210645
337 81 0.000621886679809
337 82 0.000503728210645
337 83 0.000503728210645
337 84 0.000503728210645
337 85 0.000503728210645
337 86 0.000503728210645
337 87 0.000503728210645
337 88 0.000503728210645
337 89 0.000503728210645
337 90 0.000503728210645
337 91 0.000503728210645
337 92 0.000304724473107
337 93 9.95018687695e-05
337 94 5.59698011828e-05
337 95 5.59698011828e-05
337 96 5.59698011828e-05
337 97 5.59698011828e-05
337 98 5.59698011828e-05
337 99 0.000223879204731
337 100 0.000503728210645
337 101 0.000621886679809
337 102 0.000503728210645
337 103 0.000503728210645
337 104 0.000503728210645
337 105 0.000503728210645
337 106 0.000503728210645
337 107 0.000503728210645
337 108 0.000503728210645
337 109 0.000503728210645
337 110 0.000503728210645
337 111 0.000621886679809
337 112 0.000503728210645
337 113 0.000503728210645
337 114 0.000155471669952
337 115 0.000155471669952
337 116 0.000155471669952
337 117 0.000155471669952
337 118 0.000155471669952
337 119 0.000155471669952
337 120 0.000155471669952
337 121 0.000503728210645
337 122 0.000503728210645
337 123 0.000621886679809
337 124 0.000503728210645
337 125 0.000503728210645
337 126 0.000503728210645
337 127 0.000621886679809
337 128 0.000752482882569
337 129 0.000895516818925
337 130 0.000752482882569
337 131 0.000752482882569
337 132 0.000752482882569
337 133 0.000895516818925
337 134 0.000752482882569
337 135 0.000398007475078
337 136 5.59698011828e-05
337 137 5.59698011828e-05
337 138 5.59698011828e-05
337 139 5.59698011828e-05
337 140 5.59698011828e-05
337 141 5.59698011828e-05
337 142 5.59698011828e-05
337 143 5.59698011828e-05
337 144 5.59698011828e-05
337 145 5.59698011828e-05
337 146 5.59698011828e-05
337 147 5.59698011828e-05
337 148 5.59698011828e-05
337 149 5.59698011828e-05
337 150 5.59698011828e-05
337 151 5.59698011828e-05
337 152 5.59698011828e-05
337 153 5.59698011828e-05
337 154 5.59698011828e-05
337 155 5.59698011828e-05
337 156 5.59698011828e-05
337 157 5.59698011828e-05
337 158 5.59698011828e-05
337 159 5.59698011828e-05
337 160 5.59698011828e-05
337 161 5.59698011828e-05
337 162 5.59698011828e-05
337 163 5.59698011828e-05
337 164 5.59698011828e-05
337 165 5.59698011828e-05
337 166 5.59698011828e-05
337 167 5.59698011828e-05
337 168 5.59698011828e-05
337 169 9.95018687695e-05
337 170 9.95018687695e-05
337 171 0.000223879204731
337 172 0.000155471669952
337 173 0.000155471669952
337 174 0.000155471669952
337 175 0.000223879204731
337 176 0.000155471669952
337 177 0.000155471669952
337 178 5.59698011828e-05
337 179 5.59698011828e-05
337 180 5.59698011828e-05
337 181 9.95018687695e-05
337 182 5.59698011828e-05
337 183 5.59698011828e-05
337 184 5.59698011828e-05
337 185 0.000304724473107
337 186 0.000503728210645
337 187 0.000503728210645
337 188 0.000503728210645
337 189 0.000621886679809
337 190 0.000503728210645
337 191 0.000503728210645
337 192 0.000304724473107
337 193 9.95018687695e-05
337 194 5.59698011828e-05
337 195 5.59698011828e-05
337 196 5.59698011828e-05
337 197 9.95018687695e-05
337 198 5.59698011828e-05
337 199 5.59698011828e-05
337 200 5.59698011828e-05
337 201 5.59698011828e-05
337 202 5.59698011828e-05
337 203 5.59698011828e-05
337 204 5.59698011828e-05
337 205 5.59698011828e-05
337 206 5.59698011828e-05
337 207 5.59698011828e-05
337 208 5.59698011828e-05
337 209 5.59698011828e-05
337 210 5.59698011828e-05
337 211 5.59698011828e-05
337 212 5.59698011828e-05
337 213 0.000155471669952
337 214 0.000503728210645
337 215 0.000621886679809
337 216 0.000503728210645
337 217 0.000503728210645
337 218 0.000503728210645
337 219 0.000621886679809
337 220 0.000503728210645
337 221 0.000155471669952
337 222 5.59698011828e-05
337 223 5.59698011828e-05
337 224 5.59698011828e-05
337 225 5.59698011828e-05
337 226 5.59698011828e-05
337 227 5.59698011828e-05
337 228 5.59698011828e-05
337 229 5.59698011828e-05
337 230 5.59698011828e-05
337 231 5.59698011828e-05
337 232 5.59698011828e-05
337 233 5.59698011828e-05
337 234 5.59698011828e-05
337 235 5.59698011828e-05
337 236 5.59698011828e-05
337 237 5.59698011828e-05
337 238 5.59698011828e-05
337 239 5.59698011828e-05
337 240 5.59698011828e-05
337 241 0.000155471669952
337 242 0.000304724473107
337 243 0.000503728210645
337 244 0.000503728210645
337 245 0.000621886679809
337 246 0.000503728210645
337 247 0.000621886679809
337 248 0.000503728210645
337 249 0.000304724473107
337 250 5.59698011828e-05
337 251 5.59698011828e-05
337 252 5.59698011828e-05
337 253 5.59698011828e-05
337 254 5.59698011828e-05
337 255 5.59698011828e-05
337 256 5.59698011828e-05
337 257 5.59698011828e-05
337 258 5.59698011828e-05
337 259 5.59698011828e-05
337 260 5.59698011828e-05
337 261 5.59698011828e-05
337 262 5.59698011828e-05
337 263 5.59698011828e-05
337 264 5.59698011828e-05
337 265 5.59698011828e-05
337 266 5.59698011828e-05
337 267 5.59698011828e-05
337 268 5.59698011828e-05
337 269 5.59698011828e-05
337 270 5.59698011828e-05
337 271 5.59698011828e-05
337 272 5.59698011828e-05
337 273 5.59698011828e-05
337 274 5.59698011828e-05
337 275 5.59698011828e-05
337 276 5.59698011828e-05
337 277 5.59698011828e-05
337 278 5.59698011828e-05
337 279 5.59698011828e-05
337 280 5.59698011828e-05
337 281 5.59698011828e-05
337 282 5.59698011828e-05
337 283 5.59698011828e-05
337 284 5.59698011828e-05
337 285 5.59698011828e-05
337 286 5.59698011828e-05
337 287 5.59698011828e-05
337 288 5.59698011828e-05
337 289 5.59698011828e-05
337 290 5.59698011828e-05
337 291 5.59698011828e-05
337 292 5.59698011828e-05
337 293 5.59698011828e-05
337 294 5.59698011828e-05
337 295 9.95018687695e-05
337 296 5.59698011828e-05
337 297 5.59698011828e-05
337 298 5.59698011828e-05
337 299 0.000304724473107
337 300 0.000503728210645
337 301 0.000503728210645
337 302 0.000503728210645
337 303 0.000503728210645
337 304 0.000503728210645
337 305 0.000503728210645
337 306 0.000503728210645
337 307 0.000503728210645
337 308 0.000503728210645
337 309 0.000503728210645
337 310 0.000503728210645
337 311 0.000503728210645
337 312 0.000503728210645
337 313 0.000304724473107
337 314 5.59698011828e-05
337 315 5.59698011828e-05
337 316 5.59698011828e-05
337 317 9.95018687695e-05
337 318 5.59698011828e-05
337 319 9.95018687695e-05
337 320 0.000155471669952
337 321 0.000503728210645
337 322 0.000503728210645
337 323 0.000621886679809
337 324 0.000503728210645
337 325 0.000621886679809
337 326 0.000503728210645
337 327 0.000398007475078
337 328 5.59698011828e-05
337 329 5.59698011828e-05
337 330 5.59698011828e-05
337 331 5.59698011828e-05
337 332 5.59698011828e-05
337 333 5.59698011828e-05
337 334 5.59698011828e-05
337 335 5.59698011828e-05
337 336 5.59698011828e-05
337 337 9.95018687695e-05
337 338 5.59698011828e-05
337 339 5.59698011828e-05
337 340 5.59698011828e-05
337 341 9.95018687695e-05
337 342 0.000503728210645
337 343 0.000752482882569
337 344 0.000621886679809
337 345 0.000503728210645
337 346 0.000503728210645
337 347 0.000752482882569
337 348 0.000621886679809
337 349 0.000752482882569
337 350 0.000752482882569
337 351 0.000752482882569
337 352 0.000155471669952
337 353 6.21886679809e-06
337 354 0.0
337 355 0.0
337 356 0.0
337 357 6.21886679809e-06
337 358 0.0
337 359 0.0
337 360 0.0
337 361 0.0
337 362 0.0
337 363 2.48754671924e-05
337 364 0.0
337 365 6.21886679809e-06
337 366 0.0
337 367 0.000223879204731
337 368 0.0
337 369 5.59698011828e-05
337 370 0.0
337 371 0.000304724473107
337 372 6.21886679809e-06
337 373 0.000155471669952
337 374 0.0
337 375 9.95018687695e-05
337 376 6.21886679809e-06
337 377 6.21886679809e-06
337 378 6.21886679809e-06
337 379 6.21886679809e-06
337 380 6.21886679809e-06
337 381 2.48754671924e-05
337 382 6.21886679809e-06
337 383 5.59698011828e-05
337 384 6.21886679809e-06
337 385 2.48754671924e-05
337 386 6.21886679809e-06
337 387 5.59698011828e-05
337 388 0.0
337 389 0.0
337 390 0.0
337 391 0.000155471669952
337 392 6.21886679809e-06
337 393 2.48754671924e-05
337 394 6.21886679809e-06
337 395 9.95018687695e-05
337 396 6.21886679809e-06
337 397 9.95018687695e-05
337 398 0.0
337 399 6.21886679809e-06
337 400 0.0
338 0 0.0
338 1 2.48754671924e-05
338 2 0.0
338 3 2.48754671924e-05
338 4 0.0
338 5 0.000155471669952
338 6 0.0
338 7 0.000223879204731
338 8 0.0
338 9 2.48754671924e-05
338 10 0.0
338 11 0.000503728210645
338 12 0.0
338 13 9.95018687695e-05
338 14 0.0
338 15 5.59698011828e-05
338 16 0.0
338 17 9.95018687695e-05
338 18 0.0
338 19 6.21886679809e-06
338 20 0.0
338 21 6.21886679809e-06
338 22 0.0
338 23 0.0
338 24 0.0
338 25 6.21886679809e-06
338 26 0.0
338 27 6.21886679809e-06
338 28 0.0
338 29 0.000304724473107
338 30 0.0
338 31 9.95018687695e-05
338 32 0.0
338 33 2.48754671924e-05
338 34 0.0
338 35 6.21886679809e-06
338 36 0.0
338 37 0.000621886679809
338 38 0.0
338 39 0.000223879204731
338 40 0.0
338 41 6.21886679809e-06
338 42 0.0
338 43 5.59698011828e-05
338 44 0.0
338 45 0.0
338 46 0.0
338 47 6.21886679809e-06
338 48 0.0
338 49 0.0
338 50 0.0
338 51 0.0
338 52 0.0
338 53 0.0
338 54 0.0
338 55 6.21886679809e-06
338 56 0.0
338 57 0.0
338 58 0.0
338 59 6.21886679809e-06
338 60 0.0
338 61 6.21886679809e-06
338 62 0.0
338 63 5.59698011828e-05
338 64 0.0
338 65 6.21886679809e-06
338 66 0.0
338 67 0.0
338 68 0.0
338 69 0.0
338 70 0.0
338 71 6.21886679809e-06
338 72 0.0
338 73 6.21886679809e-06
338 74 0.0
338 75 0.0
338 76 0.0
338 77 2.48754671924e-05
338 78 0.0
338 79 0.0
338 80 0.0
338 81 6.21886679809e-06
338 82 0.0
338 83 0.0
338 84 0.0
338 85 0.0
338 86 0.0
338 87 0.0
338 88 0.0
338 89 0.0
338 90 0.0
338 91 0.0
338 92 0.0
338 93 2.48754671924e-05
338 94 0.0
338 95 0.0
338 96 0.0
338 97 0.0
338 98 0.0
338 99 6.21886679809e-06
338 100 0.0
338 101 6.21886679809e-06
338 102 0.0
338 103 0.0
338 104 0.0
338 105 0.0
338 106 0.0
338 107 0.0
338 108 0.0
338 109 0.0
338 110 0.0
338 111 0.0
338 112 0.0
338 113 0.0
338 114 0.0
338 115 0.0
338 116 0.0
338 117 0.0
338 118 0.0
338 119 0.0
338 120 0.0
338 121 0.0
338 122 0.0
338 123 0.0
338 124 0.0
338 125 0.0
338 126 0.0
338 127 2.48754671924e-05
338 128 0.0
338 129 0.0
338 130 0.0
338 131 6.21886679809e-06
338 132 0.0
338 133 6.21886679809e-06
338 134 0.0
338 135 6.21886679809e-06
338 136 0.0
338 137 6.21886679809e-06
338 138 0.0
338 139 0.0
338 140 0.0
338 141 0.0
338 142 0.0
338 143 0.0
338 144 0.0
338 145 0.0
338 146 0.0
338 147 0.0
338 148 0.0
338 149 0.0
338 150 0.0
338 151 0.0
338 152 0.0
338 153 0.0
338 154 0.0
338 155 0.0
338 156 0.0
338 157 0.0
338 158 0.0
338 159 0.0
338 160 0.0
338 161 0.0
338 162 0.0
338 163 0.0
338 164 0.0
338 165 0.0
338 166 0.0
338 167 0.0
338 168 0.0
338 169 0.0
338 170 0.0
338 171 6.21886679809e-06
338 172 0.0
338 173 6.21886679809e-06
338 174 0.0
338 175 6.21886679809e-06
338 176 0.0
338 177 0.0
338 178 0.0
338 179 0.0
338 180 0.0
338 181 6.21886679809e-06
338 182 0.0
338 183 0.0
338 184 0.0
338 185 0.0
338 186 0.0
338 187 0.0
338 188 0.0
338 189 6.21886679809e-06
338 190 0.0
338 191 0.0
338 192 0.0
338 193 2.48754671924e-05
338 194 0.0
338 195 0.0
338 196 0.0
338 197 6.21886679809e-06
338 198 0.0
338 199 0.0
338 200 0.0
338 201 0.0
338 202 0.0
338 203 0.0
338 204 0.0
338 205 0.0
338 206 0.0
338 207 0.0
338 208 0.0
338 209 0.0
338 210 0.0
338 211 0.0
338 212 0.0
338 213 6.21886679809e-06
338 214 0.0
338 215 6.21886679809e-06
338 216 0.0
338 217 0.0
338 218 0.0
338 219 6.21886679809e-06
338 220 0.0
338 221 2.48754671924e-05
338 222 0.0
338 223 0.0
338 224 0.0
338 225 0.0
338 226 0.0
338 227 0.0
338 228 0.0
338 229 0.0
338 230 0.0
338 231 0.0
338 232 0.0
338 233 0.0
338 234 0.0
338 235 0.0
338 236 0.0
338 237 0.0
338 238 0.0
338 239 0.0
338 240 0.0
338 241 2.48754671924e-05
338 242 0.0
338 243 0.0
338 244 0.0
338 245 6.21886679809e-06
338 246 0.0
338 247 6.21886679809e-06
338 248 0.0
338 249 0.0
338 250 0.0
338 251 0.0
338 252 0.0
338 253 0.0
338 254 0.0
338 255 0.0
338 256 0.0
338 257 0.0
338 258 0.0
338 259 0.0
338 260 0.0
338 261 0.0
338 262 0.0
338 263 0.0
338 264 0.0
338 265 0.0
338 266 0.0
338 267 0.0
338 268 0.0
338 269 0.0
338 270 0.0
338 271 0.0
338 272 0.0
338 273 0.0
338 274 0.0
338 275 0.0
338 276 0.0
338 277 0.0
338 278 0.0
338 279 0.0
338 280 0.0
338 281 0.0
338 282 0.0
338 283 0.0
338 284 0.0
338 285 0.0
338 286 0.0
338 287 0.0
338 288 0.0
338 289 0.0
338 290 0.0
338 291 0.0
338 292 0.0
338 293 0.0
338 294 0.0
338 295 6.21886679809e-06
338 296 0.0
338 297 0.0
338 298 0.0
338 299 0.0
338 300 0.0
338 301 0.0
338 302 0.0
338 303 0.0
338 304 0.0
338 305 0.0
338 306 0.0
338 307 0.0
338 308 0.0
338 309 0.0
338 310 0.0
338 311 0.0
338 312 0.0
338 313 0.0
338 314 0.0
338 315 0.0
338 316 0.0
338 317 6.21886679809e-06
338 318 0.0
338 319 0.0
338 320 0.0
338 321 6.21886679809e-06
338 322 0.0
338 323 6.21886679809e-06
338 324 0.0
338 325 6.21886679809e-06
338 326 0.0
338 327 6.21886679809e-06
338 328 0.0
338 329 0.0
338 330 0.0
338 331 0.0
338 332 0.0
338 333 0.0
338 334 0.0
338 335 0.0
338 336 0.0
338 337 0.0
338 338 0.0
338 339 0.0
338 340 0.0
338 341 0.0
338 342 0.0
338 343 6.21886679809e-06
338 344 0.0
338 345 6.21886679809e-06
338 346 0.0
338 347 0.0
338 348 0.0
338 349 2.48754671924e-05
338 350 0.0
338 351 6.21886679809e-06
338 352 0.0
338 353 6.21886679809e-06
338 354 0.0
338 355 0.0
338 356 0.0
338 357 0.0
338 358 0.0
338 359 6.21886679809e-06
338 360 0.0
338 361 0.0
338 362 0.0
338 363 2.48754671924e-05
338 364 0.0
338 365 6.21886679809e-06
338 366 0.0
338 367 0.000223879204731
338 368 0.0
338 369 9.95018687695e-05
338 370 0.0
338 371 0.000398007475078
338 372 0.0
338 373 0.000155471669952
338 374 0.0
338 375 9.95018687695e-05
338 376 0.0
338 377 2.48754671924e-05
338 378 0.0
338 379 0.0
338 380 0.0
338 381 5.59698011828e-05
338 382 0.0
338 383 2.48754671924e-05
338 384 0.0
338 385 5.59698011828e-05
338 386 0.0
338 387 2.48754671924e-05
338 388 0.0
338 389 0.0
338 390 0.0
338 391 0.000223879204731
338 392 0.0
338 393 6.21886679809e-06
338 394 0.0
338 395 5.59698011828e-05
338 396 0.0
338 397 9.95018687695e-05
338 398 0.0
338 399 6.21886679809e-06
338 400 0.0
339 0 0.0
339 1 2.48754671924e-05
339 2 0.0
339 3 2.48754671924e-05
339 4 0.0
339 5 0.000155471669952
339 6 0.0
339 7 0.000223879204731
339 8 0.0
339 9 2.48754671924e-05
339 10 0.0
339 11 0.000503728210645
339 12 0.0
339 13 9.95018687695e-05
339 14 0.0
339 15 5.59698011828e-05
339 16 0.0
339 17 9.95018687695e-05
339 18 0.0
339 19 6.21886679809e-06
339 20 0.0
339 21 6.21886679809e-06
339 22 0.0
339 23 0.0
339 24 0.0
339 25 6.21886679809e-06
339 26 0.0
339 27 6.21886679809e-06
339 28 0.0
339 29 0.000304724473107
339 30 0.0
339 31 9.95018687695e-05
339 32 0.0
339 33 2.48754671924e-05
339 34 0.0
339 35 6.21886679809e-06
339 36 0.0
339 37 0.000621886679809
339 38 0.0
339 39 0.000223879204731
339 40 0.0
339 41 6.21886679809e-06
339 42 0.0
339 43 5.59698011828e-05
339 44 0.0
339 45 0.0
339 46 0.0
339 47 6.21886679809e-06
339 48 0.0
339 49 0.0
339 50 0.0
339 51 0.0
339 52 0.0
339 53 0.0
339 54 0.0
339 55 0.0
339 56 0.0
339 57 6.21886679809e-06
339 58 0.0
339 59 2.48754671924e-05
339 60 6.21886679809e-06
339 61 0.0
339 62 0.0
339 63 6.21886679809e-06
339 64 5.59698011828e-05
339 65 0.0
339 66 2.48754671924e-05
339 67 6.21886679809e-06
339 68 2.48754671924e-05
339 69 0.0
339 70 2.48754671924e-05
339 71 2.48754671924e-05
339 72 2.48754671924e-05
339 73 2.48754671924e-05
339 74 2.48754671924e-05
339 75 2.48754671924e-05
339 76 2.48754671924e-05
339 77 2.48754671924e-05
339 78 6.21886679809e-06
339 79 6.21886679809e-06
339 80 6.21886679809e-06
339 81 2.48754671924e-05
339 82 6.21886679809e-06
339 83 6.21886679809e-06
339 84 6.21886679809e-06
339 85 6.21886679809e-06
339 86 6.21886679809e-06
339 87 6.21886679809e-06
339 88 6.21886679809e-06
339 89 6.21886679809e-06
339 90 6.21886679809e-06
339 91 6.21886679809e-06
339 92 6.21886679809e-06
339 93 2.48754671924e-05
339 94 2.48754671924e-05
339 95 6.21886679809e-06
339 96 2.48754671924e-05
339 97 2.48754671924e-05
339 98 2.48754671924e-05
339 99 0.0
339 100 6.21886679809e-06
339 101 2.48754671924e-05
339 102 6.21886679809e-06
339 103 6.21886679809e-06
339 104 6.21886679809e-06
339 105 6.21886679809e-06
339 106 6.21886679809e-06
339 107 6.21886679809e-06
339 108 6.21886679809e-06
339 109 6.21886679809e-06
339 110 6.21886679809e-06
339 111 2.48754671924e-05
339 112 6.21886679809e-06
339 113 6.21886679809e-06
339 114 6.21886679809e-06
339 115 2.48754671924e-05
339 116 2.48754671924e-05
339 117 2.48754671924e-05
339 118 2.48754671924e-05
339 119 2.48754671924e-05
339 120 2.48754671924e-05
339 121 6.21886679809e-06
339 122 6.21886679809e-06
339 123 2.48754671924e-05
339 124 6.21886679809e-06
339 125 6.21886679809e-06
339 126 6.21886679809e-06
339 127 6.21886679809e-06
339 128 6.21886679809e-06
339 129 6.21886679809e-06
339 130 6.21886679809e-06
339 131 0.0
339 132 6.21886679809e-06
339 133 0.0
339 134 6.21886679809e-06
339 135 2.48754671924e-05
339 136 5.59698011828e-05
339 137 2.48754671924e-05
339 138 2.48754671924e-05
339 139 2.48754671924e-05
339 140 2.48754671924e-05
339 141 2.48754671924e-05
339 142 2.48754671924e-05
339 143 2.48754671924e-05
339 144 2.48754671924e-05
339 145 2.48754671924e-05
339 146 2.48754671924e-05
339 147 2.48754671924e-05
339 148 2.48754671924e-05
339 149 2.48754671924e-05
339 150 2.48754671924e-05
339 151 2.48754671924e-05
339 152 2.48754671924e-05
339 153 2.48754671924e-05
339 154 2.48754671924e-05
339 155 2.48754671924e-05
339 156 2.48754671924e-05
339 157 2.48754671924e-05
339 158 2.48754671924e-05
339 159 2.48754671924e-05
339 160 2.48754671924e-05
339 161 2.48754671924e-05
339 162 2.48754671924e-05
339 163 2.48754671924e-05
339 164 2.48754671924e-05
339 165 2.48754671924e-05
339 166 2.48754671924e-05
339 167 2.48754671924e-05
339 168 2.48754671924e-05
339 169 2.48754671924e-05
339 170 2.48754671924e-05
339 171 2.48754671924e-05
339 172 2.48754671924e-05
339 173 2.48754671924e-05
339 174 2.48754671924e-05
339 175 6.21886679809e-06
339 176 2.48754671924e-05
339 177 2.48754671924e-05
339 178 5.59698011828e-05
339 179 2.48754671924e-05
339 180 2.48754671924e-05
339 181 6.21886679809e-06
339 182 2.48754671924e-05
339 183 2.48754671924e-05
339 184 5.59698011828e-05
339 185 6.21886679809e-06
339 186 6.21886679809e-06
339 187 6.21886679809e-06
339 188 6.21886679809e-06
339 189 2.48754671924e-05
339 190 6.21886679809e-06
339 191 6.21886679809e-06
339 192 6.21886679809e-06
339 193 2.48754671924e-05
339 194 2.48754671924e-05
339 195 2.48754671924e-05
339 196 2.48754671924e-05
339 197 2.48754671924e-05
339 198 2.48754671924e-05
339 199 2.48754671924e-05
339 200 2.48754671924e-05
339 201 2.48754671924e-05
339 202 2.48754671924e-05
339 203 2.48754671924e-05
339 204 2.48754671924e-05
339 205 2.48754671924e-05
339 206 2.48754671924e-05
339 207 2.48754671924e-05
339 208 2.48754671924e-05
339 209 2.48754671924e-05
339 210 2.48754671924e-05
339 211 2.48754671924e-05
339 212 2.48754671924e-05
339 213 0.0
339 214 6.21886679809e-06
339 215 2.48754671924e-05
339 216 6.21886679809e-06
339 217 6.21886679809e-06
339 218 6.21886679809e-06
339 219 2.48754671924e-05
339 220 6.21886679809e-06
339 221 6.21886679809e-06
339 222 2.48754671924e-05
339 223 2.48754671924e-05
339 224 2.48754671924e-05
339 225 2.48754671924e-05
339 226 2.48754671924e-05
339 227 2.48754671924e-05
339 228 2.48754671924e-05
339 229 2.48754671924e-05
339 230 2.48754671924e-05
339 231 2.48754671924e-05
339 232 2.48754671924e-05
339 233 2.48754671924e-05
339 234 2.48754671924e-05
339 235 2.48754671924e-05
339 236 2.48754671924e-05
339 237 2.48754671924e-05
339 238 2.48754671924e-05
339 239 2.48754671924e-05
339 240 2.48754671924e-05
339 241 2.48754671924e-05
339 242 6.21886679809e-06
339 243 6.21886679809e-06
339 244 6.21886679809e-06
339 245 2.48754671924e-05
339 246 6.21886679809e-06
339 247 2.48754671924e-05
339 248 6.21886679809e-06
339 249 6.21886679809e-06
339 250 5.59698011828e-05
339 251 2.48754671924e-05
339 252 2.48754671924e-05
339 253 2.48754671924e-05
339 254 2.48754671924e-05
339 255 2.48754671924e-05
339 256 2.48754671924e-05
339 257 2.48754671924e-05
339 258 2.48754671924e-05
339 259 2.48754671924e-05
339 260 2.48754671924e-05
339 261 2.48754671924e-05
339 262 2.48754671924e-05
339 263 2.48754671924e-05
339 264 2.48754671924e-05
339 265 2.48754671924e-05
339 266 2.48754671924e-05
339 267 2.48754671924e-05
339 268 2.48754671924e-05
339 269 2.48754671924e-05
339 270 2.48754671924e-05
339 271 2.48754671924e-05
339 272 2.48754671924e-05
339 273 2.48754671924e-05
339 274 2.48754671924e-05
339 275 2.48754671924e-05
339 276 2.48754671924e-05
339 277 2.48754671924e-05
339 278 2.48754671924e-05
339 279 2.48754671924e-05
339 280 2.48754671924e-05
339 281 2.48754671924e-05
339 282 2.48754671924e-05
339 283 2.48754671924e-05
339 284 2.48754671924e-05
339 285 2.48754671924e-05
339 286 2.48754671924e-05
339 287 2.48754671924e-05
339 288 2.48754671924e-05
339 289 2.48754671924e-05
339 290 2.48754671924e-05
339 291 2.48754671924e-05
339 292 2.48754671924e-05
339 293 2.48754671924e-05
339 294 2.48754671924e-05
339 295 6.21886679809e-06
339 296 2.48754671924e-05
339 297 2.48754671924e-05
339 298 5.59698011828e-05
339 299 6.21886679809e-06
339 300 6.21886679809e-06
339 301 6.21886679809e-06
339 302 6.21886679809e-06
339 303 6.21886679809e-06
339 304 6.21886679809e-06
339 305 6.21886679809e-06
339 306 6.21886679809e-06
339 307 6.21886679809e-06
339 308 6.21886679809e-06
339 309 6.21886679809e-06
339 310 6.21886679809e-06
339 311 6.21886679809e-06
339 312 6.21886679809e-06
339 313 6.21886679809e-06
339 314 5.59698011828e-05
339 315 2.48754671924e-05
339 316 2.48754671924e-05
339 317 6.21886679809e-06
339 318 2.48754671924e-05
339 319 2.48754671924e-05
339 320 6.21886679809e-06
339 321 6.21886679809e-06
339 322 6.21886679809e-06
339 323 2.48754671924e-05
339 324 6.21886679809e-06
339 325 2.48754671924e-05
339 326 6.21886679809e-06
339 327 6.21886679809e-06
339 328 2.48754671924e-05
339 329 2.48754671924e-05
339 330 2.48754671924e-05
339 331 2.48754671924e-05
339 332 2.48754671924e-05
339 333 2.48754671924e-05
339 334 2.48754671924e-05
339 335 2.48754671924e-05
339 336 2.48754671924e-05
339 337 2.48754671924e-05
339 338 2.48754671924e-05
339 339 2.48754671924e-05
339 340 2.48754671924e-05
339 341 2.48754671924e-05
339 342 6.21886679809e-06
339 343 0.0
339 344 6.21886679809e-06
339 345 6.21886679809e-06
339 346 6.21886679809e-06
339 347 6.21886679809e-06
339 348 6.21886679809e-06
339 349 6.21886679809e-06
339 350 9.95018687695e-05
339 351 5.59698011828e-05
339 352 0.0
339 353 2.48754671924e-05
339 354 6.21886679809e-06
339 355 6.21886679809e-06
339 356 0.0
339 357 0.0
339 358 0.0
339 359 6.21886679809e-06
339 360 0.0
339 361 0.0
339 362 0.0
339 363 5.59698011828e-05
339 364 6.21886679809e-06
339 365 2.48754671924e-05
339 366 0.0
339 367 0.000223879204731
339 368 0.0
339 369 9.95018687695e-05
339 370 6.21886679809e-06
339 371 0.000304724473107
339 372 0.0
339 373 0.000155471669952
339 374 6.21886679809e-06
339 375 0.000155471669952
339 376 0.0
339 377 2.48754671924e-05
339 378 0.0
339 379 0.0
339 380 0.0
339 381 5.59698011828e-05
339 382 0.0
339 383 2.48754671924e-05
339 384 0.0
339 385 5.59698011828e-05
339 386 0.0
339 387 2.48754671924e-05
339 388 0.0
339 389 6.21886679809e-06
339 390 6.21886679809e-06
339 391 0.000155471669952
339 392 0.0
339 393 6.21886679809e-06
339 394 0.0
339 395 5.59698011828e-05
339 396 0.0
339 397 9.95018687695e-05
339 398 0.0
339 399 6.21886679809e-06
339 400 0.0
340 0 0.0
340 1 2.48754671924e-05
340 2 0.0
340 3 2.48754671924e-05
340 4 0.0
340 5 0.000155471669952
340 6 0.0
340 7 0.000223879204731
340 8 0.0
340 9 2.48754671924e-05
340 10 0.0
340 11 0.000503728210645
340 12 0.0
340 13 9.95018687695e-05
340 14 0.0
340 15 5.59698011828e-05
340 16 0.0
340 17 9.95018687695e-05
340 18 0.0
340 19 6.21886679809e-06
340 20 0.0
340 21 6.21886679809e-06
340 22 0.0
340 23 0.0
340 24 0.0
340 25 6.21886679809e-06
340 26 0.0
340 27 6.21886679809e-06
340 28 0.0
340 29 0.000304724473107
340 30 0.0
340 31 9.95018687695e-05
340 32 0.0
340 33 2.48754671924e-05
340 34 0.0
340 35 6.21886679809e-06
340 36 0.0
340 37 0.000621886679809
340 38 0.0
340 39 0.000223879204731
340 40 0.0
340 41 6.21886679809e-06
340 42 0.0
340 43 5.59698011828e-05
340 44 0.0
340 45 0.0
340 46 0.0
340 47 6.21886679809e-06
340 48 0.0
340 49 0.0
340 50 0.0
340 51 0.0
340 52 0.0
340 53 0.0
340 54 0.0
340 55 0.0
340 56 0.0
340 57 6.21886679809e-06
340 58 0.0
340 59 6.21886679809e-06
340 60 0.0
340 61 0.0
340 62 0.0
340 63 2.48754671924e-05
340 64 0.0
340 65 2.48754671924e-05
340 66 0.0
340 67 6.21886679809e-06
340 68 0.0
340 69 0.0
340 70 0.0
340 71 0.0
340 72 0.0
340 73 0.0
340 74 0.0
340 75 0.0
340 76 0.0
340 77 0.0
340 78 0.0
340 79 0.0
340 80 0.0
340 81 0.0
340 82 0.0
340 83 0.0
340 84 0.0
340 85 0.0
340 86 0.0
340 87 0.0
340 88 0.0
340 89 0.0
340 90 0.0
340 91 0.0
340 92 0.0
340 93 0.0
340 94 0.0
340 95 0.0
340 96 0.0
340 97 0.0
340 98 0.0
340 99 0.0
340 100 0.0
340 101 0.0
340 102 0.0
340 103 0.0
340 104 0.0
340 105 0.0
340 106 0.0
340 107 0.0
340 108 0.0
340 109 0.0
340 110 0.0
340 111 6.21886679809e-06
340 112 0.0
340 113 0.0
340 114 0.0
340 115 0.0
340 116 0.0
340 117 6.21886679809e-06
340 118 0.0
340 119 0.0
340 120 0.0
340 121 0.0
340 122 0.0
340 123 6.21886679809e-06
340 124 0.0
340 125 0.0
340 126 0.0
340 127 6.21886679809e-06
340 128 0.0
340 129 0.0
340 130 0.0
340 131 6.21886679809e-06
340 132 0.0
340 133 0.0
340 134 0.0
340 135 0.0
340 136 0.0
340 137 6.21886679809e-06
340 138 0.0
340 139 0.0
340 140 0.0
340 141 0.0
340 142 0.0
340 143 0.0
340 144 0.0
340 145 0.0
340 146 0.0
340 147 0.0
340 148 0.0
340 149 0.0
340 150 0.0
340 151 0.0
340 152 0.0
340 153 0.0
340 154 0.0
340 155 0.0
340 156 0.0
340 157 0.0
340 158 0.0
340 159 0.0
340 160 0.0
340 161 0.0
340 162 0.0
340 163 0.0
340 164 0.0
340 165 0.0
340 166 0.0
340 167 0.0
340 168 0.0
340 169 6.21886679809e-06
340 170 0.0
340 171 6.21886679809e-06
340 172 0.0
340 173 0.0
340 174 0.0
340 175 6.21886679809e-06
340 176 0.0
340 177 6.21886679809e-06
340 178 0.0
340 179 0.0
340 180 0.0
340 181 0.0
340 182 0.0
340 183 0.0
340 184 0.0
340 185 0.0
340 186 0.0
340 187 0.0
340 188 0.0
340 189 0.0
340 190 0.0
340 191 0.0
340 192 0.0
340 193 0.0
340 194 0.0
340 195 0.0
340 196 0.0
340 197 0.0
340 198 0.0
340 199 0.0
340 200 0.0
340 201 0.0
340 202 0.0
340 203 0.0
340 204 0.0
340 205 0.0
340 206 0.0
340 207 0.0
340 208 0.0
340 209 0.0
340 210 0.0
340 211 0.0
340 212 0.0
340 213 0.0
340 214 0.0
340 215 0.0
340 216 0.0
340 217 0.0
340 218 0.0
340 219 0.0
340 220 0.0
340 221 0.0
340 222 0.0
340 223 0.0
340 224 0.0
340 225 0.0
340 226 0.0
340 227 0.0
340 228 0.0
340 229 0.0
340 230 0.0
340 231 0.0
340 232 0.0
340 233 0.0
340 234 0.0
340 235 0.0
340 236 0.0
340 237 0.0
340 238 0.0
340 239 0.0
340 240 0.0
340 241 0.0
340 242 0.0
340 243 0.0
340 244 0.0
340 245 0.0
340 246 0.0
340 247 0.0
340 248 0.0
340 249 0.0
340 250 0.0
340 251 0.0
340 252 0.0
340 253 0.0
340 254 0.0
340 255 0.0
340 256 0.0
340 257 0.0
340 258 0.0
340 259 0.0
340 260 0.0
340 261 0.0
340 262 0.0
340 263 0.0
340 264 0.0
340 265 0.0
340 266 0.0
340 267 0.0
340 268 0.0
340 269 0.0
340 270 0.0
340 271 0.0
340 272 0.0
340 273 0.0
340 274 0.0
340 275 0.0
340 276 0.0
340 277 0.0
340 278 0.0
340 279 0.0
340 280 0.0
340 281 0.0
340 282 0.0
340 283 0.0
340 284 0.0
340 285 0.0
340 286 0.0
340 287 0.0
340 288 0.0
340 289 0.0
340 290 0.0
340 291 0.0
340 292 0.0
340 293 0.0
340 294 0.0
340 295 0.0
340 296 0.0
340 297 0.0
340 298 0.0
340 299 0.0
340 300 0.0
340 301 0.0
340 302 0.0
340 303 0.0
340 304 0.0
340 305 0.0
340 306 0.0
340 307 0.0
340 308 0.0
340 309 0.0
340 310 0.0
340 311 0.0
340 312 0.0
340 313 0.0
340 314 0.0
340 315 0.0
340 316 0.0
340 317 0.0
340 318 0.0
340 319 0.0
340 320 0.0
340 321 0.0
340 322 0.0
340 323 0.0
340 324 0.0
340 325 0.0
340 326 0.0
340 327 0.0
340 328 0.0
340 329 0.0
340 330 0.0
340 331 0.0
340 332 0.0
340 333 0.0
340 334 0.0
340 335 0.0
340 336 0.0
340 337 0.0
340 338 0.0
340 339 0.0
340 340 0.0
340 341 0.0
340 342 0.0
340 343 6.21886679809e-06
340 344 0.0
340 345 6.21886679809e-06
340 346 0.0
340 347 6.21886679809e-06
340 348 0.0
340 349 6.21886679809e-06
340 350 0.0
340 351 6.21886679809e-06
340 352 0.0
340 353 6.21886679809e-06
340 354 0.0
340 355 6.21886679809e-06
340 356 0.0
340 357 0.0
340 358 0.0
340 359 0.0
340 360 0.0
340 361 0.0
340 362 0.0
340 363 2.48754671924e-05
340 364 0.0
340 365 6.21886679809e-06
340 366 0.0
340 367 0.000223879204731
340 368 0.0
340 369 9.95018687695e-05
340 370 0.0
340 371 0.000398007475078
340 372 0.0
340 373 0.000155471669952
340 374 0.0
340 375 9.95018687695e-05
340 376 0.0
340 377 2.48754671924e-05
340 378 0.0
340 379 0.0
340 380 0.0
340 381 5.59698011828e-05
340 382 0.0
340 383 2.48754671924e-05
340 384 0.0
340 385 5.59698011828e-05
340 386 0.0
340 387 2.48754671924e-05
340 388 0.0
340 389 0.0
340 390 0.0
340 391 0.000223879204731
340 392 0.0
340 393 6.21886679809e-06
340 394 0.0
340 395 5.59698011828e-05
340 396 0.0
340 397 9.95018687695e-05
340 398 0.0
340 399 6.21886679809e-06
340 400 0.0
341 0 0.0
341 1 2.48754671924e-05
341 2 0.0
341 3 2.48754671924e-05
341 4 0.0
341 5 0.000155471669952
341 6 0.0
341 7 0.000223879204731
341 8 0.0
341 9 2.48754671924e-05
341 10 0.0
341 11 0.000503728210645
341 12 0.0
341 13 9.95018687695e-05
341 14 0.0
341 15 5.59698011828e-05
341 16 0.0
341 17 9.95018687695e-05
341 18 0.0
341 19 6.21886679809e-06
341 20 0.0
341 21 6.21886679809e-06
341 22 0.0
341 23 0.0
341 24 0.0
341 25 6.21886679809e-06
341 26 0.0
341 27 6.21886679809e-06
341 28 0.0
341 29 0.000304724473107
341 30 0.0
341 31 9.95018687695e-05
341 32 0.0
341 33 2.48754671924e-05
341 34 0.0
341 35 6.21886679809e-06
341 36 0.0
341 37 0.000621886679809
341 38 0.0
341 39 0.000223879204731
341 40 0.0
341 41 6.21886679809e-06
341 42 0.0
341 43 5.59698011828e-05
341 44 0.0
341 45 0.0
341 46 0.0
341 47 6.21886679809e-06
341 48 0.0
341 49 0.0
341 50 0.0
341 51 0.0
341 52 0.0
341 53 0.0
341 54 0.0
341 55 0.0
341 56 0.0
341 57 2.48754671924e-05
341 58 6.21886679809e-06
341 59 2.48754671924e-05
341 60 0.0
341 61 6.21886679809e-06
341 62 6.21886679809e-06
341 63 0.0
341 64 2.48754671924e-05
341 65 5.59698011828e-05
341 66 0.0
341 67 2.48754671924e-05
341 68 0.0
341 69 2.48754671924e-05
341 70 6.21886679809e-06
341 71 6.21886679809e-06
341 72 5.59698011828e-05
341 73 2.48754671924e-05
341 74 2.48754671924e-05
341 75 2.48754671924e-05
341 76 2.48754671924e-05
341 77 2.48754671924e-05
341 78 2.48754671924e-05
341 79 2.48754671924e-05
341 80 2.48754671924e-05
341 81 2.48754671924e-05
341 82 2.48754671924e-05
341 83 2.48754671924e-05
341 84 2.48754671924e-05
341 85 2.48754671924e-05
341 86 2.48754671924e-05
341 87 2.48754671924e-05
341 88 2.48754671924e-05
341 89 2.48754671924e-05
341 90 2.48754671924e-05
341 91 2.48754671924e-05
341 92 2.48754671924e-05
341 93 2.48754671924e-05
341 94 2.48754671924e-05
341 95 2.48754671924e-05
341 96 2.48754671924e-05
341 97 2.48754671924e-05
341 98 2.48754671924e-05
341 99 2.48754671924e-05
341 100 2.48754671924e-05
341 101 2.48754671924e-05
341 102 2.48754671924e-05
341 103 2.48754671924e-05
341 104 2.48754671924e-05
341 105 2.48754671924e-05
341 106 2.48754671924e-05
341 107 2.48754671924e-05
341 108 2.48754671924e-05
341 109 2.48754671924e-05
341 110 2.48754671924e-05
341 111 5.59698011828e-05
341 112 2.48754671924e-05
341 113 2.48754671924e-05
341 114 0.0
341 115 0.0
341 116 0.0
341 117 0.0
341 118 0.0
341 119 0.0
341 120 0.0
341 121 2.48754671924e-05
341 122 2.48754671924e-05
341 123 5.59698011828e-05
341 124 2.48754671924e-05
341 125 2.48754671924e-05
341 126 2.48754671924e-05
341 127 6.21886679809e-06
341 128 0.0
341 129 6.21886679809e-06
341 130 6.21886679809e-06
341 131 0.0
341 132 6.21886679809e-06
341 133 6.21886679809e-06
341 134 6.21886679809e-06
341 135 6.21886679809e-06
341 136 2.48754671924e-05
341 137 5.59698011828e-05
341 138 2.48754671924e-05
341 139 2.48754671924e-05
341 140 2.48754671924e-05
341 141 2.48754671924e-05
341 142 2.48754671924e-05
341 143 2.48754671924e-05
341 144 2.48754671924e-05
341 145 2.48754671924e-05
341 146 2.48754671924e-05
341 147 2.48754671924e-05
341 148 2.48754671924e-05
341 149 2.48754671924e-05
341 150 2.48754671924e-05
341 151 2.48754671924e-05
341 152 2.48754671924e-05
341 153 2.48754671924e-05
341 154 2.48754671924e-05
341 155 2.48754671924e-05
341 156 2.48754671924e-05
341 157 2.48754671924e-05
341 158 2.48754671924e-05
341 159 2.48754671924e-05
341 160 2.48754671924e-05
341 161 2.48754671924e-05
341 162 2.48754671924e-05
341 163 2.48754671924e-05
341 164 2.48754671924e-05
341 165 2.48754671924e-05
341 166 2.48754671924e-05
341 167 2.48754671924e-05
341 168 2.48754671924e-05
341 169 5.59698011828e-05
341 170 2.48754671924e-05
341 171 6.21886679809e-06
341 172 0.0
341 173 0.0
341 174 0.0
341 175 6.21886679809e-06
341 176 0.0
341 177 0.0
341 178 6.21886679809e-06
341 179 2.48754671924e-05
341 180 2.48754671924e-05
341 181 2.48754671924e-05
341 182 2.48754671924e-05
341 183 2.48754671924e-05
341 184 2.48754671924e-05
341 185 2.48754671924e-05
341 186 2.48754671924e-05
341 187 2.48754671924e-05
341 188 2.48754671924e-05
341 189 2.48754671924e-05
341 190 2.48754671924e-05
341 191 2.48754671924e-05
341 192 2.48754671924e-05
341 193 2.48754671924e-05
341 194 2.48754671924e-05
341 195 2.48754671924e-05
341 196 2.48754671924e-05
341 197 2.48754671924e-05
341 198 2.48754671924e-05
341 199 2.48754671924e-05
341 200 2.48754671924e-05
341 201 2.48754671924e-05
341 202 2.48754671924e-05
341 203 2.48754671924e-05
341 204 2.48754671924e-05
341 205 2.48754671924e-05
341 206 2.48754671924e-05
341 207 2.48754671924e-05
341 208 2.48754671924e-05
341 209 2.48754671924e-05
341 210 2.48754671924e-05
341 211 2.48754671924e-05
341 212 2.48754671924e-05
341 213 2.48754671924e-05
341 214 2.48754671924e-05
341 215 2.48754671924e-05
341 216 2.48754671924e-05
341 217 2.48754671924e-05
341 218 2.48754671924e-05
341 219 2.48754671924e-05
341 220 2.48754671924e-05
341 221 2.48754671924e-05
341 222 2.48754671924e-05
341 223 2.48754671924e-05
341 224 2.48754671924e-05
341 225 2.48754671924e-05
341 226 2.48754671924e-05
341 227 2.48754671924e-05
341 228 2.48754671924e-05
341 229 2.48754671924e-05
341 230 2.48754671924e-05
341 231 2.48754671924e-05
341 232 2.48754671924e-05
341 233 2.48754671924e-05
341 234 2.48754671924e-05
341 235 2.48754671924e-05
341 236 2.48754671924e-05
341 237 2.48754671924e-05
341 238 2.48754671924e-05
341 239 2.48754671924e-05
341 240 2.48754671924e-05
341 241 2.48754671924e-05
341 242 2.48754671924e-05
341 243 2.48754671924e-05
341 244 2.48754671924e-05
341 245 2.48754671924e-05
341 246 2.48754671924e-05
341 247 2.48754671924e-05
341 248 2.48754671924e-05
341 249 2.48754671924e-05
341 250 2.48754671924e-05
341 251 2.48754671924e-05
341 252 2.48754671924e-05
341 253 2.48754671924e-05
341 254 2.48754671924e-05
341 255 2.48754671924e-05
341 256 2.48754671924e-05
341 257 2.48754671924e-05
341 258 2.48754671924e-05
341 259 2.48754671924e-05
341 260 2.48754671924e-05
341 261 2.48754671924e-05
341 262 2.48754671924e-05
341 263 2.48754671924e-05
341 264 2.48754671924e-05
341 265 2.48754671924e-05
341 266 2.48754671924e-05
341 267 2.48754671924e-05
341 268 2.48754671924e-05
341 269 2.48754671924e-05
341 270 2.48754671924e-05
341 271 2.48754671924e-05
341 272 2.48754671924e-05
341 273 2.48754671924e-05
341 274 2.48754671924e-05
341 275 2.48754671924e-05
341 276 2.48754671924e-05
341 277 2.48754671924e-05
341 278 2.48754671924e-05
341 279 2.48754671924e-05
341 280 2.48754671924e-05
341 281 2.48754671924e-05
341 282 2.48754671924e-05
341 283 2.48754671924e-05
341 284 2.48754671924e-05
341 285 2.48754671924e-05
341 286 2.48754671924e-05
341 287 2.48754671924e-05
341 288 2.48754671924e-05
341 289 2.48754671924e-05
341 290 2.48754671924e-05
341 291 2.48754671924e-05
341 292 2.48754671924e-05
341 293 2.48754671924e-05
341 294 2.48754671924e-05
341 295 2.48754671924e-05
341 296 2.48754671924e-05
341 297 2.48754671924e-05
341 298 2.48754671924e-05
341 299 2.48754671924e-05
341 300 2.48754671924e-05
341 301 2.48754671924e-05
341 302 2.48754671924e-05
341 303 2.48754671924e-05
341 304 2.48754671924e-05
341 305 2.48754671924e-05
341 306 2.48754671924e-05
341 307 2.48754671924e-05
341 308 2.48754671924e-05
341 309 2.48754671924e-05
341 310 2.48754671924e-05
341 311 2.48754671924e-05
341 312 2.48754671924e-05
341 313 2.48754671924e-05
341 314 2.48754671924e-05
341 315 2.48754671924e-05
341 316 2.48754671924e-05
341 317 2.48754671924e-05
341 318 2.48754671924e-05
341 319 2.48754671924e-05
341 320 2.48754671924e-05
341 321 2.48754671924e-05
341 322 2.48754671924e-05
341 323 2.48754671924e-05
341 324 2.48754671924e-05
341 325 2.48754671924e-05
341 326 2.48754671924e-05
341 327 2.48754671924e-05
341 328 2.48754671924e-05
341 329 2.48754671924e-05
341 330 2.48754671924e-05
341 331 2.48754671924e-05
341 332 2.48754671924e-05
341 333 2.48754671924e-05
341 334 2.48754671924e-05
341 335 2.48754671924e-05
341 336 2.48754671924e-05
341 337 2.48754671924e-05
341 338 2.48754671924e-05
341 339 2.48754671924e-05
341 340 2.48754671924e-05
341 341 2.48754671924e-05
341 342 2.48754671924e-05
341 343 5.59698011828e-05
341 344 2.48754671924e-05
341 345 2.48754671924e-05
341 346 6.21886679809e-06
341 347 2.48754671924e-05
341 348 2.48754671924e-05
341 349 2.48754671924e-05
341 350 6.21886679809e-06
341 351 6.21886679809e-06
341 352 0.0
341 353 0.0
341 354 5.59698011828e-05
341 355 6.21886679809e-06
341 356 6.21886679809e-06
341 357 6.21886679809e-06
341 358 0.0
341 359 0.0
341 360 0.0
341 361 0.0
341 362 0.0
341 363 2.48754671924e-05
341 364 0.0
341 365 6.21886679809e-06
341 366 0.0
341 367 0.000223879204731
341 368 0.0
341 369 5.59698011828e-05
341 370 0.0
341 371 0.000304724473107
341 372 6.21886679809e-06
341 373 0.000155471669952
341 374 0.0
341 375 9.95018687695e-05
341 376 6.21886679809e-06
341 377 6.21886679809e-06
341 378 6.21886679809e-06
341 379 6.21886679809e-06
341 380 6.21886679809e-06
341 381 2.48754671924e-05
341 382 6.21886679809e-06
341 383 5.59698011828e-05
341 384 6.21886679809e-06
341 385 6.21886679809e-06
341 386 6.21886679809e-06
341 387 5.59698011828e-05
341 388 0.0
341 389 0.0
341 390 0.0
341 391 0.000155471669952
341 392 6.21886679809e-06
341 393 2.48754671924e-05
341 394 2.48754671924e-05
341 395 9.95018687695e-05
341 396 6.21886679809e-06
341 397 9.95018687695e-05
341 398 0.0
341 399 6.21886679809e-06
341 400 0.0
342 0 0.0
342 1 2.48754671924e-05
342 2 0.0
342 3 2.48754671924e-05
342 4 0.0
342 5 0.000155471669952
342 6 0.0
342 7 0.000223879204731
342 8 0.0
342 9 2.48754671924e-05
342 10 0.0
342 11 0.000503728210645
342 12 0.0
342 13 9.95018687695e-05
342 14 0.0
342 15 5.59698011828e-05
342 16 0.0
342 17 9.95018687695e-05
342 18 0.0
342 19 6.21886679809e-06
342 20 0.0
342 21 6.21886679809e-06
342 22 0.0
342 23 0.0
342 24 0.0
342 25 6.21886679809e-06
342 26 0.0
342 27 6.21886679809e-06
342 28 0.0
342 29 0.000304724473107
342 30 0.0
342 31 9.95018687695e-05
342 32 0.0
342 33 2.48754671924e-05
342 34 0.0
342 35 6.21886679809e-06
342 36 0.0
342 37 0.000621886679809
342 38 0.0
342 39 0.000223879204731
342 40 0.0
342 41 6.21886679809e-06
342 42 0.0
342 43 5.59698011828e-05
342 44 0.0
342 45 0.0
342 46 0.0
342 47 6.21886679809e-06
342 48 0.0
342 49 0.0
342 50 0.0
342 51 0.0
342 52 0.0
342 53 0.0
342 54 0.0
342 55 0.0
342 56 0.0
342 57 0.0
342 58 0.0
342 59 0.0
342 60 0.0
342 61 6.21886679809e-06
342 62 0.0
342 63 6.21886679809e-06
342 64 0.0
342 65 6.21886679809e-06
342 66 0.0
342 67 0.0
342 68 0.0
342 69 2.48754671924e-05
342 70 0.0
342 71 6.21886679809e-06
342 72 0.0
342 73 0.0
342 74 0.0
342 75 0.0
342 76 0.0
342 77 0.0
342 78 0.0
342 79 0.0
342 80 0.0
342 81 0.0
342 82 0.0
342 83 0.0
342 84 0.0
342 85 0.0
342 86 0.0
342 87 0.0
342 88 0.0
342 89 0.0
342 90 0.0
342 91 0.0
342 92 0.0
342 93 0.0
342 94 0.0
342 95 0.0
342 96 0.0
342 97 0.0
342 98 0.0
342 99 0.0
342 100 0.0
342 101 0.0
342 102 0.0
342 103 0.0
342 104 0.0
342 105 0.0
342 106 0.0
342 107 0.0
342 108 0.0
342 109 6.21886679809e-06
342 110 0.0
342 111 0.0
342 112 0.0
342 113 6.21886679809e-06
342 114 0.0
342 115 0.0
342 116 0.0
342 117 0.0
342 118 0.0
342 119 0.0
342 120 0.0
342 121 6.21886679809e-06
342 122 0.0
342 123 0.0
342 124 0.0
342 125 6.21886679809e-06
342 126 0.0
342 127 0.0
342 128 0.0
342 129 0.0
342 130 0.0
342 131 0.0
342 132 0.0
342 133 0.0
342 134 0.0
342 135 0.0
342 136 0.0
342 137 0.0
342 138 0.0
342 139 0.0
342 140 0.0
342 141 0.0
342 142 0.0
342 143 0.0
342 144 0.0
342 145 0.0
342 146 0.0
342 147 0.0
342 148 0.0
342 149 0.0
342 150 0.0
342 151 0.0
342 152 0.0
342 153 0.0
342 154 0.0
342 155 0.0
342 156 0.0
342 157 0.0
342 158 0.0
342 159 0.0
342 160 0.0
342 161 0.0
342 162 0.0
342 163 0.0
342 164 0.0
342 165 0.0
342 166 0.0
342 167 0.0
342 168 0.0
342 169 0.0
342 170 0.0
342 171 0.0
342 172 0.0
342 173 6.21886679809e-06
342 174 0.0
342 175 6.21886679809e-06
342 176 0.0
342 177 0.0
342 178 0.0
342 179 0.0
342 180 0.0
342 181 0.0
342 182 0.0
342 183 0.0
342 184 0.0
342 185 0.0
342 186 0.0
342 187 0.0
342 188 0.0
342 189 0.0
342 190 0.0
342 191 0.0
342 192 0.0
342 193 0.0
342 194 0.0
342 195 0.0
342 196 0.0
342 197 0.0
342 198 0.0
342 199 0.0
342 200 0.0
342 201 0.0
342 202 0.0
342 203 0.0
342 204 0.0
342 205 0.0
342 206 0.0
342 207 0.0
342 208 0.0
342 209 0.0
342 210 0.0
342 211 0.0
342 212 0.0
342 213 0.0
342 214 0.0
342 215 0.0
342 216 0.0
342 217 0.0
342 218 0.0
342 219 0.0
342 220 0.0
342 221 0.0
342 222 0.0
342 223 0.0
342 224 0.0
342 225 0.0
342 226 0.0
342 227 0.0
342 228 0.0
342 229 0.0
342 230 0.0
342 231 0.0
342 232 0.0
342 233 0.0
342 234 0.0
342 235 0.0
342 236 0.0
342 237 0.0
342 238 0.0
342 239 0.0
342 240 0.0
342 241 0.0
342 242 0.0
342 243 0.0
342 244 0.0
342 245 0.0
342 246 0.0
342 247 0.0
342 248 0.0
342 249 0.0
342 250 0.0
342 251 0.0
342 252 0.0
342 253 0.0
342 254 0.0
342 255 0.0
342 256 0.0
342 257 0.0
342 258 0.0
342 259 0.0
342 260 0.0
342 261 0.0
342 262 0.0
342 263 0.0
342 264 0.0
342 265 0.0
342 266 0.0
342 267 0.0
342 268 0.0
342 269 0.0
342 270 0.0
342 271 0.0
342 272 0.0
342 273 0.0
342 274 0.0
342 275 0.0
342 276 0.0
342 277 0.0
342 278 0.0
342 279 0.0
342 280 0.0
342 281 0.0
342 282 0.0
342 283 0.0
342 284 0.0
342 285 0.0
342 286 0.0
342 287 0.0
342 288 0.0
342 289 0.0
342 290 0.0
342 291 0.0
342 292 0.0
342 293 0.0
342 294 0.0
342 295 0.0
342 296 0.0
342 297 0.0
342 298 0.0
342 299 0.0
342 300 0.0
342 301 0.0
342 302 0.0
342 303 0.0
342 304 0.0
342 305 0.0
342 306 0.0
342 307 0.0
342 308 0.0
342 309 0.0
342 310 0.0
342 311 0.0
342 312 0.0
342 313 0.0
342 314 0.0
342 315 0.0
342 316 0.0
342 317 0.0
342 318 0.0
342 319 0.0
342 320 0.0
342 321 0.0
342 322 0.0
342 323 0.0
342 324 0.0
342 325 0.0
342 326 0.0
342 327 0.0
342 328 0.0
342 329 0.0
342 330 0.0
342 331 0.0
342 332 0.0
342 333 0.0
342 334 0.0
342 335 0.0
342 336 0.0
342 337 0.0
342 338 0.0
342 339 0.0
342 340 0.0
342 341 0.0
342 342 0.0
342 343 0.0
342 344 0.0
342 345 0.0
342 346 0.0
342 347 0.0
342 348 0.0
342 349 6.21886679809e-06
342 350 0.0
342 351 6.21886679809e-06
342 352 0.0
342 353 6.21886679809e-06
342 354 0.0
342 355 6.21886679809e-06
342 356 0.0
342 357 0.0
342 358 0.0
342 359 6.21886679809e-06
342 360 0.0
342 361 0.0
342 362 0.0
342 363 2.48754671924e-05
342 364 0.0
342 365 6.21886679809e-06
342 366 0.0
342 367 0.000155471669952
342 368 0.0
342 369 5.59698011828e-05
342 370 0.0
342 371 0.000304724473107
342 372 0.0
342 373 0.000155471669952
342 374 0.0
342 375 5.59698011828e-05
342 376 0.0
342 377 6.21886679809e-06
342 378 0.0
342 379 6.21886679809e-06
342 380 0.0
342 381 5.59698011828e-05
342 382 0.0
342 383 2.48754671924e-05
342 384 0.0
342 385 2.48754671924e-05
342 386 0.0
342 387 2.48754671924e-05
342 388 0.0
342 389 6.21886679809e-06
342 390 0.0
342 391 9.95018687695e-05
342 392 0.0
342 393 6.21886679809e-06
342 394 0.0
342 395 5.59698011828e-05
342 396 0.0
342 397 9.95018687695e-05
342 398 0.0
342 399 6.21886679809e-06
342 400 0.0
343 0 0.0
343 1 2.48754671924e-05
343 2 0.0
343 3 2.48754671924e-05
343 4 0.0
343 5 0.000155471669952
343 6 0.0
343 7 0.000223879204731
343 8 0.0
343 9 2.48754671924e-05
343 10 0.0
343 11 0.000503728210645
343 12 0.0
343 13 9.95018687695e-05
343 14 0.0
343 15 5.59698011828e-05
343 16 0.0
343 17 9.95018687695e-05
343 18 0.0
343 19 6.21886679809e-06
343 20 0.0
343 21 6.21886679809e-06
343 22 0.0
343 23 0.0
343 24 0.0
343 25 6.21886679809e-06
343 26 0.0
343 27 6.21886679809e-06
343 28 0.0
343 29 0.000304724473107
343 30 0.0
343 31 9.95018687695e-05
343 32 0.0
343 33 2.48754671924e-05
343 34 0.0
343 35 6.21886679809e-06
343 36 0.0
343 37 0.000621886679809
343 38 0.0
343 39 0.000223879204731
343 40 0.0
343 41 6.21886679809e-06
343 42 0.0
343 43 5.59698011828e-05
343 44 0.0
343 45 0.0
343 46 0.0
343 47 6.21886679809e-06
343 48 0.0
343 49 0.0
343 50 0.0
343 51 0.0
343 52 0.0
343 53 0.0
343 54 0.0
343 55 0.0
343 56 0.0
343 57 0.0
343 58 0.0
343 59 0.0
343 60 0.0
343 61 6.21886679809e-06
343 62 0.0
343 63 0.0
343 64 0.0
343 65 6.21886679809e-06
343 66 6.21886679809e-06
343 67 6.21886679809e-06
343 68 6.21886679809e-06
343 69 2.48754671924e-05
343 70 6.21886679809e-06
343 71 6.21886679809e-06
343 72 0.0
343 73 0.0
343 74 0.0
343 75 0.0
343 76 0.0
343 77 0.0
343 78 0.0
343 79 0.0
343 80 0.0
343 81 0.0
343 82 0.0
343 83 0.0
343 84 0.0
343 85 0.0
343 86 0.0
343 87 0.0
343 88 0.0
343 89 0.0
343 90 0.0
343 91 0.0
343 92 0.0
343 93 0.0
343 94 0.0
343 95 0.0
343 96 0.0
343 97 0.0
343 98 0.0
343 99 0.0
343 100 0.0
343 101 0.0
343 102 0.0
343 103 0.0
343 104 0.0
343 105 0.0
343 106 0.0
343 107 0.0
343 108 0.0
343 109 6.21886679809e-06
343 110 0.0
343 111 0.0
343 112 0.0
343 113 6.21886679809e-06
343 114 6.21886679809e-06
343 115 6.21886679809e-06
343 116 6.21886679809e-06
343 117 6.21886679809e-06
343 118 6.21886679809e-06
343 119 6.21886679809e-06
343 120 6.21886679809e-06
343 121 6.21886679809e-06
343 122 0.0
343 123 0.0
343 124 0.0
343 125 6.21886679809e-06
343 126 0.0
343 127 0.0
343 128 0.0
343 129 0.0
343 130 0.0
343 131 0.0
343 132 0.0
343 133 0.0
343 134 0.0
343 135 0.0
343 136 0.0
343 137 0.0
343 138 0.0
343 139 0.0
343 140 0.0
343 141 0.0
343 142 0.0
343 143 0.0
343 144 0.0
343 145 0.0
343 146 0.0
343 147 0.0
343 148 0.0
343 149 0.0
343 150 0.0
343 151 0.0
343 152 0.0
343 153 0.0
343 154 0.0
343 155 0.0
343 156 0.0
343 157 0.0
343 158 0.0
343 159 0.0
343 160 0.0
343 161 0.0
343 162 0.0
343 163 0.0
343 164 0.0
343 165 0.0
343 166 0.0
343 167 0.0
343 168 0.0
343 169 0.0
343 170 0.0
343 171 6.21886679809e-06
343 172 6.21886679809e-06
343 173 2.48754671924e-05
343 174 6.21886679809e-06
343 175 2.48754671924e-05
343 176 6.21886679809e-06
343 177 6.21886679809e-06
343 178 0.0
343 179 0.0
343 180 0.0
343 181 0.0
343 182 0.0
343 183 0.0
343 184 0.0
343 185 0.0
343 186 0.0
343 187 0.0
343 188 0.0
343 189 0.0
343 190 0.0
343 191 0.0
343 192 0.0
343 193 0.0
343 194 0.0
343 195 0.0
343 196 0.0
343 197 0.0
343 198 0.0
343 199 0.0
343 200 0.0
343 201 0.0
343 202 0.0
343 203 0.0
343 204 0.0
343 205 0.0
343 206 0.0
343 207 0.0
343 208 0.0
343 209 0.0
343 210 0.0
343 211 0.0
343 212 0.0
343 213 0.0
343 214 0.0
343 215 0.0
343 216 0.0
343 217 0.0
343 218 0.0
343 219 0.0
343 220 0.0
343 221 0.0
343 222 0.0
343 223 0.0
343 224 0.0
343 225 0.0
343 226 0.0
343 227 0.0
343 228 0.0
343 229 0.0
343 230 0.0
343 231 0.0
343 232 0.0
343 233 0.0
343 234 0.0
343 235 0.0
343 236 0.0
343 237 0.0
343 238 0.0
343 239 0.0
343 240 0.0
343 241 0.0
343 242 0.0
343 243 0.0
343 244 0.0
343 245 0.0
343 246 0.0
343 247 0.0
343 248 0.0
343 249 0.0
343 250 0.0
343 251 0.0
343 252 0.0
343 253 0.0
343 254 0.0
343 255 0.0
343 256 0.0
343 257 0.0
343 258 0.0
343 259 0.0
343 260 0.0
343 261 0.0
343 262 0.0
343 263 0.0
343 264 0.0
343 265 0.0
343 266 0.0
343 267 0.0
343 268 0.0
343 269 0.0
343 270 0.0
343 271 0.0
343 272 0.0
343 273 0.0
343 274 0.0
343 275 0.0
343 276 0.0
343 277 0.0
343 278 0.0
343 279 0.0
343 280 0.0
343 281 0.0
343 282 0.0
343 283 0.0
343 284 0.0
343 285 0.0
343 286 0.0
343 287 0.0
343 288 0.0
343 289 0.0
343 290 0.0
343 291 0.0
343 292 0.0
343 293 0.0
343 294 0.0
343 295 0.0
343 296 0.0
343 297 0.0
343 298 0.0
343 299 0.0
343 300 0.0
343 301 0.0
343 302 0.0
343 303 0.0
343 304 0.0
343 305 0.0
343 306 0.0
343 307 0.0
343 308 0.0
343 309 0.0
343 310 0.0
343 311 0.0
343 312 0.0
343 313 0.0
343 314 0.0
343 315 0.0
343 316 0.0
343 317 0.0
343 318 0.0
343 319 0.0
343 320 0.0
343 321 0.0
343 322 0.0
343 323 0.0
343 324 0.0
343 325 0.0
343 326 0.0
343 327 0.0
343 328 0.0
343 329 0.0
343 330 0.0
343 331 0.0
343 332 0.0
343 333 0.0
343 334 0.0
343 335 0.0
343 336 0.0
343 337 0.0
343 338 0.0
343 339 0.0
343 340 0.0
343 341 0.0
343 342 0.0
343 343 0.0
343 344 0.0
343 345 0.0
343 346 0.0
343 347 0.0
343 348 0.0
343 349 6.21886679809e-06
343 350 0.0
343 351 0.0
343 352 0.0
343 353 6.21886679809e-06
343 354 6.21886679809e-06
343 355 6.21886679809e-06
343 356 0.0
343 357 0.0
343 358 0.0
343 359 6.21886679809e-06
343 360 0.0
343 361 0.0
343 362 0.0
343 363 2.48754671924e-05
343 364 0.0
343 365 6.21886679809e-06
343 366 6.21886679809e-06
343 367 0.000223879204731
343 368 0.0
343 369 9.95018687695e-05
343 370 0.0
343 371 0.000223879204731
343 372 0.0
343 373 0.000155471669952
343 374 6.21886679809e-06
343 375 5.59698011828e-05
343 376 0.0
343 377 2.48754671924e-05
343 378 0.0
343 379 6.21886679809e-06
343 380 0.0
343 381 5.59698011828e-05
343 382 0.0
343 383 5.59698011828e-05
343 384 0.0
343 385 2.48754671924e-05
343 386 0.0
343 387 5.59698011828e-05
343 388 0.0
343 389 6.21886679809e-06
343 390 0.0
343 391 5.59698011828e-05
343 392 0.0
343 393 6.21886679809e-06
343 394 6.21886679809e-06
343 395 9.95018687695e-05
343 396 0.0
343 397 9.95018687695e-05
343 398 0.0
343 399 6.21886679809e-06
343 400 0.0
344 0 0.0
344 1 2.48754671924e-05
344 2 0.0
344 3 2.48754671924e-05
344 4 0.0
344 5 0.000155471669952
344 6 0.0
344 7 0.000223879204731
344 8 0.0
344 9 2.48754671924e-05
344 10 0.0
344 11 0.000503728210645
344 12 0.0
344 13 9.95018687695e-05
344 14 0.0
344 15 5.59698011828e-05
344 16 0.0
344 17 9.95018687695e-05
344 18 0.0
344 19 6.21886679809e-06
344 20 0.0
344 21 6.21886679809e-06
344 22 0.0
344 23 0.0
344 24 0.0
344 25 6.21886679809e-06
344 26 0.0
344 27 6.21886679809e-06
344 28 0.0
344 29 0.000304724473107
344 30 0.0
344 31 9.95018687695e-05
344 32 0.0
344 33 2.48754671924e-05
344 34 0.0
344 35 6.21886679809e-06
344 36 0.0
344 37 0.000621886679809
344 38 0.0
344 39 0.000223879204731
344 40 0.0
344 41 6.21886679809e-06
344 42 0.0
344 43 5.59698011828e-05
344 44 0.0
344 45 0.0
344 46 0.0
344 47 6.21886679809e-06
344 48 0.0
344 49 0.0
344 50 0.0
344 51 0.0
344 52 0.0
344 53 0.0
344 54 0.0
344 55 0.0
344 56 0.0
344 57 0.0
344 58 0.0
344 59 0.0
344 60 0.0
344 61 0.0
344 62 0.0
344 63 0.0
344 64 0.0
344 65 0.0
344 66 0.0
344 67 0.0
344 68 0.0
344 69 0.0
344 70 0.0
344 71 0.0
344 72 0.0
344 73 0.0
344 74 0.0
344 75 0.0
344 76 0.0
344 77 0.0
344 78 0.0
344 79 0.0
344 80 0.0
344 81 0.0
344 82 0.0
344 83 0.0
344 84 0.0
344 85 0.0
344 86 0.0
344 87 0.0
344 88 0.0
344 89 0.0
344 90 0.0
344 91 0.0
344 92 0.0
344 93 0.0
344 94 0.0
344 95 0.0
344 96 0.0
344 97 0.0
344 98 0.0
344 99 0.0
344 100 0.0
344 101 0.0
344 102 0.0
344 103 0.0
344 104 0.0
344 105 0.0
344 106 0.0
344 107 0.0
344 108 0.0
344 109 0.0
344 110 0.0
344 111 0.0
344 112 0.0
344 113 0.0
344 114 0.0
344 115 0.0
344 116 0.0
344 117 0.0
344 118 0.0
344 119 0.0
344 120 0.0
344 121 0.0
344 122 0.0
344 123 0.0
344 124 0.0
344 125 0.0
344 126 0.0
344 127 0.0
344 128 0.0
344 129 0.0
344 130 0.0
344 131 0.0
344 132 0.0
344 133 0.0
344 134 0.0
344 135 0.0
344 136 0.0
344 137 0.0
344 138 0.0
344 139 0.0
344 140 0.0
344 141 0.0
344 142 0.0
344 143 0.0
344 144 0.0
344 145 0.0
344 146 0.0
344 147 0.0
344 148 0.0
344 149 0.0
344 150 0.0
344 151 0.0
344 152 0.0
344 153 0.0
344 154 0.0
344 155 0.0
344 156 0.0
344 157 0.0
344 158 0.0
344 159 0.0
344 160 0.0
344 161 0.0
344 162 0.0
344 163 0.0
344 164 0.0
344 165 0.0
344 166 0.0
344 167 0.0
344 168 0.0
344 169 0.0
344 170 0.0
344 171 0.0
344 172 0.0
344 173 0.0
344 174 0.0
344 175 0.0
344 176 0.0
344 177 0.0
344 178 0.0
344 179 0.0
344 180 0.0
344 181 0.0
344 182 0.0
344 183 0.0
344 184 0.0
344 185 0.0
344 186 0.0
344 187 0.0
344 188 0.0
344 189 0.0
344 190 0.0
344 191 0.0
344 192 0.0
344 193 0.0
344 194 0.0
344 195 0.0
344 196 0.0
344 197 0.0
344 198 0.0
344 199 0.0
344 200 0.0
344 201 0.0
344 202 0.0
344 203 0.0
344 204 0.0
344 205 0.0
344 206 0.0
344 207 0.0
344 208 0.0
344 209 0.0
344 210 0.0
344 211 0.0
344 212 0.0
344 213 0.0
344 214 0.0
344 215 0.0
344 216 0.0
344 217 0.0
344 218 0.0
344 219 0.0
344 220 0.0
344 221 0.0
344 222 0.0
344 223 0.0
344 224 0.0
344 225 0.0
344 226 0.0
344 227 0.0
344 228 0.0
344 229 0.0
344 230 0.0
344 231 0.0
344 232 0.0
344 233 0.0
344 234 0.0
344 235 0.0
344 236 0.0
344 237 0.0
344 238 0.0
344 239 0.0
344 240 0.0
344 241 0.0
344 242 0.0
344 243 0.0
344 244 0.0
344 245 0.0
344 246 0.0
344 247 0.0
344 248 0.0
344 249 0.0
344 250 0.0
344 251 0.0
344 252 0.0
344 253 0.0
344 254 0.0
344 255 0.0
344 256 0.0
344 257 0.0
344 258 0.0
344 259 0.0
344 260 0.0
344 261 0.0
344 262 0.0
344 263 0.0
344 264 0.0
344 265 0.0
344 266 0.0
344 267 0.0
344 268 0.0
344 269 0.0
344 270 0.0
344 271 0.0
344 272 0.0
344 273 0.0
344 274 0.0
344 275 0.0
344 276 0.0
344 277 0.0
344 278 0.0
344 279 0.0
344 280 0.0
344 281 0.0
344 282 0.0
344 283 0.0
344 284 0.0
344 285 0.0
344 286 0.0
344 287 0.0
344 288 0.0
344 289 0.0
344 290 0.0
344 291 0.0
344 292 0.0
344 293 0.0
344 294 0.0
344 295 0.0
344 296 0.0
344 297 0.0
344 298 0.0
344 299 0.0
344 300 0.0
344 301 0.0
344 302 0.0
344 303 0.0
344 304 0.0
344 305 0.0
344 306 0.0
344 307 0.0
344 308 0.0
344 309 0.0
344 310 0.0
344 311 0.0
344 312 0.0
344 313 0.0
344 314 0.0
344 315 0.0
344 316 0.0
344 317 0.0
344 318 0.0
344 319 0.0
344 320 0.0
344 321 0.0
344 322 0.0
344 323 0.0
344 324 0.0
344 325 0.0
344 326 0.0
344 327 0.0
344 328 0.0
344 329 0.0
344 330 0.0
344 331 0.0
344 332 0.0
344 333 0.0
344 334 0.0
344 335 0.0
344 336 0.0
344 337 0.0
344 338 0.0
344 339 0.0
344 340 0.0
344 341 0.0
344 342 0.0
344 343 0.0
344 344 0.0
344 345 0.0
344 346 0.0
344 347 0.0
344 348 0.0
344 349 0.0
344 350 0.0
344 351 0.0
344 352 0.0
344 353 0.0
344 354 0.0
344 355 0.0
344 356 0.0
344 357 0.0
344 358 0.0
344 359 0.0
344 360 0.0
344 361 0.0
344 362 0.0
344 363 2.48754671924e-05
344 364 0.0
344 365 6.21886679809e-06
344 366 0.0
344 367 0.000223879204731
344 368 0.0
344 369 9.95018687695e-05
344 370 0.0
344 371 0.000304724473107
344 372 0.0
344 373 0.000223879204731
344 374 0.0
344 375 2.48754671924e-05
344 376 0.0
344 377 6.21886679809e-06
344 378 0.0
344 379 6.21886679809e-06
344 380 0.0
344 381 9.95018687695e-05
344 382 0.0
344 383 2.48754671924e-05
344 384 0.0
344 385 2.48754671924e-05
344 386 0.0
344 387 5.59698011828e-05
344 388 0.0
344 389 6.21886679809e-06
344 390 0.0
344 391 5.59698011828e-05
344 392 0.0
344 393 6.21886679809e-06
344 394 0.0
344 395 5.59698011828e-05
344 396 0.0
344 397 9.95018687695e-05
344 398 0.0
344 399 6.21886679809e-06
344 400 0.0
345 0 0.0
345 1 2.48754671924e-05
345 2 0.0
345 3 2.48754671924e-05
345 4 0.0
345 5 0.000155471669952
345 6 0.0
345 7 0.000223879204731
345 8 0.0
345 9 2.48754671924e-05
345 10 0.0
345 11 0.000503728210645
345 12 0.0
345 13 9.95018687695e-05
345 14 0.0
345 15 5.59698011828e-05
345 16 0.0
345 17 9.95018687695e-05
345 18 0.0
345 19 6.21886679809e-06
345 20 0.0
345 21 6.21886679809e-06
345 22 0.0
345 23 0.0
345 24 0.0
345 25 6.21886679809e-06
345 26 0.0
345 27 6.21886679809e-06
345 28 0.0
345 29 0.000304724473107
345 30 0.0
345 31 9.95018687695e-05
345 32 0.0
345 33 2.48754671924e-05
345 34 0.0
345 35 6.21886679809e-06
345 36 0.0
345 37 0.000621886679809
345 38 0.0
345 39 0.000223879204731
345 40 0.0
345 41 6.21886679809e-06
345 42 6.21886679809e-06
345 43 5.59698011828e-05
345 44 0.0
345 45 0.0
345 46 0.0
345 47 6.21886679809e-06
345 48 0.0
345 49 0.0
345 50 0.0
345 51 0.0
345 52 0.0
345 53 0.0
345 54 0.0
345 55 0.0
345 56 0.0
345 57 0.0
345 58 0.0
345 59 0.0
345 60 0.0
345 61 0.0
345 62 0.0
345 63 0.0
345 64 0.0
345 65 0.0
345 66 0.0
345 67 0.0
345 68 0.0
345 69 0.0
345 70 0.0
345 71 0.0
345 72 0.0
345 73 0.0
345 74 0.0
345 75 0.0
345 76 0.0
345 77 0.0
345 78 0.0
345 79 0.0
345 80 0.0
345 81 0.0
345 82 0.0
345 83 0.0
345 84 0.0
345 85 0.0
345 86 0.0
345 87 0.0
345 88 0.0
345 89 0.0
345 90 0.0
345 91 0.0
345 92 0.0
345 93 0.0
345 94 0.0
345 95 0.0
345 96 0.0
345 97 0.0
345 98 0.0
345 99 0.0
345 100 0.0
345 101 0.0
345 102 0.0
345 103 0.0
345 104 0.0
345 105 0.0
345 106 0.0
345 107 0.0
345 108 0.0
345 109 0.0
345 110 0.0
345 111 0.0
345 112 0.0
345 113 0.0
345 114 0.0
345 115 0.0
345 116 0.0
345 117 0.0
345 118 0.0
345 119 0.0
345 120 0.0
345 121 0.0
345 122 0.0
345 123 0.0
345 124 0.0
345 125 0.0
345 126 0.0
345 127 0.0
345 128 0.0
345 129 0.0
345 130 0.0
345 131 0.0
345 132 0.0
345 133 0.0
345 134 0.0
345 135 0.0
345 136 0.0
345 137 0.0
345 138 0.0
345 139 0.0
345 140 0.0
345 141 0.0
345 142 0.0
345 143 0.0
345 144 0.0
345 145 0.0
345 146 0.0
345 147 0.0
345 148 0.0
345 149 0.0
345 150 0.0
345 151 0.0
345 152 0.0
345 153 0.0
345 154 0.0
345 155 0.0
345 156 0.0
345 157 0.0
345 158 0.0
345 159 0.0
345 160 0.0
345 161 0.0
345 162 0.0
345 163 0.0
345 164 0.0
345 165 0.0
345 166 0.0
345 167 0.0
345 168 0.0
345 169 0.0
345 170 0.0
345 171 0.0
345 172 0.0
345 173 0.0
345 174 0.0
345 175 0.0
345 176 0.0
345 177 0.0
345 178 0.0
345 179 0.0
345 180 0.0
345 181 0.0
345 182 0.0
345 183 0.0
345 184 0.0
345 185 0.0
345 186 0.0
345 187 0.0
345 188 0.0
345 189 0.0
345 190 0.0
345 191 0.0
345 192 0.0
345 193 0.0
345 194 0.0
345 195 0.0
345 196 0.0
345 197 0.0
345 198 0.0
345 199 0.0
345 200 0.0
345 201 0.0
345 202 0.0
345 203 0.0
345 204 0.0
345 205 0.0
345 206 0.0
345 207 0.0
345 208 0.0
345 209 0.0
345 210 0.0
345 211 0.0
345 212 0.0
345 213 0.0
345 214 0.0
345 215 0.0
345 216 0.0
345 217 0.0
345 218 0.0
345 219 0.0
345 220 0.0
345 221 0.0
345 222 0.0
345 223 0.0
345 224 0.0
345 225 0.0
345 226 0.0
345 227 0.0
345 228 0.0
345 229 0.0
345 230 0.0
345 231 0.0
345 232 0.0
345 233 0.0
345 234 0.0
345 235 0.0
345 236 0.0
345 237 0.0
345 238 0.0
345 239 0.0
345 240 0.0
345 241 0.0
345 242 0.0
345 243 0.0
345 244 0.0
345 245 0.0
345 246 0.0
345 247 0.0
345 248 0.0
345 249 0.0
345 250 0.0
345 251 0.0
345 252 0.0
345 253 0.0
345 254 0.0
345 255 0.0
345 256 0.0
345 257 0.0
345 258 0.0
345 259 0.0
345 260 0.0
345 261 0.0
345 262 0.0
345 263 0.0
345 264 0.0
345 265 0.0
345 266 0.0
345 267 0.0
345 268 0.0
345 269 0.0
345 270 0.0
345 271 0.0
345 272 0.0
345 273 0.0
345 274 0.0
345 275 0.0
345 276 0.0
345 277 0.0
345 278 0.0
345 279 0.0
345 280 0.0
345 281 0.0
345 282 0.0
345 283 0.0
345 284 0.0
345 285 0.0
345 286 0.0
345 287 0.0
345 288 0.0
345 289 0.0
345 290 0.0
345 291 0.0
345 292 0.0
345 293 0.0
345 294 0.0
345 295 0.0
345 296 0.0
345 297 0.0
345 298 0.0
345 299 0.0
345 300 0.0
345 301 0.0
345 302 0.0
345 303 0.0
345 304 0.0
345 305 0.0
345 306 0.0
345 307 0.0
345 308 0.0
345 309 0.0
345 310 0.0
345 311 0.0
345 312 0.0
345 313 0.0
345 314 0.0
345 315 0.0
345 316 0.0
345 317 0.0
345 318 0.0
345 319 0.0
345 320 0.0
345 321 0.0
345 322 0.0
345 323 0.0
345 324 0.0
345 325 0.0
345 326 0.0
345 327 0.0
345 328 0.0
345 329 0.0
345 330 0.0
345 331 0.0
345 332 0.0
345 333 0.0
345 334 0.0
345 335 0.0
345 336 0.0
345 337 0.0
345 338 0.0
345 339 0.0
345 340 0.0
345 341 0.0
345 342 0.0
345 343 0.0
345 344 0.0
345 345 0.0
345 346 0.0
345 347 0.0
345 348 0.0
345 349 0.0
345 350 0.0
345 351 0.0
345 352 0.0
345 353 0.0
345 354 0.0
345 355 0.0
345 356 0.0
345 357 0.0
345 358 0.0
345 359 0.0
345 360 0.0
345 361 0.0
345 362 0.0
345 363 2.48754671924e-05
345 364 0.0
345 365 6.21886679809e-06
345 366 0.0
345 367 0.000223879204731
345 368 0.0
345 369 9.95018687695e-05
345 370 0.0
345 371 0.000304724473107
345 372 0.0
345 373 0.000223879204731
345 374 0.0
345 375 2.48754671924e-05
345 376 0.0
345 377 6.21886679809e-06
345 378 0.0
345 379 6.21886679809e-06
345 380 0.0
345 381 9.95018687695e-05
345 382 0.0
345 383 5.59698011828e-05
345 384 6.21886679809e-06
345 385 2.48754671924e-05
345 386 0.0
345 387 2.48754671924e-05
345 388 0.0
345 389 6.21886679809e-06
345 390 0.0
345 391 5.59698011828e-05
345 392 6.21886679809e-06
345 393 6.21886679809e-06
345 394 0.0
345 395 5.59698011828e-05
345 396 0.0
345 397 9.95018687695e-05
345 398 0.0
345 399 6.21886679809e-06
345 400 0.0
346 0 0.0
346 1 2.48754671924e-05
346 2 0.0
346 3 2.48754671924e-05
346 4 0.0
346 5 0.000155471669952
346 6 0.0
346 7 0.000223879204731
346 8 0.0
346 9 2.48754671924e-05
346 10 0.0
346 11 0.000503728210645
346 12 0.0
346 13 9.95018687695e-05
346 14 0.0
346 15 5.59698011828e-05
346 16 0.0
346 17 9.95018687695e-05
346 18 0.0
346 19 6.21886679809e-06
346 20 0.0
346 21 6.21886679809e-06
346 22 0.0
346 23 0.0
346 24 0.0
346 25 6.21886679809e-06
346 26 0.0
346 27 6.21886679809e-06
346 28 0.0
346 29 0.000304724473107
346 30 0.0
346 31 9.95018687695e-05
346 32 0.0
346 33 2.48754671924e-05
346 34 0.0
346 35 6.21886679809e-06
346 36 0.0
346 37 0.000621886679809
346 38 0.0
346 39 0.000223879204731
346 40 0.0
346 41 6.21886679809e-06
346 42 0.0
346 43 5.59698011828e-05
346 44 0.0
346 45 0.0
346 46 0.0
346 47 6.21886679809e-06
346 48 0.0
346 49 0.0
346 50 0.0
346 51 0.0
346 52 0.0
346 53 0.0
346 54 0.0
346 55 0.0
346 56 0.0
346 57 0.0
346 58 0.0
346 59 0.0
346 60 0.0
346 61 0.0
346 62 0.0
346 63 0.0
346 64 0.0
346 65 0.0
346 66 0.0
346 67 0.0
346 68 0.0
346 69 0.0
346 70 0.0
346 71 0.0
346 72 0.0
346 73 0.0
346 74 0.0
346 75 0.0
346 76 0.0
346 77 0.0
346 78 0.0
346 79 0.0
346 80 0.0
346 81 0.0
346 82 0.0
346 83 0.0
346 84 0.0
346 85 0.0
346 86 0.0
346 87 0.0
346 88 0.0
346 89 0.0
346 90 0.0
346 91 0.0
346 92 0.0
346 93 0.0
346 94 0.0
346 95 0.0
346 96 0.0
346 97 0.0
346 98 0.0
346 99 0.0
346 100 0.0
346 101 0.0
346 102 0.0
346 103 0.0
346 104 0.0
346 105 0.0
346 106 0.0
346 107 0.0
346 108 0.0
346 109 0.0
346 110 0.0
346 111 0.0
346 112 0.0
346 113 0.0
346 114 0.0
346 115 0.0
346 116 0.0
346 117 0.0
346 118 0.0
346 119 0.0
346 120 0.0
346 121 0.0
346 122 0.0
346 123 0.0
346 124 0.0
346 125 0.0
346 126 0.0
346 127 0.0
346 128 0.0
346 129 0.0
346 130 0.0
346 131 0.0
346 132 0.0
346 133 0.0
346 134 0.0
346 135 0.0
346 136 0.0
346 137 0.0
346 138 0.0
346 139 0.0
346 140 0.0
346 141 0.0
346 142 0.0
346 143 0.0
346 144 0.0
346 145 0.0
346 146 0.0
346 147 0.0
346 148 0.0
346 149 0.0
346 150 0.0
346 151 0.0
346 152 0.0
346 153 0.0
346 154 0.0
346 155 0.0
346 156 0.0
346 157 0.0
346 158 0.0
346 159 0.0
346 160 0.0
346 161 0.0
346 162 0.0
346 163 0.0
346 164 0.0
346 165 0.0
346 166 0.0
346 167 0.0
346 168 0.0
346 169 0.0
346 170 0.0
346 171 0.0
346 172 0.0
346 173 0.0
346 174 0.0
346 175 0.0
346 176 0.0
346 177 0.0
346 178 0.0
346 179 0.0
346 180 0.0
346 181 0.0
346 182 0.0
346 183 0.0
346 184 0.0
346 185 0.0
346 186 0.0
346 187 0.0
346 188 0.0
346 189 0.0
346 190 0.0
346 191 0.0
346 192 0.0
346 193 0.0
346 194 0.0
346 195 0.0
346 196 0.0
346 197 0.0
346 198 0.0
346 199 0.0
346 200 0.0
346 201 0.0
346 202 0.0
346 203 0.0
346 204 0.0
346 205 0.0
346 206 0.0
346 207 0.0
346 208 0.0
346 209 0.0
346 210 0.0
346 211 0.0
346 212 0.0
346 213 0.0
346 214 0.0
346 215 0.0
346 216 0.0
346 217 0.0
346 218 0.0
346 219 0.0
346 220 0.0
346 221 0.0
346 222 0.0
346 223 0.0
346 224 0.0
346 225 0.0
346 226 0.0
346 227 0.0
346 228 0.0
346 229 0.0
346 230 0.0
346 231 0.0
346 232 0.0
346 233 0.0
346 234 0.0
346 235 0.0
346 236 0.0
346 237 0.0
346 238 0.0
346 239 0.0
346 240 0.0
346 241 0.0
346 242 0.0
346 243 0.0
346 244 0.0
346 245 0.0
346 246 0.0
346 247 0.0
346 248 0.0
346 249 0.0
346 250 0.0
346 251 0.0
346 252 0.0
346 253 0.0
346 254 0.0
346 255 0.0
346 256 0.0
346 257 0.0
346 258 0.0
346 259 0.0
346 260 0.0
346 261 0.0
346 262 0.0
346 263 0.0
346 264 0.0
346 265 0.0
346 266 0.0
346 267 0.0
346 268 0.0
346 269 0.0
346 270 0.0
346 271 0.0
346 272 0.0
346 273 0.0
346 274 0.0
346 275 0.0
346 276 0.0
346 277 0.0
346 278 0.0
346 279 0.0
346 280 0.0
346 281 0.0
346 282 0.0
346 283 0.0
346 284 0.0
346 285 0.0
346 286 0.0
346 287 0.0
346 288 0.0
346 289 0.0
346 290 0.0
346 291 0.0
346 292 0.0
346 293 0.0
346 294 0.0
346 295 0.0
346 296 0.0
346 297 0.0
346 298 0.0
346 299 0.0
346 300 0.0
346 301 0.0
346 302 0.0
346 303 0.0
346 304 0.0
346 305 0.0
346 306 0.0
346 307 0.0
346 308 0.0
346 309 0.0
346 310 0.0
346 311 0.0
346 312 0.0
346 313 0.0
346 314 0.0
346 315 0.0
346 316 0.0
346 317 0.0
346 318 0.0
346 319 0.0
346 320 0.0
346 321 0.0
346 322 0.0
346 323 0.0
346 324 0.0
346 325 0.0
346 326 0.0
346 327 0.0
346 328 0.0
346 329 0.0
346 330 0.0
346 331 0.0
346 332 0.0
346 333 0.0
346 334 0.0
346 335 0.0
346 336 0.0
346 337 0.0
346 338 0.0
346 339 0.0
346 340 0.0
346 341 0.0
346 342 0.0
346 343 0.0
346 344 0.0
346 345 0.0
346 346 0.0
346 347 0.0
346 348 0.0
346 349 0.0
346 350 0.0
346 351 0.0
346 352 0.0
346 353 0.0
346 354 0.0
346 355 0.0
346 356 0.0
346 357 0.0
346 358 0.0
346 359 0.0
346 360 0.0
346 361 0.0
346 362 0.0
346 363 2.48754671924e-05
346 364 0.0
346 365 6.21886679809e-06
346 366 0.0
346 367 0.000223879204731
346 368 0.0
346 369 9.95018687695e-05
346 370 0.0
346 371 0.000304724473107
346 372 0.0
346 373 0.000223879204731
346 374 0.0
346 375 2.48754671924e-05
346 376 0.0
346 377 6.21886679809e-06
346 378 0.0
346 379 6.21886679809e-06
346 380 0.0
346 381 9.95018687695e-05
346 382 0.0
346 383 2.48754671924e-05
346 384 0.0
346 385 2.48754671924e-05
346 386 0.0
346 387 5.59698011828e-05
346 388 0.0
346 389 6.21886679809e-06
346 390 0.0
346 391 5.59698011828e-05
346 392 0.0
346 393 6.21886679809e-06
346 394 0.0
346 395 5.59698011828e-05
346 396 0.0
346 397 9.95018687695e-05
346 398 0.0
346 399 6.21886679809e-06
346 400 0.0
347 0 0.0
347 1 2.48754671924e-05
347 2 0.0
347 3 2.48754671924e-05
347 4 0.0
347 5 0.000155471669952
347 6 0.0
347 7 0.000223879204731
347 8 0.0
347 9 2.48754671924e-05
347 10 0.0
347 11 0.000503728210645
347 12 0.0
347 13 9.95018687695e-05
347 14 0.0
347 15 5.59698011828e-05
347 16 0.0
347 17 9.95018687695e-05
347 18 0.0
347 19 6.21886679809e-06
347 20 0.0
347 21 6.21886679809e-06
347 22 0.0
347 23 0.0
347 24 0.0
347 25 6.21886679809e-06
347 26 0.0
347 27 6.21886679809e-06
347 28 0.0
347 29 0.000304724473107
347 30 0.0
347 31 9.95018687695e-05
347 32 0.0
347 33 2.48754671924e-05
347 34 0.0
347 35 6.21886679809e-06
347 36 0.0
347 37 0.000621886679809
347 38 0.0
347 39 0.000223879204731
347 40 0.0
347 41 6.21886679809e-06
347 42 0.0
347 43 5.59698011828e-05
347 44 0.0
347 45 0.0
347 46 0.0
347 47 6.21886679809e-06
347 48 0.0
347 49 0.0
347 50 0.0
347 51 0.0
347 52 0.0
347 53 0.0
347 54 0.0
347 55 0.0
347 56 0.0
347 57 0.0
347 58 0.0
347 59 0.0
347 60 0.0
347 61 6.21886679809e-06
347 62 0.0
347 63 0.0
347 64 0.0
347 65 6.21886679809e-06
347 66 6.21886679809e-06
347 67 6.21886679809e-06
347 68 6.21886679809e-06
347 69 2.48754671924e-05
347 70 6.21886679809e-06
347 71 6.21886679809e-06
347 72 0.0
347 73 0.0
347 74 0.0
347 75 0.0
347 76 0.0
347 77 0.0
347 78 0.0
347 79 0.0
347 80 0.0
347 81 0.0
347 82 0.0
347 83 0.0
347 84 0.0
347 85 0.0
347 86 0.0
347 87 0.0
347 88 0.0
347 89 0.0
347 90 0.0
347 91 0.0
347 92 0.0
347 93 0.0
347 94 0.0
347 95 0.0
347 96 0.0
347 97 0.0
347 98 0.0
347 99 0.0
347 100 0.0
347 101 0.0
347 102 0.0
347 103 0.0
347 104 0.0
347 105 0.0
347 106 0.0
347 107 0.0
347 108 0.0
347 109 6.21886679809e-06
347 110 0.0
347 111 0.0
347 112 0.0
347 113 6.21886679809e-06
347 114 6.21886679809e-06
347 115 6.21886679809e-06
347 116 6.21886679809e-06
347 117 6.21886679809e-06
347 118 6.21886679809e-06
347 119 6.21886679809e-06
347 120 6.21886679809e-06
347 121 6.21886679809e-06
347 122 0.0
347 123 0.0
347 124 0.0
347 125 6.21886679809e-06
347 126 0.0
347 127 0.0
347 128 0.0
347 129 0.0
347 130 0.0
347 131 0.0
347 132 0.0
347 133 0.0
347 134 0.0
347 135 0.0
347 136 0.0
347 137 0.0
347 138 0.0
347 139 0.0
347 140 0.0
347 141 0.0
347 142 0.0
347 143 0.0
347 144 0.0
347 145 0.0
347 146 0.0
347 147 0.0
347 148 0.0
347 149 0.0
347 150 0.0
347 151 0.0
347 152 0.0
347 153 0.0
347 154 0.0
347 155 0.0
347 156 0.0
347 157 0.0
347 158 0.0
347 159 0.0
347 160 0.0
347 161 0.0
347 162 0.0
347 163 0.0
347 164 0.0
347 165 0.0
347 166 0.0
347 167 0.0
347 168 0.0
347 169 0.0
347 170 0.0
347 171 6.21886679809e-06
347 172 6.21886679809e-06
347 173 2.48754671924e-05
347 174 6.21886679809e-06
347 175 2.48754671924e-05
347 176 6.21886679809e-06
347 177 6.21886679809e-06
347 178 0.0
347 179 0.0
347 180 0.0
347 181 0.0
347 182 0.0
347 183 0.0
347 184 0.0
347 185 0.0
347 186 0.0
347 187 0.0
347 188 0.0
347 189 0.0
347 190 0.0
347 191 0.0
347 192 0.0
347 193 0.0
347 194 0.0
347 195 0.0
347 196 0.0
347 197 0.0
347 198 0.0
347 199 0.0
347 200 0.0
347 201 0.0
347 202 0.0
347 203 0.0
347 204 0.0
347 205 0.0
347 206 0.0
347 207 0.0
347 208 0.0
347 209 0.0
347 210 0.0
347 211 0.0
347 212 0.0
347 213 0.0
347 214 0.0
347 215 0.0
347 216 0.0
347 217 0.0
347 218 0.0
347 219 0.0
347 220 0.0
347 221 0.0
347 222 0.0
347 223 0.0
347 224 0.0
347 225 0.0
347 226 0.0
347 227 0.0
347 228 0.0
347 229 0.0
347 230 0.0
347 231 0.0
347 232 0.0
347 233 0.0
347 234 0.0
347 235 0.0
347 236 0.0
347 237 0.0
347 238 0.0
347 239 0.0
347 240 0.0
347 241 0.0
347 242 0.0
347 243 0.0
347 244 0.0
347 245 0.0
347 246 0.0
347 247 0.0
347 248 0.0
347 249 0.0
347 250 0.0
347 251 0.0
347 252 0.0
347 253 0.0
347 254 0.0
347 255 0.0
347 256 0.0
347 257 0.0
347 258 0.0
347 259 0.0
347 260 0.0
347 261 0.0
347 262 0.0
347 263 0.0
347 264 0.0
347 265 0.0
347 266 0.0
347 267 0.0
347 268 0.0
347 269 0.0
347 270 0.0
347 271 0.0
347 272 0.0
347 273 0.0
347 274 0.0
347 275 0.0
347 276 0.0
347 277 0.0
347 278 0.0
347 279 0.0
347 280 0.0
347 281 0.0
347 282 0.0
347 283 0.0
347 284 0.0
347 285 0.0
347 286 0.0
347 287 0.0
347 288 0.0
347 289 0.0
347 290 0.0
347 291 0.0
347 292 0.0
347 293 0.0
347 294 0.0
347 295 0.0
347 296 0.0
347 297 0.0
347 298 0.0
347 299 0.0
347 300 0.0
347 301 0.0
347 302 0.0
347 303 0.0
347 304 0.0
347 305 0.0
347 306 0.0
347 307 0.0
347 308 0.0
347 309 0.0
347 310 0.0
347 311 0.0
347 312 0.0
347 313 0.0
347 314 0.0
347 315 0.0
347 316 0.0
347 317 0.0
347 318 0.0
347 319 0.0
347 320 0.0
347 321 0.0
347 322 0.0
347 323 0.0
347 324 0.0
347 325 0.0
347 326 0.0
347 327 0.0
347 328 0.0
347 329 0.0
347 330 0.0
347 331 0.0
347 332 0.0
347 333 0.0
347 334 0.0
347 335 0.0
347 336 0.0
347 337 0.0
347 338 0.0
347 339 0.0
347 340 0.0
347 341 0.0
347 342 0.0
347 343 0.0
347 344 0.0
347 345 0.0
347 346 0.0
347 347 0.0
347 348 0.0
347 349 6.21886679809e-06
347 350 0.0
347 351 0.0
347 352 0.0
347 353 6.21886679809e-06
347 354 6.21886679809e-06
347 355 6.21886679809e-06
347 356 0.0
347 357 0.0
347 358 0.0
347 359 6.21886679809e-06
347 360 0.0
347 361 0.0
347 362 0.0
347 363 2.48754671924e-05
347 364 0.0
347 365 6.21886679809e-06
347 366 6.21886679809e-06
347 367 0.000223879204731
347 368 0.0
347 369 9.95018687695e-05
347 370 0.0
347 371 0.000223879204731
347 372 6.21886679809e-06
347 373 0.000155471669952
347 374 6.21886679809e-06
347 375 5.59698011828e-05
347 376 0.0
347 377 6.21886679809e-06
347 378 0.0
347 379 6.21886679809e-06
347 380 0.0
347 381 5.59698011828e-05
347 382 6.21886679809e-06
347 383 5.59698011828e-05
347 384 0.0
347 385 2.48754671924e-05
347 386 0.0
347 387 5.59698011828e-05
347 388 0.0
347 389 6.21886679809e-06
347 390 0.0
347 391 5.59698011828e-05
347 392 0.0
347 393 6.21886679809e-06
347 394 6.21886679809e-06
347 395 9.95018687695e-05
347 396 0.0
347 397 9.95018687695e-05
347 398 0.0
347 399 6.21886679809e-06
347 400 0.0
348 0 0.0
348 1 2.48754671924e-05
348 2 0.0
348 3 2.48754671924e-05
348 4 0.0
348 5 0.000223879204731
348 6 0.0
348 7 0.000304724473107
348 8 0.0
348 9 2.48754671924e-05
348 10 0.0
348 11 0.000503728210645
348 12 0.0
348 13 9.95018687695e-05
348 14 0.0
348 15 5.59698011828e-05
348 16 0.0
348 17 9.95018687695e-05
348 18 0.0
348 19 6.21886679809e-06
348 20 0.0
348 21 6.21886679809e-06
348 22 0.0
348 23 0.0
348 24 0.0
348 25 6.21886679809e-06
348 26 0.0
348 27 6.21886679809e-06
348 28 0.0
348 29 0.000304724473107
348 30 0.0
348 31 9.95018687695e-05
348 32 0.0
348 33 2.48754671924e-05
348 34 0.0
348 35 0.0
348 36 0.0
348 37 0.000621886679809
348 38 0.0
348 39 0.000223879204731
348 40 0.0
348 41 6.21886679809e-06
348 42 0.0
348 43 2.48754671924e-05
348 44 0.0
348 45 0.0
348 46 0.0
348 47 6.21886679809e-06
348 48 0.0
348 49 0.0
348 50 0.0
348 51 0.0
348 52 0.0
348 53 0.0
348 54 0.0
348 55 0.0
348 56 0.0
348 57 0.0
348 58 0.0
348 59 0.0
348 60 0.0
348 61 0.0
348 62 0.0
348 63 0.0
348 64 0.0
348 65 0.0
348 66 0.0
348 67 0.0
348 68 0.0
348 69 0.0
348 70 0.0
348 71 0.0
348 72 0.0
348 73 0.0
348 74 0.0
348 75 0.0
348 76 0.0
348 77 0.0
348 78 0.0
348 79 0.0
348 80 0.0
348 81 0.0
348 82 0.0
348 83 0.0
348 84 0.0
348 85 0.0
348 86 0.0
348 87 0.0
348 88 0.0
348 89 0.0
348 90 0.0
348 91 0.0
348 92 0.0
348 93 0.0
348 94 0.0
348 95 0.0
348 96 0.0
348 97 0.0
348 98 0.0
348 99 0.0
348 100 0.0
348 101 0.0
348 102 0.0
348 103 0.0
348 104 0.0
348 105 0.0
348 106 0.0
348 107 0.0
348 108 0.0
348 109 0.0
348 110 0.0
348 111 0.0
348 112 0.0
348 113 0.0
348 114 0.0
348 115 0.0
348 116 0.0
348 117 0.0
348 118 0.0
348 119 0.0
348 120 0.0
348 121 0.0
348 122 0.0
348 123 0.0
348 124 0.0
348 125 0.0
348 126 0.0
348 127 0.0
348 128 0.0
348 129 0.0
348 130 0.0
348 131 0.0
348 132 0.0
348 133 0.0
348 134 0.0
348 135 0.0
348 136 0.0
348 137 0.0
348 138 0.0
348 139 0.0
348 140 0.0
348 141 0.0
348 142 0.0
348 143 0.0
348 144 0.0
348 145 0.0
348 146 0.0
348 147 0.0
348 148 0.0
348 149 0.0
348 150 0.0
348 151 0.0
348 152 0.0
348 153 0.0
348 154 0.0
348 155 0.0
348 156 0.0
348 157 0.0
348 158 0.0
348 159 0.0
348 160 0.0
348 161 0.0
348 162 0.0
348 163 0.0
348 164 0.0
348 165 0.0
348 166 0.0
348 167 0.0
348 168 0.0
348 169 0.0
348 170 0.0
348 171 0.0
348 172 0.0
348 173 0.0
348 174 0.0
348 175 0.0
348 176 0.0
348 177 0.0
348 178 0.0
348 179 0.0
348 180 0.0
348 181 0.0
348 182 0.0
348 183 0.0
348 184 0.0
348 185 0.0
348 186 0.0
348 187 0.0
348 188 0.0
348 189 0.0
348 190 0.0
348 191 0.0
348 192 0.0
348 193 0.0
348 194 0.0
348 195 0.0
348 196 0.0
348 197 0.0
348 198 0.0
348 199 0.0
348 200 0.0
348 201 0.0
348 202 0.0
348 203 0.0
348 204 0.0
348 205 0.0
348 206 0.0
348 207 0.0
348 208 0.0
348 209 0.0
348 210 0.0
348 211 0.0
348 212 0.0
348 213 0.0
348 214 0.0
348 215 0.0
348 216 0.0
348 217 0.0
348 218 0.0
348 219 0.0
348 220 0.0
348 221 0.0
348 222 0.0
348 223 0.0
348 224 0.0
348 225 0.0
348 226 0.0
348 227 0.0
348 228 0.0
348 229 0.0
348 230 0.0
348 231 0.0
348 232 0.0
348 233 0.0
348 234 0.0
348 235 0.0
348 236 0.0
348 237 0.0
348 238 0.0
348 239 0.0
348 240 0.0
348 241 0.0
348 242 0.0
348 243 0.0
348 244 0.0
348 245 0.0
348 246 0.0
348 247 0.0
348 248 0.0
348 249 0.0
348 250 0.0
348 251 0.0
348 252 0.0
348 253 0.0
348 254 0.0
348 255 0.0
348 256 0.0
348 257 0.0
348 258 0.0
348 259 0.0
348 260 0.0
348 261 0.0
348 262 0.0
348 263 0.0
348 264 0.0
348 265 0.0
348 266 0.0
348 267 0.0
348 268 0.0
348 269 0.0
348 270 0.0
348 271 0.0
348 272 0.0
348 273 0.0
348 274 0.0
348 275 0.0
348 276 0.0
348 277 0.0
348 278 0.0
348 279 0.0
348 280 0.0
348 281 0.0
348 282 0.0
348 283 0.0
348 284 0.0
348 285 0.0
348 286 0.0
348 287 0.0
348 288 0.0
348 289 0.0
348 290 0.0
348 291 0.0
348 292 0.0
348 293 0.0
348 294 0.0
348 295 0.0
348 296 0.0
348 297 0.0
348 298 0.0
348 299 0.0
348 300 0.0
348 301 0.0
348 302 0.0
348 303 0.0
348 304 0.0
348 305 0.0
348 306 0.0
348 307 0.0
348 308 0.0
348 309 0.0
348 310 0.0
348 311 0.0
348 312 0.0
348 313 0.0
348 314 0.0
348 315 0.0
348 316 0.0
348 317 0.0
348 318 0.0
348 319 0.0
348 320 0.0
348 321 0.0
348 322 0.0
348 323 0.0
348 324 0.0
348 325 0.0
348 326 0.0
348 327 0.0
348 328 0.0
348 329 0.0
348 330 0.0
348 331 0.0
348 332 0.0
348 333 0.0
348 334 0.0
348 335 0.0
348 336 0.0
348 337 0.0
348 338 0.0
348 339 0.0
348 340 0.0
348 341 0.0
348 342 0.0
348 343 0.0
348 344 0.0
348 345 0.0
348 346 0.0
348 347 0.0
348 348 0.0
348 349 0.0
348 350 0.0
348 351 0.0
348 352 0.0
348 353 0.0
348 354 0.0
348 355 0.0
348 356 0.0
348 357 0.0
348 358 0.0
348 359 0.0
348 360 0.0
348 361 0.0
348 362 0.0
348 363 2.48754671924e-05
348 364 0.0
348 365 0.0
348 366 0.0
348 367 0.000223879204731
348 368 0.0
348 369 5.59698011828e-05
348 370 0.0
348 371 0.000223879204731
348 372 0.0
348 373 0.000223879204731
348 374 0.0
348 375 2.48754671924e-05
348 376 0.0
348 377 6.21886679809e-06
348 378 0.0
348 379 6.21886679809e-06
348 380 0.0
348 381 5.59698011828e-05
348 382 0.0
348 383 5.59698011828e-05
348 384 0.0
348 385 2.48754671924e-05
348 386 0.0
348 387 5.59698011828e-05
348 388 0.0
348 389 6.21886679809e-06
348 390 0.0
348 391 9.95018687695e-05
348 392 0.0
348 393 6.21886679809e-06
348 394 0.0
348 395 9.95018687695e-05
348 396 0.0
348 397 9.95018687695e-05
348 398 0.0
348 399 6.21886679809e-06
348 400 0.0
349 0 6.21886679809e-06
349 1 2.48754671924e-05
349 2 0.0
349 3 2.48754671924e-05
349 4 6.21886679809e-06
349 5 0.000223879204731
349 6 0.0
349 7 0.000304724473107
349 8 0.0
349 9 5.59698011828e-05
349 10 0.0
349 11 0.000398007475078
349 12 6.21886679809e-06
349 13 2.48754671924e-05
349 14 6.21886679809e-06
349 15 5.59698011828e-05
349 16 0.0
349 17 5.59698011828e-05
349 18 0.0
349 19 6.21886679809e-06
349 20 6.21886679809e-06
349 21 6.21886679809e-06
349 22 0.0
349 23 6.21886679809e-06
349 24 0.0
349 25 6.21886679809e-06
349 26 0.0
349 27 6.21886679809e-06
349 28 0.0
349 29 0.000304724473107
349 30 0.0
349 31 9.95018687695e-05
349 32 0.0
349 33 6.21886679809e-06
349 34 0.0
349 35 2.48754671924e-05
349 36 2.48754671924e-05
349 37 0.000503728210645
349 38 0.0
349 39 0.000223879204731
349 40 2.48754671924e-05
349 41 2.48754671924e-05
349 42 2.48754671924e-05
349 43 5.59698011828e-05
349 44 5.59698011828e-05
349 45 5.59698011828e-05
349 46 5.59698011828e-05
349 47 5.59698011828e-05
349 48 5.59698011828e-05
349 49 5.59698011828e-05
349 50 5.59698011828e-05
349 51 5.59698011828e-05
349 52 5.59698011828e-05
349 53 5.59698011828e-05
349 54 5.59698011828e-05
349 55 5.59698011828e-05
349 56 5.59698011828e-05
349 57 5.59698011828e-05
349 58 5.59698011828e-05
349 59 5.59698011828e-05
349 60 5.59698011828e-05
349 61 5.59698011828e-05
349 62 5.59698011828e-05
349 63 5.59698011828e-05
349 64 5.59698011828e-05
349 65 5.59698011828e-05
349 66 5.59698011828e-05
349 67 5.59698011828e-05
349 68 5.59698011828e-05
349 69 5.59698011828e-05
349 70 5.59698011828e-05
349 71 5.59698011828e-05
349 72 5.59698011828e-05
349 73 5.59698011828e-05
349 74 5.59698011828e-05
349 75 5.59698011828e-05
349 76 5.59698011828e-05
349 77 5.59698011828e-05
349 78 5.59698011828e-05
349 79 5.59698011828e-05
349 80 5.59698011828e-05
349 81 5.59698011828e-05
349 82 5.59698011828e-05
349 83 5.59698011828e-05
349 84 5.59698011828e-05
349 85 5.59698011828e-05
349 86 2.48754671924e-05
349 87 5.59698011828e-05
349 88 5.59698011828e-05
349 89 9.95018687695e-05
349 90 5.59698011828e-05
349 91 5.59698011828e-05
349 92 5.59698011828e-05
349 93 5.59698011828e-05
349 94 5.59698011828e-05
349 95 5.59698011828e-05
349 96 5.59698011828e-05
349 97 5.59698011828e-05
349 98 5.59698011828e-05
349 99 5.59698011828e-05
349 100 5.59698011828e-05
349 101 5.59698011828e-05
349 102 5.59698011828e-05
349 103 5.59698011828e-05
349 104 5.59698011828e-05
349 105 5.59698011828e-05
349 106 5.59698011828e-05
349 107 5.59698011828e-05
349 108 5.59698011828e-05
349 109 5.59698011828e-05
349 110 5.59698011828e-05
349 111 5.59698011828e-05
349 112 5.59698011828e-05
349 113 5.59698011828e-05
349 114 5.59698011828e-05
349 115 5.59698011828e-05
349 116 5.59698011828e-05
349 117 5.59698011828e-05
349 118 5.59698011828e-05
349 119 5.59698011828e-05
349 120 5.59698011828e-05
349 121 5.59698011828e-05
349 122 5.59698011828e-05
349 123 5.59698011828e-05
349 124 5.59698011828e-05
349 125 5.59698011828e-05
349 126 5.59698011828e-05
349 127 5.59698011828e-05
349 128 5.59698011828e-05
349 129 5.59698011828e-05
349 130 5.59698011828e-05
349 131 5.59698011828e-05
349 132 5.59698011828e-05
349 133 9.95018687695e-05
349 134 5.59698011828e-05
349 135 5.59698011828e-05
349 136 2.48754671924e-05
349 137 5.59698011828e-05
349 138 5.59698011828e-05
349 139 5.59698011828e-05
349 140 5.59698011828e-05
349 141 5.59698011828e-05
349 142 5.59698011828e-05
349 143 5.59698011828e-05
349 144 5.59698011828e-05
349 145 5.59698011828e-05
349 146 5.59698011828e-05
349 147 5.59698011828e-05
349 148 5.59698011828e-05
349 149 5.59698011828e-05
349 150 5.59698011828e-05
349 151 5.59698011828e-05
349 152 5.59698011828e-05
349 153 5.59698011828e-05
349 154 5.59698011828e-05
349 155 5.59698011828e-05
349 156 5.59698011828e-05
349 157 5.59698011828e-05
349 158 5.59698011828e-05
349 159 5.59698011828e-05
349 160 5.59698011828e-05
349 161 5.59698011828e-05
349 162 5.59698011828e-05
349 163 5.59698011828e-05
349 164 5.59698011828e-05
349 165 5.59698011828e-05
349 166 5.59698011828e-05
349 167 5.59698011828e-05
349 168 5.59698011828e-05
349 169 5.59698011828e-05
349 170 5.59698011828e-05
349 171 5.59698011828e-05
349 172 5.59698011828e-05
349 173 5.59698011828e-05
349 174 5.59698011828e-05
349 175 5.59698011828e-05
349 176 5.59698011828e-05
349 177 5.59698011828e-05
349 178 5.59698011828e-05
349 179 5.59698011828e-05
349 180 5.59698011828e-05
349 181 5.59698011828e-05
349 182 5.59698011828e-05
349 183 9.95018687695e-05
349 184 5.59698011828e-05
349 185 5.59698011828e-05
349 186 2.48754671924e-05
349 187 5.59698011828e-05
349 188 5.59698011828e-05
349 189 9.95018687695e-05
349 190 5.59698011828e-05
349 191 5.59698011828e-05
349 192 5.59698011828e-05
349 193 5.59698011828e-05
349 194 5.59698011828e-05
349 195 9.95018687695e-05
349 196 5.59698011828e-05
349 197 5.59698011828e-05
349 198 2.48754671924e-05
349 199 5.59698011828e-05
349 200 5.59698011828e-05
349 201 9.95018687695e-05
349 202 5.59698011828e-05
349 203 5.59698011828e-05
349 204 5.59698011828e-05
349 205 5.59698011828e-05
349 206 5.59698011828e-05
349 207 5.59698011828e-05
349 208 5.59698011828e-05
349 209 5.59698011828e-05
349 210 5.59698011828e-05
349 211 5.59698011828e-05
349 212 5.59698011828e-05
349 213 5.59698011828e-05
349 214 5.59698011828e-05
349 215 5.59698011828e-05
349 216 5.59698011828e-05
349 217 5.59698011828e-05
349 218 5.59698011828e-05
349 219 5.59698011828e-05
349 220 5.59698011828e-05
349 221 5.59698011828e-05
349 222 5.59698011828e-05
349 223 5.59698011828e-05
349 224 5.59698011828e-05
349 225 5.59698011828e-05
349 226 5.59698011828e-05
349 227 5.59698011828e-05
349 228 5.59698011828e-05
349 229 5.59698011828e-05
349 230 5.59698011828e-05
349 231 5.59698011828e-05
349 232 5.59698011828e-05
349 233 5.59698011828e-05
349 234 5.59698011828e-05
349 235 5.59698011828e-05
349 236 5.59698011828e-05
349 237 5.59698011828e-05
349 238 5.59698011828e-05
349 239 5.59698011828e-05
349 240 5.59698011828e-05
349 241 5.59698011828e-05
349 242 5.59698011828e-05
349 243 5.59698011828e-05
349 244 5.59698011828e-05
349 245 5.59698011828e-05
349 246 5.59698011828e-05
349 247 9.95018687695e-05
349 248 5.59698011828e-05
349 249 5.59698011828e-05
349 250 2.48754671924e-05
349 251 5.59698011828e-05
349 252 5.59698011828e-05
349 253 5.59698011828e-05
349 254 5.59698011828e-05
349 255 5.59698011828e-05
349 256 5.59698011828e-05
349 257 5.59698011828e-05
349 258 5.59698011828e-05
349 259 5.59698011828e-05
349 260 5.59698011828e-05
349 261 9.95018687695e-05
349 262 5.59698011828e-05
349 263 5.59698011828e-05
349 264 2.48754671924e-05
349 265 5.59698011828e-05
349 266 5.59698011828e-05
349 267 9.95018687695e-05
349 268 5.59698011828e-05
349 269 5.59698011828e-05
349 270 5.59698011828e-05
349 271 5.59698011828e-05
349 272 5.59698011828e-05
349 273 5.59698011828e-05
349 274 5.59698011828e-05
349 275 5.59698011828e-05
349 276 5.59698011828e-05
349 277 5.59698011828e-05
349 278 5.59698011828e-05
349 279 5.59698011828e-05
349 280 5.59698011828e-05
349 281 5.59698011828e-05
349 282 5.59698011828e-05
349 283 5.59698011828e-05
349 284 5.59698011828e-05
349 285 5.59698011828e-05
349 286 5.59698011828e-05
349 287 5.59698011828e-05
349 288 5.59698011828e-05
349 289 5.59698011828e-05
349 290 5.59698011828e-05
349 291 5.59698011828e-05
349 292 5.59698011828e-05
349 293 5.59698011828e-05
349 294 5.59698011828e-05
349 295 5.59698011828e-05
349 296 5.59698011828e-05
349 297 9.95018687695e-05
349 298 5.59698011828e-05
349 299 5.59698011828e-05
349 300 2.48754671924e-05
349 301 5.59698011828e-05
349 302 5.59698011828e-05
349 303 9.95018687695e-05
349 304 5.59698011828e-05
349 305 5.59698011828e-05
349 306 5.59698011828e-05
349 307 5.59698011828e-05
349 308 5.59698011828e-05
349 309 5.59698011828e-05
349 310 5.59698011828e-05
349 311 5.59698011828e-05
349 312 5.59698011828e-05
349 313 5.59698011828e-05
349 314 5.59698011828e-05
349 315 5.59698011828e-05
349 316 5.59698011828e-05
349 317 5.59698011828e-05
349 318 5.59698011828e-05
349 319 5.59698011828e-05
349 320 5.59698011828e-05
349 321 5.59698011828e-05
349 322 5.59698011828e-05
349 323 5.59698011828e-05
349 324 5.59698011828e-05
349 325 5.59698011828e-05
349 326 5.59698011828e-05
349 327 5.59698011828e-05
349 328 5.59698011828e-05
349 329 5.59698011828e-05
349 330 5.59698011828e-05
349 331 5.59698011828e-05
349 332 5.59698011828e-05
349 333 5.59698011828e-05
349 334 5.59698011828e-05
349 335 5.59698011828e-05
349 336 5.59698011828e-05
349 337 5.59698011828e-05
349 338 5.59698011828e-05
349 339 5.59698011828e-05
349 340 5.59698011828e-05
349 341 5.59698011828e-05
349 342 5.59698011828e-05
349 343 5.59698011828e-05
349 344 5.59698011828e-05
349 345 5.59698011828e-05
349 346 5.59698011828e-05
349 347 5.59698011828e-05
349 348 5.59698011828e-05
349 349 5.59698011828e-05
349 350 2.48754671924e-05
349 351 5.59698011828e-05
349 352 5.59698011828e-05
349 353 9.95018687695e-05
349 354 5.59698011828e-05
349 355 2.48754671924e-05
349 356 6.21886679809e-06
349 357 2.48754671924e-05
349 358 5.59698011828e-05
349 359 5.59698011828e-05
349 360 2.48754671924e-05
349 361 5.59698011828e-05
349 362 5.59698011828e-05
349 363 9.95018687695e-05
349 364 2.48754671924e-05
349 365 5.59698011828e-05
349 366 5.59698011828e-05
349 367 5.59698011828e-05
349 368 6.21886679809e-06
349 369 9.95018687695e-05
349 370 6.21886679809e-06
349 371 0.000223879204731
349 372 2.48754671924e-05
349 373 9.95018687695e-05
349 374 6.21886679809e-06
349 375 9.95018687695e-05
349 376 6.21886679809e-06
349 377 0.0
349 378 0.0
349 379 6.21886679809e-06
349 380 0.0
349 381 2.48754671924e-05
349 382 6.21886679809e-06
349 383 5.59698011828e-05
349 384 0.0
349 385 2.48754671924e-05
349 386 6.21886679809e-06
349 387 5.59698011828e-05
349 388 6.21886679809e-06
349 389 6.21886679809e-06
349 390 6.21886679809e-06
349 391 5.59698011828e-05
349 392 0.0
349 393 9.95018687695e-05
349 394 2.48754671924e-05
349 395 2.48754671924e-05
349 396 6.21886679809e-06
349 397 6.21886679809e-06
349 398 0.0
349 399 6.21886679809e-06
349 400 0.0
350 0 0.0
350 1 6.21886679809e-06
350 2 0.0
350 3 6.21886679809e-06
350 4 0.0
350 5 0.000223879204731
350 6 0.0
350 7 0.000304724473107
350 8 0.0
350 9 2.48754671924e-05
350 10 0.0
350 11 0.000398007475078
350 12 0.0
350 13 2.48754671924e-05
350 14 0.0
350 15 2.48754671924e-05
350 16 0.0
350 17 0.000155471669952
350 18 0.0
350 19 6.21886679809e-06
350 20 0.0
350 21 2.48754671924e-05
350 22 0.0
350 23 6.21886679809e-06
350 24 0.0
350 25 6.21886679809e-06
350 26 0.0
350 27 6.21886679809e-06
350 28 0.0
350 29 0.000304724473107
350 30 0.0
350 31 9.95018687695e-05
350 32 0.0
350 33 6.21886679809e-06
350 34 0.0
350 35 6.21886679809e-06
350 36 0.0
350 37 0.000621886679809
350 38 0.0
350 39 0.000304724473107
350 40 0.0
350 41 0.0
350 42 0.0
350 43 0.0
350 44 0.0
350 45 6.21886679809e-06
350 46 0.0
350 47 0.0
350 48 0.0
350 49 0.0
350 50 0.0
350 51 0.0
350 52 0.0
350 53 0.0
350 54 0.0
350 55 0.0
350 56 0.0
350 57 0.0
350 58 0.0
350 59 0.0
350 60 0.0
350 61 0.0
350 62 0.0
350 63 0.0
350 64 0.0
350 65 0.0
350 66 0.0
350 67 0.0
350 68 0.0
350 69 0.0
350 70 0.0
350 71 0.0
350 72 0.0
350 73 0.0
350 74 0.0
350 75 0.0
350 76 0.0
350 77 6.21886679809e-06
350 78 0.0
350 79 0.0
350 80 0.0
350 81 0.0
350 82 0.0
350 83 0.0
350 84 0.0
350 85 0.0
350 86 0.0
350 87 0.0
350 88 0.0
350 89 6.21886679809e-06
350 90 0.0
350 91 0.0
350 92 0.0
350 93 0.0
350 94 0.0
350 95 0.0
350 96 0.0
350 97 0.0
350 98 0.0
350 99 0.0
350 100 0.0
350 101 0.0
350 102 0.0
350 103 0.0
350 104 0.0
350 105 0.0
350 106 0.0
350 107 0.0
350 108 0.0
350 109 0.0
350 110 0.0
350 111 0.0
350 112 0.0
350 113 0.0
350 114 0.0
350 115 0.0
350 116 0.0
350 117 0.0
350 118 0.0
350 119 0.0
350 120 0.0
350 121 0.0
350 122 0.0
350 123 0.0
350 124 0.0
350 125 0.0
350 126 0.0
350 127 6.21886679809e-06
350 128 0.0
350 129 0.0
350 130 0.0
350 131 0.0
350 132 0.0
350 133 6.21886679809e-06
350 134 0.0
350 135 0.0
350 136 0.0
350 137 0.0
350 138 0.0
350 139 0.0
350 140 0.0
350 141 0.0
350 142 0.0
350 143 0.0
350 144 0.0
350 145 0.0
350 146 0.0
350 147 0.0
350 148 0.0
350 149 0.0
350 150 0.0
350 151 0.0
350 152 0.0
350 153 0.0
350 154 0.0
350 155 0.0
350 156 0.0
350 157 0.0
350 158 0.0
350 159 0.0
350 160 0.0
350 161 0.0
350 162 0.0
350 163 0.0
350 164 0.0
350 165 0.0
350 166 0.0
350 167 0.0
350 168 0.0
350 169 0.0
350 170 0.0
350 171 0.0
350 172 0.0
350 173 0.0
350 174 0.0
350 175 0.0
350 176 0.0
350 177 0.0
350 178 0.0
350 179 0.0
350 180 0.0
350 181 0.0
350 182 0.0
350 183 6.21886679809e-06
350 184 0.0
350 185 0.0
350 186 0.0
350 187 0.0
350 188 0.0
350 189 6.21886679809e-06
350 190 0.0
350 191 0.0
350 192 0.0
350 193 0.0
350 194 0.0
350 195 6.21886679809e-06
350 196 0.0
350 197 0.0
350 198 0.0
350 199 0.0
350 200 0.0
350 201 6.21886679809e-06
350 202 0.0
350 203 0.0
350 204 0.0
350 205 0.0
350 206 0.0
350 207 6.21886679809e-06
350 208 0.0
350 209 0.0
350 210 0.0
350 211 0.0
350 212 0.0
350 213 0.0
350 214 0.0
350 215 0.0
350 216 0.0
350 217 0.0
350 218 0.0
350 219 0.0
350 220 0.0
350 221 0.0
350 222 0.0
350 223 0.0
350 224 0.0
350 225 0.0
350 226 0.0
350 227 0.0
350 228 0.0
350 229 0.0
350 230 0.0
350 231 0.0
350 232 0.0
350 233 0.0
350 234 0.0
350 235 0.0
350 236 0.0
350 237 0.0
350 238 0.0
350 239 0.0
350 240 0.0
350 241 6.21886679809e-06
350 242 0.0
350 243 0.0
350 244 0.0
350 245 0.0
350 246 0.0
350 247 6.21886679809e-06
350 248 0.0
350 249 0.0
350 250 0.0
350 251 0.0
350 252 0.0
350 253 0.0
350 254 0.0
350 255 6.21886679809e-06
350 256 0.0
350 257 0.0
350 258 0.0
350 259 0.0
350 260 0.0
350 261 6.21886679809e-06
350 262 0.0
350 263 0.0
350 264 0.0
350 265 0.0
350 266 0.0
350 267 6.21886679809e-06
350 268 0.0
350 269 0.0
350 270 0.0
350 271 0.0
350 272 0.0
350 273 0.0
350 274 0.0
350 275 0.0
350 276 0.0
350 277 0.0
350 278 0.0
350 279 0.0
350 280 0.0
350 281 0.0
350 282 0.0
350 283 0.0
350 284 0.0
350 285 0.0
350 286 0.0
350 287 0.0
350 288 0.0
350 289 0.0
350 290 0.0
350 291 6.21886679809e-06
350 292 0.0
350 293 0.0
350 294 0.0
350 295 0.0
350 296 0.0
350 297 6.21886679809e-06
350 298 0.0
350 299 0.0
350 300 0.0
350 301 0.0
350 302 0.0
350 303 6.21886679809e-06
350 304 0.0
350 305 0.0
350 306 0.0
350 307 0.0
350 308 0.0
350 309 0.0
350 310 0.0
350 311 0.0
350 312 0.0
350 313 0.0
350 314 0.0
350 315 0.0
350 316 0.0
350 317 0.0
350 318 0.0
350 319 0.0
350 320 0.0
350 321 0.0
350 322 0.0
350 323 0.0
350 324 0.0
350 325 0.0
350 326 0.0
350 327 0.0
350 328 0.0
350 329 0.0
350 330 0.0
350 331 0.0
350 332 0.0
350 333 0.0
350 334 0.0
350 335 0.0
350 336 0.0
350 337 0.0
350 338 0.0
350 339 0.0
350 340 0.0
350 341 6.21886679809e-06
350 342 0.0
350 343 0.0
350 344 0.0
350 345 0.0
350 346 0.0
350 347 0.0
350 348 0.0
350 349 0.0
350 350 0.0
350 351 0.0
350 352 0.0
350 353 6.21886679809e-06
350 354 0.0
350 355 6.21886679809e-06
350 356 0.0
350 357 0.0
350 358 0.0
350 359 0.0
350 360 0.0
350 361 0.0
350 362 0.0
350 363 2.48754671924e-05
350 364 0.0
350 365 6.21886679809e-06
350 366 0.0
350 367 0.000223879204731
350 368 0.0
350 369 9.95018687695e-05
350 370 0.0
350 371 0.000398007475078
350 372 0.0
350 373 0.000155471669952
350 374 0.0
350 375 9.95018687695e-05
350 376 0.0
350 377 6.21886679809e-06
350 378 0.0
350 379 0.0
350 380 0.0
350 381 5.59698011828e-05
350 382 0.0
350 383 2.48754671924e-05
350 384 0.0
350 385 2.48754671924e-05
350 386 0.0
350 387 2.48754671924e-05
350 388 0.0
350 389 0.0
350 390 0.0
350 391 5.59698011828e-05
350 392 0.0
350 393 5.59698011828e-05
350 394 0.0
350 395 0.0
350 396 0.0
350 397 6.21886679809e-06
350 398 0.0
350 399 2.48754671924e-05
350 400 0.0
351 0 0.0
351 1 6.21886679809e-06
351 2 0.0
351 3 6.21886679809e-06
351 4 0.0
351 5 0.000155471669952
351 6 0.0
351 7 0.000304724473107
351 8 0.0
351 9 5.59698011828e-05
351 10 6.21886679809e-06
351 11 0.000398007475078
351 12 0.0
351 13 2.48754671924e-05
351 14 6.21886679809e-06
351 15 5.59698011828e-05
351 16 0.0
351 17 0.000155471669952
351 18 0.0
351 19 2.48754671924e-05
351 20 6.21886679809e-06
351 21 2.48754671924e-05
351 22 0.0
351 23 6.21886679809e-06
351 24 0.0
351 25 6.21886679809e-06
351 26 0.0
351 27 6.21886679809e-06
351 28 0.0
351 29 0.000304724473107
351 30 0.0
351 31 9.95018687695e-05
351 32 0.0
351 33 6.21886679809e-06
351 34 2.48754671924e-05
351 35 6.21886679809e-06
351 36 6.21886679809e-06
351 37 0.000752482882569
351 38 0.0
351 39 0.000304724473107
351 40 2.48754671924e-05
351 41 2.48754671924e-05
351 42 5.59698011828e-05
351 43 9.95018687695e-05
351 44 2.48754671924e-05
351 45 2.48754671924e-05
351 46 2.48754671924e-05
351 47 5.59698011828e-05
351 48 2.48754671924e-05
351 49 2.48754671924e-05
351 50 2.48754671924e-05
351 51 2.48754671924e-05
351 52 2.48754671924e-05
351 53 2.48754671924e-05
351 54 2.48754671924e-05
351 55 2.48754671924e-05
351 56 2.48754671924e-05
351 57 2.48754671924e-05
351 58 2.48754671924e-05
351 59 2.48754671924e-05
351 60 2.48754671924e-05
351 61 2.48754671924e-05
351 62 2.48754671924e-05
351 63 2.48754671924e-05
351 64 2.48754671924e-05
351 65 2.48754671924e-05
351 66 2.48754671924e-05
351 67 2.48754671924e-05
351 68 2.48754671924e-05
351 69 2.48754671924e-05
351 70 2.48754671924e-05
351 71 2.48754671924e-05
351 72 2.48754671924e-05
351 73 2.48754671924e-05
351 74 2.48754671924e-05
351 75 2.48754671924e-05
351 76 2.48754671924e-05
351 77 2.48754671924e-05
351 78 2.48754671924e-05
351 79 2.48754671924e-05
351 80 2.48754671924e-05
351 81 2.48754671924e-05
351 82 2.48754671924e-05
351 83 2.48754671924e-05
351 84 2.48754671924e-05
351 85 2.48754671924e-05
351 86 6.21886679809e-06
351 87 2.48754671924e-05
351 88 2.48754671924e-05
351 89 5.59698011828e-05
351 90 2.48754671924e-05
351 91 2.48754671924e-05
351 92 2.48754671924e-05
351 93 2.48754671924e-05
351 94 2.48754671924e-05
351 95 2.48754671924e-05
351 96 2.48754671924e-05
351 97 2.48754671924e-05
351 98 2.48754671924e-05
351 99 2.48754671924e-05
351 100 2.48754671924e-05
351 101 2.48754671924e-05
351 102 2.48754671924e-05
351 103 2.48754671924e-05
351 104 2.48754671924e-05
351 105 2.48754671924e-05
351 106 2.48754671924e-05
351 107 2.48754671924e-05
351 108 2.48754671924e-05
351 109 2.48754671924e-05
351 110 2.48754671924e-05
351 111 2.48754671924e-05
351 112 2.48754671924e-05
351 113 2.48754671924e-05
351 114 2.48754671924e-05
351 115 2.48754671924e-05
351 116 2.48754671924e-05
351 117 2.48754671924e-05
351 118 2.48754671924e-05
351 119 2.48754671924e-05
351 120 2.48754671924e-05
351 121 2.48754671924e-05
351 122 2.48754671924e-05
351 123 2.48754671924e-05
351 124 2.48754671924e-05
351 125 2.48754671924e-05
351 126 2.48754671924e-05
351 127 2.48754671924e-05
351 128 2.48754671924e-05
351 129 2.48754671924e-05
351 130 2.48754671924e-05
351 131 2.48754671924e-05
351 132 2.48754671924e-05
351 133 5.59698011828e-05
351 134 2.48754671924e-05
351 135 2.48754671924e-05
351 136 6.21886679809e-06
351 137 2.48754671924e-05
351 138 2.48754671924e-05
351 139 2.48754671924e-05
351 140 2.48754671924e-05
351 141 2.48754671924e-05
351 142 2.48754671924e-05
351 143 2.48754671924e-05
351 144 2.48754671924e-05
351 145 2.48754671924e-05
351 146 2.48754671924e-05
351 147 2.48754671924e-05
351 148 2.48754671924e-05
351 149 2.48754671924e-05
351 150 2.48754671924e-05
351 151 2.48754671924e-05
351 152 2.48754671924e-05
351 153 2.48754671924e-05
351 154 2.48754671924e-05
351 155 2.48754671924e-05
351 156 2.48754671924e-05
351 157 2.48754671924e-05
351 158 2.48754671924e-05
351 159 2.48754671924e-05
351 160 2.48754671924e-05
351 161 2.48754671924e-05
351 162 2.48754671924e-05
351 163 2.48754671924e-05
351 164 2.48754671924e-05
351 165 2.48754671924e-05
351 166 2.48754671924e-05
351 167 2.48754671924e-05
351 168 2.48754671924e-05
351 169 2.48754671924e-05
351 170 2.48754671924e-05
351 171 2.48754671924e-05
351 172 2.48754671924e-05
351 173 2.48754671924e-05
351 174 2.48754671924e-05
351 175 2.48754671924e-05
351 176 2.48754671924e-05
351 177 2.48754671924e-05
351 178 2.48754671924e-05
351 179 2.48754671924e-05
351 180 2.48754671924e-05
351 181 2.48754671924e-05
351 182 2.48754671924e-05
351 183 5.59698011828e-05
351 184 2.48754671924e-05
351 185 2.48754671924e-05
351 186 6.21886679809e-06
351 187 2.48754671924e-05
351 188 2.48754671924e-05
351 189 5.59698011828e-05
351 190 2.48754671924e-05
351 191 2.48754671924e-05
351 192 2.48754671924e-05
351 193 2.48754671924e-05
351 194 2.48754671924e-05
351 195 5.59698011828e-05
351 196 2.48754671924e-05
351 197 2.48754671924e-05
351 198 6.21886679809e-06
351 199 2.48754671924e-05
351 200 2.48754671924e-05
351 201 5.59698011828e-05
351 202 2.48754671924e-05
351 203 2.48754671924e-05
351 204 2.48754671924e-05
351 205 2.48754671924e-05
351 206 2.48754671924e-05
351 207 2.48754671924e-05
351 208 2.48754671924e-05
351 209 2.48754671924e-05
351 210 2.48754671924e-05
351 211 2.48754671924e-05
351 212 2.48754671924e-05
351 213 2.48754671924e-05
351 214 2.48754671924e-05
351 215 2.48754671924e-05
351 216 2.48754671924e-05
351 217 2.48754671924e-05
351 218 2.48754671924e-05
351 219 2.48754671924e-05
351 220 2.48754671924e-05
351 221 2.48754671924e-05
351 222 2.48754671924e-05
351 223 2.48754671924e-05
351 224 2.48754671924e-05
351 225 2.48754671924e-05
351 226 2.48754671924e-05
351 227 2.48754671924e-05
351 228 2.48754671924e-05
351 229 2.48754671924e-05
351 230 2.48754671924e-05
351 231 2.48754671924e-05
351 232 2.48754671924e-05
351 233 2.48754671924e-05
351 234 2.48754671924e-05
351 235 2.48754671924e-05
351 236 2.48754671924e-05
351 237 2.48754671924e-05
351 238 2.48754671924e-05
351 239 2.48754671924e-05
351 240 2.48754671924e-05
351 241 2.48754671924e-05
351 242 2.48754671924e-05
351 243 2.48754671924e-05
351 244 2.48754671924e-05
351 245 2.48754671924e-05
351 246 2.48754671924e-05
351 247 5.59698011828e-05
351 248 2.48754671924e-05
351 249 2.48754671924e-05
351 250 6.21886679809e-06
351 251 2.48754671924e-05
351 252 2.48754671924e-05
351 253 2.48754671924e-05
351 254 2.48754671924e-05
351 255 2.48754671924e-05
351 256 2.48754671924e-05
351 257 2.48754671924e-05
351 258 2.48754671924e-05
351 259 2.48754671924e-05
351 260 2.48754671924e-05
351 261 5.59698011828e-05
351 262 2.48754671924e-05
351 263 2.48754671924e-05
351 264 6.21886679809e-06
351 265 2.48754671924e-05
351 266 2.48754671924e-05
351 267 5.59698011828e-05
351 268 2.48754671924e-05
351 269 2.48754671924e-05
351 270 2.48754671924e-05
351 271 2.48754671924e-05
351 272 2.48754671924e-05
351 273 2.48754671924e-05
351 274 2.48754671924e-05
351 275 2.48754671924e-05
351 276 2.48754671924e-05
351 277 2.48754671924e-05
351 278 2.48754671924e-05
351 279 2.48754671924e-05
351 280 2.48754671924e-05
351 281 2.48754671924e-05
351 282 2.48754671924e-05
351 283 2.48754671924e-05
351 284 2.48754671924e-05
351 285 2.48754671924e-05
351 286 2.48754671924e-05
351 287 2.48754671924e-05
351 288 2.48754671924e-05
351 289 2.48754671924e-05
351 290 2.48754671924e-05
351 291 2.48754671924e-05
351 292 2.48754671924e-05
351 293 2.48754671924e-05
351 294 2.48754671924e-05
351 295 2.48754671924e-05
351 296 2.48754671924e-05
351 297 5.59698011828e-05
351 298 2.48754671924e-05
351 299 2.48754671924e-05
351 300 6.21886679809e-06
351 301 2.48754671924e-05
351 302 2.48754671924e-05
351 303 5.59698011828e-05
351 304 2.48754671924e-05
351 305 2.48754671924e-05
351 306 2.48754671924e-05
351 307 2.48754671924e-05
351 308 2.48754671924e-05
351 309 2.48754671924e-05
351 310 2.48754671924e-05
351 311 2.48754671924e-05
351 312 2.48754671924e-05
351 313 2.48754671924e-05
351 314 2.48754671924e-05
351 315 2.48754671924e-05
351 316 2.48754671924e-05
351 317 2.48754671924e-05
351 318 2.48754671924e-05
351 319 2.48754671924e-05
351 320 2.48754671924e-05
351 321 2.48754671924e-05
351 322 2.48754671924e-05
351 323 2.48754671924e-05
351 324 2.48754671924e-05
351 325 2.48754671924e-05
351 326 2.48754671924e-05
351 327 2.48754671924e-05
351 328 2.48754671924e-05
351 329 2.48754671924e-05
351 330 2.48754671924e-05
351 331 2.48754671924e-05
351 332 2.48754671924e-05
351 333 2.48754671924e-05
351 334 2.48754671924e-05
351 335 2.48754671924e-05
351 336 2.48754671924e-05
351 337 2.48754671924e-05
351 338 2.48754671924e-05
351 339 2.48754671924e-05
351 340 2.48754671924e-05
351 341 2.48754671924e-05
351 342 2.48754671924e-05
351 343 2.48754671924e-05
351 344 2.48754671924e-05
351 345 2.48754671924e-05
351 346 2.48754671924e-05
351 347 2.48754671924e-05
351 348 2.48754671924e-05
351 349 2.48754671924e-05
351 350 6.21886679809e-06
351 351 2.48754671924e-05
351 352 2.48754671924e-05
351 353 5.59698011828e-05
351 354 2.48754671924e-05
351 355 2.48754671924e-05
351 356 6.21886679809e-06
351 357 2.48754671924e-05
351 358 2.48754671924e-05
351 359 2.48754671924e-05
351 360 6.21886679809e-06
351 361 0.0
351 362 6.21886679809e-06
351 363 2.48754671924e-05
351 364 2.48754671924e-05
351 365 2.48754671924e-05
351 366 6.21886679809e-06
351 367 0.000398007475078
351 368 6.21886679809e-06
351 369 0.000155471669952
351 370 0.0
351 371 0.000503728210645
351 372 0.0
351 373 0.000155471669952
351 374 6.21886679809e-06
351 375 9.95018687695e-05
351 376 6.21886679809e-06
351 377 6.21886679809e-06
351 378 0.0
351 379 0.0
351 380 0.0
351 381 5.59698011828e-05
351 382 0.0
351 383 2.48754671924e-05
351 384 0.0
351 385 5.59698011828e-05
351 386 0.0
351 387 2.48754671924e-05
351 388 0.0
351 389 6.21886679809e-06
351 390 6.21886679809e-06
351 391 6.21886679809e-06
351 392 6.21886679809e-06
351 393 9.95018687695e-05
351 394 0.0
351 395 0.0
351 396 0.0
351 397 6.21886679809e-06
351 398 0.0
351 399 6.21886679809e-06
351 400 0.0
352 0 0.0
352 1 6.21886679809e-06
352 2 0.0
352 3 6.21886679809e-06
352 4 0.0
352 5 0.000155471669952
352 6 0.0
352 7 0.000304724473107
352 8 0.0
352 9 2.48754671924e-05
352 10 0.0
352 11 0.000398007475078
352 12 0.0
352 13 5.59698011828e-05
352 14 0.0
352 15 2.48754671924e-05
352 16 0.0
352 17 0.000155471669952
352 18 0.0
352 19 6.21886679809e-06
352 20 0.0
352 21 2.48754671924e-05
352 22 0.0
352 23 6.21886679809e-06
352 24 0.0
352 25 6.21886679809e-06
352 26 0.0
352 27 6.21886679809e-06
352 28 0.0
352 29 0.000304724473107
352 30 0.0
352 31 9.95018687695e-05
352 32 0.0
352 33 6.21886679809e-06
352 34 0.0
352 35 6.21886679809e-06
352 36 0.0
352 37 0.000621886679809
352 38 0.0
352 39 0.000304724473107
352 40 0.0
352 41 2.48754671924e-05
352 42 0.0
352 43 5.59698011828e-05
352 44 0.0
352 45 0.0
352 46 0.0
352 47 6.21886679809e-06
352 48 0.0
352 49 0.0
352 50 0.0
352 51 0.0
352 52 0.0
352 53 0.0
352 54 0.0
352 55 0.0
352 56 0.0
352 57 0.0
352 58 0.0
352 59 0.0
352 60 0.0
352 61 0.0
352 62 0.0
352 63 0.0
352 64 0.0
352 65 0.0
352 66 0.0
352 67 0.0
352 68 0.0
352 69 0.0
352 70 0.0
352 71 0.0
352 72 0.0
352 73 0.0
352 74 0.0
352 75 0.0
352 76 0.0
352 77 0.0
352 78 0.0
352 79 0.0
352 80 0.0
352 81 0.0
352 82 0.0
352 83 0.0
352 84 0.0
352 85 0.0
352 86 0.0
352 87 0.0
352 88 0.0
352 89 0.0
352 90 0.0
352 91 0.0
352 92 0.0
352 93 0.0
352 94 0.0
352 95 0.0
352 96 0.0
352 97 0.0
352 98 0.0
352 99 0.0
352 100 0.0
352 101 0.0
352 102 0.0
352 103 0.0
352 104 0.0
352 105 0.0
352 106 0.0
352 107 0.0
352 108 0.0
352 109 0.0
352 110 0.0
352 111 0.0
352 112 0.0
352 113 0.0
352 114 0.0
352 115 0.0
352 116 0.0
352 117 0.0
352 118 0.0
352 119 0.0
352 120 0.0
352 121 0.0
352 122 0.0
352 123 0.0
352 124 0.0
352 125 0.0
352 126 0.0
352 127 0.0
352 128 0.0
352 129 0.0
352 130 0.0
352 131 0.0
352 132 0.0
352 133 0.0
352 134 0.0
352 135 0.0
352 136 0.0
352 137 0.0
352 138 0.0
352 139 0.0
352 140 0.0
352 141 0.0
352 142 0.0
352 143 0.0
352 144 0.0
352 145 0.0
352 146 0.0
352 147 0.0
352 148 0.0
352 149 0.0
352 150 0.0
352 151 0.0
352 152 0.0
352 153 0.0
352 154 0.0
352 155 0.0
352 156 0.0
352 157 0.0
352 158 0.0
352 159 0.0
352 160 0.0
352 161 0.0
352 162 0.0
352 163 0.0
352 164 0.0
352 165 0.0
352 166 0.0
352 167 0.0
352 168 0.0
352 169 0.0
352 170 0.0
352 171 0.0
352 172 0.0
352 173 0.0
352 174 0.0
352 175 0.0
352 176 0.0
352 177 0.0
352 178 0.0
352 179 0.0
352 180 0.0
352 181 0.0
352 182 0.0
352 183 0.0
352 184 0.0
352 185 0.0
352 186 0.0
352 187 0.0
352 188 0.0
352 189 0.0
352 190 0.0
352 191 0.0
352 192 0.0
352 193 0.0
352 194 0.0
352 195 0.0
352 196 0.0
352 197 0.0
352 198 0.0
352 199 0.0
352 200 0.0
352 201 0.0
352 202 0.0
352 203 0.0
352 204 0.0
352 205 0.0
352 206 0.0
352 207 0.0
352 208 0.0
352 209 0.0
352 210 0.0
352 211 0.0
352 212 0.0
352 213 0.0
352 214 0.0
352 215 0.0
352 216 0.0
352 217 0.0
352 218 0.0
352 219 0.0
352 220 0.0
352 221 0.0
352 222 0.0
352 223 0.0
352 224 0.0
352 225 0.0
352 226 0.0
352 227 0.0
352 228 0.0
352 229 0.0
352 230 0.0
352 231 0.0
352 232 0.0
352 233 0.0
352 234 0.0
352 235 0.0
352 236 0.0
352 237 0.0
352 238 0.0
352 239 0.0
352 240 0.0
352 241 0.0
352 242 0.0
352 243 0.0
352 244 0.0
352 245 0.0
352 246 0.0
352 247 0.0
352 248 0.0
352 249 0.0
352 250 0.0
352 251 0.0
352 252 0.0
352 253 0.0
352 254 0.0
352 255 0.0
352 256 0.0
352 257 0.0
352 258 0.0
352 259 0.0
352 260 0.0
352 261 0.0
352 262 0.0
352 263 0.0
352 264 0.0
352 265 0.0
352 266 0.0
352 267 0.0
352 268 0.0
352 269 0.0
352 270 0.0
352 271 0.0
352 272 0.0
352 273 0.0
352 274 0.0
352 275 0.0
352 276 0.0
352 277 0.0
352 278 0.0
352 279 0.0
352 280 0.0
352 281 0.0
352 282 0.0
352 283 0.0
352 284 0.0
352 285 0.0
352 286 0.0
352 287 0.0
352 288 0.0
352 289 0.0
352 290 0.0
352 291 0.0
352 292 0.0
352 293 0.0
352 294 0.0
352 295 0.0
352 296 0.0
352 297 0.0
352 298 0.0
352 299 0.0
352 300 0.0
352 301 0.0
352 302 0.0
352 303 0.0
352 304 0.0
352 305 0.0
352 306 0.0
352 307 0.0
352 308 0.0
352 309 0.0
352 310 0.0
352 311 0.0
352 312 0.0
352 313 0.0
352 314 0.0
352 315 0.0
352 316 0.0
352 317 0.0
352 318 0.0
352 319 0.0
352 320 0.0
352 321 0.0
352 322 0.0
352 323 0.0
352 324 0.0
352 325 0.0
352 326 0.0
352 327 0.0
352 328 0.0
352 329 0.0
352 330 0.0
352 331 0.0
352 332 0.0
352 333 0.0
352 334 0.0
352 335 0.0
352 336 0.0
352 337 0.0
352 338 0.0
352 339 0.0
352 340 0.0
352 341 0.0
352 342 0.0
352 343 0.0
352 344 0.0
352 345 0.0
352 346 0.0
352 347 0.0
352 348 0.0
352 349 0.0
352 350 0.0
352 351 0.0
352 352 0.0
352 353 0.0
352 354 0.0
352 355 0.0
352 356 0.0
352 357 0.0
352 358 0.0
352 359 0.0
352 360 0.0
352 361 0.0
352 362 0.0
352 363 2.48754671924e-05
352 364 0.0
352 365 6.21886679809e-06
352 366 0.0
352 367 0.000304724473107
352 368 0.0
352 369 0.000155471669952
352 370 0.0
352 371 0.000621886679809
352 372 0.0
352 373 0.000155471669952
352 374 0.0
352 375 9.95018687695e-05
352 376 0.0
352 377 2.48754671924e-05
352 378 0.0
352 379 0.0
352 380 0.0
352 381 5.59698011828e-05
352 382 0.0
352 383 2.48754671924e-05
352 384 0.0
352 385 5.59698011828e-05
352 386 0.0
352 387 2.48754671924e-05
352 388 0.0
352 389 0.0
352 390 0.0
352 391 5.59698011828e-05
352 392 0.0
352 393 5.59698011828e-05
352 394 0.0
352 395 0.0
352 396 0.0
352 397 6.21886679809e-06
352 398 0.0
352 399 6.21886679809e-06
352 400 0.0
353 0 6.21886679809e-06
353 1 2.48754671924e-05
353 2 6.21886679809e-06
353 3 2.48754671924e-05
353 4 6.21886679809e-06
353 5 9.95018687695e-05
353 6 6.21886679809e-06
353 7 0.000223879204731
353 8 6.21886679809e-06
353 9 5.59698011828e-05
353 10 0.0
353 11 0.000398007475078
353 12 6.21886679809e-06
353 13 2.48754671924e-05
353 14 0.0
353 15 5.59698011828e-05
353 16 6.21886679809e-06
353 17 5.59698011828e-05
353 18 6.21886679809e-06
353 19 6.21886679809e-06
353 20 0.0
353 21 6.21886679809e-06
353 22 0.0
353 23 6.21886679809e-06
353 24 0.0
353 25 6.21886679809e-06
353 26 0.0
353 27 6.21886679809e-06
353 28 0.0
353 29 0.000304724473107
353 30 0.0
353 31 9.95018687695e-05
353 32 0.0
353 33 6.21886679809e-06
353 34 0.0
353 35 2.48754671924e-05
353 36 2.48754671924e-05
353 37 0.000503728210645
353 38 2.48754671924e-05
353 39 0.000621886679809
353 40 9.95018687695e-05
353 41 9.95018687695e-05
353 42 5.59698011828e-05
353 43 5.59698011828e-05
353 44 0.0
353 45 0.0
353 46 0.0
353 47 6.21886679809e-06
353 48 0.0
353 49 0.0
353 50 0.0
353 51 0.0
353 52 0.0
353 53 0.0
353 54 0.0
353 55 0.0
353 56 0.0
353 57 6.21886679809e-06
353 58 6.21886679809e-06
353 59 6.21886679809e-06
353 60 6.21886679809e-06
353 61 6.21886679809e-06
353 62 6.21886679809e-06
353 63 6.21886679809e-06
353 64 6.21886679809e-06
353 65 6.21886679809e-06
353 66 6.21886679809e-06
353 67 6.21886679809e-06
353 68 6.21886679809e-06
353 69 6.21886679809e-06
353 70 6.21886679809e-06
353 71 0.0
353 72 0.0
353 73 0.0
353 74 0.0
353 75 0.0
353 76 0.0
353 77 0.0
353 78 6.21886679809e-06
353 79 6.21886679809e-06
353 80 6.21886679809e-06
353 81 6.21886679809e-06
353 82 6.21886679809e-06
353 83 6.21886679809e-06
353 84 6.21886679809e-06
353 85 6.21886679809e-06
353 86 0.0
353 87 0.0
353 88 0.0
353 89 0.0
353 90 0.0
353 91 0.0
353 92 0.0
353 93 0.0
353 94 0.0
353 95 0.0
353 96 0.0
353 97 0.0
353 98 0.0
353 99 0.0
353 100 0.0
353 101 0.0
353 102 0.0
353 103 0.0
353 104 0.0
353 105 0.0
353 106 0.0
353 107 6.21886679809e-06
353 108 6.21886679809e-06
353 109 6.21886679809e-06
353 110 6.21886679809e-06
353 111 6.21886679809e-06
353 112 6.21886679809e-06
353 113 6.21886679809e-06
353 114 6.21886679809e-06
353 115 6.21886679809e-06
353 116 6.21886679809e-06
353 117 6.21886679809e-06
353 118 6.21886679809e-06
353 119 6.21886679809e-06
353 120 6.21886679809e-06
353 121 0.0
353 122 0.0
353 123 0.0
353 124 0.0
353 125 0.0
353 126 0.0
353 127 0.0
353 128 6.21886679809e-06
353 129 6.21886679809e-06
353 130 6.21886679809e-06
353 131 6.21886679809e-06
353 132 6.21886679809e-06
353 133 6.21886679809e-06
353 134 6.21886679809e-06
353 135 6.21886679809e-06
353 136 0.0
353 137 0.0
353 138 0.0
353 139 0.0
353 140 0.0
353 141 0.0
353 142 0.0
353 143 0.0
353 144 0.0
353 145 0.0
353 146 0.0
353 147 0.0
353 148 0.0
353 149 0.0
353 150 6.21886679809e-06
353 151 6.21886679809e-06
353 152 6.21886679809e-06
353 153 6.21886679809e-06
353 154 6.21886679809e-06
353 155 6.21886679809e-06
353 156 6.21886679809e-06
353 157 6.21886679809e-06
353 158 6.21886679809e-06
353 159 6.21886679809e-06
353 160 6.21886679809e-06
353 161 6.21886679809e-06
353 162 6.21886679809e-06
353 163 6.21886679809e-06
353 164 6.21886679809e-06
353 165 6.21886679809e-06
353 166 6.21886679809e-06
353 167 6.21886679809e-06
353 168 6.21886679809e-06
353 169 6.21886679809e-06
353 170 6.21886679809e-06
353 171 6.21886679809e-06
353 172 6.21886679809e-06
353 173 6.21886679809e-06
353 174 6.21886679809e-06
353 175 6.21886679809e-06
353 176 6.21886679809e-06
353 177 6.21886679809e-06
353 178 6.21886679809e-06
353 179 6.21886679809e-06
353 180 6.21886679809e-06
353 181 6.21886679809e-06
353 182 6.21886679809e-06
353 183 6.21886679809e-06
353 184 6.21886679809e-06
353 185 0.0
353 186 0.0
353 187 0.0
353 188 0.0
353 189 0.0
353 190 0.0
353 191 0.0
353 192 0.0
353 193 0.0
353 194 0.0
353 195 0.0
353 196 0.0
353 197 0.0
353 198 0.0
353 199 0.0
353 200 6.21886679809e-06
353 201 6.21886679809e-06
353 202 6.21886679809e-06
353 203 6.21886679809e-06
353 204 6.21886679809e-06
353 205 6.21886679809e-06
353 206 6.21886679809e-06
353 207 0.0
353 208 0.0
353 209 0.0
353 210 0.0
353 211 0.0
353 212 0.0
353 213 0.0
353 214 6.21886679809e-06
353 215 6.21886679809e-06
353 216 6.21886679809e-06
353 217 6.21886679809e-06
353 218 6.21886679809e-06
353 219 6.21886679809e-06
353 220 6.21886679809e-06
353 221 6.21886679809e-06
353 222 6.21886679809e-06
353 223 6.21886679809e-06
353 224 6.21886679809e-06
353 225 6.21886679809e-06
353 226 6.21886679809e-06
353 227 6.21886679809e-06
353 228 0.0
353 229 0.0
353 230 0.0
353 231 0.0
353 232 0.0
353 233 0.0
353 234 0.0
353 235 0.0
353 236 0.0
353 237 0.0
353 238 0.0
353 239 0.0
353 240 0.0
353 241 0.0
353 242 6.21886679809e-06
353 243 6.21886679809e-06
353 244 6.21886679809e-06
353 245 6.21886679809e-06
353 246 6.21886679809e-06
353 247 6.21886679809e-06
353 248 6.21886679809e-06
353 249 6.21886679809e-06
353 250 0.0
353 251 0.0
353 252 0.0
353 253 0.0
353 254 0.0
353 255 0.0
353 256 0.0
353 257 6.21886679809e-06
353 258 6.21886679809e-06
353 259 6.21886679809e-06
353 260 6.21886679809e-06
353 261 6.21886679809e-06
353 262 6.21886679809e-06
353 263 6.21886679809e-06
353 264 0.0
353 265 0.0
353 266 0.0
353 267 0.0
353 268 0.0
353 269 0.0
353 270 0.0
353 271 6.21886679809e-06
353 272 6.21886679809e-06
353 273 6.21886679809e-06
353 274 6.21886679809e-06
353 275 6.21886679809e-06
353 276 6.21886679809e-06
353 277 6.21886679809e-06
353 278 6.21886679809e-06
353 279 6.21886679809e-06
353 280 6.21886679809e-06
353 281 6.21886679809e-06
353 282 6.21886679809e-06
353 283 6.21886679809e-06
353 284 6.21886679809e-06
353 285 0.0
353 286 0.0
353 287 0.0
353 288 0.0
353 289 0.0
353 290 0.0
353 291 0.0
353 292 6.21886679809e-06
353 293 6.21886679809e-06
353 294 6.21886679809e-06
353 295 6.21886679809e-06
353 296 6.21886679809e-06
353 297 6.21886679809e-06
353 298 6.21886679809e-06
353 299 6.21886679809e-06
353 300 0.0
353 301 0.0
353 302 0.0
353 303 0.0
353 304 0.0
353 305 0.0
353 306 0.0
353 307 0.0
353 308 0.0
353 309 0.0
353 310 0.0
353 311 0.0
353 312 0.0
353 313 0.0
353 314 0.0
353 315 0.0
353 316 0.0
353 317 0.0
353 318 0.0
353 319 0.0
353 320 0.0
353 321 6.21886679809e-06
353 322 6.21886679809e-06
353 323 6.21886679809e-06
353 324 6.21886679809e-06
353 325 6.21886679809e-06
353 326 6.21886679809e-06
353 327 6.21886679809e-06
353 328 0.0
353 329 0.0
353 330 0.0
353 331 0.0
353 332 0.0
353 333 0.0
353 334 0.0
353 335 0.0
353 336 0.0
353 337 0.0
353 338 0.0
353 339 0.0
353 340 0.0
353 341 0.0
353 342 6.21886679809e-06
353 343 6.21886679809e-06
353 344 6.21886679809e-06
353 345 6.21886679809e-06
353 346 6.21886679809e-06
353 347 6.21886679809e-06
353 348 6.21886679809e-06
353 349 0.0
353 350 0.0
353 351 0.0
353 352 0.0
353 353 0.0
353 354 0.0
353 355 0.0
353 356 6.21886679809e-06
353 357 2.48754671924e-05
353 358 0.0
353 359 0.0
353 360 6.21886679809e-06
353 361 6.21886679809e-06
353 362 6.21886679809e-06
353 363 9.95018687695e-05
353 364 0.000155471669952
353 365 9.95018687695e-05
353 366 5.59698011828e-05
353 367 9.95018687695e-05
353 368 6.21886679809e-06
353 369 0.000155471669952
353 370 0.0
353 371 0.000621886679809
353 372 0.0
353 373 0.000155471669952
353 374 6.21886679809e-06
353 375 9.95018687695e-05
353 376 6.21886679809e-06
353 377 6.21886679809e-06
353 378 6.21886679809e-06
353 379 6.21886679809e-06
353 380 6.21886679809e-06
353 381 2.48754671924e-05
353 382 6.21886679809e-06
353 383 5.59698011828e-05
353 384 6.21886679809e-06
353 385 2.48754671924e-05
353 386 6.21886679809e-06
353 387 9.95018687695e-05
353 388 6.21886679809e-06
353 389 6.21886679809e-06
353 390 0.0
353 391 5.59698011828e-05
353 392 0.0
353 393 5.59698011828e-05
353 394 6.21886679809e-06
353 395 6.21886679809e-06
353 396 6.21886679809e-06
353 397 0.0
353 398 0.0
353 399 6.21886679809e-06
353 400 0.0
354 0 0.0
354 1 6.21886679809e-06
354 2 0.0
354 3 6.21886679809e-06
354 4 0.0
354 5 0.000155471669952
354 6 0.0
354 7 0.000304724473107
354 8 0.0
354 9 2.48754671924e-05
354 10 0.0
354 11 0.000398007475078
354 12 0.0
354 13 5.59698011828e-05
354 14 0.0
354 15 2.48754671924e-05
354 16 0.0
354 17 0.000155471669952
354 18 0.0
354 19 6.21886679809e-06
354 20 0.0
354 21 2.48754671924e-05
354 22 0.0
354 23 6.21886679809e-06
354 24 0.0
354 25 6.21886679809e-06
354 26 0.0
354 27 6.21886679809e-06
354 28 0.0
354 29 0.000304724473107
354 30 0.0
354 31 9.95018687695e-05
354 32 0.0
354 33 2.48754671924e-05
354 34 0.0
354 35 0.0
354 36 0.0
354 37 0.000752482882569
354 38 0.0
354 39 0.000223879204731
354 40 0.0
354 41 6.21886679809e-06
354 42 0.0
354 43 6.21886679809e-06
354 44 0.0
354 45 0.0
354 46 0.0
354 47 6.21886679809e-06
354 48 0.0
354 49 0.0
354 50 0.0
354 51 0.0
354 52 0.0
354 53 0.0
354 54 0.0
354 55 6.21886679809e-06
354 56 0.0
354 57 6.21886679809e-06
354 58 0.0
354 59 0.0
354 60 0.0
354 61 0.0
354 62 0.0
354 63 0.0
354 64 0.0
354 65 0.0
354 66 0.0
354 67 6.21886679809e-06
354 68 0.0
354 69 0.0
354 70 0.0
354 71 0.0
354 72 0.0
354 73 0.0
354 74 0.0
354 75 0.0
354 76 0.0
354 77 0.0
354 78 0.0
354 79 6.21886679809e-06
354 80 0.0
354 81 0.0
354 82 0.0
354 83 6.21886679809e-06
354 84 0.0
354 85 0.0
354 86 0.0
354 87 6.21886679809e-06
354 88 0.0
354 89 0.0
354 90 0.0
354 91 0.0
354 92 0.0
354 93 0.0
354 94 0.0
354 95 0.0
354 96 0.0
354 97 0.0
354 98 0.0
354 99 0.0
354 100 0.0
354 101 0.0
354 102 0.0
354 103 0.0
354 104 0.0
354 105 6.21886679809e-06
354 106 0.0
354 107 6.21886679809e-06
354 108 0.0
354 109 0.0
354 110 0.0
354 111 0.0
354 112 0.0
354 113 0.0
354 114 0.0
354 115 0.0
354 116 0.0
354 117 0.0
354 118 0.0
354 119 0.0
354 120 0.0
354 121 0.0
354 122 0.0
354 123 6.21886679809e-06
354 124 0.0
354 125 0.0
354 126 0.0
354 127 0.0
354 128 0.0
354 129 0.0
354 130 0.0
354 131 6.21886679809e-06
354 132 0.0
354 133 0.0
354 134 0.0
354 135 0.0
354 136 0.0
354 137 6.21886679809e-06
354 138 0.0
354 139 0.0
354 140 0.0
354 141 0.0
354 142 0.0
354 143 0.0
354 144 0.0
354 145 0.0
354 146 0.0
354 147 6.21886679809e-06
354 148 0.0
354 149 0.0
354 150 0.0
354 151 0.0
354 152 0.0
354 153 0.0
354 154 0.0
354 155 0.0
354 156 0.0
354 157 0.0
354 158 0.0
354 159 0.0
354 160 0.0
354 161 0.0
354 162 0.0
354 163 0.0
354 164 0.0
354 165 0.0
354 166 0.0
354 167 0.0
354 168 0.0
354 169 0.0
354 170 0.0
354 171 0.0
354 172 0.0
354 173 0.0
354 174 0.0
354 175 0.0
354 176 0.0
354 177 0.0
354 178 0.0
354 179 0.0
354 180 0.0
354 181 6.21886679809e-06
354 182 0.0
354 183 0.0
354 184 0.0
354 185 0.0
354 186 0.0
354 187 0.0
354 188 0.0
354 189 0.0
354 190 0.0
354 191 0.0
354 192 0.0
354 193 0.0
354 194 0.0
354 195 0.0
354 196 0.0
354 197 0.0
354 198 0.0
354 199 0.0
354 200 0.0
354 201 0.0
354 202 0.0
354 203 6.21886679809e-06
354 204 0.0
354 205 0.0
354 206 0.0
354 207 0.0
354 208 0.0
354 209 6.21886679809e-06
354 210 0.0
354 211 6.21886679809e-06
354 212 0.0
354 213 0.0
354 214 0.0
354 215 0.0
354 216 0.0
354 217 0.0
354 218 0.0
354 219 0.0
354 220 0.0
354 221 0.0
354 222 0.0
354 223 6.21886679809e-06
354 224 0.0
354 225 0.0
354 226 0.0
354 227 6.21886679809e-06
354 228 0.0
354 229 0.0
354 230 0.0
354 231 0.0
354 232 0.0
354 233 0.0
354 234 0.0
354 235 0.0
354 236 0.0
354 237 0.0
354 238 0.0
354 239 0.0
354 240 0.0
354 241 0.0
354 242 0.0
354 243 0.0
354 244 0.0
354 245 6.21886679809e-06
354 246 0.0
354 247 0.0
354 248 0.0
354 249 0.0
354 250 0.0
354 251 6.21886679809e-06
354 252 0.0
354 253 0.0
354 254 0.0
354 255 6.21886679809e-06
354 256 0.0
354 257 6.21886679809e-06
354 258 0.0
354 259 6.21886679809e-06
354 260 0.0
354 261 0.0
354 262 0.0
354 263 6.21886679809e-06
354 264 0.0
354 265 0.0
354 266 0.0
354 267 0.0
354 268 0.0
354 269 0.0
354 270 0.0
354 271 6.21886679809e-06
354 272 0.0
354 273 0.0
354 274 0.0
354 275 6.21886679809e-06
354 276 0.0
354 277 0.0
354 278 0.0
354 279 0.0
354 280 0.0
354 281 0.0
354 282 0.0
354 283 0.0
354 284 0.0
354 285 0.0
354 286 0.0
354 287 6.21886679809e-06
354 288 0.0
354 289 6.21886679809e-06
354 290 0.0
354 291 0.0
354 292 0.0
354 293 0.0
354 294 0.0
354 295 6.21886679809e-06
354 296 0.0
354 297 0.0
354 298 0.0
354 299 0.0
354 300 0.0
354 301 0.0
354 302 0.0
354 303 0.0
354 304 0.0
354 305 0.0
354 306 0.0
354 307 0.0
354 308 0.0
354 309 0.0
354 310 0.0
354 311 0.0
354 312 0.0
354 313 0.0
354 314 0.0
354 315 0.0
354 316 0.0
354 317 0.0
354 318 0.0
354 319 6.21886679809e-06
354 320 0.0
354 321 6.21886679809e-06
354 322 0.0
354 323 0.0
354 324 0.0
354 325 0.0
354 326 0.0
354 327 6.21886679809e-06
354 328 0.0
354 329 6.21886679809e-06
354 330 0.0
354 331 0.0
354 332 0.0
354 333 0.0
354 334 0.0
354 335 0.0
354 336 0.0
354 337 0.0
354 338 0.0
354 339 6.21886679809e-06
354 340 0.0
354 341 0.0
354 342 0.0
354 343 0.0
354 344 0.0
354 345 0.0
354 346 0.0
354 347 0.0
354 348 0.0
354 349 0.0
354 350 0.0
354 351 6.21886679809e-06
354 352 0.0
354 353 0.0
354 354 0.0
354 355 6.21886679809e-06
354 356 0.0
354 357 2.48754671924e-05
354 358 0.0
354 359 6.21886679809e-06
354 360 0.0
354 361 6.21886679809e-06
354 362 0.0
354 363 2.48754671924e-05
354 364 0.0
354 365 6.21886679809e-06
354 366 0.0
354 367 0.000155471669952
354 368 0.0
354 369 9.95018687695e-05
354 370 0.0
354 371 0.000398007475078
354 372 0.0
354 373 0.000223879204731
354 374 0.0
354 375 9.95018687695e-05
354 376 0.0
354 377 2.48754671924e-05
354 378 0.0
354 379 0.0
354 380 0.0
354 381 5.59698011828e-05
354 382 0.0
354 383 2.48754671924e-05
354 384 0.0
354 385 5.59698011828e-05
354 386 0.0
354 387 2.48754671924e-05
354 388 0.0
354 389 0.0
354 390 0.0
354 391 5.59698011828e-05
354 392 0.0
354 393 5.59698011828e-05
354 394 0.0
354 395 0.0
354 396 0.0
354 397 6.21886679809e-06
354 398 0.0
354 399 6.21886679809e-06
354 400 0.0
355 0 6.21886679809e-06
355 1 2.48754671924e-05
355 2 6.21886679809e-06
355 3 2.48754671924e-05
355 4 6.21886679809e-06
355 5 9.95018687695e-05
355 6 2.48754671924e-05
355 7 0.000223879204731
355 8 6.21886679809e-06
355 9 5.59698011828e-05
355 10 0.0
355 11 0.000398007475078
355 12 0.0
355 13 2.48754671924e-05
355 14 0.0
355 15 2.48754671924e-05
355 16 0.0
355 17 0.000155471669952
355 18 0.0
355 19 6.21886679809e-06
355 20 0.0
355 21 2.48754671924e-05
355 22 0.0
355 23 6.21886679809e-06
355 24 0.0
355 25 6.21886679809e-06
355 26 0.0
355 27 2.48754671924e-05
355 28 6.21886679809e-06
355 29 0.000223879204731
355 30 0.0
355 31 0.000223879204731
355 32 6.21886679809e-06
355 33 6.21886679809e-06
355 34 0.0
355 35 0.0
355 36 2.48754671924e-05
355 37 0.00105098848888
355 38 2.48754671924e-05
355 39 0.000223879204731
355 40 6.21886679809e-06
355 41 0.0
355 42 0.0
355 43 2.48754671924e-05
355 44 0.0
355 45 0.0
355 46 0.0
355 47 6.21886679809e-06
355 48 0.0
355 49 6.21886679809e-06
355 50 6.21886679809e-06
355 51 2.48754671924e-05
355 52 6.21886679809e-06
355 53 6.21886679809e-06
355 54 6.21886679809e-06
355 55 2.48754671924e-05
355 56 6.21886679809e-06
355 57 2.48754671924e-05
355 58 0.0
355 59 0.0
355 60 0.0
355 61 6.21886679809e-06
355 62 0.0
355 63 0.0
355 64 6.21886679809e-06
355 65 6.21886679809e-06
355 66 6.21886679809e-06
355 67 0.0
355 68 6.21886679809e-06
355 69 6.21886679809e-06
355 70 6.21886679809e-06
355 71 0.0
355 72 6.21886679809e-06
355 73 6.21886679809e-06
355 74 6.21886679809e-06
355 75 2.48754671924e-05
355 76 6.21886679809e-06
355 77 6.21886679809e-06
355 78 6.21886679809e-06
355 79 6.21886679809e-06
355 80 0.0
355 81 0.0
355 82 0.0
355 83 6.21886679809e-06
355 84 0.0
355 85 0.0
355 86 6.21886679809e-06
355 87 6.21886679809e-06
355 88 6.21886679809e-06
355 89 6.21886679809e-06
355 90 6.21886679809e-06
355 91 0.0
355 92 0.0
355 93 6.21886679809e-06
355 94 6.21886679809e-06
355 95 2.48754671924e-05
355 96 6.21886679809e-06
355 97 6.21886679809e-06
355 98 6.21886679809e-06
355 99 6.21886679809e-06
355 100 6.21886679809e-06
355 101 6.21886679809e-06
355 102 6.21886679809e-06
355 103 6.21886679809e-06
355 104 6.21886679809e-06
355 105 2.48754671924e-05
355 106 6.21886679809e-06
355 107 2.48754671924e-05
355 108 0.0
355 109 0.0
355 110 0.0
355 111 0.0
355 112 0.0
355 113 0.0
355 114 0.0
355 115 0.0
355 116 0.0
355 117 0.0
355 118 0.0
355 119 0.0
355 120 6.21886679809e-06
355 121 0.0
355 122 0.0
355 123 6.21886679809e-06
355 124 0.0
355 125 0.0
355 126 0.0
355 127 6.21886679809e-06
355 128 6.21886679809e-06
355 129 2.48754671924e-05
355 130 0.0
355 131 0.0
355 132 0.0
355 133 6.21886679809e-06
355 134 2.48754671924e-05
355 135 0.0
355 136 6.21886679809e-06
355 137 6.21886679809e-06
355 138 6.21886679809e-06
355 139 6.21886679809e-06
355 140 6.21886679809e-06
355 141 0.0
355 142 0.0
355 143 6.21886679809e-06
355 144 0.0
355 145 0.0
355 146 0.0
355 147 6.21886679809e-06
355 148 0.0
355 149 0.0
355 150 0.0
355 151 0.0
355 152 0.0
355 153 0.0
355 154 0.0
355 155 0.0
355 156 0.0
355 157 0.0
355 158 0.0
355 159 0.0
355 160 0.0
355 161 0.0
355 162 0.0
355 163 6.21886679809e-06
355 164 2.48754671924e-05
355 165 5.59698011828e-05
355 166 2.48754671924e-05
355 167 2.48754671924e-05
355 168 2.48754671924e-05
355 169 5.59698011828e-05
355 170 2.48754671924e-05
355 171 6.21886679809e-06
355 172 0.0
355 173 0.0
355 174 0.0
355 175 0.0
355 176 0.0
355 177 0.0
355 178 0.0
355 179 0.0
355 180 0.0
355 181 6.21886679809e-06
355 182 0.0
355 183 0.0
355 184 6.21886679809e-06
355 185 0.0
355 186 0.0
355 187 6.21886679809e-06
355 188 0.0
355 189 0.0
355 190 0.0
355 191 6.21886679809e-06
355 192 6.21886679809e-06
355 193 6.21886679809e-06
355 194 6.21886679809e-06
355 195 6.21886679809e-06
355 196 6.21886679809e-06
355 197 6.21886679809e-06
355 198 6.21886679809e-06
355 199 6.21886679809e-06
355 200 6.21886679809e-06
355 201 0.0
355 202 0.0
355 203 6.21886679809e-06
355 204 0.0
355 205 0.0
355 206 0.0
355 207 6.21886679809e-06
355 208 6.21886679809e-06
355 209 6.21886679809e-06
355 210 6.21886679809e-06
355 211 6.21886679809e-06
355 212 6.21886679809e-06
355 213 0.0
355 214 2.48754671924e-05
355 215 5.59698011828e-05
355 216 2.48754671924e-05
355 217 2.48754671924e-05
355 218 2.48754671924e-05
355 219 5.59698011828e-05
355 220 2.48754671924e-05
355 221 6.21886679809e-06
355 222 0.0
355 223 6.21886679809e-06
355 224 0.0
355 225 0.0
355 226 0.0
355 227 6.21886679809e-06
355 228 0.0
355 229 0.0
355 230 0.0
355 231 0.0
355 232 0.0
355 233 0.0
355 234 0.0
355 235 6.21886679809e-06
355 236 6.21886679809e-06
355 237 2.48754671924e-05
355 238 6.21886679809e-06
355 239 6.21886679809e-06
355 240 6.21886679809e-06
355 241 6.21886679809e-06
355 242 6.21886679809e-06
355 243 2.48754671924e-05
355 244 2.48754671924e-05
355 245 5.59698011828e-05
355 246 2.48754671924e-05
355 247 2.48754671924e-05
355 248 2.48754671924e-05
355 249 2.48754671924e-05
355 250 2.48754671924e-05
355 251 5.59698011828e-05
355 252 2.48754671924e-05
355 253 5.59698011828e-05
355 254 2.48754671924e-05
355 255 2.48754671924e-05
355 256 2.48754671924e-05
355 257 5.59698011828e-05
355 258 2.48754671924e-05
355 259 2.48754671924e-05
355 260 2.48754671924e-05
355 261 2.48754671924e-05
355 262 2.48754671924e-05
355 263 6.21886679809e-06
355 264 0.0
355 265 0.0
355 266 0.0
355 267 0.0
355 268 0.0
355 269 0.0
355 270 0.0
355 271 6.21886679809e-06
355 272 0.0
355 273 0.0
355 274 0.0
355 275 6.21886679809e-06
355 276 0.0
355 277 0.0
355 278 0.0
355 279 0.0
355 280 0.0
355 281 0.0
355 282 0.0
355 283 0.0
355 284 0.0
355 285 0.0
355 286 6.21886679809e-06
355 287 2.48754671924e-05
355 288 6.21886679809e-06
355 289 2.48754671924e-05
355 290 6.21886679809e-06
355 291 6.21886679809e-06
355 292 6.21886679809e-06
355 293 6.21886679809e-06
355 294 0.0
355 295 6.21886679809e-06
355 296 0.0
355 297 0.0
355 298 6.21886679809e-06
355 299 6.21886679809e-06
355 300 0.0
355 301 6.21886679809e-06
355 302 0.0
355 303 0.0
355 304 0.0
355 305 6.21886679809e-06
355 306 6.21886679809e-06
355 307 6.21886679809e-06
355 308 6.21886679809e-06
355 309 6.21886679809e-06
355 310 6.21886679809e-06
355 311 6.21886679809e-06
355 312 6.21886679809e-06
355 313 6.21886679809e-06
355 314 0.0
355 315 0.0
355 316 0.0
355 317 6.21886679809e-06
355 318 0.0
355 319 6.21886679809e-06
355 320 0.0
355 321 2.48754671924e-05
355 322 0.0
355 323 0.0
355 324 0.0
355 325 0.0
355 326 0.0
355 327 6.21886679809e-06
355 328 0.0
355 329 6.21886679809e-06
355 330 0.0
355 331 0.0
355 332 0.0
355 333 6.21886679809e-06
355 334 0.0
355 335 0.0
355 336 6.21886679809e-06
355 337 0.0
355 338 6.21886679809e-06
355 339 6.21886679809e-06
355 340 6.21886679809e-06
355 341 0.0
355 342 2.48754671924e-05
355 343 5.59698011828e-05
355 344 5.59698011828e-05
355 345 5.59698011828e-05
355 346 5.59698011828e-05
355 347 5.59698011828e-05
355 348 5.59698011828e-05
355 349 0.0
355 350 6.21886679809e-06
355 351 6.21886679809e-06
355 352 6.21886679809e-06
355 353 0.0
355 354 6.21886679809e-06
355 355 0.0
355 356 6.21886679809e-06
355 357 5.59698011828e-05
355 358 6.21886679809e-06
355 359 6.21886679809e-06
355 360 2.48754671924e-05
355 361 0.0
355 362 6.21886679809e-06
355 363 6.21886679809e-06
355 364 6.21886679809e-06
355 365 2.48754671924e-05
355 366 2.48754671924e-05
355 367 5.59698011828e-05
355 368 6.21886679809e-06
355 369 9.95018687695e-05
355 370 0.0
355 371 0.000398007475078
355 372 6.21886679809e-06
355 373 9.95018687695e-05
355 374 2.48754671924e-05
355 375 0.000155471669952
355 376 0.0
355 377 2.48754671924e-05
355 378 6.21886679809e-06
355 379 0.0
355 380 6.21886679809e-06
355 381 2.48754671924e-05
355 382 2.48754671924e-05
355 383 9.95018687695e-05
355 384 6.21886679809e-06
355 385 2.48754671924e-05
355 386 0.0
355 387 2.48754671924e-05
355 388 0.0
355 389 0.0
355 390 0.0
355 391 5.59698011828e-05
355 392 0.0
355 393 9.95018687695e-05
355 394 2.48754671924e-05
355 395 2.48754671924e-05
355 396 2.48754671924e-05
355 397 6.21886679809e-06
355 398 6.21886679809e-06
355 399 6.21886679809e-06
355 400 0.0
356 0 0.0
356 1 6.21886679809e-06
356 2 0.0
356 3 6.21886679809e-06
356 4 0.0
356 5 0.000155471669952
356 6 0.0
356 7 0.000304724473107
356 8 0.0
356 9 2.48754671924e-05
356 10 0.0
356 11 0.000503728210645
356 12 0.0
356 13 5.59698011828e-05
356 14 0.0
356 15 2.48754671924e-05
356 16 0.0
356 17 0.000155471669952
356 18 0.0
356 19 6.21886679809e-06
356 20 0.0
356 21 2.48754671924e-05
356 22 0.0
356 23 6.21886679809e-06
356 24 0.0
356 25 6.21886679809e-06
356 26 0.0
356 27 2.48754671924e-05
356 28 0.0
356 29 0.000304724473107
356 30 0.0
356 31 0.000155471669952
356 32 0.0
356 33 2.48754671924e-05
356 34 0.0
356 35 6.21886679809e-06
356 36 0.0
356 37 0.000304724473107
356 38 0.0
356 39 9.95018687695e-05
356 40 0.0
356 41 6.21886679809e-06
356 42 0.0
356 43 2.48754671924e-05
356 44 0.0
356 45 0.0
356 46 0.0
356 47 6.21886679809e-06
356 48 0.0
356 49 6.21886679809e-06
356 50 0.0
356 51 6.21886679809e-06
356 52 0.0
356 53 0.0
356 54 0.0
356 55 6.21886679809e-06
356 56 0.0
356 57 6.21886679809e-06
356 58 0.0
356 59 0.0
356 60 0.0
356 61 6.21886679809e-06
356 62 0.0
356 63 6.21886679809e-06
356 64 0.0
356 65 0.0
356 66 0.0
356 67 6.21886679809e-06
356 68 0.0
356 69 0.0
356 70 0.0
356 71 0.0
356 72 0.0
356 73 0.0
356 74 0.0
356 75 6.21886679809e-06
356 76 0.0
356 77 0.0
356 78 0.0
356 79 6.21886679809e-06
356 80 0.0
356 81 0.0
356 82 0.0
356 83 6.21886679809e-06
356 84 0.0
356 85 0.0
356 86 0.0
356 87 0.0
356 88 0.0
356 89 0.0
356 90 0.0
356 91 6.21886679809e-06
356 92 0.0
356 93 0.0
356 94 0.0
356 95 6.21886679809e-06
356 96 0.0
356 97 0.0
356 98 0.0
356 99 0.0
356 100 0.0
356 101 0.0
356 102 0.0
356 103 0.0
356 104 0.0
356 105 6.21886679809e-06
356 106 0.0
356 107 2.48754671924e-05
356 108 0.0
356 109 0.0
356 110 0.0
356 111 0.0
356 112 0.0
356 113 0.0
356 114 0.0
356 115 0.0
356 116 0.0
356 117 0.0
356 118 0.0
356 119 0.0
356 120 0.0
356 121 0.0
356 122 0.0
356 123 6.21886679809e-06
356 124 0.0
356 125 0.0
356 126 0.0
356 127 6.21886679809e-06
356 128 0.0
356 129 6.21886679809e-06
356 130 0.0
356 131 0.0
356 132 0.0
356 133 6.21886679809e-06
356 134 0.0
356 135 6.21886679809e-06
356 136 0.0
356 137 0.0
356 138 0.0
356 139 0.0
356 140 0.0
356 141 6.21886679809e-06
356 142 0.0
356 143 0.0
356 144 0.0
356 145 0.0
356 146 0.0
356 147 6.21886679809e-06
356 148 0.0
356 149 0.0
356 150 0.0
356 151 0.0
356 152 0.0
356 153 0.0
356 154 0.0
356 155 0.0
356 156 0.0
356 157 6.21886679809e-06
356 158 0.0
356 159 0.0
356 160 0.0
356 161 0.0
356 162 0.0
356 163 0.0
356 164 0.0
356 165 6.21886679809e-06
356 166 0.0
356 167 0.0
356 168 0.0
356 169 6.21886679809e-06
356 170 0.0
356 171 6.21886679809e-06
356 172 0.0
356 173 0.0
356 174 0.0
356 175 0.0
356 176 0.0
356 177 0.0
356 178 0.0
356 179 6.21886679809e-06
356 180 0.0
356 181 6.21886679809e-06
356 182 0.0
356 183 0.0
356 184 0.0
356 185 0.0
356 186 0.0
356 187 6.21886679809e-06
356 188 0.0
356 189 0.0
356 190 0.0
356 191 6.21886679809e-06
356 192 0.0
356 193 0.0
356 194 0.0
356 195 0.0
356 196 0.0
356 197 0.0
356 198 0.0
356 199 0.0
356 200 0.0
356 201 0.0
356 202 0.0
356 203 6.21886679809e-06
356 204 0.0
356 205 6.21886679809e-06
356 206 0.0
356 207 0.0
356 208 0.0
356 209 0.0
356 210 0.0
356 211 0.0
356 212 0.0
356 213 6.21886679809e-06
356 214 0.0
356 215 6.21886679809e-06
356 216 0.0
356 217 0.0
356 218 0.0
356 219 6.21886679809e-06
356 220 0.0
356 221 0.0
356 222 0.0
356 223 6.21886679809e-06
356 224 0.0
356 225 0.0
356 226 0.0
356 227 6.21886679809e-06
356 228 0.0
356 229 0.0
356 230 0.0
356 231 0.0
356 232 0.0
356 233 0.0
356 234 0.0
356 235 0.0
356 236 0.0
356 237 6.21886679809e-06
356 238 0.0
356 239 0.0
356 240 0.0
356 241 0.0
356 242 0.0
356 243 0.0
356 244 0.0
356 245 6.21886679809e-06
356 246 0.0
356 247 0.0
356 248 0.0
356 249 0.0
356 250 0.0
356 251 6.21886679809e-06
356 252 0.0
356 253 6.21886679809e-06
356 254 0.0
356 255 0.0
356 256 0.0
356 257 6.21886679809e-06
356 258 0.0
356 259 0.0
356 260 0.0
356 261 0.0
356 262 0.0
356 263 0.0
356 264 0.0
356 265 0.0
356 266 0.0
356 267 0.0
356 268 0.0
356 269 0.0
356 270 0.0
356 271 6.21886679809e-06
356 272 0.0
356 273 0.0
356 274 0.0
356 275 6.21886679809e-06
356 276 0.0
356 277 0.0
356 278 0.0
356 279 0.0
356 280 0.0
356 281 0.0
356 282 0.0
356 283 0.0
356 284 0.0
356 285 6.21886679809e-06
356 286 0.0
356 287 6.21886679809e-06
356 288 0.0
356 289 6.21886679809e-06
356 290 0.0
356 291 0.0
356 292 0.0
356 293 6.21886679809e-06
356 294 0.0
356 295 6.21886679809e-06
356 296 0.0
356 297 0.0
356 298 0.0
356 299 0.0
356 300 0.0
356 301 6.21886679809e-06
356 302 0.0
356 303 0.0
356 304 0.0
356 305 6.21886679809e-06
356 306 0.0
356 307 0.0
356 308 0.0
356 309 0.0
356 310 0.0
356 311 0.0
356 312 0.0
356 313 0.0
356 314 0.0
356 315 0.0
356 316 0.0
356 317 6.21886679809e-06
356 318 0.0
356 319 6.21886679809e-06
356 320 0.0
356 321 6.21886679809e-06
356 322 0.0
356 323 0.0
356 324 0.0
356 325 0.0
356 326 0.0
356 327 0.0
356 328 0.0
356 329 6.21886679809e-06
356 330 0.0
356 331 0.0
356 332 0.0
356 333 6.21886679809e-06
356 334 0.0
356 335 6.21886679809e-06
356 336 0.0
356 337 6.21886679809e-06
356 338 0.0
356 339 0.0
356 340 0.0
356 341 6.21886679809e-06
356 342 0.0
356 343 0.0
356 344 0.0
356 345 0.0
356 346 0.0
356 347 0.0
356 348 0.0
356 349 0.0
356 350 0.0
356 351 0.0
356 352 0.0
356 353 6.21886679809e-06
356 354 0.0
356 355 6.21886679809e-06
356 356 0.0
356 357 0.0
356 358 0.0
356 359 6.21886679809e-06
356 360 0.0
356 361 0.0
356 362 0.0
356 363 2.48754671924e-05
356 364 0.0
356 365 0.0
356 366 0.0
356 367 0.000155471669952
356 368 0.0
356 369 9.95018687695e-05
356 370 0.0
356 371 0.000304724473107
356 372 0.0
356 373 0.000155471669952
356 374 0.0
356 375 2.48754671924e-05
356 376 0.0
356 377 6.21886679809e-06
356 378 0.0
356 379 6.21886679809e-06
356 380 0.0
356 381 5.59698011828e-05
356 382 0.0
356 383 5.59698011828e-05
356 384 0.0
356 385 2.48754671924e-05
356 386 0.0
356 387 2.48754671924e-05
356 388 0.0
356 389 0.0
356 390 0.0
356 391 9.95018687695e-05
356 392 0.0
356 393 2.48754671924e-05
356 394 0.0
356 395 2.48754671924e-05
356 396 0.0
356 397 2.48754671924e-05
356 398 0.0
356 399 6.21886679809e-06
356 400 0.0
357 0 0.0
357 1 2.48754671924e-05
357 2 0.0
357 3 2.48754671924e-05
357 4 0.0
357 5 0.000155471669952
357 6 6.21886679809e-06
357 7 0.000223879204731
357 8 6.21886679809e-06
357 9 5.59698011828e-05
357 10 0.0
357 11 0.000503728210645
357 12 0.0
357 13 5.59698011828e-05
357 14 0.0
357 15 2.48754671924e-05
357 16 0.0
357 17 0.000155471669952
357 18 0.0
357 19 6.21886679809e-06
357 20 0.0
357 21 2.48754671924e-05
357 22 0.0
357 23 6.21886679809e-06
357 24 0.0
357 25 6.21886679809e-06
357 26 0.0
357 27 6.21886679809e-06
357 28 0.0
357 29 0.000223879204731
357 30 0.0
357 31 5.59698011828e-05
357 32 0.0
357 33 5.59698011828e-05
357 34 6.21886679809e-06
357 35 2.48754671924e-05
357 36 6.21886679809e-06
357 37 6.21886679809e-06
357 38 2.48754671924e-05
357 39 0.000155471669952
357 40 5.59698011828e-05
357 41 9.95018687695e-05
357 42 5.59698011828e-05
357 43 9.95018687695e-05
357 44 0.0
357 45 0.0
357 46 0.0
357 47 6.21886679809e-06
357 48 0.0
357 49 6.21886679809e-06
357 50 0.0
357 51 6.21886679809e-06
357 52 0.0
357 53 0.0
357 54 0.0
357 55 6.21886679809e-06
357 56 0.0
357 57 6.21886679809e-06
357 58 0.0
357 59 0.0
357 60 0.0
357 61 0.0
357 62 0.0
357 63 6.21886679809e-06
357 64 6.21886679809e-06
357 65 2.48754671924e-05
357 66 6.21886679809e-06
357 67 6.21886679809e-06
357 68 6.21886679809e-06
357 69 6.21886679809e-06
357 70 6.21886679809e-06
357 71 0.0
357 72 0.0
357 73 6.21886679809e-06
357 74 0.0
357 75 0.0
357 76 0.0
357 77 6.21886679809e-06
357 78 6.21886679809e-06
357 79 6.21886679809e-06
357 80 6.21886679809e-06
357 81 6.21886679809e-06
357 82 6.21886679809e-06
357 83 6.21886679809e-06
357 84 0.0
357 85 6.21886679809e-06
357 86 6.21886679809e-06
357 87 6.21886679809e-06
357 88 6.21886679809e-06
357 89 2.48754671924e-05
357 90 6.21886679809e-06
357 91 2.48754671924e-05
357 92 2.48754671924e-05
357 93 6.21886679809e-06
357 94 0.0
357 95 0.0
357 96 0.0
357 97 0.0
357 98 0.0
357 99 0.0
357 100 0.0
357 101 0.0
357 102 0.0
357 103 0.0
357 104 0.0
357 105 6.21886679809e-06
357 106 0.0
357 107 6.21886679809e-06
357 108 0.0
357 109 0.0
357 110 0.0
357 111 0.0
357 112 0.0
357 113 0.0
357 114 0.0
357 115 0.0
357 116 0.0
357 117 0.0
357 118 0.0
357 119 0.0
357 120 0.0
357 121 0.0
357 122 0.0
357 123 0.0
357 124 0.0
357 125 0.0
357 126 0.0
357 127 0.0
357 128 0.0
357 129 0.0
357 130 0.0
357 131 0.0
357 132 0.0
357 133 0.0
357 134 0.0
357 135 6.21886679809e-06
357 136 6.21886679809e-06
357 137 2.48754671924e-05
357 138 6.21886679809e-06
357 139 6.21886679809e-06
357 140 6.21886679809e-06
357 141 2.48754671924e-05
357 142 6.21886679809e-06
357 143 6.21886679809e-06
357 144 0.0
357 145 6.21886679809e-06
357 146 0.0
357 147 0.0
357 148 0.0
357 149 6.21886679809e-06
357 150 0.0
357 151 6.21886679809e-06
357 152 6.21886679809e-06
357 153 6.21886679809e-06
357 154 6.21886679809e-06
357 155 6.21886679809e-06
357 156 6.21886679809e-06
357 157 6.21886679809e-06
357 158 0.0
357 159 0.0
357 160 0.0
357 161 6.21886679809e-06
357 162 0.0
357 163 6.21886679809e-06
357 164 0.0
357 165 6.21886679809e-06
357 166 0.0
357 167 0.0
357 168 0.0
357 169 0.0
357 170 0.0
357 171 6.21886679809e-06
357 172 6.21886679809e-06
357 173 2.48754671924e-05
357 174 6.21886679809e-06
357 175 2.48754671924e-05
357 176 6.21886679809e-06
357 177 0.0
357 178 0.0
357 179 0.0
357 180 0.0
357 181 0.0
357 182 0.0
357 183 0.0
357 184 0.0
357 185 0.0
357 186 0.0
357 187 6.21886679809e-06
357 188 0.0
357 189 0.0
357 190 0.0
357 191 6.21886679809e-06
357 192 2.48754671924e-05
357 193 6.21886679809e-06
357 194 0.0
357 195 0.0
357 196 0.0
357 197 6.21886679809e-06
357 198 0.0
357 199 6.21886679809e-06
357 200 0.0
357 201 0.0
357 202 0.0
357 203 6.21886679809e-06
357 204 0.0
357 205 0.0
357 206 0.0
357 207 6.21886679809e-06
357 208 6.21886679809e-06
357 209 2.48754671924e-05
357 210 6.21886679809e-06
357 211 6.21886679809e-06
357 212 6.21886679809e-06
357 213 6.21886679809e-06
357 214 0.0
357 215 0.0
357 216 0.0
357 217 0.0
357 218 0.0
357 219 6.21886679809e-06
357 220 0.0
357 221 6.21886679809e-06
357 222 0.0
357 223 0.0
357 224 0.0
357 225 0.0
357 226 0.0
357 227 0.0
357 228 0.0
357 229 0.0
357 230 0.0
357 231 0.0
357 232 0.0
357 233 0.0
357 234 0.0
357 235 6.21886679809e-06
357 236 0.0
357 237 6.21886679809e-06
357 238 0.0
357 239 0.0
357 240 0.0
357 241 0.0
357 242 0.0
357 243 0.0
357 244 0.0
357 245 0.0
357 246 0.0
357 247 6.21886679809e-06
357 248 0.0
357 249 6.21886679809e-06
357 250 0.0
357 251 0.0
357 252 0.0
357 253 6.21886679809e-06
357 254 0.0
357 255 0.0
357 256 0.0
357 257 0.0
357 258 0.0
357 259 0.0
357 260 0.0
357 261 6.21886679809e-06
357 262 0.0
357 263 0.0
357 264 0.0
357 265 0.0
357 266 0.0
357 267 0.0
357 268 0.0
357 269 0.0
357 270 0.0
357 271 0.0
357 272 0.0
357 273 0.0
357 274 0.0
357 275 0.0
357 276 0.0
357 277 0.0
357 278 0.0
357 279 0.0
357 280 0.0
357 281 0.0
357 282 0.0
357 283 0.0
357 284 0.0
357 285 0.0
357 286 0.0
357 287 6.21886679809e-06
357 288 0.0
357 289 6.21886679809e-06
357 290 0.0
357 291 0.0
357 292 0.0
357 293 0.0
357 294 0.0
357 295 0.0
357 296 0.0
357 297 0.0
357 298 0.0
357 299 0.0
357 300 0.0
357 301 6.21886679809e-06
357 302 0.0
357 303 0.0
357 304 0.0
357 305 6.21886679809e-06
357 306 6.21886679809e-06
357 307 0.0
357 308 0.0
357 309 0.0
357 310 0.0
357 311 0.0
357 312 0.0
357 313 6.21886679809e-06
357 314 6.21886679809e-06
357 315 2.48754671924e-05
357 316 6.21886679809e-06
357 317 6.21886679809e-06
357 318 6.21886679809e-06
357 319 2.48754671924e-05
357 320 6.21886679809e-06
357 321 2.48754671924e-05
357 322 0.0
357 323 0.0
357 324 0.0
357 325 0.0
357 326 0.0
357 327 0.0
357 328 0.0
357 329 0.0
357 330 0.0
357 331 6.21886679809e-06
357 332 0.0
357 333 0.0
357 334 0.0
357 335 6.21886679809e-06
357 336 6.21886679809e-06
357 337 6.21886679809e-06
357 338 6.21886679809e-06
357 339 2.48754671924e-05
357 340 6.21886679809e-06
357 341 6.21886679809e-06
357 342 0.0
357 343 0.0
357 344 0.0
357 345 0.0
357 346 0.0
357 347 0.0
357 348 0.0
357 349 6.21886679809e-06
357 350 6.21886679809e-06
357 351 2.48754671924e-05
357 352 6.21886679809e-06
357 353 6.21886679809e-06
357 354 6.21886679809e-06
357 355 2.48754671924e-05
357 356 6.21886679809e-06
357 357 6.21886679809e-06
357 358 0.0
357 359 0.0
357 360 0.0
357 361 0.0
357 362 2.48754671924e-05
357 363 9.95018687695e-05
357 364 5.59698011828e-05
357 365 2.48754671924e-05
357 366 0.0
357 367 9.95018687695e-05
357 368 0.0
357 369 5.59698011828e-05
357 370 6.21886679809e-06
357 371 0.000223879204731
357 372 0.0
357 373 0.000398007475078
357 374 6.21886679809e-06
357 375 6.21886679809e-06
357 376 6.21886679809e-06
357 377 5.59698011828e-05
357 378 6.21886679809e-06
357 379 0.0
357 380 6.21886679809e-06
357 381 5.59698011828e-05
357 382 0.0
357 383 5.59698011828e-05
357 384 0.0
357 385 2.48754671924e-05
357 386 0.0
357 387 2.48754671924e-05
357 388 0.0
357 389 0.0
357 390 0.0
357 391 9.95018687695e-05
357 392 0.0
357 393 6.21886679809e-06
357 394 6.21886679809e-06
357 395 5.59698011828e-05
357 396 0.0
357 397 9.95018687695e-05
357 398 0.0
357 399 6.21886679809e-06
357 400 0.0
358 0 0.0
358 1 2.48754671924e-05
358 2 0.0
358 3 2.48754671924e-05
358 4 0.0
358 5 0.000155471669952
358 6 0.0
358 7 0.000223879204731
358 8 0.0
358 9 2.48754671924e-05
358 10 0.0
358 11 0.000503728210645
358 12 0.0
358 13 5.59698011828e-05
358 14 0.0
358 15 2.48754671924e-05
358 16 0.0
358 17 0.000155471669952
358 18 0.0
358 19 6.21886679809e-06
358 20 0.0
358 21 2.48754671924e-05
358 22 0.0
358 23 6.21886679809e-06
358 24 0.0
358 25 6.21886679809e-06
358 26 0.0
358 27 0.0
358 28 0.0
358 29 0.000223879204731
358 30 0.0
358 31 9.95018687695e-05
358 32 0.0
358 33 5.59698011828e-05
358 34 0.0
358 35 5.59698011828e-05
358 36 0.0
358 37 2.48754671924e-05
358 38 0.0
358 39 6.21886679809e-06
358 40 0.0
358 41 6.21886679809e-06
358 42 0.0
358 43 5.59698011828e-05
358 44 0.0
358 45 0.0
358 46 0.0
358 47 6.21886679809e-06
358 48 0.0
358 49 6.21886679809e-06
358 50 0.0
358 51 6.21886679809e-06
358 52 0.0
358 53 0.0
358 54 0.0
358 55 6.21886679809e-06
358 56 0.0
358 57 6.21886679809e-06
358 58 0.0
358 59 0.0
358 60 0.0
358 61 0.0
358 62 0.0
358 63 6.21886679809e-06
358 64 0.0
358 65 6.21886679809e-06
358 66 0.0
358 67 0.0
358 68 0.0
358 69 6.21886679809e-06
358 70 0.0
358 71 6.21886679809e-06
358 72 0.0
358 73 6.21886679809e-06
358 74 0.0
358 75 0.0
358 76 0.0
358 77 6.21886679809e-06
358 78 0.0
358 79 0.0
358 80 0.0
358 81 6.21886679809e-06
358 82 0.0
358 83 0.0
358 84 0.0
358 85 0.0
358 86 0.0
358 87 0.0
358 88 0.0
358 89 6.21886679809e-06
358 90 0.0
358 91 6.21886679809e-06
358 92 0.0
358 93 6.21886679809e-06
358 94 0.0
358 95 0.0
358 96 0.0
358 97 0.0
358 98 0.0
358 99 0.0
358 100 0.0
358 101 0.0
358 102 0.0
358 103 0.0
358 104 0.0
358 105 6.21886679809e-06
358 106 0.0
358 107 6.21886679809e-06
358 108 0.0
358 109 0.0
358 110 0.0
358 111 0.0
358 112 0.0
358 113 0.0
358 114 0.0
358 115 0.0
358 116 0.0
358 117 0.0
358 118 0.0
358 119 0.0
358 120 0.0
358 121 0.0
358 122 0.0
358 123 0.0
358 124 0.0
358 125 0.0
358 126 0.0
358 127 0.0
358 128 0.0
358 129 0.0
358 130 0.0
358 131 0.0
358 132 0.0
358 133 0.0
358 134 0.0
358 135 0.0
358 136 0.0
358 137 6.21886679809e-06
358 138 0.0
358 139 6.21886679809e-06
358 140 0.0
358 141 0.0
358 142 0.0
358 143 6.21886679809e-06
358 144 0.0
358 145 6.21886679809e-06
358 146 0.0
358 147 0.0
358 148 0.0
358 149 6.21886679809e-06
358 150 0.0
358 151 0.0
358 152 0.0
358 153 0.0
358 154 0.0
358 155 0.0
358 156 0.0
358 157 2.48754671924e-05
358 158 0.0
358 159 0.0
358 160 0.0
358 161 6.21886679809e-06
358 162 0.0
358 163 6.21886679809e-06
358 164 0.0
358 165 6.21886679809e-06
358 166 0.0
358 167 0.0
358 168 0.0
358 169 0.0
358 170 0.0
358 171 6.21886679809e-06
358 172 0.0
358 173 6.21886679809e-06
358 174 0.0
358 175 6.21886679809e-06
358 176 0.0
358 177 0.0
358 178 0.0
358 179 6.21886679809e-06
358 180 0.0
358 181 0.0
358 182 0.0
358 183 0.0
358 184 0.0
358 185 0.0
358 186 0.0
358 187 6.21886679809e-06
358 188 0.0
358 189 0.0
358 190 0.0
358 191 6.21886679809e-06
358 192 0.0
358 193 0.0
358 194 0.0
358 195 0.0
358 196 0.0
358 197 0.0
358 198 0.0
358 199 0.0
358 200 0.0
358 201 0.0
358 202 0.0
358 203 6.21886679809e-06
358 204 0.0
358 205 6.21886679809e-06
358 206 0.0
358 207 0.0
358 208 0.0
358 209 6.21886679809e-06
358 210 0.0
358 211 6.21886679809e-06
358 212 0.0
358 213 0.0
358 214 0.0
358 215 0.0
358 216 0.0
358 217 0.0
358 218 0.0
358 219 6.21886679809e-06
358 220 0.0
358 221 6.21886679809e-06
358 222 0.0
358 223 0.0
358 224 0.0
358 225 0.0
358 226 0.0
358 227 0.0
358 228 0.0
358 229 0.0
358 230 0.0
358 231 0.0
358 232 0.0
358 233 0.0
358 234 0.0
358 235 0.0
358 236 0.0
358 237 6.21886679809e-06
358 238 0.0
358 239 0.0
358 240 0.0
358 241 0.0
358 242 0.0
358 243 0.0
358 244 0.0
358 245 0.0
358 246 0.0
358 247 6.21886679809e-06
358 248 0.0
358 249 0.0
358 250 0.0
358 251 0.0
358 252 0.0
358 253 0.0
358 254 0.0
358 255 6.21886679809e-06
358 256 0.0
358 257 6.21886679809e-06
358 258 0.0
358 259 0.0
358 260 0.0
358 261 6.21886679809e-06
358 262 0.0
358 263 0.0
358 264 0.0
358 265 0.0
358 266 0.0
358 267 0.0
358 268 0.0
358 269 0.0
358 270 0.0
358 271 0.0
358 272 0.0
358 273 0.0
358 274 0.0
358 275 0.0
358 276 0.0
358 277 0.0
358 278 0.0
358 279 0.0
358 280 0.0
358 281 0.0
358 282 0.0
358 283 0.0
358 284 0.0
358 285 0.0
358 286 0.0
358 287 6.21886679809e-06
358 288 0.0
358 289 6.21886679809e-06
358 290 0.0
358 291 0.0
358 292 0.0
358 293 0.0
358 294 0.0
358 295 0.0
358 296 0.0
358 297 0.0
358 298 0.0
358 299 0.0
358 300 0.0
358 301 0.0
358 302 0.0
358 303 0.0
358 304 0.0
358 305 0.0
358 306 0.0
358 307 0.0
358 308 0.0
358 309 6.21886679809e-06
358 310 0.0
358 311 0.0
358 312 0.0
358 313 6.21886679809e-06
358 314 0.0
358 315 6.21886679809e-06
358 316 0.0
358 317 0.0
358 318 0.0
358 319 6.21886679809e-06
358 320 0.0
358 321 2.48754671924e-05
358 322 0.0
358 323 0.0
358 324 0.0
358 325 0.0
358 326 0.0
358 327 0.0
358 328 0.0
358 329 0.0
358 330 0.0
358 331 6.21886679809e-06
358 332 0.0
358 333 0.0
358 334 0.0
358 335 6.21886679809e-06
358 336 0.0
358 337 0.0
358 338 0.0
358 339 6.21886679809e-06
358 340 0.0
358 341 6.21886679809e-06
358 342 0.0
358 343 6.21886679809e-06
358 344 0.0
358 345 0.0
358 346 0.0
358 347 6.21886679809e-06
358 348 0.0
358 349 0.0
358 350 0.0
358 351 6.21886679809e-06
358 352 0.0
358 353 0.0
358 354 0.0
358 355 6.21886679809e-06
358 356 0.0
358 357 6.21886679809e-06
358 358 0.0
358 359 0.0
358 360 0.0
358 361 0.0
358 362 0.0
358 363 6.21886679809e-06
358 364 0.0
358 365 0.0
358 366 0.0
358 367 6.21886679809e-06
358 368 0.0
358 369 5.59698011828e-05
358 370 0.0
358 371 0.000223879204731
358 372 0.0
358 373 0.000503728210645
358 374 0.0
358 375 5.59698011828e-05
358 376 0.0
358 377 0.0
358 378 0.0
358 379 6.21886679809e-06
358 380 0.0
358 381 9.95018687695e-05
358 382 0.0
358 383 2.48754671924e-05
358 384 0.0
358 385 2.48754671924e-05
358 386 0.0
358 387 2.48754671924e-05
358 388 0.0
358 389 0.0
358 390 0.0
358 391 9.95018687695e-05
358 392 0.0
358 393 6.21886679809e-06
358 394 0.0
358 395 5.59698011828e-05
358 396 0.0
358 397 9.95018687695e-05
358 398 0.0
358 399 6.21886679809e-06
358 400 0.0
359 0 6.21886679809e-06
359 1 5.59698011828e-05
359 2 6.21886679809e-06
359 3 5.59698011828e-05
359 4 6.21886679809e-06
359 5 9.95018687695e-05
359 6 0.0
359 7 0.000304724473107
359 8 0.0
359 9 5.59698011828e-05
359 10 6.21886679809e-06
359 11 0.000398007475078
359 12 6.21886679809e-06
359 13 5.59698011828e-05
359 14 0.0
359 15 2.48754671924e-05
359 16 0.0
359 17 0.000155471669952
359 18 0.0
359 19 6.21886679809e-06
359 20 0.0
359 21 2.48754671924e-05
359 22 0.0
359 23 6.21886679809e-06
359 24 0.0
359 25 6.21886679809e-06
359 26 0.0
359 27 6.21886679809e-06
359 28 2.48754671924e-05
359 29 0.000621886679809
359 30 2.48754671924e-05
359 31 0.000155471669952
359 32 0.0
359 33 2.48754671924e-05
359 34 6.21886679809e-06
359 35 9.95018687695e-05
359 36 2.48754671924e-05
359 37 0.0
359 38 6.21886679809e-06
359 39 0.0
359 40 6.21886679809e-06
359 41 6.21886679809e-06
359 42 2.48754671924e-05
359 43 0.000223879204731
359 44 0.000398007475078
359 45 0.000398007475078
359 46 0.000398007475078
359 47 0.000304724473107
359 48 0.000398007475078
359 49 0.000304724473107
359 50 0.000398007475078
359 51 0.000304724473107
359 52 0.000398007475078
359 53 0.000398007475078
359 54 0.000398007475078
359 55 0.000398007475078
359 56 0.000398007475078
359 57 0.000304724473107
359 58 0.000304724473107
359 59 0.000304724473107
359 60 0.000304724473107
359 61 0.000304724473107
359 62 0.000304724473107
359 63 0.000304724473107
359 64 0.000155471669952
359 65 0.000155471669952
359 66 0.000155471669952
359 67 0.000155471669952
359 68 0.000155471669952
359 69 0.000155471669952
359 70 0.000155471669952
359 71 0.000304724473107
359 72 0.000398007475078
359 73 0.000304724473107
359 74 0.000398007475078
359 75 0.000398007475078
359 76 0.000398007475078
359 77 0.000304724473107
359 78 0.000223879204731
359 79 0.000155471669952
359 80 0.000155471669952
359 81 0.000155471669952
359 82 0.000155471669952
359 83 0.000155471669952
359 84 0.000155471669952
359 85 0.000155471669952
359 86 0.000155471669952
359 87 0.000155471669952
359 88 0.000155471669952
359 89 9.95018687695e-05
359 90 0.000155471669952
359 91 0.000155471669952
359 92 0.000223879204731
359 93 0.000398007475078
359 94 0.000398007475078
359 95 0.000398007475078
359 96 0.000398007475078
359 97 0.000398007475078
359 98 0.000398007475078
359 99 0.000398007475078
359 100 0.000398007475078
359 101 0.000398007475078
359 102 0.000398007475078
359 103 0.000398007475078
359 104 0.000398007475078
359 105 0.000398007475078
359 106 0.000398007475078
359 107 0.000304724473107
359 108 0.000304724473107
359 109 0.000304724473107
359 110 0.000304724473107
359 111 0.000304724473107
359 112 0.000304724473107
359 113 0.000304724473107
359 114 0.000304724473107
359 115 0.000304724473107
359 116 0.000304724473107
359 117 0.000304724473107
359 118 0.000304724473107
359 119 0.000304724473107
359 120 0.000304724473107
359 121 0.000304724473107
359 122 0.000398007475078
359 123 0.000398007475078
359 124 0.000398007475078
359 125 0.000304724473107
359 126 0.000398007475078
359 127 0.000398007475078
359 128 0.000398007475078
359 129 0.000304724473107
359 130 0.000304724473107
359 131 0.000223879204731
359 132 0.000304724473107
359 133 0.000304724473107
359 134 0.000398007475078
359 135 0.000223879204731
359 136 0.000155471669952
359 137 9.95018687695e-05
359 138 0.000155471669952
359 139 0.000155471669952
359 140 0.000155471669952
359 141 9.95018687695e-05
359 142 0.000223879204731
359 143 0.000304724473107
359 144 0.000398007475078
359 145 0.000304724473107
359 146 0.000398007475078
359 147 0.000398007475078
359 148 0.000398007475078
359 149 0.000304724473107
359 150 0.000155471669952
359 151 0.000155471669952
359 152 0.000155471669952
359 153 0.000155471669952
359 154 0.000155471669952
359 155 0.000155471669952
359 156 0.000155471669952
359 157 0.000223879204731
359 158 0.000304724473107
359 159 0.000304724473107
359 160 0.000304724473107
359 161 0.000223879204731
359 162 0.000304724473107
359 163 0.000223879204731
359 164 0.000304724473107
359 165 0.000223879204731
359 166 0.000304724473107
359 167 0.000304724473107
359 168 0.000304724473107
359 169 0.000304724473107
359 170 0.000304724473107
359 171 0.000155471669952
359 172 0.000155471669952
359 173 0.000155471669952
359 174 0.000155471669952
359 175 9.95018687695e-05
359 176 0.000155471669952
359 177 0.000155471669952
359 178 0.000304724473107
359 179 0.000304724473107
359 180 0.000304724473107
359 181 0.000304724473107
359 182 0.000304724473107
359 183 0.000223879204731
359 184 0.000304724473107
359 185 0.000304724473107
359 186 0.000398007475078
359 187 0.000304724473107
359 188 0.000398007475078
359 189 0.000398007475078
359 190 0.000398007475078
359 191 0.000304724473107
359 192 0.000304724473107
359 193 0.000398007475078
359 194 0.000398007475078
359 195 0.000398007475078
359 196 0.000398007475078
359 197 0.000398007475078
359 198 0.000398007475078
359 199 0.000304724473107
359 200 0.000304724473107
359 201 0.000304724473107
359 202 0.000304724473107
359 203 0.000304724473107
359 204 0.000304724473107
359 205 0.000304724473107
359 206 0.000223879204731
359 207 0.000155471669952
359 208 0.000155471669952
359 209 0.000155471669952
359 210 0.000155471669952
359 211 0.000155471669952
359 212 0.000155471669952
359 213 9.95018687695e-05
359 214 0.000304724473107
359 215 0.000223879204731
359 216 0.000304724473107
359 217 0.000304724473107
359 218 0.000304724473107
359 219 0.000223879204731
359 220 0.000304724473107
359 221 0.000223879204731
359 222 0.000304724473107
359 223 0.000304724473107
359 224 0.000304724473107
359 225 0.000223879204731
359 226 0.000304724473107
359 227 0.000304724473107
359 228 0.000398007475078
359 229 0.000398007475078
359 230 0.000398007475078
359 231 0.000398007475078
359 232 0.000398007475078
359 233 0.000398007475078
359 234 0.000398007475078
359 235 0.000398007475078
359 236 0.000398007475078
359 237 0.000304724473107
359 238 0.000398007475078
359 239 0.000398007475078
359 240 0.000398007475078
359 241 0.000304724473107
359 242 0.000304724473107
359 243 0.000223879204731
359 244 0.000304724473107
359 245 0.000304724473107
359 246 0.000304724473107
359 247 0.000223879204731
359 248 0.000304724473107
359 249 0.000304724473107
359 250 0.000398007475078
359 251 0.000398007475078
359 252 0.000398007475078
359 253 0.000398007475078
359 254 0.000398007475078
359 255 0.000304724473107
359 256 0.000304724473107
359 257 0.000398007475078
359 258 0.000304724473107
359 259 0.000304724473107
359 260 0.000304724473107
359 261 0.000223879204731
359 262 0.000304724473107
359 263 0.000304724473107
359 264 0.000398007475078
359 265 0.000398007475078
359 266 0.000398007475078
359 267 0.000398007475078
359 268 0.000398007475078
359 269 0.000398007475078
359 270 0.000398007475078
359 271 0.000304724473107
359 272 0.000304724473107
359 273 0.000223879204731
359 274 0.000304724473107
359 275 0.000304724473107
359 276 0.000304724473107
359 277 0.000304724473107
359 278 0.000304724473107
359 279 0.000304724473107
359 280 0.000304724473107
359 281 0.000304724473107
359 282 0.000304724473107
359 283 0.000304724473107
359 284 0.000304724473107
359 285 0.000398007475078
359 286 0.000398007475078
359 287 0.000398007475078
359 288 0.000398007475078
359 289 0.000304724473107
359 290 0.000398007475078
359 291 0.000398007475078
359 292 0.000398007475078
359 293 0.000304724473107
359 294 0.000304724473107
359 295 0.000304724473107
359 296 0.000304724473107
359 297 0.000223879204731
359 298 0.000304724473107
359 299 0.000304724473107
359 300 0.000398007475078
359 301 0.000398007475078
359 302 0.000398007475078
359 303 0.000398007475078
359 304 0.000398007475078
359 305 0.000398007475078
359 306 0.000398007475078
359 307 0.000398007475078
359 308 0.000398007475078
359 309 0.000304724473107
359 310 0.000398007475078
359 311 0.000398007475078
359 312 0.000398007475078
359 313 0.000223879204731
359 314 0.000155471669952
359 315 9.95018687695e-05
359 316 0.000155471669952
359 317 0.000155471669952
359 318 0.000155471669952
359 319 9.95018687695e-05
359 320 0.000155471669952
359 321 0.000223879204731
359 322 0.000304724473107
359 323 0.000304724473107
359 324 0.000304724473107
359 325 0.000223879204731
359 326 0.000304724473107
359 327 0.000304724473107
359 328 0.000398007475078
359 329 0.000398007475078
359 330 0.000398007475078
359 331 0.000304724473107
359 332 0.000398007475078
359 333 0.000398007475078
359 334 0.000398007475078
359 335 0.000155471669952
359 336 0.000155471669952
359 337 0.000155471669952
359 338 0.000155471669952
359 339 9.95018687695e-05
359 340 0.000155471669952
359 341 0.000155471669952
359 342 0.000304724473107
359 343 0.000304724473107
359 344 0.000398007475078
359 345 0.000398007475078
359 346 0.000398007475078
359 347 0.000304724473107
359 348 0.000398007475078
359 349 0.000155471669952
359 350 0.000155471669952
359 351 9.95018687695e-05
359 352 0.000155471669952
359 353 0.000155471669952
359 354 0.000155471669952
359 355 9.95018687695e-05
359 356 0.000223879204731
359 357 0.000304724473107
359 358 0.000398007475078
359 359 0.000398007475078
359 360 0.000398007475078
359 361 0.000398007475078
359 362 0.000398007475078
359 363 0.000155471669952
359 364 5.59698011828e-05
359 365 6.21886679809e-06
359 366 0.0
359 367 0.0
359 368 6.21886679809e-06
359 369 2.48754671924e-05
359 370 6.21886679809e-06
359 371 9.95018687695e-05
359 372 6.21886679809e-06
359 373 0.000621886679809
359 374 0.0
359 375 0.000155471669952
359 376 5.59698011828e-05
359 377 5.59698011828e-05
359 378 0.0
359 379 6.21886679809e-06
359 380 0.0
359 381 9.95018687695e-05
359 382 0.0
359 383 2.48754671924e-05
359 384 0.0
359 385 2.48754671924e-05
359 386 0.0
359 387 2.48754671924e-05
359 388 0.0
359 389 0.0
359 390 0.0
359 391 5.59698011828e-05
359 392 6.21886679809e-06
359 393 2.48754671924e-05
359 394 6.21886679809e-06
359 395 9.95018687695e-05
359 396 6.21886679809e-06
359 397 5.59698011828e-05
359 398 0.0
359 399 6.21886679809e-06
359 400 0.0
360 0 0.0
360 1 2.48754671924e-05
360 2 0.0
360 3 2.48754671924e-05
360 4 0.0
360 5 0.000155471669952
360 6 0.0
360 7 0.000223879204731
360 8 0.0
360 9 2.48754671924e-05
360 10 0.0
360 11 0.000503728210645
360 12 0.0
360 13 5.59698011828e-05
360 14 0.0
360 15 2.48754671924e-05
360 16 0.0
360 17 0.000155471669952
360 18 0.0
360 19 6.21886679809e-06
360 20 0.0
360 21 2.48754671924e-05
360 22 0.0
360 23 6.21886679809e-06
360 24 0.0
360 25 2.48754671924e-05
360 26 0.0
360 27 9.95018687695e-05
360 28 0.0
360 29 0.000503728210645
360 30 0.0
360 31 9.95018687695e-05
360 32 0.0
360 33 9.95018687695e-05
360 34 0.0
360 35 2.48754671924e-05
360 36 0.0
360 37 6.21886679809e-06
360 38 0.0
360 39 0.0
360 40 0.0
360 41 6.21886679809e-06
360 42 0.0
360 43 6.21886679809e-06
360 44 0.0
360 45 6.21886679809e-06
360 46 0.0
360 47 0.0
360 48 0.0
360 49 6.21886679809e-06
360 50 0.0
360 51 6.21886679809e-06
360 52 0.0
360 53 0.0
360 54 0.0
360 55 6.21886679809e-06
360 56 0.0
360 57 6.21886679809e-06
360 58 0.0
360 59 0.0
360 60 0.0
360 61 6.21886679809e-06
360 62 0.0
360 63 0.0
360 64 0.0
360 65 0.0
360 66 0.0
360 67 6.21886679809e-06
360 68 0.0
360 69 0.0
360 70 0.0
360 71 0.0
360 72 0.0
360 73 0.0
360 74 0.0
360 75 6.21886679809e-06
360 76 0.0
360 77 0.0
360 78 0.0
360 79 6.21886679809e-06
360 80 0.0
360 81 0.0
360 82 0.0
360 83 6.21886679809e-06
360 84 0.0
360 85 0.0
360 86 0.0
360 87 0.0
360 88 0.0
360 89 6.21886679809e-06
360 90 0.0
360 91 6.21886679809e-06
360 92 0.0
360 93 0.0
360 94 0.0
360 95 6.21886679809e-06
360 96 0.0
360 97 0.0
360 98 0.0
360 99 0.0
360 100 0.0
360 101 0.0
360 102 0.0
360 103 0.0
360 104 0.0
360 105 6.21886679809e-06
360 106 0.0
360 107 6.21886679809e-06
360 108 0.0
360 109 0.0
360 110 0.0
360 111 0.0
360 112 0.0
360 113 0.0
360 114 0.0
360 115 0.0
360 116 0.0
360 117 0.0
360 118 0.0
360 119 0.0
360 120 0.0
360 121 0.0
360 122 0.0
360 123 0.0
360 124 0.0
360 125 0.0
360 126 0.0
360 127 0.0
360 128 0.0
360 129 0.0
360 130 0.0
360 131 0.0
360 132 0.0
360 133 6.21886679809e-06
360 134 0.0
360 135 6.21886679809e-06
360 136 0.0
360 137 0.0
360 138 0.0
360 139 0.0
360 140 0.0
360 141 6.21886679809e-06
360 142 0.0
360 143 0.0
360 144 0.0
360 145 0.0
360 146 0.0
360 147 6.21886679809e-06
360 148 0.0
360 149 0.0
360 150 0.0
360 151 0.0
360 152 0.0
360 153 0.0
360 154 0.0
360 155 0.0
360 156 0.0
360 157 0.0
360 158 0.0
360 159 6.21886679809e-06
360 160 0.0
360 161 0.0
360 162 0.0
360 163 6.21886679809e-06
360 164 0.0
360 165 6.21886679809e-06
360 166 0.0
360 167 0.0
360 168 0.0
360 169 6.21886679809e-06
360 170 0.0
360 171 2.48754671924e-05
360 172 0.0
360 173 0.0
360 174 0.0
360 175 0.0
360 176 0.0
360 177 6.21886679809e-06
360 178 0.0
360 179 6.21886679809e-06
360 180 0.0
360 181 0.0
360 182 0.0
360 183 0.0
360 184 0.0
360 185 0.0
360 186 0.0
360 187 0.0
360 188 0.0
360 189 0.0
360 190 0.0
360 191 0.0
360 192 0.0
360 193 0.0
360 194 0.0
360 195 6.21886679809e-06
360 196 0.0
360 197 0.0
360 198 0.0
360 199 0.0
360 200 0.0
360 201 0.0
360 202 0.0
360 203 6.21886679809e-06
360 204 0.0
360 205 6.21886679809e-06
360 206 0.0
360 207 2.48754671924e-05
360 208 0.0
360 209 0.0
360 210 0.0
360 211 0.0
360 212 0.0
360 213 6.21886679809e-06
360 214 0.0
360 215 6.21886679809e-06
360 216 0.0
360 217 0.0
360 218 0.0
360 219 6.21886679809e-06
360 220 0.0
360 221 6.21886679809e-06
360 222 0.0
360 223 0.0
360 224 0.0
360 225 0.0
360 226 0.0
360 227 0.0
360 228 0.0
360 229 0.0
360 230 0.0
360 231 0.0
360 232 0.0
360 233 0.0
360 234 0.0
360 235 0.0
360 236 0.0
360 237 6.21886679809e-06
360 238 0.0
360 239 0.0
360 240 0.0
360 241 0.0
360 242 0.0
360 243 0.0
360 244 0.0
360 245 0.0
360 246 0.0
360 247 0.0
360 248 0.0
360 249 0.0
360 250 0.0
360 251 0.0
360 252 0.0
360 253 0.0
360 254 0.0
360 255 0.0
360 256 0.0
360 257 0.0
360 258 0.0
360 259 0.0
360 260 0.0
360 261 6.21886679809e-06
360 262 0.0
360 263 0.0
360 264 0.0
360 265 0.0
360 266 0.0
360 267 0.0
360 268 0.0
360 269 0.0
360 270 0.0
360 271 0.0
360 272 0.0
360 273 0.0
360 274 0.0
360 275 0.0
360 276 0.0
360 277 0.0
360 278 0.0
360 279 0.0
360 280 0.0
360 281 0.0
360 282 0.0
360 283 0.0
360 284 0.0
360 285 0.0
360 286 0.0
360 287 6.21886679809e-06
360 288 0.0
360 289 6.21886679809e-06
360 290 0.0
360 291 0.0
360 292 0.0
360 293 0.0
360 294 0.0
360 295 0.0
360 296 0.0
360 297 0.0
360 298 0.0
360 299 0.0
360 300 0.0
360 301 0.0
360 302 0.0
360 303 0.0
360 304 0.0
360 305 0.0
360 306 0.0
360 307 0.0
360 308 0.0
360 309 6.21886679809e-06
360 310 0.0
360 311 0.0
360 312 0.0
360 313 0.0
360 314 0.0
360 315 0.0
360 316 0.0
360 317 6.21886679809e-06
360 318 0.0
360 319 0.0
360 320 0.0
360 321 0.0
360 322 0.0
360 323 6.21886679809e-06
360 324 0.0
360 325 0.0
360 326 0.0
360 327 0.0
360 328 0.0
360 329 0.0
360 330 0.0
360 331 0.0
360 332 0.0
360 333 6.21886679809e-06
360 334 0.0
360 335 2.48754671924e-05
360 336 0.0
360 337 6.21886679809e-06
360 338 0.0
360 339 0.0
360 340 0.0
360 341 2.48754671924e-05
360 342 0.0
360 343 0.0
360 344 0.0
360 345 0.0
360 346 0.0
360 347 0.0
360 348 0.0
360 349 6.21886679809e-06
360 350 0.0
360 351 0.0
360 352 0.0
360 353 6.21886679809e-06
360 354 0.0
360 355 2.48754671924e-05
360 356 0.0
360 357 0.0
360 358 0.0
360 359 6.21886679809e-06
360 360 0.0
360 361 6.21886679809e-06
360 362 0.0
360 363 0.0
360 364 0.0
360 365 0.0
360 366 0.0
360 367 0.0
360 368 0.0
360 369 0.0
360 370 0.0
360 371 0.000155471669952
360 372 0.0
360 373 0.000621886679809
360 374 0.0
360 375 9.95018687695e-05
360 376 0.0
360 377 2.48754671924e-05
360 378 0.0
360 379 6.21886679809e-06
360 380 0.0
360 381 9.95018687695e-05
360 382 0.0
360 383 2.48754671924e-05
360 384 0.0
360 385 2.48754671924e-05
360 386 0.0
360 387 2.48754671924e-05
360 388 0.0
360 389 0.0
360 390 0.0
360 391 9.95018687695e-05
360 392 0.0
360 393 6.21886679809e-06
360 394 0.0
360 395 5.59698011828e-05
360 396 0.0
360 397 9.95018687695e-05
360 398 0.0
360 399 6.21886679809e-06
360 400 0.0
361 0 0.0
361 1 2.48754671924e-05
361 2 0.0
361 3 2.48754671924e-05
361 4 0.0
361 5 0.000155471669952
361 6 0.0
361 7 0.000223879204731
361 8 6.21886679809e-06
361 9 5.59698011828e-05
361 10 0.0
361 11 0.000503728210645
361 12 6.21886679809e-06
361 13 5.59698011828e-05
361 14 0.0
361 15 2.48754671924e-05
361 16 0.0
361 17 0.000155471669952
361 18 0.0
361 19 6.21886679809e-06
361 20 0.0
361 21 2.48754671924e-05
361 22 6.21886679809e-06
361 23 6.21886679809e-06
361 24 6.21886679809e-06
361 25 2.48754671924e-05
361 26 0.0
361 27 2.48754671924e-05
361 28 6.21886679809e-06
361 29 0.000304724473107
361 30 5.59698011828e-05
361 31 5.59698011828e-05
361 32 2.48754671924e-05
361 33 5.59698011828e-05
361 34 6.21886679809e-06
361 35 0.000155471669952
361 36 0.000155471669952
361 37 6.21886679809e-06
361 38 0.0
361 39 0.0
361 40 6.21886679809e-06
361 41 0.0
361 42 6.21886679809e-06
361 43 0.000155471669952
361 44 0.000223879204731
361 45 0.000223879204731
361 46 0.000223879204731
361 47 0.000155471669952
361 48 0.000223879204731
361 49 0.000304724473107
361 50 0.000304724473107
361 51 0.000304724473107
361 52 0.000304724473107
361 53 0.000223879204731
361 54 0.000304724473107
361 55 0.000304724473107
361 56 0.000304724473107
361 57 0.000304724473107
361 58 0.000223879204731
361 59 0.000155471669952
361 60 0.000223879204731
361 61 0.000223879204731
361 62 0.000223879204731
361 63 0.000155471669952
361 64 5.59698011828e-05
361 65 2.48754671924e-05
361 66 5.59698011828e-05
361 67 5.59698011828e-05
361 68 5.59698011828e-05
361 69 2.48754671924e-05
361 70 5.59698011828e-05
361 71 0.000155471669952
361 72 0.000304724473107
361 73 0.000223879204731
361 74 0.000304724473107
361 75 0.000304724473107
361 76 0.000304724473107
361 77 0.000223879204731
361 78 0.000155471669952
361 79 9.95018687695e-05
361 80 9.95018687695e-05
361 81 9.95018687695e-05
361 82 9.95018687695e-05
361 83 9.95018687695e-05
361 84 9.95018687695e-05
361 85 2.48754671924e-05
361 86 5.59698011828e-05
361 87 2.48754671924e-05
361 88 5.59698011828e-05
361 89 5.59698011828e-05
361 90 5.59698011828e-05
361 91 5.59698011828e-05
361 92 9.95018687695e-05
361 93 0.000223879204731
361 94 0.000304724473107
361 95 0.000304724473107
361 96 0.000304724473107
361 97 0.000304724473107
361 98 0.000304724473107
361 99 0.000223879204731
361 100 0.000223879204731
361 101 0.000155471669952
361 102 0.000223879204731
361 103 0.000155471669952
361 104 0.000223879204731
361 105 0.000223879204731
361 106 0.000223879204731
361 107 0.000223879204731
361 108 0.000223879204731
361 109 0.000223879204731
361 110 0.000223879204731
361 111 0.000223879204731
361 112 0.000223879204731
361 113 0.000223879204731
361 114 0.000223879204731
361 115 0.000223879204731
361 116 0.000223879204731
361 117 0.000223879204731
361 118 0.000223879204731
361 119 0.000223879204731
361 120 0.000223879204731
361 121 0.000223879204731
361 122 0.000223879204731
361 123 0.000223879204731
361 124 0.000223879204731
361 125 0.000223879204731
361 126 0.000223879204731
361 127 0.000223879204731
361 128 0.000223879204731
361 129 0.000223879204731
361 130 0.000223879204731
361 131 0.000223879204731
361 132 0.000223879204731
361 133 0.000223879204731
361 134 0.000223879204731
361 135 9.95018687695e-05
361 136 5.59698011828e-05
361 137 2.48754671924e-05
361 138 5.59698011828e-05
361 139 5.59698011828e-05
361 140 5.59698011828e-05
361 141 2.48754671924e-05
361 142 9.95018687695e-05
361 143 0.000155471669952
361 144 0.000223879204731
361 145 0.000223879204731
361 146 0.000223879204731
361 147 0.000155471669952
361 148 0.000155471669952
361 149 9.95018687695e-05
361 150 9.95018687695e-05
361 151 5.59698011828e-05
361 152 9.95018687695e-05
361 153 9.95018687695e-05
361 154 9.95018687695e-05
361 155 5.59698011828e-05
361 156 5.59698011828e-05
361 157 0.000223879204731
361 158 0.000223879204731
361 159 0.000223879204731
361 160 0.000223879204731
361 161 0.000223879204731
361 162 0.000223879204731
361 163 0.000304724473107
361 164 0.000304724473107
361 165 0.000304724473107
361 166 0.000304724473107
361 167 0.000223879204731
361 168 0.000304724473107
361 169 0.000304724473107
361 170 0.000304724473107
361 171 9.95018687695e-05
361 172 9.95018687695e-05
361 173 5.59698011828e-05
361 174 9.95018687695e-05
361 175 9.95018687695e-05
361 176 9.95018687695e-05
361 177 5.59698011828e-05
361 178 0.000155471669952
361 179 0.000155471669952
361 180 0.000223879204731
361 181 0.000223879204731
361 182 0.000223879204731
361 183 0.000223879204731
361 184 0.000223879204731
361 185 0.000223879204731
361 186 0.000223879204731
361 187 0.000223879204731
361 188 0.000223879204731
361 189 0.000155471669952
361 190 0.000223879204731
361 191 0.000223879204731
361 192 0.000223879204731
361 193 0.000223879204731
361 194 0.000304724473107
361 195 0.000304724473107
361 196 0.000304724473107
361 197 0.000223879204731
361 198 0.000304724473107
361 199 0.000155471669952
361 200 0.000155471669952
361 201 9.95018687695e-05
361 202 0.000155471669952
361 203 0.000155471669952
361 204 0.000155471669952
361 205 0.000155471669952
361 206 0.000223879204731
361 207 5.59698011828e-05
361 208 5.59698011828e-05
361 209 2.48754671924e-05
361 210 5.59698011828e-05
361 211 2.48754671924e-05
361 212 5.59698011828e-05
361 213 9.95018687695e-05
361 214 0.000304724473107
361 215 0.000304724473107
361 216 0.000304724473107
361 217 0.000223879204731
361 218 0.000304724473107
361 219 0.000304724473107
361 220 0.000304724473107
361 221 0.000304724473107
361 222 0.000223879204731
361 223 0.000223879204731
361 224 0.000223879204731
361 225 0.000223879204731
361 226 0.000223879204731
361 227 0.000223879204731
361 228 0.000223879204731
361 229 0.000155471669952
361 230 0.000223879204731
361 231 0.000223879204731
361 232 0.000223879204731
361 233 0.000155471669952
361 234 0.000155471669952
361 235 0.000155471669952
361 236 0.000304724473107
361 237 0.000304724473107
361 238 0.000304724473107
361 239 0.000223879204731
361 240 0.000304724473107
361 241 0.000304724473107
361 242 0.000304724473107
361 243 0.000304724473107
361 244 0.000304724473107
361 245 0.000304724473107
361 246 0.000304724473107
361 247 0.000304724473107
361 248 0.000304724473107
361 249 0.000223879204731
361 250 9.95018687695e-05
361 251 5.59698011828e-05
361 252 9.95018687695e-05
361 253 5.59698011828e-05
361 254 9.95018687695e-05
361 255 9.95018687695e-05
361 256 0.000155471669952
361 257 0.000223879204731
361 258 0.000304724473107
361 259 0.000223879204731
361 260 0.000304724473107
361 261 0.000304724473107
361 262 0.000304724473107
361 263 0.000155471669952
361 264 0.000155471669952
361 265 0.000155471669952
361 266 0.000223879204731
361 267 0.000223879204731
361 268 0.000223879204731
361 269 0.000155471669952
361 270 0.000223879204731
361 271 0.000223879204731
361 272 0.000223879204731
361 273 0.000223879204731
361 274 0.000223879204731
361 275 0.000223879204731
361 276 0.000223879204731
361 277 0.000223879204731
361 278 0.000223879204731
361 279 0.000223879204731
361 280 0.000223879204731
361 281 0.000223879204731
361 282 0.000223879204731
361 283 0.000155471669952
361 284 0.000155471669952
361 285 0.000155471669952
361 286 0.000304724473107
361 287 0.000304724473107
361 288 0.000304724473107
361 289 0.000304724473107
361 290 0.000304724473107
361 291 0.000223879204731
361 292 0.000223879204731
361 293 0.000155471669952
361 294 0.000223879204731
361 295 0.000223879204731
361 296 0.000223879204731
361 297 0.000223879204731
361 298 0.000223879204731
361 299 0.000223879204731
361 300 0.000223879204731
361 301 0.000223879204731
361 302 0.000223879204731
361 303 0.000155471669952
361 304 0.000223879204731
361 305 0.000223879204731
361 306 0.000304724473107
361 307 0.000223879204731
361 308 0.000304724473107
361 309 0.000304724473107
361 310 0.000304724473107
361 311 0.000223879204731
361 312 0.000304724473107
361 313 0.000155471669952
361 314 9.95018687695e-05
361 315 5.59698011828e-05
361 316 9.95018687695e-05
361 317 9.95018687695e-05
361 318 9.95018687695e-05
361 319 5.59698011828e-05
361 320 5.59698011828e-05
361 321 0.000155471669952
361 322 0.000223879204731
361 323 0.000223879204731
361 324 0.000223879204731
361 325 0.000223879204731
361 326 0.000223879204731
361 327 0.000223879204731
361 328 0.000223879204731
361 329 0.000223879204731
361 330 0.000223879204731
361 331 0.000155471669952
361 332 0.000223879204731
361 333 0.000223879204731
361 334 0.000223879204731
361 335 5.59698011828e-05
361 336 5.59698011828e-05
361 337 5.59698011828e-05
361 338 5.59698011828e-05
361 339 2.48754671924e-05
361 340 5.59698011828e-05
361 341 5.59698011828e-05
361 342 9.95018687695e-05
361 343 9.95018687695e-05
361 344 9.95018687695e-05
361 345 9.95018687695e-05
361 346 9.95018687695e-05
361 347 9.95018687695e-05
361 348 9.95018687695e-05
361 349 5.59698011828e-05
361 350 5.59698011828e-05
361 351 2.48754671924e-05
361 352 5.59698011828e-05
361 353 5.59698011828e-05
361 354 5.59698011828e-05
361 355 9.95018687695e-05
361 356 0.000155471669952
361 357 0.000223879204731
361 358 0.000304724473107
361 359 0.000304724473107
361 360 0.000304724473107
361 361 0.000304724473107
361 362 0.000304724473107
361 363 5.59698011828e-05
361 364 0.0
361 365 6.21886679809e-06
361 366 0.0
361 367 0.0
361 368 2.48754671924e-05
361 369 9.95018687695e-05
361 370 0.000155471669952
361 371 5.59698011828e-05
361 372 0.0
361 373 0.00105098848888
361 374 0.000155471669952
361 375 6.21886679809e-06
361 376 2.48754671924e-05
361 377 2.48754671924e-05
361 378 6.21886679809e-06
361 379 0.0
361 380 6.21886679809e-06
361 381 5.59698011828e-05
361 382 6.21886679809e-06
361 383 5.59698011828e-05
361 384 6.21886679809e-06
361 385 2.48754671924e-05
361 386 0.0
361 387 2.48754671924e-05
361 388 0.0
361 389 0.0
361 390 0.0
361 391 9.95018687695e-05
361 392 0.0
361 393 6.21886679809e-06
361 394 0.0
361 395 5.59698011828e-05
361 396 0.0
361 397 9.95018687695e-05
361 398 0.0
361 399 6.21886679809e-06
361 400 0.0
362 0 0.0
362 1 2.48754671924e-05
362 2 0.0
362 3 2.48754671924e-05
362 4 0.0
362 5 0.000155471669952
362 6 0.0
362 7 0.000304724473107
362 8 0.0
362 9 2.48754671924e-05
362 10 0.0
362 11 0.000503728210645
362 12 0.0
362 13 5.59698011828e-05
362 14 0.0
362 15 2.48754671924e-05
362 16 0.0
362 17 0.000155471669952
362 18 0.0
362 19 6.21886679809e-06
362 20 0.0
362 21 2.48754671924e-05
362 22 0.0
362 23 6.21886679809e-06
362 24 0.0
362 25 6.21886679809e-06
362 26 0.0
362 27 2.48754671924e-05
362 28 0.0
362 29 0.000304724473107
362 30 0.0
362 31 0.000223879204731
362 32 0.0
362 33 2.48754671924e-05
362 34 0.0
362 35 6.21886679809e-06
362 36 0.0
362 37 0.0
362 38 0.0
362 39 0.0
362 40 0.0
362 41 6.21886679809e-06
362 42 0.0
362 43 0.0
362 44 0.0
362 45 6.21886679809e-06
362 46 0.0
362 47 0.0
362 48 0.0
362 49 2.48754671924e-05
362 50 0.0
362 51 6.21886679809e-06
362 52 0.0
362 53 0.0
362 54 0.0
362 55 6.21886679809e-06
362 56 0.0
362 57 2.48754671924e-05
362 58 0.0
362 59 0.0
362 60 0.0
362 61 0.0
362 62 0.0
362 63 0.0
362 64 0.0
362 65 0.0
362 66 0.0
362 67 6.21886679809e-06
362 68 0.0
362 69 0.0
362 70 0.0
362 71 0.0
362 72 0.0
362 73 0.0
362 74 0.0
362 75 0.0
362 76 0.0
362 77 0.0
362 78 0.0
362 79 0.0
362 80 0.0
362 81 0.0
362 82 0.0
362 83 0.0
362 84 0.0
362 85 0.0
362 86 0.0
362 87 0.0
362 88 0.0
362 89 6.21886679809e-06
362 90 0.0
362 91 6.21886679809e-06
362 92 0.0
362 93 0.0
362 94 0.0
362 95 6.21886679809e-06
362 96 0.0
362 97 0.0
362 98 0.0
362 99 0.0
362 100 0.0
362 101 0.0
362 102 0.0
362 103 0.0
362 104 0.0
362 105 6.21886679809e-06
362 106 0.0
362 107 2.48754671924e-05
362 108 0.0
362 109 0.0
362 110 0.0
362 111 0.0
362 112 0.0
362 113 0.0
362 114 0.0
362 115 0.0
362 116 0.0
362 117 0.0
362 118 0.0
362 119 0.0
362 120 0.0
362 121 0.0
362 122 0.0
362 123 0.0
362 124 0.0
362 125 0.0
362 126 0.0
362 127 0.0
362 128 0.0
362 129 0.0
362 130 0.0
362 131 0.0
362 132 0.0
362 133 0.0
362 134 0.0
362 135 0.0
362 136 0.0
362 137 0.0
362 138 0.0
362 139 0.0
362 140 0.0
362 141 0.0
362 142 0.0
362 143 0.0
362 144 0.0
362 145 6.21886679809e-06
362 146 0.0
362 147 0.0
362 148 0.0
362 149 6.21886679809e-06
362 150 0.0
362 151 0.0
362 152 0.0
362 153 6.21886679809e-06
362 154 0.0
362 155 0.0
362 156 0.0
362 157 2.48754671924e-05
362 158 0.0
362 159 0.0
362 160 0.0
362 161 6.21886679809e-06
362 162 0.0
362 163 2.48754671924e-05
362 164 0.0
362 165 6.21886679809e-06
362 166 0.0
362 167 0.0
362 168 0.0
362 169 0.0
362 170 0.0
362 171 0.0
362 172 0.0
362 173 0.0
362 174 0.0
362 175 6.21886679809e-06
362 176 0.0
362 177 0.0
362 178 0.0
362 179 0.0
362 180 0.0
362 181 0.0
362 182 0.0
362 183 0.0
362 184 0.0
362 185 0.0
362 186 0.0
362 187 6.21886679809e-06
362 188 0.0
362 189 0.0
362 190 0.0
362 191 2.48754671924e-05
362 192 0.0
362 193 0.0
362 194 0.0
362 195 6.21886679809e-06
362 196 0.0
362 197 0.0
362 198 0.0
362 199 0.0
362 200 0.0
362 201 0.0
362 202 0.0
362 203 6.21886679809e-06
362 204 0.0
362 205 6.21886679809e-06
362 206 0.0
362 207 6.21886679809e-06
362 208 0.0
362 209 0.0
362 210 0.0
362 211 0.0
362 212 0.0
362 213 0.0
362 214 0.0
362 215 6.21886679809e-06
362 216 0.0
362 217 0.0
362 218 0.0
362 219 6.21886679809e-06
362 220 0.0
362 221 2.48754671924e-05
362 222 0.0
362 223 0.0
362 224 0.0
362 225 0.0
362 226 0.0
362 227 0.0
362 228 0.0
362 229 0.0
362 230 0.0
362 231 6.21886679809e-06
362 232 0.0
362 233 0.0
362 234 0.0
362 235 0.0
362 236 0.0
362 237 6.21886679809e-06
362 238 0.0
362 239 0.0
362 240 0.0
362 241 0.0
362 242 0.0
362 243 0.0
362 244 0.0
362 245 0.0
362 246 0.0
362 247 6.21886679809e-06
362 248 0.0
362 249 6.21886679809e-06
362 250 0.0
362 251 0.0
362 252 0.0
362 253 0.0
362 254 0.0
362 255 6.21886679809e-06
362 256 0.0
362 257 0.0
362 258 0.0
362 259 0.0
362 260 0.0
362 261 6.21886679809e-06
362 262 0.0
362 263 0.0
362 264 0.0
362 265 0.0
362 266 0.0
362 267 6.21886679809e-06
362 268 0.0
362 269 0.0
362 270 0.0
362 271 0.0
362 272 0.0
362 273 0.0
362 274 0.0
362 275 0.0
362 276 0.0
362 277 0.0
362 278 0.0
362 279 0.0
362 280 0.0
362 281 0.0
362 282 0.0
362 283 0.0
362 284 0.0
362 285 0.0
362 286 0.0
362 287 6.21886679809e-06
362 288 0.0
362 289 6.21886679809e-06
362 290 0.0
362 291 0.0
362 292 0.0
362 293 6.21886679809e-06
362 294 0.0
362 295 0.0
362 296 0.0
362 297 0.0
362 298 0.0
362 299 0.0
362 300 0.0
362 301 6.21886679809e-06
362 302 0.0
362 303 0.0
362 304 0.0
362 305 6.21886679809e-06
362 306 0.0
362 307 0.0
362 308 0.0
362 309 6.21886679809e-06
362 310 0.0
362 311 0.0
362 312 0.0
362 313 0.0
362 314 0.0
362 315 0.0
362 316 0.0
362 317 0.0
362 318 0.0
362 319 0.0
362 320 0.0
362 321 2.48754671924e-05
362 322 0.0
362 323 0.0
362 324 0.0
362 325 0.0
362 326 0.0
362 327 0.0
362 328 0.0
362 329 0.0
362 330 0.0
362 331 0.0
362 332 0.0
362 333 0.0
362 334 0.0
362 335 0.0
362 336 0.0
362 337 0.0
362 338 0.0
362 339 0.0
362 340 0.0
362 341 0.0
362 342 0.0
362 343 0.0
362 344 0.0
362 345 0.0
362 346 0.0
362 347 0.0
362 348 0.0
362 349 0.0
362 350 0.0
362 351 0.0
362 352 0.0
362 353 0.0
362 354 0.0
362 355 6.21886679809e-06
362 356 0.0
362 357 0.0
362 358 0.0
362 359 6.21886679809e-06
362 360 0.0
362 361 6.21886679809e-06
362 362 0.0
362 363 0.0
362 364 0.0
362 365 6.21886679809e-06
362 366 0.0
362 367 6.21886679809e-06
362 368 0.0
362 369 6.21886679809e-06
362 370 0.0
362 371 0.000223879204731
362 372 0.0
362 373 0.000304724473107
362 374 0.0
362 375 2.48754671924e-05
362 376 0.0
362 377 2.48754671924e-05
362 378 0.0
362 379 6.21886679809e-06
362 380 0.0
362 381 5.59698011828e-05
362 382 0.0
362 383 5.59698011828e-05
362 384 0.0
362 385 2.48754671924e-05
362 386 0.0
362 387 2.48754671924e-05
362 388 0.0
362 389 0.0
362 390 0.0
362 391 9.95018687695e-05
362 392 0.0
362 393 6.21886679809e-06
362 394 0.0
362 395 5.59698011828e-05
362 396 0.0
362 397 9.95018687695e-05
362 398 0.0
362 399 6.21886679809e-06
362 400 0.0
363 0 0.0
363 1 2.48754671924e-05
363 2 0.0
363 3 2.48754671924e-05
363 4 0.0
363 5 0.000155471669952
363 6 0.0
363 7 0.000304724473107
363 8 0.0
363 9 5.59698011828e-05
363 10 6.21886679809e-06
363 11 0.000398007475078
363 12 6.21886679809e-06
363 13 2.48754671924e-05
363 14 0.0
363 15 2.48754671924e-05
363 16 0.0
363 17 0.000155471669952
363 18 0.0
363 19 6.21886679809e-06
363 20 0.0
363 21 2.48754671924e-05
363 22 6.21886679809e-06
363 23 0.0
363 24 0.0
363 25 6.21886679809e-06
363 26 0.0
363 27 6.21886679809e-06
363 28 6.21886679809e-06
363 29 0.000304724473107
363 30 2.48754671924e-05
363 31 0.000223879204731
363 32 6.21886679809e-06
363 33 0.000223879204731
363 34 0.000223879204731
363 35 0.000398007475078
363 36 0.000398007475078
363 37 0.000223879204731
363 38 0.000223879204731
363 39 0.000155471669952
363 40 0.000155471669952
363 41 9.95018687695e-05
363 42 0.000155471669952
363 43 0.000155471669952
363 44 0.000155471669952
363 45 0.000155471669952
363 46 0.000155471669952
363 47 0.000155471669952
363 48 0.000155471669952
363 49 9.95018687695e-05
363 50 9.95018687695e-05
363 51 5.59698011828e-05
363 52 9.95018687695e-05
363 53 9.95018687695e-05
363 54 9.95018687695e-05
363 55 5.59698011828e-05
363 56 9.95018687695e-05
363 57 5.59698011828e-05
363 58 9.95018687695e-05
363 59 9.95018687695e-05
363 60 9.95018687695e-05
363 61 9.95018687695e-05
363 62 9.95018687695e-05
363 63 9.95018687695e-05
363 64 5.59698011828e-05
363 65 5.59698011828e-05
363 66 5.59698011828e-05
363 67 2.48754671924e-05
363 68 5.59698011828e-05
363 69 5.59698011828e-05
363 70 5.59698011828e-05
363 71 5.59698011828e-05
363 72 9.95018687695e-05
363 73 5.59698011828e-05
363 74 9.95018687695e-05
363 75 9.95018687695e-05
363 76 9.95018687695e-05
363 77 5.59698011828e-05
363 78 2.48754671924e-05
363 79 0.0
363 80 0.0
363 81 6.21886679809e-06
363 82 0.0
363 83 0.0
363 84 0.0
363 85 6.21886679809e-06
363 86 2.48754671924e-05
363 87 2.48754671924e-05
363 88 2.48754671924e-05
363 89 6.21886679809e-06
363 90 2.48754671924e-05
363 91 6.21886679809e-06
363 92 2.48754671924e-05
363 93 9.95018687695e-05
363 94 0.000155471669952
363 95 0.000155471669952
363 96 0.000155471669952
363 97 0.000155471669952
363 98 0.000155471669952
363 99 9.95018687695e-05
363 100 5.59698011828e-05
363 101 2.48754671924e-05
363 102 5.59698011828e-05
363 103 5.59698011828e-05
363 104 5.59698011828e-05
363 105 2.48754671924e-05
363 106 5.59698011828e-05
363 107 5.59698011828e-05
363 108 0.000155471669952
363 109 0.000155471669952
363 110 0.000155471669952
363 111 0.000155471669952
363 112 0.000155471669952
363 113 0.000155471669952
363 114 0.000155471669952
363 115 0.000155471669952
363 116 0.000155471669952
363 117 0.000155471669952
363 118 0.000155471669952
363 119 0.000155471669952
363 120 0.000155471669952
363 121 9.95018687695e-05
363 122 9.95018687695e-05
363 123 9.95018687695e-05
363 124 9.95018687695e-05
363 125 9.95018687695e-05
363 126 9.95018687695e-05
363 127 9.95018687695e-05
363 128 9.95018687695e-05
363 129 0.000155471669952
363 130 0.000155471669952
363 131 0.000155471669952
363 132 0.000155471669952
363 133 0.000155471669952
363 134 0.000155471669952
363 135 9.95018687695e-05
363 136 5.59698011828e-05
363 137 5.59698011828e-05
363 138 5.59698011828e-05
363 139 5.59698011828e-05
363 140 5.59698011828e-05
363 141 5.59698011828e-05
363 142 9.95018687695e-05
363 143 0.000155471669952
363 144 0.000155471669952
363 145 9.95018687695e-05
363 146 0.000155471669952
363 147 0.000155471669952
363 148 0.000223879204731
363 149 0.000155471669952
363 150 5.59698011828e-05
363 151 5.59698011828e-05
363 152 5.59698011828e-05
363 153 5.59698011828e-05
363 154 5.59698011828e-05
363 155 5.59698011828e-05
363 156 9.95018687695e-05
363 157 9.95018687695e-05
363 158 0.000155471669952
363 159 0.000155471669952
363 160 0.000155471669952
363 161 9.95018687695e-05
363 162 0.000155471669952
363 163 9.95018687695e-05
363 164 0.000155471669952
363 165 9.95018687695e-05
363 166 0.000155471669952
363 167 0.000155471669952
363 168 0.000155471669952
363 169 0.000155471669952
363 170 0.000155471669952
363 171 9.95018687695e-05
363 172 5.59698011828e-05
363 173 5.59698011828e-05
363 174 5.59698011828e-05
363 175 2.48754671924e-05
363 176 5.59698011828e-05
363 177 5.59698011828e-05
363 178 0.000155471669952
363 179 0.000155471669952
363 180 0.000155471669952
363 181 0.000155471669952
363 182 0.000155471669952
363 183 0.000155471669952
363 184 0.000155471669952
363 185 0.000155471669952
363 186 0.000155471669952
363 187 9.95018687695e-05
363 188 0.000155471669952
363 189 0.000155471669952
363 190 0.000155471669952
363 191 9.95018687695e-05
363 192 9.95018687695e-05
363 193 0.000155471669952
363 194 0.000155471669952
363 195 0.000155471669952
363 196 0.000155471669952
363 197 0.000155471669952
363 198 0.000155471669952
363 199 0.000223879204731
363 200 0.000304724473107
363 201 0.000304724473107
363 202 0.000304724473107
363 203 0.000223879204731
363 204 0.000304724473107
363 205 0.000223879204731
363 206 0.000155471669952
363 207 6.21886679809e-06
363 208 2.48754671924e-05
363 209 2.48754671924e-05
363 210 2.48754671924e-05
363 211 2.48754671924e-05
363 212 2.48754671924e-05
363 213 2.48754671924e-05
363 214 0.000155471669952
363 215 9.95018687695e-05
363 216 0.000155471669952
363 217 0.000155471669952
363 218 0.000155471669952
363 219 9.95018687695e-05
363 220 0.000155471669952
363 221 9.95018687695e-05
363 222 0.000155471669952
363 223 0.000155471669952
363 224 0.000155471669952
363 225 0.000155471669952
363 226 0.000155471669952
363 227 0.000155471669952
363 228 0.000155471669952
363 229 0.000155471669952
363 230 0.000155471669952
363 231 9.95018687695e-05
363 232 0.000155471669952
363 233 0.000155471669952
363 234 0.000223879204731
363 235 9.95018687695e-05
363 236 9.95018687695e-05
363 237 5.59698011828e-05
363 238 9.95018687695e-05
363 239 9.95018687695e-05
363 240 9.95018687695e-05
363 241 9.95018687695e-05
363 242 9.95018687695e-05
363 243 9.95018687695e-05
363 244 9.95018687695e-05
363 245 9.95018687695e-05
363 246 9.95018687695e-05
363 247 5.59698011828e-05
363 248 9.95018687695e-05
363 249 5.59698011828e-05
363 250 9.95018687695e-05
363 251 9.95018687695e-05
363 252 9.95018687695e-05
363 253 5.59698011828e-05
363 254 9.95018687695e-05
363 255 9.95018687695e-05
363 256 0.000155471669952
363 257 0.000155471669952
363 258 0.000155471669952
363 259 0.000155471669952
363 260 0.000155471669952
363 261 9.95018687695e-05
363 262 0.000155471669952
363 263 0.000155471669952
363 264 0.000223879204731
363 265 0.000155471669952
363 266 0.000155471669952
363 267 9.95018687695e-05
363 268 0.000155471669952
363 269 0.000155471669952
363 270 0.000155471669952
363 271 0.000155471669952
363 272 0.000155471669952
363 273 0.000155471669952
363 274 0.000155471669952
363 275 0.000155471669952
363 276 0.000155471669952
363 277 0.000155471669952
363 278 0.000155471669952
363 279 0.000155471669952
363 280 0.000155471669952
363 281 0.000155471669952
363 282 0.000155471669952
363 283 0.000155471669952
363 284 0.000223879204731
363 285 0.000223879204731
363 286 0.000155471669952
363 287 9.95018687695e-05
363 288 0.000155471669952
363 289 9.95018687695e-05
363 290 0.000155471669952
363 291 0.000155471669952
363 292 0.000155471669952
363 293 0.000155471669952
363 294 0.000155471669952
363 295 0.000155471669952
363 296 0.000155471669952
363 297 0.000155471669952
363 298 0.000155471669952
363 299 9.95018687695e-05
363 300 9.95018687695e-05
363 301 9.95018687695e-05
363 302 9.95018687695e-05
363 303 9.95018687695e-05
363 304 9.95018687695e-05
363 305 9.95018687695e-05
363 306 0.000155471669952
363 307 0.000155471669952
363 308 0.000155471669952
363 309 9.95018687695e-05
363 310 0.000155471669952
363 311 0.000155471669952
363 312 0.000155471669952
363 313 9.95018687695e-05
363 314 5.59698011828e-05
363 315 5.59698011828e-05
363 316 5.59698011828e-05
363 317 5.59698011828e-05
363 318 5.59698011828e-05
363 319 2.48754671924e-05
363 320 9.95018687695e-05
363 321 9.95018687695e-05
363 322 0.000155471669952
363 323 0.000155471669952
363 324 0.000155471669952
363 325 0.000155471669952
363 326 0.000155471669952
363 327 0.000155471669952
363 328 0.000155471669952
363 329 0.000155471669952
363 330 0.000155471669952
363 331 0.000155471669952
363 332 0.000155471669952
363 333 0.000155471669952
363 334 0.000155471669952
363 335 5.59698011828e-05
363 336 5.59698011828e-05
363 337 5.59698011828e-05
363 338 5.59698011828e-05
363 339 5.59698011828e-05
363 340 5.59698011828e-05
363 341 5.59698011828e-05
363 342 9.95018687695e-05
363 343 9.95018687695e-05
363 344 9.95018687695e-05
363 345 9.95018687695e-05
363 346 9.95018687695e-05
363 347 9.95018687695e-05
363 348 9.95018687695e-05
363 349 5.59698011828e-05
363 350 5.59698011828e-05
363 351 5.59698011828e-05
363 352 5.59698011828e-05
363 353 5.59698011828e-05
363 354 5.59698011828e-05
363 355 2.48754671924e-05
363 356 9.95018687695e-05
363 357 9.95018687695e-05
363 358 0.000155471669952
363 359 0.000155471669952
363 360 0.000155471669952
363 361 9.95018687695e-05
363 362 0.000155471669952
363 363 0.000155471669952
363 364 9.95018687695e-05
363 365 5.59698011828e-05
363 366 5.59698011828e-05
363 367 0.000223879204731
363 368 0.000223879204731
363 369 9.95018687695e-05
363 370 0.000304724473107
363 371 0.000621886679809
363 372 9.95018687695e-05
363 373 9.95018687695e-05
363 374 0.0
363 375 5.59698011828e-05
363 376 2.48754671924e-05
363 377 9.95018687695e-05
363 378 0.0
363 379 6.21886679809e-06
363 380 0.0
363 381 5.59698011828e-05
363 382 0.0
363 383 5.59698011828e-05
363 384 6.21886679809e-06
363 385 2.48754671924e-05
363 386 0.0
363 387 2.48754671924e-05
363 388 0.0
363 389 0.0
363 390 0.0
363 391 9.95018687695e-05
363 392 0.0
363 393 6.21886679809e-06
363 394 0.0
363 395 5.59698011828e-05
363 396 0.0
363 397 9.95018687695e-05
363 398 0.0
363 399 6.21886679809e-06
363 400 0.0
364 0 0.0
364 1 2.48754671924e-05
364 2 0.0
364 3 2.48754671924e-05
364 4 0.0
364 5 0.000155471669952
364 6 0.0
364 7 0.000304724473107
364 8 0.0
364 9 2.48754671924e-05
364 10 0.0
364 11 0.000398007475078
364 12 0.0
364 13 2.48754671924e-05
364 14 0.0
364 15 2.48754671924e-05
364 16 0.0
364 17 0.000155471669952
364 18 0.0
364 19 6.21886679809e-06
364 20 0.0
364 21 6.21886679809e-06
364 22 0.0
364 23 0.0
364 24 0.0
364 25 6.21886679809e-06
364 26 0.0
364 27 6.21886679809e-06
364 28 0.0
364 29 9.95018687695e-05
364 30 0.0
364 31 5.59698011828e-05
364 32 0.0
364 33 2.48754671924e-05
364 34 0.0
364 35 6.21886679809e-06
364 36 0.0
364 37 6.21886679809e-06
364 38 0.0
364 39 6.21886679809e-06
364 40 0.0
364 41 6.21886679809e-06
364 42 0.0
364 43 6.21886679809e-06
364 44 0.0
364 45 0.0
364 46 0.0
364 47 6.21886679809e-06
364 48 0.0
364 49 0.0
364 50 0.0
364 51 0.0
364 52 0.0
364 53 0.0
364 54 0.0
364 55 0.0
364 56 0.0
364 57 0.0
364 58 0.0
364 59 0.0
364 60 0.0
364 61 0.0
364 62 0.0
364 63 0.0
364 64 0.0
364 65 0.0
364 66 0.0
364 67 0.0
364 68 0.0
364 69 0.0
364 70 0.0
364 71 0.0
364 72 0.0
364 73 6.21886679809e-06
364 74 0.0
364 75 0.0
364 76 0.0
364 77 2.48754671924e-05
364 78 0.0
364 79 0.0
364 80 0.0
364 81 6.21886679809e-06
364 82 0.0
364 83 0.0
364 84 0.0
364 85 0.0
364 86 0.0
364 87 0.0
364 88 0.0
364 89 6.21886679809e-06
364 90 0.0
364 91 0.0
364 92 0.0
364 93 0.0
364 94 0.0
364 95 0.0
364 96 0.0
364 97 0.0
364 98 0.0
364 99 6.21886679809e-06
364 100 0.0
364 101 6.21886679809e-06
364 102 0.0
364 103 0.0
364 104 0.0
364 105 6.21886679809e-06
364 106 0.0
364 107 2.48754671924e-05
364 108 0.0
364 109 0.0
364 110 0.0
364 111 0.0
364 112 0.0
364 113 0.0
364 114 0.0
364 115 0.0
364 116 0.0
364 117 0.0
364 118 0.0
364 119 0.0
364 120 0.0
364 121 0.0
364 122 0.0
364 123 0.0
364 124 0.0
364 125 0.0
364 126 0.0
364 127 0.0
364 128 0.0
364 129 0.0
364 130 0.0
364 131 0.0
364 132 0.0
364 133 0.0
364 134 0.0
364 135 0.0
364 136 0.0
364 137 0.0
364 138 0.0
364 139 0.0
364 140 0.0
364 141 0.0
364 142 0.0
364 143 0.0
364 144 0.0
364 145 0.0
364 146 0.0
364 147 0.0
364 148 0.0
364 149 0.0
364 150 0.0
364 151 0.0
364 152 0.0
364 153 0.0
364 154 0.0
364 155 0.0
364 156 0.0
364 157 0.0
364 158 0.0
364 159 0.0
364 160 0.0
364 161 0.0
364 162 0.0
364 163 0.0
364 164 0.0
364 165 0.0
364 166 0.0
364 167 0.0
364 168 0.0
364 169 0.0
364 170 0.0
364 171 0.0
364 172 0.0
364 173 0.0
364 174 0.0
364 175 0.0
364 176 0.0
364 177 0.0
364 178 0.0
364 179 0.0
364 180 0.0
364 181 0.0
364 182 0.0
364 183 0.0
364 184 0.0
364 185 0.0
364 186 0.0
364 187 0.0
364 188 0.0
364 189 0.0
364 190 0.0
364 191 0.0
364 192 0.0
364 193 0.0
364 194 0.0
364 195 0.0
364 196 0.0
364 197 0.0
364 198 0.0
364 199 0.0
364 200 0.0
364 201 0.0
364 202 0.0
364 203 0.0
364 204 0.0
364 205 0.0
364 206 0.0
364 207 0.0
364 208 0.0
364 209 0.0
364 210 0.0
364 211 0.0
364 212 0.0
364 213 0.0
364 214 0.0
364 215 0.0
364 216 0.0
364 217 0.0
364 218 0.0
364 219 0.0
364 220 0.0
364 221 0.0
364 222 0.0
364 223 0.0
364 224 0.0
364 225 0.0
364 226 0.0
364 227 0.0
364 228 0.0
364 229 0.0
364 230 0.0
364 231 0.0
364 232 0.0
364 233 0.0
364 234 0.0
364 235 0.0
364 236 0.0
364 237 0.0
364 238 0.0
364 239 0.0
364 240 0.0
364 241 0.0
364 242 0.0
364 243 0.0
364 244 0.0
364 245 0.0
364 246 0.0
364 247 0.0
364 248 0.0
364 249 0.0
364 250 0.0
364 251 0.0
364 252 0.0
364 253 0.0
364 254 0.0
364 255 0.0
364 256 0.0
364 257 0.0
364 258 0.0
364 259 0.0
364 260 0.0
364 261 0.0
364 262 0.0
364 263 0.0
364 264 0.0
364 265 0.0
364 266 0.0
364 267 0.0
364 268 0.0
364 269 0.0
364 270 0.0
364 271 0.0
364 272 0.0
364 273 0.0
364 274 0.0
364 275 0.0
364 276 0.0
364 277 0.0
364 278 0.0
364 279 0.0
364 280 0.0
364 281 0.0
364 282 0.0
364 283 0.0
364 284 0.0
364 285 0.0
364 286 0.0
364 287 0.0
364 288 0.0
364 289 0.0
364 290 0.0
364 291 0.0
364 292 0.0
364 293 0.0
364 294 0.0
364 295 0.0
364 296 0.0
364 297 0.0
364 298 0.0
364 299 0.0
364 300 0.0
364 301 0.0
364 302 0.0
364 303 0.0
364 304 0.0
364 305 0.0
364 306 0.0
364 307 0.0
364 308 0.0
364 309 0.0
364 310 0.0
364 311 0.0
364 312 0.0
364 313 0.0
364 314 0.0
364 315 0.0
364 316 0.0
364 317 0.0
364 318 0.0
364 319 0.0
364 320 0.0
364 321 0.0
364 322 0.0
364 323 0.0
364 324 0.0
364 325 0.0
364 326 0.0
364 327 0.0
364 328 0.0
364 329 0.0
364 330 0.0
364 331 0.0
364 332 0.0
364 333 0.0
364 334 0.0
364 335 0.0
364 336 0.0
364 337 0.0
364 338 0.0
364 339 0.0
364 340 0.0
364 341 0.0
364 342 0.0
364 343 0.0
364 344 0.0
364 345 0.0
364 346 0.0
364 347 0.0
364 348 0.0
364 349 0.0
364 350 0.0
364 351 0.0
364 352 0.0
364 353 0.0
364 354 0.0
364 355 0.0
364 356 0.0
364 357 0.0
364 358 0.0
364 359 0.0
364 360 0.0
364 361 6.21886679809e-06
364 362 0.0
364 363 6.21886679809e-06
364 364 0.0
364 365 0.0
364 366 0.0
364 367 6.21886679809e-06
364 368 0.0
364 369 5.59698011828e-05
364 370 0.0
364 371 2.48754671924e-05
364 372 0.0
364 373 2.48754671924e-05
364 374 0.0
364 375 6.21886679809e-06
364 376 0.0
364 377 2.48754671924e-05
364 378 0.0
364 379 0.0
364 380 0.0
364 381 5.59698011828e-05
364 382 0.0
364 383 2.48754671924e-05
364 384 0.0
364 385 5.59698011828e-05
364 386 0.0
364 387 2.48754671924e-05
364 388 0.0
364 389 0.0
364 390 0.0
364 391 9.95018687695e-05
364 392 0.0
364 393 6.21886679809e-06
364 394 0.0
364 395 5.59698011828e-05
364 396 0.0
364 397 9.95018687695e-05
364 398 0.0
364 399 6.21886679809e-06
364 400 0.0
365 0 0.0
365 1 2.48754671924e-05
365 2 0.0
365 3 2.48754671924e-05
365 4 0.0
365 5 0.000155471669952
365 6 0.0
365 7 0.000398007475078
365 8 0.0
365 9 5.59698011828e-05
365 10 6.21886679809e-06
365 11 0.000398007475078
365 12 0.0
365 13 5.59698011828e-05
365 14 0.0
365 15 2.48754671924e-05
365 16 0.0
365 17 0.000155471669952
365 18 0.0
365 19 6.21886679809e-06
365 20 0.0
365 21 6.21886679809e-06
365 22 0.0
365 23 0.0
365 24 0.0
365 25 6.21886679809e-06
365 26 0.0
365 27 0.0
365 28 0.0
365 29 9.95018687695e-05
365 30 2.48754671924e-05
365 31 0.000155471669952
365 32 9.95018687695e-05
365 33 0.000304724473107
365 34 0.000895516818925
365 35 0.000895516818925
365 36 0.000752482882569
365 37 0.00105098848888
365 38 0.00105098848888
365 39 0.00105098848888
365 40 0.000752482882569
365 41 0.000895516818925
365 42 0.000895516818925
365 43 0.000895516818925
365 44 0.000752482882569
365 45 0.000752482882569
365 46 0.000752482882569
365 47 0.000895516818925
365 48 0.000752482882569
365 49 0.000752482882569
365 50 0.000503728210645
365 51 0.000503728210645
365 52 0.000503728210645
365 53 0.000503728210645
365 54 0.000503728210645
365 55 0.000503728210645
365 56 0.000503728210645
365 57 0.000503728210645
365 58 0.000503728210645
365 59 0.000503728210645
365 60 0.000503728210645
365 61 0.000503728210645
365 62 0.000503728210645
365 63 0.000503728210645
365 64 0.000752482882569
365 65 0.000752482882569
365 66 0.000752482882569
365 67 0.000752482882569
365 68 0.000752482882569
365 69 0.000752482882569
365 70 0.000752482882569
365 71 0.000621886679809
365 72 0.000503728210645
365 73 0.000503728210645
365 74 0.000503728210645
365 75 0.000503728210645
365 76 0.000503728210645
365 77 0.000503728210645
365 78 0.000621886679809
365 79 0.000621886679809
365 80 0.000503728210645
365 81 0.000503728210645
365 82 0.000503728210645
365 83 0.000621886679809
365 84 0.000503728210645
365 85 0.000621886679809
365 86 0.000503728210645
365 87 0.000621886679809
365 88 0.000503728210645
365 89 0.000503728210645
365 90 0.000503728210645
365 91 0.000621886679809
365 92 0.000621886679809
365 93 0.000752482882569
365 94 0.000621886679809
365 95 0.000621886679809
365 96 0.000621886679809
365 97 0.000621886679809
365 98 0.000621886679809
365 99 0.000621886679809
365 100 0.000503728210645
365 101 0.000503728210645
365 102 0.000503728210645
365 103 0.000621886679809
365 104 0.000503728210645
365 105 0.000503728210645
365 106 0.000503728210645
365 107 0.000752482882569
365 108 0.000752482882569
365 109 0.000752482882569
365 110 0.000752482882569
365 111 0.000752482882569
365 112 0.000752482882569
365 113 0.000752482882569
365 114 0.000752482882569
365 115 0.000752482882569
365 116 0.000752482882569
365 117 0.000752482882569
365 118 0.000752482882569
365 119 0.000752482882569
365 120 0.000752482882569
365 121 0.000621886679809
365 122 0.000503728210645
365 123 0.000503728210645
365 124 0.000503728210645
365 125 0.000503728210645
365 126 0.000503728210645
365 127 0.000503728210645
365 128 0.000752482882569
365 129 0.000752482882569
365 130 0.000752482882569
365 131 0.000752482882569
365 132 0.000752482882569
365 133 0.000752482882569
365 134 0.000752482882569
365 135 0.000752482882569
365 136 0.000752482882569
365 137 0.000752482882569
365 138 0.000752482882569
365 139 0.000752482882569
365 140 0.000752482882569
365 141 0.000752482882569
365 142 0.000752482882569
365 143 0.000752482882569
365 144 0.000752482882569
365 145 0.000752482882569
365 146 0.000752482882569
365 147 0.000895516818925
365 148 0.000752482882569
365 149 0.000752482882569
365 150 0.000621886679809
365 151 0.000621886679809
365 152 0.000621886679809
365 153 0.000621886679809
365 154 0.000621886679809
365 155 0.000621886679809
365 156 0.000621886679809
365 157 0.000752482882569
365 158 0.000752482882569
365 159 0.000895516818925
365 160 0.000752482882569
365 161 0.000752482882569
365 162 0.000752482882569
365 163 0.000752482882569
365 164 0.000621886679809
365 165 0.000621886679809
365 166 0.000621886679809
365 167 0.000752482882569
365 168 0.000621886679809
365 169 0.000621886679809
365 170 0.000621886679809
365 171 0.000621886679809
365 172 0.000621886679809
365 173 0.000621886679809
365 174 0.000621886679809
365 175 0.000621886679809
365 176 0.000621886679809
365 177 0.000752482882569
365 178 0.000752482882569
365 179 0.000895516818925
365 180 0.000752482882569
365 181 0.000752482882569
365 182 0.000752482882569
365 183 0.000752482882569
365 184 0.000752482882569
365 185 0.000752482882569
365 186 0.000752482882569
365 187 0.000752482882569
365 188 0.000752482882569
365 189 0.000895516818925
365 190 0.000752482882569
365 191 0.000752482882569
365 192 0.000621886679809
365 193 0.000621886679809
365 194 0.000621886679809
365 195 0.000621886679809
365 196 0.000621886679809
365 197 0.000621886679809
365 198 0.000621886679809
365 199 0.000895516818925
365 200 0.00121889789243
365 201 0.00139924502957
365 202 0.00121889789243
365 203 0.00121889789243
365 204 0.00121889789243
365 205 0.00121889789243
365 206 0.00105098848888
365 207 0.000503728210645
365 208 0.000503728210645
365 209 0.000503728210645
365 210 0.000503728210645
365 211 0.000621886679809
365 212 0.000503728210645
365 213 0.000503728210645
365 214 0.000621886679809
365 215 0.000621886679809
365 216 0.000621886679809
365 217 0.000752482882569
365 218 0.000621886679809
365 219 0.000621886679809
365 220 0.000621886679809
365 221 0.000752482882569
365 222 0.000752482882569
365 223 0.000752482882569
365 224 0.000752482882569
365 225 0.000752482882569
365 226 0.000752482882569
365 227 0.000752482882569
365 228 0.000752482882569
365 229 0.000752482882569
365 230 0.000752482882569
365 231 0.000752482882569
365 232 0.000752482882569
365 233 0.000752482882569
365 234 0.000752482882569
365 235 0.000621886679809
365 236 0.000503728210645
365 237 0.000503728210645
365 238 0.000503728210645
365 239 0.000503728210645
365 240 0.000503728210645
365 241 0.000503728210645
365 242 0.000503728210645
365 243 0.000503728210645
365 244 0.000503728210645
365 245 0.000503728210645
365 246 0.000503728210645
365 247 0.000503728210645
365 248 0.000503728210645
365 249 0.000621886679809
365 250 0.000752482882569
365 251 0.000752482882569
365 252 0.000752482882569
365 253 0.000895516818925
365 254 0.000752482882569
365 255 0.000752482882569
365 256 0.000621886679809
365 257 0.000621886679809
365 258 0.000621886679809
365 259 0.000752482882569
365 260 0.000621886679809
365 261 0.000621886679809
365 262 0.000621886679809
365 263 0.000752482882569
365 264 0.000752482882569
365 265 0.000752482882569
365 266 0.000752482882569
365 267 0.000752482882569
365 268 0.000752482882569
365 269 0.000752482882569
365 270 0.000752482882569
365 271 0.000752482882569
365 272 0.000752482882569
365 273 0.000752482882569
365 274 0.000752482882569
365 275 0.000752482882569
365 276 0.000752482882569
365 277 0.000752482882569
365 278 0.000752482882569
365 279 0.000752482882569
365 280 0.000752482882569
365 281 0.000752482882569
365 282 0.000752482882569
365 283 0.000895516818925
365 284 0.000752482882569
365 285 0.000752482882569
365 286 0.000621886679809
365 287 0.000621886679809
365 288 0.000621886679809
365 289 0.000621886679809
365 290 0.000621886679809
365 291 0.000752482882569
365 292 0.000752482882569
365 293 0.000895516818925
365 294 0.000752482882569
365 295 0.000752482882569
365 296 0.000752482882569
365 297 0.000752482882569
365 298 0.000752482882569
365 299 0.000621886679809
365 300 0.000503728210645
365 301 0.000503728210645
365 302 0.000503728210645
365 303 0.000503728210645
365 304 0.000503728210645
365 305 0.000503728210645
365 306 0.000621886679809
365 307 0.000752482882569
365 308 0.000621886679809
365 309 0.000621886679809
365 310 0.000621886679809
365 311 0.000752482882569
365 312 0.000621886679809
365 313 0.000621886679809
365 314 0.000621886679809
365 315 0.000621886679809
365 316 0.000621886679809
365 317 0.000621886679809
365 318 0.000621886679809
365 319 0.000621886679809
365 320 0.000621886679809
365 321 0.000752482882569
365 322 0.000752482882569
365 323 0.000895516818925
365 324 0.000752482882569
365 325 0.000752482882569
365 326 0.000752482882569
365 327 0.000752482882569
365 328 0.000752482882569
365 329 0.000752482882569
365 330 0.000752482882569
365 331 0.000752482882569
365 332 0.000752482882569
365 333 0.000752482882569
365 334 0.000752482882569
365 335 0.000752482882569
365 336 0.000752482882569
365 337 0.000752482882569
365 338 0.000752482882569
365 339 0.000752482882569
365 340 0.000752482882569
365 341 0.000752482882569
365 342 0.000752482882569
365 343 0.000752482882569
365 344 0.000752482882569
365 345 0.000752482882569
365 346 0.000752482882569
365 347 0.000752482882569
365 348 0.000752482882569
365 349 0.000752482882569
365 350 0.000752482882569
365 351 0.000752482882569
365 352 0.000752482882569
365 353 0.000752482882569
365 354 0.000752482882569
365 355 0.000752482882569
365 356 0.000621886679809
365 357 0.000621886679809
365 358 0.000621886679809
365 359 0.000752482882569
365 360 0.000621886679809
365 361 0.000752482882569
365 362 0.000621886679809
365 363 0.000621886679809
365 364 0.000398007475078
365 365 0.000621886679809
365 366 0.000621886679809
365 367 0.000503728210645
365 368 0.000752482882569
365 369 0.000895516818925
365 370 0.000895516818925
365 371 0.00121889789243
365 372 0.000503728210645
365 373 0.000398007475078
365 374 5.59698011828e-05
365 375 0.0
365 376 6.21886679809e-06
365 377 6.21886679809e-06
365 378 0.0
365 379 0.0
365 380 0.0
365 381 5.59698011828e-05
365 382 0.0
365 383 2.48754671924e-05
365 384 0.0
365 385 5.59698011828e-05
365 386 0.0
365 387 2.48754671924e-05
365 388 0.0
365 389 0.0
365 390 0.0
365 391 9.95018687695e-05
365 392 0.0
365 393 6.21886679809e-06
365 394 0.0
365 395 5.59698011828e-05
365 396 0.0
365 397 9.95018687695e-05
365 398 0.0
365 399 6.21886679809e-06
365 400 0.0
366 0 0.0
366 1 2.48754671924e-05
366 2 0.0
366 3 2.48754671924e-05
366 4 0.0
366 5 0.000155471669952
366 6 0.0
366 7 0.000304724473107
366 8 0.0
366 9 2.48754671924e-05
366 10 0.0
366 11 0.000398007475078
366 12 0.0
366 13 5.59698011828e-05
366 14 0.0
366 15 2.48754671924e-05
366 16 0.0
366 17 0.000155471669952
366 18 0.0
366 19 6.21886679809e-06
366 20 0.0
366 21 6.21886679809e-06
366 22 0.0
366 23 0.0
366 24 0.0
366 25 6.21886679809e-06
366 26 0.0
366 27 0.0
366 28 0.0
366 29 6.21886679809e-06
366 30 0.0
366 31 2.48754671924e-05
366 32 0.0
366 33 6.21886679809e-06
366 34 0.0
366 35 0.0
366 36 0.0
366 37 6.21886679809e-06
366 38 0.0
366 39 0.0
366 40 0.0
366 41 6.21886679809e-06
366 42 0.0
366 43 0.0
366 44 0.0
366 45 0.0
366 46 0.0
366 47 0.0
366 48 0.0
366 49 2.48754671924e-05
366 50 0.0
366 51 6.21886679809e-06
366 52 0.0
366 53 0.0
366 54 0.0
366 55 0.0
366 56 0.0
366 57 0.0
366 58 0.0
366 59 0.0
366 60 0.0
366 61 6.21886679809e-06
366 62 0.0
366 63 0.0
366 64 0.0
366 65 0.0
366 66 0.0
366 67 6.21886679809e-06
366 68 0.0
366 69 0.0
366 70 0.0
366 71 0.0
366 72 0.0
366 73 0.0
366 74 0.0
366 75 6.21886679809e-06
366 76 0.0
366 77 6.21886679809e-06
366 78 0.0
366 79 6.21886679809e-06
366 80 0.0
366 81 0.0
366 82 0.0
366 83 6.21886679809e-06
366 84 0.0
366 85 6.21886679809e-06
366 86 0.0
366 87 6.21886679809e-06
366 88 0.0
366 89 0.0
366 90 0.0
366 91 0.0
366 92 0.0
366 93 6.21886679809e-06
366 94 0.0
366 95 0.0
366 96 0.0
366 97 6.21886679809e-06
366 98 0.0
366 99 6.21886679809e-06
366 100 0.0
366 101 0.0
366 102 0.0
366 103 6.21886679809e-06
366 104 0.0
366 105 0.0
366 106 0.0
366 107 6.21886679809e-06
366 108 0.0
366 109 0.0
366 110 0.0
366 111 0.0
366 112 0.0
366 113 0.0
366 114 0.0
366 115 0.0
366 116 0.0
366 117 0.0
366 118 0.0
366 119 0.0
366 120 0.0
366 121 6.21886679809e-06
366 122 0.0
366 123 6.21886679809e-06
366 124 0.0
366 125 0.0
366 126 0.0
366 127 0.0
366 128 0.0
366 129 6.21886679809e-06
366 130 0.0
366 131 0.0
366 132 0.0
366 133 0.0
366 134 0.0
366 135 0.0
366 136 0.0
366 137 0.0
366 138 0.0
366 139 0.0
366 140 0.0
366 141 0.0
366 142 0.0
366 143 0.0
366 144 0.0
366 145 0.0
366 146 0.0
366 147 0.0
366 148 0.0
366 149 0.0
366 150 0.0
366 151 0.0
366 152 0.0
366 153 0.0
366 154 0.0
366 155 0.0
366 156 0.0
366 157 0.0
366 158 0.0
366 159 0.0
366 160 0.0
366 161 0.0
366 162 0.0
366 163 0.0
366 164 0.0
366 165 0.0
366 166 0.0
366 167 0.0
366 168 0.0
366 169 0.0
366 170 0.0
366 171 0.0
366 172 0.0
366 173 0.0
366 174 0.0
366 175 0.0
366 176 0.0
366 177 0.0
366 178 0.0
366 179 0.0
366 180 0.0
366 181 0.0
366 182 0.0
366 183 0.0
366 184 0.0
366 185 0.0
366 186 0.0
366 187 0.0
366 188 0.0
366 189 0.0
366 190 0.0
366 191 0.0
366 192 0.0
366 193 0.0
366 194 0.0
366 195 0.0
366 196 0.0
366 197 0.0
366 198 0.0
366 199 0.0
366 200 0.0
366 201 6.21886679809e-06
366 202 0.0
366 203 0.0
366 204 0.0
366 205 0.0
366 206 0.0
366 207 0.0
366 208 0.0
366 209 6.21886679809e-06
366 210 0.0
366 211 6.21886679809e-06
366 212 0.0
366 213 6.21886679809e-06
366 214 0.0
366 215 0.0
366 216 0.0
366 217 0.0
366 218 0.0
366 219 0.0
366 220 0.0
366 221 0.0
366 222 0.0
366 223 0.0
366 224 0.0
366 225 0.0
366 226 0.0
366 227 0.0
366 228 0.0
366 229 0.0
366 230 0.0
366 231 0.0
366 232 0.0
366 233 0.0
366 234 0.0
366 235 6.21886679809e-06
366 236 0.0
366 237 6.21886679809e-06
366 238 0.0
366 239 0.0
366 240 0.0
366 241 0.0
366 242 0.0
366 243 0.0
366 244 0.0
366 245 0.0
366 246 0.0
366 247 6.21886679809e-06
366 248 0.0
366 249 6.21886679809e-06
366 250 0.0
366 251 0.0
366 252 0.0
366 253 0.0
366 254 0.0
366 255 0.0
366 256 0.0
366 257 0.0
366 258 0.0
366 259 0.0
366 260 0.0
366 261 0.0
366 262 0.0
366 263 0.0
366 264 0.0
366 265 0.0
366 266 0.0
366 267 0.0
366 268 0.0
366 269 0.0
366 270 0.0
366 271 0.0
366 272 0.0
366 273 0.0
366 274 0.0
366 275 0.0
366 276 0.0
366 277 0.0
366 278 0.0
366 279 0.0
366 280 0.0
366 281 0.0
366 282 0.0
366 283 0.0
366 284 0.0
366 285 0.0
366 286 0.0
366 287 0.0
366 288 0.0
366 289 0.0
366 290 0.0
366 291 0.0
366 292 0.0
366 293 0.0
366 294 0.0
366 295 6.21886679809e-06
366 296 0.0
366 297 0.0
366 298 0.0
366 299 0.0
366 300 0.0
366 301 0.0
366 302 0.0
366 303 6.21886679809e-06
366 304 0.0
366 305 0.0
366 306 0.0
366 307 6.21886679809e-06
366 308 0.0
366 309 0.0
366 310 0.0
366 311 6.21886679809e-06
366 312 0.0
366 313 0.0
366 314 0.0
366 315 0.0
366 316 0.0
366 317 0.0
366 318 0.0
366 319 0.0
366 320 0.0
366 321 0.0
366 322 0.0
366 323 0.0
366 324 0.0
366 325 0.0
366 326 0.0
366 327 0.0
366 328 0.0
366 329 0.0
366 330 0.0
366 331 0.0
366 332 0.0
366 333 0.0
366 334 0.0
366 335 0.0
366 336 0.0
366 337 0.0
366 338 0.0
366 339 0.0
366 340 0.0
366 341 0.0
366 342 0.0
366 343 0.0
366 344 0.0
366 345 0.0
366 346 0.0
366 347 0.0
366 348 0.0
366 349 0.0
366 350 0.0
366 351 0.0
366 352 0.0
366 353 0.0
366 354 0.0
366 355 0.0
366 356 0.0
366 357 0.0
366 358 0.0
366 359 0.0
366 360 0.0
366 361 6.21886679809e-06
366 362 0.0
366 363 0.0
366 364 0.0
366 365 0.0
366 366 0.0
366 367 0.0
366 368 0.0
366 369 0.0
366 370 0.0
366 371 6.21886679809e-06
366 372 0.0
366 373 2.48754671924e-05
366 374 0.0
366 375 0.0
366 376 0.0
366 377 6.21886679809e-06
366 378 0.0
366 379 0.0
366 380 0.0
366 381 5.59698011828e-05
366 382 0.0
366 383 2.48754671924e-05
366 384 0.0
366 385 5.59698011828e-05
366 386 0.0
366 387 2.48754671924e-05
366 388 0.0
366 389 0.0
366 390 0.0
366 391 9.95018687695e-05
366 392 0.0
366 393 6.21886679809e-06
366 394 0.0
366 395 5.59698011828e-05
366 396 0.0
366 397 9.95018687695e-05
366 398 0.0
366 399 6.21886679809e-06
366 400 0.0
367 0 0.0
367 1 2.48754671924e-05
367 2 0.0
367 3 2.48754671924e-05
367 4 0.0
367 5 0.000155471669952
367 6 0.0
367 7 0.000304724473107
367 8 0.0
367 9 2.48754671924e-05
367 10 0.0
367 11 0.000398007475078
367 12 0.0
367 13 5.59698011828e-05
367 14 0.0
367 15 2.48754671924e-05
367 16 0.0
367 17 0.000155471669952
367 18 0.0
367 19 6.21886679809e-06
367 20 0.0
367 21 6.21886679809e-06
367 22 0.0
367 23 0.0
367 24 0.0
367 25 0.0
367 26 0.0
367 27 6.21886679809e-06
367 28 6.21886679809e-06
367 29 6.21886679809e-06
367 30 6.21886679809e-06
367 31 2.48754671924e-05
367 32 6.21886679809e-06
367 33 2.48754671924e-05
367 34 6.21886679809e-06
367 35 9.95018687695e-05
367 36 0.000398007475078
367 37 0.000503728210645
367 38 0.000503728210645
367 39 0.000503728210645
367 40 0.000503728210645
367 41 0.000503728210645
367 42 0.000503728210645
367 43 0.000398007475078
367 44 0.000398007475078
367 45 0.000398007475078
367 46 0.000398007475078
367 47 0.000398007475078
367 48 0.000398007475078
367 49 0.000398007475078
367 50 0.000398007475078
367 51 0.000398007475078
367 52 0.000398007475078
367 53 0.000503728210645
367 54 0.000398007475078
367 55 0.000398007475078
367 56 0.000398007475078
367 57 0.000398007475078
367 58 0.000398007475078
367 59 0.000398007475078
367 60 0.000398007475078
367 61 0.000398007475078
367 62 0.000398007475078
367 63 0.000503728210645
367 64 0.000398007475078
367 65 0.000503728210645
367 66 0.000398007475078
367 67 0.000398007475078
367 68 0.000398007475078
367 69 0.000503728210645
367 70 0.000398007475078
367 71 0.000503728210645
367 72 0.000398007475078
367 73 0.000398007475078
367 74 0.000398007475078
367 75 0.000398007475078
367 76 0.000398007475078
367 77 0.000398007475078
367 78 0.000223879204731
367 79 0.000155471669952
367 80 0.000155471669952
367 81 0.000155471669952
367 82 0.000155471669952
367 83 0.000155471669952
367 84 0.000155471669952
367 85 0.000223879204731
367 86 0.000398007475078
367 87 0.000398007475078
367 88 0.000398007475078
367 89 0.000398007475078
367 90 0.000398007475078
367 91 0.000503728210645
367 92 0.000503728210645
367 93 0.000503728210645
367 94 0.000398007475078
367 95 0.000398007475078
367 96 0.000398007475078
367 97 0.000503728210645
367 98 0.000398007475078
367 99 0.000398007475078
367 100 0.000155471669952
367 101 0.000155471669952
367 102 0.000155471669952
367 103 0.000223879204731
367 104 0.000155471669952
367 105 0.000155471669952
367 106 0.000155471669952
367 107 0.000398007475078
367 108 0.000398007475078
367 109 0.000398007475078
367 110 0.000398007475078
367 111 0.000398007475078
367 112 0.000398007475078
367 113 0.000398007475078
367 114 0.000398007475078
367 115 0.000398007475078
367 116 0.000398007475078
367 117 0.000398007475078
367 118 0.000398007475078
367 119 0.000398007475078
367 120 0.000398007475078
367 121 0.000503728210645
367 122 0.000398007475078
367 123 0.000398007475078
367 124 0.000398007475078
367 125 0.000503728210645
367 126 0.000398007475078
367 127 0.000503728210645
367 128 0.000398007475078
367 129 0.000503728210645
367 130 0.000398007475078
367 131 0.000398007475078
367 132 0.000398007475078
367 133 0.000398007475078
367 134 0.000398007475078
367 135 0.000398007475078
367 136 0.000398007475078
367 137 0.000398007475078
367 138 0.000398007475078
367 139 0.000398007475078
367 140 0.000398007475078
367 141 0.000398007475078
367 142 0.000398007475078
367 143 0.000398007475078
367 144 0.000398007475078
367 145 0.000398007475078
367 146 0.000398007475078
367 147 0.000398007475078
367 148 0.000398007475078
367 149 0.000398007475078
367 150 0.000398007475078
367 151 0.000398007475078
367 152 0.000398007475078
367 153 0.000398007475078
367 154 0.000398007475078
367 155 0.000398007475078
367 156 0.000398007475078
367 157 0.000398007475078
367 158 0.000398007475078
367 159 0.000398007475078
367 160 0.000398007475078
367 161 0.000398007475078
367 162 0.000398007475078
367 163 0.000398007475078
367 164 0.000398007475078
367 165 0.000398007475078
367 166 0.000398007475078
367 167 0.000398007475078
367 168 0.000398007475078
367 169 0.000398007475078
367 170 0.000398007475078
367 171 0.000398007475078
367 172 0.000398007475078
367 173 0.000398007475078
367 174 0.000398007475078
367 175 0.000398007475078
367 176 0.000398007475078
367 177 0.000398007475078
367 178 0.000398007475078
367 179 0.000398007475078
367 180 0.000398007475078
367 181 0.000398007475078
367 182 0.000398007475078
367 183 0.000398007475078
367 184 0.000398007475078
367 185 0.000398007475078
367 186 0.000398007475078
367 187 0.000398007475078
367 188 0.000398007475078
367 189 0.000398007475078
367 190 0.000398007475078
367 191 0.000398007475078
367 192 0.000398007475078
367 193 0.000398007475078
367 194 0.000398007475078
367 195 0.000398007475078
367 196 0.000398007475078
367 197 0.000398007475078
367 198 0.000398007475078
367 199 0.000304724473107
367 200 9.95018687695e-05
367 201 9.95018687695e-05
367 202 9.95018687695e-05
367 203 0.000155471669952
367 204 9.95018687695e-05
367 205 9.95018687695e-05
367 206 0.000155471669952
367 207 0.000398007475078
367 208 0.000398007475078
367 209 0.000398007475078
367 210 0.000398007475078
367 211 0.000398007475078
367 212 0.000398007475078
367 213 0.000503728210645
367 214 0.000398007475078
367 215 0.000503728210645
367 216 0.000398007475078
367 217 0.000398007475078
367 218 0.000398007475078
367 219 0.000398007475078
367 220 0.000398007475078
367 221 0.000398007475078
367 222 0.000398007475078
367 223 0.000398007475078
367 224 0.000398007475078
367 225 0.000398007475078
367 226 0.000398007475078
367 227 0.000398007475078
367 228 0.000398007475078
367 229 0.000398007475078
367 230 0.000398007475078
367 231 0.000398007475078
367 232 0.000398007475078
367 233 0.000398007475078
367 234 0.000398007475078
367 235 0.000503728210645
367 236 0.000398007475078
367 237 0.000398007475078
367 238 0.000398007475078
367 239 0.000503728210645
367 240 0.000398007475078
367 241 0.000398007475078
367 242 0.000398007475078
367 243 0.000398007475078
367 244 0.000398007475078
367 245 0.000398007475078
367 246 0.000398007475078
367 247 0.000398007475078
367 248 0.000398007475078
367 249 0.000398007475078
367 250 0.000398007475078
367 251 0.000503728210645
367 252 0.000398007475078
367 253 0.000398007475078
367 254 0.000398007475078
367 255 0.000398007475078
367 256 0.000398007475078
367 257 0.000398007475078
367 258 0.000398007475078
367 259 0.000398007475078
367 260 0.000398007475078
367 261 0.000398007475078
367 262 0.000398007475078
367 263 0.000398007475078
367 264 0.000398007475078
367 265 0.000398007475078
367 266 0.000398007475078
367 267 0.000398007475078
367 268 0.000398007475078
367 269 0.000398007475078
367 270 0.000398007475078
367 271 0.000398007475078
367 272 0.000398007475078
367 273 0.000398007475078
367 274 0.000398007475078
367 275 0.000398007475078
367 276 0.000398007475078
367 277 0.000398007475078
367 278 0.000398007475078
367 279 0.000398007475078
367 280 0.000398007475078
367 281 0.000398007475078
367 282 0.000398007475078
367 283 0.000398007475078
367 284 0.000398007475078
367 285 0.000398007475078
367 286 0.000398007475078
367 287 0.000398007475078
367 288 0.000398007475078
367 289 0.000398007475078
367 290 0.000398007475078
367 291 0.000398007475078
367 292 0.000398007475078
367 293 0.000398007475078
367 294 0.000398007475078
367 295 0.000398007475078
367 296 0.000398007475078
367 297 0.000503728210645
367 298 0.000398007475078
367 299 0.000503728210645
367 300 0.000398007475078
367 301 0.000503728210645
367 302 0.000398007475078
367 303 0.000398007475078
367 304 0.000398007475078
367 305 0.000503728210645
367 306 0.000398007475078
367 307 0.000398007475078
367 308 0.000398007475078
367 309 0.000398007475078
367 310 0.000398007475078
367 311 0.000398007475078
367 312 0.000398007475078
367 313 0.000398007475078
367 314 0.000398007475078
367 315 0.000398007475078
367 316 0.000398007475078
367 317 0.000398007475078
367 318 0.000398007475078
367 319 0.000398007475078
367 320 0.000398007475078
367 321 0.000398007475078
367 322 0.000398007475078
367 323 0.000398007475078
367 324 0.000398007475078
367 325 0.000398007475078
367 326 0.000398007475078
367 327 0.000398007475078
367 328 0.000398007475078
367 329 0.000398007475078
367 330 0.000398007475078
367 331 0.000398007475078
367 332 0.000398007475078
367 333 0.000398007475078
367 334 0.000398007475078
367 335 0.000398007475078
367 336 0.000398007475078
367 337 0.000398007475078
367 338 0.000398007475078
367 339 0.000398007475078
367 340 0.000398007475078
367 341 0.000398007475078
367 342 0.000398007475078
367 343 0.000398007475078
367 344 0.000398007475078
367 345 0.000398007475078
367 346 0.000398007475078
367 347 0.000398007475078
367 348 0.000398007475078
367 349 0.000398007475078
367 350 0.000398007475078
367 351 0.000398007475078
367 352 0.000398007475078
367 353 0.000398007475078
367 354 0.000398007475078
367 355 0.000398007475078
367 356 0.000398007475078
367 357 0.000398007475078
367 358 0.000398007475078
367 359 0.000398007475078
367 360 0.000398007475078
367 361 0.000503728210645
367 362 0.000398007475078
367 363 0.000304724473107
367 364 9.95018687695e-05
367 365 0.000155471669952
367 366 0.000155471669952
367 367 9.95018687695e-05
367 368 0.000155471669952
367 369 0.000223879204731
367 370 9.95018687695e-05
367 371 2.48754671924e-05
367 372 0.0
367 373 2.48754671924e-05
367 374 6.21886679809e-06
367 375 6.21886679809e-06
367 376 6.21886679809e-06
367 377 6.21886679809e-06
367 378 0.0
367 379 0.0
367 380 0.0
367 381 5.59698011828e-05
367 382 0.0
367 383 2.48754671924e-05
367 384 0.0
367 385 5.59698011828e-05
367 386 0.0
367 387 2.48754671924e-05
367 388 0.0
367 389 0.0
367 390 0.0
367 391 5.59698011828e-05
367 392 6.21886679809e-06
367 393 6.21886679809e-06
367 394 0.0
367 395 9.95018687695e-05
367 396 6.21886679809e-06
367 397 5.59698011828e-05
367 398 0.0
367 399 6.21886679809e-06
367 400 0.0
368 0 0.0
368 1 2.48754671924e-05
368 2 0.0
368 3 2.48754671924e-05
368 4 0.0
368 5 0.000155471669952
368 6 0.0
368 7 0.000304724473107
368 8 0.0
368 9 2.48754671924e-05
368 10 0.0
368 11 0.000398007475078
368 12 0.0
368 13 5.59698011828e-05
368 14 0.0
368 15 2.48754671924e-05
368 16 0.0
368 17 0.000155471669952
368 18 0.0
368 19 6.21886679809e-06
368 20 0.0
368 21 6.21886679809e-06
368 22 0.0
368 23 0.0
368 24 0.0
368 25 0.0
368 26 0.0
368 27 6.21886679809e-06
368 28 0.0
368 29 2.48754671924e-05
368 30 0.0
368 31 0.0
368 32 0.0
368 33 6.21886679809e-06
368 34 0.0
368 35 6.21886679809e-06
368 36 0.0
368 37 0.0
368 38 0.0
368 39 0.0
368 40 0.0
368 41 0.0
368 42 0.0
368 43 0.0
368 44 0.0
368 45 0.0
368 46 0.0
368 47 0.0
368 48 0.0
368 49 6.21886679809e-06
368 50 0.0
368 51 0.0
368 52 0.0
368 53 6.21886679809e-06
368 54 0.0
368 55 0.0
368 56 0.0
368 57 0.0
368 58 0.0
368 59 0.0
368 60 0.0
368 61 0.0
368 62 0.0
368 63 6.21886679809e-06
368 64 0.0
368 65 6.21886679809e-06
368 66 0.0
368 67 0.0
368 68 0.0
368 69 6.21886679809e-06
368 70 0.0
368 71 6.21886679809e-06
368 72 0.0
368 73 6.21886679809e-06
368 74 0.0
368 75 0.0
368 76 0.0
368 77 6.21886679809e-06
368 78 0.0
368 79 0.0
368 80 0.0
368 81 6.21886679809e-06
368 82 0.0
368 83 0.0
368 84 0.0
368 85 0.0
368 86 0.0
368 87 0.0
368 88 0.0
368 89 6.21886679809e-06
368 90 0.0
368 91 6.21886679809e-06
368 92 0.0
368 93 0.0
368 94 0.0
368 95 6.21886679809e-06
368 96 0.0
368 97 0.0
368 98 0.0
368 99 6.21886679809e-06
368 100 0.0
368 101 6.21886679809e-06
368 102 0.0
368 103 0.0
368 104 0.0
368 105 6.21886679809e-06
368 106 0.0
368 107 6.21886679809e-06
368 108 0.0
368 109 0.0
368 110 0.0
368 111 0.0
368 112 0.0
368 113 0.0
368 114 0.0
368 115 0.0
368 116 0.0
368 117 0.0
368 118 0.0
368 119 0.0
368 120 0.0
368 121 6.21886679809e-06
368 122 0.0
368 123 0.0
368 124 0.0
368 125 6.21886679809e-06
368 126 0.0
368 127 6.21886679809e-06
368 128 0.0
368 129 0.0
368 130 0.0
368 131 6.21886679809e-06
368 132 0.0
368 133 0.0
368 134 0.0
368 135 0.0
368 136 0.0
368 137 0.0
368 138 0.0
368 139 0.0
368 140 0.0
368 141 0.0
368 142 0.0
368 143 0.0
368 144 0.0
368 145 0.0
368 146 0.0
368 147 0.0
368 148 0.0
368 149 0.0
368 150 0.0
368 151 0.0
368 152 0.0
368 153 0.0
368 154 0.0
368 155 0.0
368 156 0.0
368 157 0.0
368 158 0.0
368 159 0.0
368 160 0.0
368 161 0.0
368 162 0.0
368 163 0.0
368 164 0.0
368 165 0.0
368 166 0.0
368 167 0.0
368 168 0.0
368 169 0.0
368 170 0.0
368 171 0.0
368 172 0.0
368 173 0.0
368 174 0.0
368 175 0.0
368 176 0.0
368 177 0.0
368 178 0.0
368 179 0.0
368 180 0.0
368 181 0.0
368 182 0.0
368 183 0.0
368 184 0.0
368 185 0.0
368 186 0.0
368 187 0.0
368 188 0.0
368 189 0.0
368 190 0.0
368 191 0.0
368 192 0.0
368 193 0.0
368 194 0.0
368 195 0.0
368 196 0.0
368 197 0.0
368 198 0.0
368 199 0.0
368 200 0.0
368 201 0.0
368 202 0.0
368 203 6.21886679809e-06
368 204 0.0
368 205 0.0
368 206 0.0
368 207 0.0
368 208 0.0
368 209 0.0
368 210 0.0
368 211 0.0
368 212 0.0
368 213 6.21886679809e-06
368 214 0.0
368 215 6.21886679809e-06
368 216 0.0
368 217 0.0
368 218 0.0
368 219 0.0
368 220 0.0
368 221 0.0
368 222 0.0
368 223 0.0
368 224 0.0
368 225 0.0
368 226 0.0
368 227 0.0
368 228 0.0
368 229 0.0
368 230 0.0
368 231 0.0
368 232 0.0
368 233 0.0
368 234 0.0
368 235 6.21886679809e-06
368 236 0.0
368 237 0.0
368 238 0.0
368 239 6.21886679809e-06
368 240 0.0
368 241 0.0
368 242 0.0
368 243 0.0
368 244 0.0
368 245 0.0
368 246 0.0
368 247 0.0
368 248 0.0
368 249 0.0
368 250 0.0
368 251 6.21886679809e-06
368 252 0.0
368 253 0.0
368 254 0.0
368 255 0.0
368 256 0.0
368 257 0.0
368 258 0.0
368 259 0.0
368 260 0.0
368 261 0.0
368 262 0.0
368 263 0.0
368 264 0.0
368 265 0.0
368 266 0.0
368 267 0.0
368 268 0.0
368 269 0.0
368 270 0.0
368 271 0.0
368 272 0.0
368 273 0.0
368 274 0.0
368 275 0.0
368 276 0.0
368 277 0.0
368 278 0.0
368 279 0.0
368 280 0.0
368 281 0.0
368 282 0.0
368 283 0.0
368 284 0.0
368 285 0.0
368 286 0.0
368 287 0.0
368 288 0.0
368 289 0.0
368 290 0.0
368 291 0.0
368 292 0.0
368 293 0.0
368 294 0.0
368 295 0.0
368 296 0.0
368 297 6.21886679809e-06
368 298 0.0
368 299 6.21886679809e-06
368 300 0.0
368 301 6.21886679809e-06
368 302 0.0
368 303 0.0
368 304 0.0
368 305 6.21886679809e-06
368 306 0.0
368 307 0.0
368 308 0.0
368 309 6.21886679809e-06
368 310 0.0
368 311 0.0
368 312 0.0
368 313 0.0
368 314 0.0
368 315 0.0
368 316 0.0
368 317 0.0
368 318 0.0
368 319 0.0
368 320 0.0
368 321 0.0
368 322 0.0
368 323 0.0
368 324 0.0
368 325 0.0
368 326 0.0
368 327 0.0
368 328 0.0
368 329 0.0
368 330 0.0
368 331 0.0
368 332 0.0
368 333 0.0
368 334 0.0
368 335 0.0
368 336 0.0
368 337 0.0
368 338 0.0
368 339 0.0
368 340 0.0
368 341 0.0
368 342 0.0
368 343 0.0
368 344 0.0
368 345 0.0
368 346 0.0
368 347 0.0
368 348 0.0
368 349 0.0
368 350 0.0
368 351 0.0
368 352 0.0
368 353 0.0
368 354 0.0
368 355 0.0
368 356 0.0
368 357 0.0
368 358 0.0
368 359 0.0
368 360 0.0
368 361 0.0
368 362 0.0
368 363 6.21886679809e-06
368 364 0.0
368 365 6.21886679809e-06
368 366 0.0
368 367 0.0
368 368 0.0
368 369 6.21886679809e-06
368 370 0.0
368 371 0.0
368 372 0.0
368 373 6.21886679809e-06
368 374 0.0
368 375 0.0
368 376 0.0
368 377 6.21886679809e-06
368 378 0.0
368 379 0.0
368 380 0.0
368 381 5.59698011828e-05
368 382 0.0
368 383 2.48754671924e-05
368 384 0.0
368 385 5.59698011828e-05
368 386 0.0
368 387 2.48754671924e-05
368 388 0.0
368 389 0.0
368 390 0.0
368 391 9.95018687695e-05
368 392 0.0
368 393 6.21886679809e-06
368 394 0.0
368 395 5.59698011828e-05
368 396 0.0
368 397 9.95018687695e-05
368 398 0.0
368 399 6.21886679809e-06
368 400 0.0
369 0 0.0
369 1 2.48754671924e-05
369 2 0.0
369 3 2.48754671924e-05
369 4 0.0
369 5 0.000155471669952
369 6 0.0
369 7 0.000304724473107
369 8 0.0
369 9 2.48754671924e-05
369 10 0.0
369 11 0.000398007475078
369 12 0.0
369 13 5.59698011828e-05
369 14 0.0
369 15 2.48754671924e-05
369 16 0.0
369 17 0.000155471669952
369 18 0.0
369 19 6.21886679809e-06
369 20 0.0
369 21 6.21886679809e-06
369 22 0.0
369 23 0.0
369 24 0.0
369 25 0.0
369 26 0.0
369 27 6.21886679809e-06
369 28 6.21886679809e-06
369 29 6.21886679809e-06
369 30 6.21886679809e-06
369 31 6.21886679809e-06
369 32 6.21886679809e-06
369 33 6.21886679809e-06
369 34 6.21886679809e-06
369 35 0.0
369 36 5.59698011828e-05
369 37 5.59698011828e-05
369 38 5.59698011828e-05
369 39 5.59698011828e-05
369 40 9.95018687695e-05
369 41 9.95018687695e-05
369 42 9.95018687695e-05
369 43 9.95018687695e-05
369 44 9.95018687695e-05
369 45 9.95018687695e-05
369 46 9.95018687695e-05
369 47 9.95018687695e-05
369 48 9.95018687695e-05
369 49 9.95018687695e-05
369 50 9.95018687695e-05
369 51 9.95018687695e-05
369 52 9.95018687695e-05
369 53 5.59698011828e-05
369 54 9.95018687695e-05
369 55 9.95018687695e-05
369 56 9.95018687695e-05
369 57 9.95018687695e-05
369 58 9.95018687695e-05
369 59 9.95018687695e-05
369 60 9.95018687695e-05
369 61 9.95018687695e-05
369 62 9.95018687695e-05
369 63 5.59698011828e-05
369 64 9.95018687695e-05
369 65 5.59698011828e-05
369 66 9.95018687695e-05
369 67 9.95018687695e-05
369 68 9.95018687695e-05
369 69 5.59698011828e-05
369 70 9.95018687695e-05
369 71 9.95018687695e-05
369 72 9.95018687695e-05
369 73 5.59698011828e-05
369 74 9.95018687695e-05
369 75 9.95018687695e-05
369 76 9.95018687695e-05
369 77 9.95018687695e-05
369 78 2.48754671924e-05
369 79 0.0
369 80 0.0
369 81 6.21886679809e-06
369 82 0.0
369 83 0.0
369 84 0.0
369 85 2.48754671924e-05
369 86 0.000155471669952
369 87 9.95018687695e-05
369 88 9.95018687695e-05
369 89 5.59698011828e-05
369 90 9.95018687695e-05
369 91 5.59698011828e-05
369 92 9.95018687695e-05
369 93 5.59698011828e-05
369 94 9.95018687695e-05
369 95 9.95018687695e-05
369 96 9.95018687695e-05
369 97 9.95018687695e-05
369 98 9.95018687695e-05
369 99 5.59698011828e-05
369 100 0.0
369 101 6.21886679809e-06
369 102 0.0
369 103 0.0
369 104 0.0
369 105 6.21886679809e-06
369 106 0.0
369 107 5.59698011828e-05
369 108 9.95018687695e-05
369 109 9.95018687695e-05
369 110 9.95018687695e-05
369 111 9.95018687695e-05
369 112 9.95018687695e-05
369 113 9.95018687695e-05
369 114 9.95018687695e-05
369 115 9.95018687695e-05
369 116 9.95018687695e-05
369 117 9.95018687695e-05
369 118 9.95018687695e-05
369 119 9.95018687695e-05
369 120 9.95018687695e-05
369 121 5.59698011828e-05
369 122 9.95018687695e-05
369 123 9.95018687695e-05
369 124 9.95018687695e-05
369 125 5.59698011828e-05
369 126 9.95018687695e-05
369 127 5.59698011828e-05
369 128 9.95018687695e-05
369 129 5.59698011828e-05
369 130 9.95018687695e-05
369 131 9.95018687695e-05
369 132 9.95018687695e-05
369 133 9.95018687695e-05
369 134 9.95018687695e-05
369 135 9.95018687695e-05
369 136 9.95018687695e-05
369 137 9.95018687695e-05
369 138 9.95018687695e-05
369 139 9.95018687695e-05
369 140 9.95018687695e-05
369 141 9.95018687695e-05
369 142 9.95018687695e-05
369 143 9.95018687695e-05
369 144 9.95018687695e-05
369 145 9.95018687695e-05
369 146 9.95018687695e-05
369 147 9.95018687695e-05
369 148 9.95018687695e-05
369 149 9.95018687695e-05
369 150 9.95018687695e-05
369 151 9.95018687695e-05
369 152 9.95018687695e-05
369 153 9.95018687695e-05
369 154 9.95018687695e-05
369 155 9.95018687695e-05
369 156 9.95018687695e-05
369 157 9.95018687695e-05
369 158 9.95018687695e-05
369 159 9.95018687695e-05
369 160 9.95018687695e-05
369 161 9.95018687695e-05
369 162 9.95018687695e-05
369 163 9.95018687695e-05
369 164 9.95018687695e-05
369 165 9.95018687695e-05
369 166 9.95018687695e-05
369 167 9.95018687695e-05
369 168 9.95018687695e-05
369 169 9.95018687695e-05
369 170 9.95018687695e-05
369 171 9.95018687695e-05
369 172 9.95018687695e-05
369 173 9.95018687695e-05
369 174 9.95018687695e-05
369 175 9.95018687695e-05
369 176 9.95018687695e-05
369 177 9.95018687695e-05
369 178 9.95018687695e-05
369 179 9.95018687695e-05
369 180 9.95018687695e-05
369 181 9.95018687695e-05
369 182 9.95018687695e-05
369 183 9.95018687695e-05
369 184 9.95018687695e-05
369 185 9.95018687695e-05
369 186 9.95018687695e-05
369 187 9.95018687695e-05
369 188 9.95018687695e-05
369 189 9.95018687695e-05
369 190 9.95018687695e-05
369 191 9.95018687695e-05
369 192 9.95018687695e-05
369 193 9.95018687695e-05
369 194 9.95018687695e-05
369 195 9.95018687695e-05
369 196 9.95018687695e-05
369 197 9.95018687695e-05
369 198 9.95018687695e-05
369 199 9.95018687695e-05
369 200 5.59698011828e-05
369 201 5.59698011828e-05
369 202 5.59698011828e-05
369 203 2.48754671924e-05
369 204 5.59698011828e-05
369 205 5.59698011828e-05
369 206 9.95018687695e-05
369 207 9.95018687695e-05
369 208 9.95018687695e-05
369 209 9.95018687695e-05
369 210 9.95018687695e-05
369 211 9.95018687695e-05
369 212 9.95018687695e-05
369 213 5.59698011828e-05
369 214 9.95018687695e-05
369 215 5.59698011828e-05
369 216 9.95018687695e-05
369 217 9.95018687695e-05
369 218 9.95018687695e-05
369 219 9.95018687695e-05
369 220 9.95018687695e-05
369 221 9.95018687695e-05
369 222 9.95018687695e-05
369 223 9.95018687695e-05
369 224 9.95018687695e-05
369 225 9.95018687695e-05
369 226 9.95018687695e-05
369 227 9.95018687695e-05
369 228 9.95018687695e-05
369 229 9.95018687695e-05
369 230 9.95018687695e-05
369 231 9.95018687695e-05
369 232 9.95018687695e-05
369 233 9.95018687695e-05
369 234 9.95018687695e-05
369 235 9.95018687695e-05
369 236 9.95018687695e-05
369 237 9.95018687695e-05
369 238 9.95018687695e-05
369 239 5.59698011828e-05
369 240 9.95018687695e-05
369 241 9.95018687695e-05
369 242 9.95018687695e-05
369 243 9.95018687695e-05
369 244 9.95018687695e-05
369 245 9.95018687695e-05
369 246 9.95018687695e-05
369 247 9.95018687695e-05
369 248 9.95018687695e-05
369 249 9.95018687695e-05
369 250 9.95018687695e-05
369 251 5.59698011828e-05
369 252 9.95018687695e-05
369 253 9.95018687695e-05
369 254 9.95018687695e-05
369 255 9.95018687695e-05
369 256 9.95018687695e-05
369 257 9.95018687695e-05
369 258 9.95018687695e-05
369 259 9.95018687695e-05
369 260 9.95018687695e-05
369 261 9.95018687695e-05
369 262 9.95018687695e-05
369 263 9.95018687695e-05
369 264 9.95018687695e-05
369 265 9.95018687695e-05
369 266 9.95018687695e-05
369 267 9.95018687695e-05
369 268 9.95018687695e-05
369 269 9.95018687695e-05
369 270 9.95018687695e-05
369 271 9.95018687695e-05
369 272 9.95018687695e-05
369 273 9.95018687695e-05
369 274 9.95018687695e-05
369 275 9.95018687695e-05
369 276 9.95018687695e-05
369 277 9.95018687695e-05
369 278 9.95018687695e-05
369 279 9.95018687695e-05
369 280 9.95018687695e-05
369 281 9.95018687695e-05
369 282 9.95018687695e-05
369 283 9.95018687695e-05
369 284 9.95018687695e-05
369 285 9.95018687695e-05
369 286 9.95018687695e-05
369 287 9.95018687695e-05
369 288 9.95018687695e-05
369 289 9.95018687695e-05
369 290 9.95018687695e-05
369 291 9.95018687695e-05
369 292 9.95018687695e-05
369 293 9.95018687695e-05
369 294 9.95018687695e-05
369 295 9.95018687695e-05
369 296 9.95018687695e-05
369 297 5.59698011828e-05
369 298 9.95018687695e-05
369 299 9.95018687695e-05
369 300 9.95018687695e-05
369 301 5.59698011828e-05
369 302 9.95018687695e-05
369 303 9.95018687695e-05
369 304 9.95018687695e-05
369 305 5.59698011828e-05
369 306 9.95018687695e-05
369 307 9.95018687695e-05
369 308 9.95018687695e-05
369 309 9.95018687695e-05
369 310 9.95018687695e-05
369 311 9.95018687695e-05
369 312 9.95018687695e-05
369 313 9.95018687695e-05
369 314 9.95018687695e-05
369 315 9.95018687695e-05
369 316 9.95018687695e-05
369 317 9.95018687695e-05
369 318 9.95018687695e-05
369 319 9.95018687695e-05
369 320 9.95018687695e-05
369 321 9.95018687695e-05
369 322 9.95018687695e-05
369 323 9.95018687695e-05
369 324 9.95018687695e-05
369 325 9.95018687695e-05
369 326 9.95018687695e-05
369 327 9.95018687695e-05
369 328 9.95018687695e-05
369 329 9.95018687695e-05
369 330 9.95018687695e-05
369 331 9.95018687695e-05
369 332 9.95018687695e-05
369 333 9.95018687695e-05
369 334 9.95018687695e-05
369 335 9.95018687695e-05
369 336 9.95018687695e-05
369 337 9.95018687695e-05
369 338 9.95018687695e-05
369 339 9.95018687695e-05
369 340 9.95018687695e-05
369 341 9.95018687695e-05
369 342 9.95018687695e-05
369 343 9.95018687695e-05
369 344 9.95018687695e-05
369 345 9.95018687695e-05
369 346 9.95018687695e-05
369 347 9.95018687695e-05
369 348 9.95018687695e-05
369 349 9.95018687695e-05
369 350 9.95018687695e-05
369 351 9.95018687695e-05
369 352 9.95018687695e-05
369 353 9.95018687695e-05
369 354 9.95018687695e-05
369 355 9.95018687695e-05
369 356 9.95018687695e-05
369 357 9.95018687695e-05
369 358 9.95018687695e-05
369 359 9.95018687695e-05
369 360 9.95018687695e-05
369 361 9.95018687695e-05
369 362 9.95018687695e-05
369 363 6.21886679809e-06
369 364 0.0
369 365 6.21886679809e-06
369 366 0.0
369 367 0.0
369 368 6.21886679809e-06
369 369 0.0
369 370 0.0
369 371 2.48754671924e-05
369 372 0.0
369 373 6.21886679809e-06
369 374 0.0
369 375 0.0
369 376 0.0
369 377 6.21886679809e-06
369 378 0.0
369 379 0.0
369 380 0.0
369 381 5.59698011828e-05
369 382 0.0
369 383 2.48754671924e-05
369 384 0.0
369 385 5.59698011828e-05
369 386 0.0
369 387 2.48754671924e-05
369 388 0.0
369 389 0.0
369 390 0.0
369 391 9.95018687695e-05
369 392 0.0
369 393 6.21886679809e-06
369 394 0.0
369 395 9.95018687695e-05
369 396 0.0
369 397 9.95018687695e-05
369 398 0.0
369 399 6.21886679809e-06
369 400 0.0
370 0 0.0
370 1 2.48754671924e-05
370 2 0.0
370 3 2.48754671924e-05
370 4 0.0
370 5 0.000155471669952
370 6 0.0
370 7 0.000304724473107
370 8 0.0
370 9 2.48754671924e-05
370 10 0.0
370 11 0.000398007475078
370 12 0.0
370 13 5.59698011828e-05
370 14 0.0
370 15 2.48754671924e-05
370 16 0.0
370 17 0.000155471669952
370 18 0.0
370 19 6.21886679809e-06
370 20 0.0
370 21 6.21886679809e-06
370 22 0.0
370 23 0.0
370 24 0.0
370 25 0.0
370 26 0.0
370 27 0.0
370 28 0.0
370 29 0.0
370 30 0.0
370 31 6.21886679809e-06
370 32 0.0
370 33 6.21886679809e-06
370 34 0.0
370 35 6.21886679809e-06
370 36 0.0
370 37 0.0
370 38 0.0
370 39 0.0
370 40 0.0
370 41 0.0
370 42 0.0
370 43 0.0
370 44 0.0
370 45 0.0
370 46 0.0
370 47 0.0
370 48 0.0
370 49 0.0
370 50 0.0
370 51 0.0
370 52 0.0
370 53 0.0
370 54 0.0
370 55 0.0
370 56 0.0
370 57 0.0
370 58 0.0
370 59 0.0
370 60 0.0
370 61 0.0
370 62 0.0
370 63 0.0
370 64 0.0
370 65 0.0
370 66 0.0
370 67 0.0
370 68 0.0
370 69 0.0
370 70 0.0
370 71 0.0
370 72 0.0
370 73 0.0
370 74 0.0
370 75 0.0
370 76 0.0
370 77 0.0
370 78 0.0
370 79 0.0
370 80 0.0
370 81 0.0
370 82 0.0
370 83 0.0
370 84 0.0
370 85 0.0
370 86 0.0
370 87 0.0
370 88 0.0
370 89 0.0
370 90 0.0
370 91 0.0
370 92 0.0
370 93 0.0
370 94 0.0
370 95 0.0
370 96 0.0
370 97 0.0
370 98 0.0
370 99 0.0
370 100 0.0
370 101 0.0
370 102 0.0
370 103 0.0
370 104 0.0
370 105 0.0
370 106 0.0
370 107 0.0
370 108 0.0
370 109 0.0
370 110 0.0
370 111 0.0
370 112 0.0
370 113 0.0
370 114 0.0
370 115 0.0
370 116 0.0
370 117 0.0
370 118 0.0
370 119 0.0
370 120 0.0
370 121 0.0
370 122 0.0
370 123 0.0
370 124 0.0
370 125 0.0
370 126 0.0
370 127 0.0
370 128 0.0
370 129 0.0
370 130 0.0
370 131 0.0
370 132 0.0
370 133 0.0
370 134 0.0
370 135 0.0
370 136 0.0
370 137 0.0
370 138 0.0
370 139 0.0
370 140 0.0
370 141 0.0
370 142 0.0
370 143 0.0
370 144 0.0
370 145 0.0
370 146 0.0
370 147 0.0
370 148 0.0
370 149 0.0
370 150 0.0
370 151 0.0
370 152 0.0
370 153 0.0
370 154 0.0
370 155 0.0
370 156 0.0
370 157 0.0
370 158 0.0
370 159 0.0
370 160 0.0
370 161 0.0
370 162 0.0
370 163 0.0
370 164 0.0
370 165 0.0
370 166 0.0
370 167 0.0
370 168 0.0
370 169 0.0
370 170 0.0
370 171 0.0
370 172 0.0
370 173 0.0
370 174 0.0
370 175 0.0
370 176 0.0
370 177 0.0
370 178 0.0
370 179 0.0
370 180 0.0
370 181 0.0
370 182 0.0
370 183 0.0
370 184 0.0
370 185 0.0
370 186 0.0
370 187 0.0
370 188 0.0
370 189 0.0
370 190 0.0
370 191 0.0
370 192 0.0
370 193 0.0
370 194 0.0
370 195 0.0
370 196 0.0
370 197 0.0
370 198 0.0
370 199 0.0
370 200 0.0
370 201 0.0
370 202 0.0
370 203 0.0
370 204 0.0
370 205 0.0
370 206 0.0
370 207 0.0
370 208 0.0
370 209 0.0
370 210 0.0
370 211 0.0
370 212 0.0
370 213 0.0
370 214 0.0
370 215 0.0
370 216 0.0
370 217 0.0
370 218 0.0
370 219 0.0
370 220 0.0
370 221 0.0
370 222 0.0
370 223 0.0
370 224 0.0
370 225 0.0
370 226 0.0
370 227 0.0
370 228 0.0
370 229 0.0
370 230 0.0
370 231 0.0
370 232 0.0
370 233 0.0
370 234 0.0
370 235 0.0
370 236 0.0
370 237 0.0
370 238 0.0
370 239 0.0
370 240 0.0
370 241 0.0
370 242 0.0
370 243 0.0
370 244 0.0
370 245 0.0
370 246 0.0
370 247 0.0
370 248 0.0
370 249 0.0
370 250 0.0
370 251 0.0
370 252 0.0
370 253 0.0
370 254 0.0
370 255 0.0
370 256 0.0
370 257 0.0
370 258 0.0
370 259 0.0
370 260 0.0
370 261 0.0
370 262 0.0
370 263 0.0
370 264 0.0
370 265 0.0
370 266 0.0
370 267 0.0
370 268 0.0
370 269 0.0
370 270 0.0
370 271 0.0
370 272 0.0
370 273 0.0
370 274 0.0
370 275 0.0
370 276 0.0
370 277 0.0
370 278 0.0
370 279 0.0
370 280 0.0
370 281 0.0
370 282 0.0
370 283 0.0
370 284 0.0
370 285 0.0
370 286 0.0
370 287 0.0
370 288 0.0
370 289 0.0
370 290 0.0
370 291 0.0
370 292 0.0
370 293 0.0
370 294 0.0
370 295 0.0
370 296 0.0
370 297 0.0
370 298 0.0
370 299 0.0
370 300 0.0
370 301 0.0
370 302 0.0
370 303 0.0
370 304 0.0
370 305 0.0
370 306 0.0
370 307 0.0
370 308 0.0
370 309 0.0
370 310 0.0
370 311 0.0
370 312 0.0
370 313 0.0
370 314 0.0
370 315 0.0
370 316 0.0
370 317 0.0
370 318 0.0
370 319 0.0
370 320 0.0
370 321 0.0
370 322 0.0
370 323 0.0
370 324 0.0
370 325 0.0
370 326 0.0
370 327 0.0
370 328 0.0
370 329 0.0
370 330 0.0
370 331 0.0
370 332 0.0
370 333 0.0
370 334 0.0
370 335 0.0
370 336 0.0
370 337 0.0
370 338 0.0
370 339 0.0
370 340 0.0
370 341 0.0
370 342 0.0
370 343 0.0
370 344 0.0
370 345 0.0
370 346 0.0
370 347 0.0
370 348 0.0
370 349 0.0
370 350 0.0
370 351 0.0
370 352 0.0
370 353 0.0
370 354 0.0
370 355 0.0
370 356 0.0
370 357 0.0
370 358 0.0
370 359 0.0
370 360 0.0
370 361 0.0
370 362 0.0
370 363 2.48754671924e-05
370 364 0.0
370 365 6.21886679809e-06
370 366 0.0
370 367 6.21886679809e-06
370 368 0.0
370 369 6.21886679809e-06
370 370 0.0
370 371 6.21886679809e-06
370 372 0.0
370 373 0.0
370 374 0.0
370 375 0.0
370 376 0.0
370 377 0.0
370 378 0.0
370 379 0.0
370 380 0.0
370 381 5.59698011828e-05
370 382 0.0
370 383 2.48754671924e-05
370 384 0.0
370 385 5.59698011828e-05
370 386 0.0
370 387 2.48754671924e-05
370 388 0.0
370 389 0.0
370 390 0.0
370 391 0.000155471669952
370 392 0.0
370 393 6.21886679809e-06
370 394 0.0
370 395 9.95018687695e-05
370 396 0.0
370 397 5.59698011828e-05
370 398 0.0
370 399 6.21886679809e-06
370 400 0.0
371 0 0.0
371 1 2.48754671924e-05
371 2 0.0
371 3 2.48754671924e-05
371 4 0.0
371 5 0.000155471669952
371 6 0.0
371 7 0.000304724473107
371 8 0.0
371 9 2.48754671924e-05
371 10 0.0
371 11 0.000398007475078
371 12 0.0
371 13 5.59698011828e-05
371 14 0.0
371 15 2.48754671924e-05
371 16 0.0
371 17 0.000155471669952
371 18 0.0
371 19 6.21886679809e-06
371 20 0.0
371 21 6.21886679809e-06
371 22 0.0
371 23 0.0
371 24 0.0
371 25 0.0
371 26 0.0
371 27 0.0
371 28 0.0
371 29 0.0
371 30 0.0
371 31 2.48754671924e-05
371 32 2.48754671924e-05
371 33 5.59698011828e-05
371 34 2.48754671924e-05
371 35 2.48754671924e-05
371 36 6.21886679809e-06
371 37 6.21886679809e-06
371 38 6.21886679809e-06
371 39 6.21886679809e-06
371 40 6.21886679809e-06
371 41 6.21886679809e-06
371 42 6.21886679809e-06
371 43 6.21886679809e-06
371 44 6.21886679809e-06
371 45 6.21886679809e-06
371 46 6.21886679809e-06
371 47 6.21886679809e-06
371 48 6.21886679809e-06
371 49 6.21886679809e-06
371 50 6.21886679809e-06
371 51 6.21886679809e-06
371 52 6.21886679809e-06
371 53 6.21886679809e-06
371 54 6.21886679809e-06
371 55 6.21886679809e-06
371 56 6.21886679809e-06
371 57 6.21886679809e-06
371 58 6.21886679809e-06
371 59 6.21886679809e-06
371 60 6.21886679809e-06
371 61 6.21886679809e-06
371 62 6.21886679809e-06
371 63 6.21886679809e-06
371 64 6.21886679809e-06
371 65 6.21886679809e-06
371 66 6.21886679809e-06
371 67 6.21886679809e-06
371 68 6.21886679809e-06
371 69 6.21886679809e-06
371 70 6.21886679809e-06
371 71 6.21886679809e-06
371 72 6.21886679809e-06
371 73 6.21886679809e-06
371 74 6.21886679809e-06
371 75 6.21886679809e-06
371 76 6.21886679809e-06
371 77 6.21886679809e-06
371 78 6.21886679809e-06
371 79 6.21886679809e-06
371 80 6.21886679809e-06
371 81 6.21886679809e-06
371 82 6.21886679809e-06
371 83 6.21886679809e-06
371 84 6.21886679809e-06
371 85 6.21886679809e-06
371 86 6.21886679809e-06
371 87 6.21886679809e-06
371 88 6.21886679809e-06
371 89 6.21886679809e-06
371 90 6.21886679809e-06
371 91 6.21886679809e-06
371 92 6.21886679809e-06
371 93 6.21886679809e-06
371 94 6.21886679809e-06
371 95 6.21886679809e-06
371 96 6.21886679809e-06
371 97 6.21886679809e-06
371 98 6.21886679809e-06
371 99 6.21886679809e-06
371 100 6.21886679809e-06
371 101 6.21886679809e-06
371 102 6.21886679809e-06
371 103 6.21886679809e-06
371 104 6.21886679809e-06
371 105 6.21886679809e-06
371 106 6.21886679809e-06
371 107 6.21886679809e-06
371 108 6.21886679809e-06
371 109 6.21886679809e-06
371 110 6.21886679809e-06
371 111 6.21886679809e-06
371 112 6.21886679809e-06
371 113 6.21886679809e-06
371 114 6.21886679809e-06
371 115 6.21886679809e-06
371 116 6.21886679809e-06
371 117 6.21886679809e-06
371 118 6.21886679809e-06
371 119 6.21886679809e-06
371 120 6.21886679809e-06
371 121 6.21886679809e-06
371 122 6.21886679809e-06
371 123 6.21886679809e-06
371 124 6.21886679809e-06
371 125 6.21886679809e-06
371 126 6.21886679809e-06
371 127 6.21886679809e-06
371 128 6.21886679809e-06
371 129 6.21886679809e-06
371 130 6.21886679809e-06
371 131 6.21886679809e-06
371 132 6.21886679809e-06
371 133 6.21886679809e-06
371 134 6.21886679809e-06
371 135 6.21886679809e-06
371 136 6.21886679809e-06
371 137 6.21886679809e-06
371 138 6.21886679809e-06
371 139 6.21886679809e-06
371 140 6.21886679809e-06
371 141 6.21886679809e-06
371 142 6.21886679809e-06
371 143 6.21886679809e-06
371 144 6.21886679809e-06
371 145 6.21886679809e-06
371 146 6.21886679809e-06
371 147 6.21886679809e-06
371 148 6.21886679809e-06
371 149 6.21886679809e-06
371 150 6.21886679809e-06
371 151 6.21886679809e-06
371 152 6.21886679809e-06
371 153 6.21886679809e-06
371 154 6.21886679809e-06
371 155 6.21886679809e-06
371 156 6.21886679809e-06
371 157 6.21886679809e-06
371 158 6.21886679809e-06
371 159 6.21886679809e-06
371 160 6.21886679809e-06
371 161 6.21886679809e-06
371 162 6.21886679809e-06
371 163 6.21886679809e-06
371 164 6.21886679809e-06
371 165 6.21886679809e-06
371 166 6.21886679809e-06
371 167 6.21886679809e-06
371 168 6.21886679809e-06
371 169 6.21886679809e-06
371 170 6.21886679809e-06
371 171 6.21886679809e-06
371 172 6.21886679809e-06
371 173 6.21886679809e-06
371 174 6.21886679809e-06
371 175 6.21886679809e-06
371 176 6.21886679809e-06
371 177 6.21886679809e-06
371 178 6.21886679809e-06
371 179 6.21886679809e-06
371 180 6.21886679809e-06
371 181 6.21886679809e-06
371 182 6.21886679809e-06
371 183 6.21886679809e-06
371 184 6.21886679809e-06
371 185 6.21886679809e-06
371 186 6.21886679809e-06
371 187 6.21886679809e-06
371 188 6.21886679809e-06
371 189 6.21886679809e-06
371 190 6.21886679809e-06
371 191 6.21886679809e-06
371 192 6.21886679809e-06
371 193 6.21886679809e-06
371 194 6.21886679809e-06
371 195 6.21886679809e-06
371 196 6.21886679809e-06
371 197 6.21886679809e-06
371 198 6.21886679809e-06
371 199 6.21886679809e-06
371 200 6.21886679809e-06
371 201 6.21886679809e-06
371 202 6.21886679809e-06
371 203 6.21886679809e-06
371 204 6.21886679809e-06
371 205 6.21886679809e-06
371 206 6.21886679809e-06
371 207 6.21886679809e-06
371 208 6.21886679809e-06
371 209 6.21886679809e-06
371 210 6.21886679809e-06
371 211 6.21886679809e-06
371 212 6.21886679809e-06
371 213 6.21886679809e-06
371 214 6.21886679809e-06
371 215 6.21886679809e-06
371 216 6.21886679809e-06
371 217 6.21886679809e-06
371 218 6.21886679809e-06
371 219 6.21886679809e-06
371 220 6.21886679809e-06
371 221 6.21886679809e-06
371 222 6.21886679809e-06
371 223 6.21886679809e-06
371 224 6.21886679809e-06
371 225 6.21886679809e-06
371 226 6.21886679809e-06
371 227 6.21886679809e-06
371 228 6.21886679809e-06
371 229 6.21886679809e-06
371 230 6.21886679809e-06
371 231 6.21886679809e-06
371 232 6.21886679809e-06
371 233 6.21886679809e-06
371 234 6.21886679809e-06
371 235 6.21886679809e-06
371 236 6.21886679809e-06
371 237 6.21886679809e-06
371 238 6.21886679809e-06
371 239 6.21886679809e-06
371 240 6.21886679809e-06
371 241 6.21886679809e-06
371 242 6.21886679809e-06
371 243 6.21886679809e-06
371 244 6.21886679809e-06
371 245 6.21886679809e-06
371 246 6.21886679809e-06
371 247 6.21886679809e-06
371 248 6.21886679809e-06
371 249 6.21886679809e-06
371 250 6.21886679809e-06
371 251 6.21886679809e-06
371 252 6.21886679809e-06
371 253 6.21886679809e-06
371 254 6.21886679809e-06
371 255 6.21886679809e-06
371 256 6.21886679809e-06
371 257 6.21886679809e-06
371 258 6.21886679809e-06
371 259 6.21886679809e-06
371 260 6.21886679809e-06
371 261 6.21886679809e-06
371 262 6.21886679809e-06
371 263 6.21886679809e-06
371 264 6.21886679809e-06
371 265 6.21886679809e-06
371 266 6.21886679809e-06
371 267 6.21886679809e-06
371 268 6.21886679809e-06
371 269 6.21886679809e-06
371 270 6.21886679809e-06
371 271 6.21886679809e-06
371 272 6.21886679809e-06
371 273 6.21886679809e-06
371 274 6.21886679809e-06
371 275 6.21886679809e-06
371 276 6.21886679809e-06
371 277 6.21886679809e-06
371 278 6.21886679809e-06
371 279 6.21886679809e-06
371 280 6.21886679809e-06
371 281 6.21886679809e-06
371 282 6.21886679809e-06
371 283 6.21886679809e-06
371 284 6.21886679809e-06
371 285 6.21886679809e-06
371 286 6.21886679809e-06
371 287 6.21886679809e-06
371 288 6.21886679809e-06
371 289 6.21886679809e-06
371 290 6.21886679809e-06
371 291 6.21886679809e-06
371 292 6.21886679809e-06
371 293 6.21886679809e-06
371 294 6.21886679809e-06
371 295 6.21886679809e-06
371 296 6.21886679809e-06
371 297 6.21886679809e-06
371 298 6.21886679809e-06
371 299 6.21886679809e-06
371 300 6.21886679809e-06
371 301 6.21886679809e-06
371 302 6.21886679809e-06
371 303 6.21886679809e-06
371 304 6.21886679809e-06
371 305 6.21886679809e-06
371 306 6.21886679809e-06
371 307 6.21886679809e-06
371 308 6.21886679809e-06
371 309 6.21886679809e-06
371 310 6.21886679809e-06
371 311 6.21886679809e-06
371 312 6.21886679809e-06
371 313 6.21886679809e-06
371 314 6.21886679809e-06
371 315 6.21886679809e-06
371 316 6.21886679809e-06
371 317 6.21886679809e-06
371 318 6.21886679809e-06
371 319 6.21886679809e-06
371 320 6.21886679809e-06
371 321 6.21886679809e-06
371 322 6.21886679809e-06
371 323 6.21886679809e-06
371 324 6.21886679809e-06
371 325 6.21886679809e-06
371 326 6.21886679809e-06
371 327 6.21886679809e-06
371 328 6.21886679809e-06
371 329 6.21886679809e-06
371 330 6.21886679809e-06
371 331 6.21886679809e-06
371 332 6.21886679809e-06
371 333 6.21886679809e-06
371 334 6.21886679809e-06
371 335 6.21886679809e-06
371 336 6.21886679809e-06
371 337 6.21886679809e-06
371 338 6.21886679809e-06
371 339 6.21886679809e-06
371 340 6.21886679809e-06
371 341 6.21886679809e-06
371 342 6.21886679809e-06
371 343 6.21886679809e-06
371 344 6.21886679809e-06
371 345 6.21886679809e-06
371 346 6.21886679809e-06
371 347 6.21886679809e-06
371 348 6.21886679809e-06
371 349 6.21886679809e-06
371 350 6.21886679809e-06
371 351 6.21886679809e-06
371 352 6.21886679809e-06
371 353 6.21886679809e-06
371 354 6.21886679809e-06
371 355 6.21886679809e-06
371 356 6.21886679809e-06
371 357 6.21886679809e-06
371 358 6.21886679809e-06
371 359 6.21886679809e-06
371 360 6.21886679809e-06
371 361 6.21886679809e-06
371 362 6.21886679809e-06
371 363 2.48754671924e-05
371 364 2.48754671924e-05
371 365 5.59698011828e-05
371 366 2.48754671924e-05
371 367 2.48754671924e-05
371 368 2.48754671924e-05
371 369 2.48754671924e-05
371 370 2.48754671924e-05
371 371 2.48754671924e-05
371 372 2.48754671924e-05
371 373 2.48754671924e-05
371 374 6.21886679809e-06
371 375 6.21886679809e-06
371 376 6.21886679809e-06
371 377 6.21886679809e-06
371 378 0.0
371 379 0.0
371 380 0.0
371 381 5.59698011828e-05
371 382 0.0
371 383 2.48754671924e-05
371 384 0.0
371 385 5.59698011828e-05
371 386 0.0
371 387 2.48754671924e-05
371 388 0.0
371 389 0.0
371 390 0.0
371 391 9.95018687695e-05
371 392 0.0
371 393 2.48754671924e-05
371 394 2.48754671924e-05
371 395 0.000155471669952
371 396 6.21886679809e-06
371 397 5.59698011828e-05
371 398 0.0
371 399 6.21886679809e-06
371 400 0.0
372 0 0.0
372 1 2.48754671924e-05
372 2 0.0
372 3 2.48754671924e-05
372 4 0.0
372 5 0.000155471669952
372 6 0.0
372 7 0.000304724473107
372 8 0.0
372 9 2.48754671924e-05
372 10 0.0
372 11 0.000398007475078
372 12 0.0
372 13 5.59698011828e-05
372 14 0.0
372 15 2.48754671924e-05
372 16 0.0
372 17 0.000155471669952
372 18 0.0
372 19 6.21886679809e-06
372 20 0.0
372 21 6.21886679809e-06
372 22 0.0
372 23 0.0
372 24 0.0
372 25 0.0
372 26 0.0
372 27 0.0
372 28 0.0
372 29 0.0
372 30 0.0
372 31 0.0
372 32 0.0
372 33 0.0
372 34 0.0
372 35 0.0
372 36 0.0
372 37 0.0
372 38 0.0
372 39 0.0
372 40 0.0
372 41 0.0
372 42 0.0
372 43 0.0
372 44 0.0
372 45 0.0
372 46 0.0
372 47 0.0
372 48 0.0
372 49 0.0
372 50 0.0
372 51 0.0
372 52 0.0
372 53 0.0
372 54 0.0
372 55 0.0
372 56 0.0
372 57 0.0
372 58 0.0
372 59 0.0
372 60 0.0
372 61 0.0
372 62 0.0
372 63 0.0
372 64 0.0
372 65 0.0
372 66 0.0
372 67 0.0
372 68 0.0
372 69 0.0
372 70 0.0
372 71 0.0
372 72 0.0
372 73 0.0
372 74 0.0
372 75 0.0
372 76 0.0
372 77 0.0
372 78 0.0
372 79 0.0
372 80 0.0
372 81 0.0
372 82 0.0
372 83 0.0
372 84 0.0
372 85 0.0
372 86 0.0
372 87 0.0
372 88 0.0
372 89 0.0
372 90 0.0
372 91 0.0
372 92 0.0
372 93 0.0
372 94 0.0
372 95 0.0
372 96 0.0
372 97 0.0
372 98 0.0
372 99 0.0
372 100 0.0
372 101 0.0
372 102 0.0
372 103 0.0
372 104 0.0
372 105 0.0
372 106 0.0
372 107 0.0
372 108 0.0
372 109 0.0
372 110 0.0
372 111 0.0
372 112 0.0
372 113 0.0
372 114 0.0
372 115 0.0
372 116 0.0
372 117 0.0
372 118 0.0
372 119 0.0
372 120 0.0
372 121 0.0
372 122 0.0
372 123 0.0
372 124 0.0
372 125 0.0
372 126 0.0
372 127 0.0
372 128 0.0
372 129 0.0
372 130 0.0
372 131 0.0
372 132 0.0
372 133 0.0
372 134 0.0
372 135 0.0
372 136 0.0
372 137 0.0
372 138 0.0
372 139 0.0
372 140 0.0
372 141 0.0
372 142 0.0
372 143 0.0
372 144 0.0
372 145 0.0
372 146 0.0
372 147 0.0
372 148 0.0
372 149 0.0
372 150 0.0
372 151 0.0
372 152 0.0
372 153 0.0
372 154 0.0
372 155 0.0
372 156 0.0
372 157 0.0
372 158 0.0
372 159 0.0
372 160 0.0
372 161 0.0
372 162 0.0
372 163 0.0
372 164 0.0
372 165 0.0
372 166 0.0
372 167 0.0
372 168 0.0
372 169 0.0
372 170 0.0
372 171 0.0
372 172 0.0
372 173 0.0
372 174 0.0
372 175 0.0
372 176 0.0
372 177 0.0
372 178 0.0
372 179 0.0
372 180 0.0
372 181 0.0
372 182 0.0
372 183 0.0
372 184 0.0
372 185 0.0
372 186 0.0
372 187 0.0
372 188 0.0
372 189 0.0
372 190 0.0
372 191 0.0
372 192 0.0
372 193 0.0
372 194 0.0
372 195 0.0
372 196 0.0
372 197 0.0
372 198 0.0
372 199 0.0
372 200 0.0
372 201 0.0
372 202 0.0
372 203 0.0
372 204 0.0
372 205 0.0
372 206 0.0
372 207 0.0
372 208 0.0
372 209 0.0
372 210 0.0
372 211 0.0
372 212 0.0
372 213 0.0
372 214 0.0
372 215 0.0
372 216 0.0
372 217 0.0
372 218 0.0
372 219 0.0
372 220 0.0
372 221 0.0
372 222 0.0
372 223 0.0
372 224 0.0
372 225 0.0
372 226 0.0
372 227 0.0
372 228 0.0
372 229 0.0
372 230 0.0
372 231 0.0
372 232 0.0
372 233 0.0
372 234 0.0
372 235 0.0
372 236 0.0
372 237 0.0
372 238 0.0
372 239 0.0
372 240 0.0
372 241 0.0
372 242 0.0
372 243 0.0
372 244 0.0
372 245 0.0
372 246 0.0
372 247 0.0
372 248 0.0
372 249 0.0
372 250 0.0
372 251 0.0
372 252 0.0
372 253 0.0
372 254 0.0
372 255 0.0
372 256 0.0
372 257 0.0
372 258 0.0
372 259 0.0
372 260 0.0
372 261 0.0
372 262 0.0
372 263 0.0
372 264 0.0
372 265 0.0
372 266 0.0
372 267 0.0
372 268 0.0
372 269 0.0
372 270 0.0
372 271 0.0
372 272 0.0
372 273 0.0
372 274 0.0
372 275 0.0
372 276 0.0
372 277 0.0
372 278 0.0
372 279 0.0
372 280 0.0
372 281 0.0
372 282 0.0
372 283 0.0
372 284 0.0
372 285 0.0
372 286 0.0
372 287 0.0
372 288 0.0
372 289 0.0
372 290 0.0
372 291 0.0
372 292 0.0
372 293 0.0
372 294 0.0
372 295 0.0
372 296 0.0
372 297 0.0
372 298 0.0
372 299 0.0
372 300 0.0
372 301 0.0
372 302 0.0
372 303 0.0
372 304 0.0
372 305 0.0
372 306 0.0
372 307 0.0
372 308 0.0
372 309 0.0
372 310 0.0
372 311 0.0
372 312 0.0
372 313 0.0
372 314 0.0
372 315 0.0
372 316 0.0
372 317 0.0
372 318 0.0
372 319 0.0
372 320 0.0
372 321 0.0
372 322 0.0
372 323 0.0
372 324 0.0
372 325 0.0
372 326 0.0
372 327 0.0
372 328 0.0
372 329 0.0
372 330 0.0
372 331 0.0
372 332 0.0
372 333 0.0
372 334 0.0
372 335 0.0
372 336 0.0
372 337 0.0
372 338 0.0
372 339 0.0
372 340 0.0
372 341 0.0
372 342 0.0
372 343 0.0
372 344 0.0
372 345 0.0
372 346 0.0
372 347 0.0
372 348 0.0
372 349 0.0
372 350 0.0
372 351 0.0
372 352 0.0
372 353 0.0
372 354 0.0
372 355 0.0
372 356 0.0
372 357 0.0
372 358 0.0
372 359 0.0
372 360 0.0
372 361 0.0
372 362 0.0
372 363 0.0
372 364 0.0
372 365 0.0
372 366 0.0
372 367 0.0
372 368 0.0
372 369 0.0
372 370 0.0
372 371 0.0
372 372 0.0
372 373 0.0
372 374 0.0
372 375 0.0
372 376 0.0
372 377 0.0
372 378 0.0
372 379 0.0
372 380 0.0
372 381 5.59698011828e-05
372 382 0.0
372 383 2.48754671924e-05
372 384 0.0
372 385 5.59698011828e-05
372 386 0.0
372 387 2.48754671924e-05
372 388 0.0
372 389 0.0
372 390 0.0
372 391 9.95018687695e-05
372 392 0.0
372 393 6.21886679809e-06
372 394 0.0
372 395 9.95018687695e-05
372 396 0.0
372 397 9.95018687695e-05
372 398 0.0
372 399 2.48754671924e-05
372 400 0.0
373 0 0.0
373 1 2.48754671924e-05
373 2 0.0
373 3 2.48754671924e-05
373 4 0.0
373 5 0.000155471669952
373 6 0.0
373 7 0.000304724473107
373 8 6.21886679809e-06
373 9 5.59698011828e-05
373 10 0.0
373 11 0.000398007475078
373 12 6.21886679809e-06
373 13 2.48754671924e-05
373 14 0.0
373 15 5.59698011828e-05
373 16 6.21886679809e-06
373 17 5.59698011828e-05
373 18 6.21886679809e-06
373 19 2.48754671924e-05
373 20 6.21886679809e-06
373 21 2.48754671924e-05
373 22 6.21886679809e-06
373 23 6.21886679809e-06
373 24 6.21886679809e-06
373 25 6.21886679809e-06
373 26 6.21886679809e-06
373 27 6.21886679809e-06
373 28 6.21886679809e-06
373 29 6.21886679809e-06
373 30 6.21886679809e-06
373 31 6.21886679809e-06
373 32 6.21886679809e-06
373 33 6.21886679809e-06
373 34 6.21886679809e-06
373 35 6.21886679809e-06
373 36 6.21886679809e-06
373 37 6.21886679809e-06
373 38 6.21886679809e-06
373 39 6.21886679809e-06
373 40 6.21886679809e-06
373 41 6.21886679809e-06
373 42 6.21886679809e-06
373 43 6.21886679809e-06
373 44 6.21886679809e-06
373 45 6.21886679809e-06
373 46 6.21886679809e-06
373 47 6.21886679809e-06
373 48 6.21886679809e-06
373 49 6.21886679809e-06
373 50 6.21886679809e-06
373 51 6.21886679809e-06
373 52 6.21886679809e-06
373 53 6.21886679809e-06
373 54 6.21886679809e-06
373 55 6.21886679809e-06
373 56 6.21886679809e-06
373 57 6.21886679809e-06
373 58 6.21886679809e-06
373 59 6.21886679809e-06
373 60 6.21886679809e-06
373 61 6.21886679809e-06
373 62 6.21886679809e-06
373 63 6.21886679809e-06
373 64 6.21886679809e-06
373 65 6.21886679809e-06
373 66 6.21886679809e-06
373 67 6.21886679809e-06
373 68 6.21886679809e-06
373 69 6.21886679809e-06
373 70 6.21886679809e-06
373 71 6.21886679809e-06
373 72 6.21886679809e-06
373 73 6.21886679809e-06
373 74 6.21886679809e-06
373 75 6.21886679809e-06
373 76 6.21886679809e-06
373 77 6.21886679809e-06
373 78 6.21886679809e-06
373 79 6.21886679809e-06
373 80 6.21886679809e-06
373 81 6.21886679809e-06
373 82 6.21886679809e-06
373 83 6.21886679809e-06
373 84 6.21886679809e-06
373 85 6.21886679809e-06
373 86 6.21886679809e-06
373 87 6.21886679809e-06
373 88 6.21886679809e-06
373 89 6.21886679809e-06
373 90 6.21886679809e-06
373 91 6.21886679809e-06
373 92 6.21886679809e-06
373 93 6.21886679809e-06
373 94 6.21886679809e-06
373 95 6.21886679809e-06
373 96 6.21886679809e-06
373 97 6.21886679809e-06
373 98 6.21886679809e-06
373 99 6.21886679809e-06
373 100 6.21886679809e-06
373 101 6.21886679809e-06
373 102 6.21886679809e-06
373 103 6.21886679809e-06
373 104 6.21886679809e-06
373 105 6.21886679809e-06
373 106 6.21886679809e-06
373 107 6.21886679809e-06
373 108 6.21886679809e-06
373 109 6.21886679809e-06
373 110 6.21886679809e-06
373 111 6.21886679809e-06
373 112 6.21886679809e-06
373 113 6.21886679809e-06
373 114 6.21886679809e-06
373 115 6.21886679809e-06
373 116 6.21886679809e-06
373 117 6.21886679809e-06
373 118 6.21886679809e-06
373 119 6.21886679809e-06
373 120 6.21886679809e-06
373 121 6.21886679809e-06
373 122 6.21886679809e-06
373 123 6.21886679809e-06
373 124 6.21886679809e-06
373 125 6.21886679809e-06
373 126 6.21886679809e-06
373 127 6.21886679809e-06
373 128 6.21886679809e-06
373 129 6.21886679809e-06
373 130 6.21886679809e-06
373 131 6.21886679809e-06
373 132 6.21886679809e-06
373 133 6.21886679809e-06
373 134 6.21886679809e-06
373 135 6.21886679809e-06
373 136 6.21886679809e-06
373 137 6.21886679809e-06
373 138 6.21886679809e-06
373 139 6.21886679809e-06
373 140 6.21886679809e-06
373 141 6.21886679809e-06
373 142 6.21886679809e-06
373 143 6.21886679809e-06
373 144 6.21886679809e-06
373 145 6.21886679809e-06
373 146 6.21886679809e-06
373 147 6.21886679809e-06
373 148 6.21886679809e-06
373 149 6.21886679809e-06
373 150 6.21886679809e-06
373 151 6.21886679809e-06
373 152 6.21886679809e-06
373 153 6.21886679809e-06
373 154 6.21886679809e-06
373 155 6.21886679809e-06
373 156 6.21886679809e-06
373 157 6.21886679809e-06
373 158 6.21886679809e-06
373 159 6.21886679809e-06
373 160 6.21886679809e-06
373 161 6.21886679809e-06
373 162 6.21886679809e-06
373 163 6.21886679809e-06
373 164 6.21886679809e-06
373 165 6.21886679809e-06
373 166 6.21886679809e-06
373 167 6.21886679809e-06
373 168 6.21886679809e-06
373 169 6.21886679809e-06
373 170 6.21886679809e-06
373 171 6.21886679809e-06
373 172 6.21886679809e-06
373 173 6.21886679809e-06
373 174 6.21886679809e-06
373 175 6.21886679809e-06
373 176 6.21886679809e-06
373 177 6.21886679809e-06
373 178 6.21886679809e-06
373 179 6.21886679809e-06
373 180 6.21886679809e-06
373 181 6.21886679809e-06
373 182 6.21886679809e-06
373 183 6.21886679809e-06
373 184 6.21886679809e-06
373 185 6.21886679809e-06
373 186 6.21886679809e-06
373 187 6.21886679809e-06
373 188 6.21886679809e-06
373 189 6.21886679809e-06
373 190 6.21886679809e-06
373 191 6.21886679809e-06
373 192 6.21886679809e-06
373 193 6.21886679809e-06
373 194 6.21886679809e-06
373 195 6.21886679809e-06
373 196 6.21886679809e-06
373 197 6.21886679809e-06
373 198 6.21886679809e-06
373 199 6.21886679809e-06
373 200 6.21886679809e-06
373 201 6.21886679809e-06
373 202 6.21886679809e-06
373 203 6.21886679809e-06
373 204 6.21886679809e-06
373 205 6.21886679809e-06
373 206 6.21886679809e-06
373 207 6.21886679809e-06
373 208 6.21886679809e-06
373 209 6.21886679809e-06
373 210 6.21886679809e-06
373 211 6.21886679809e-06
373 212 6.21886679809e-06
373 213 6.21886679809e-06
373 214 6.21886679809e-06
373 215 6.21886679809e-06
373 216 6.21886679809e-06
373 217 6.21886679809e-06
373 218 6.21886679809e-06
373 219 6.21886679809e-06
373 220 6.21886679809e-06
373 221 6.21886679809e-06
373 222 6.21886679809e-06
373 223 6.21886679809e-06
373 224 6.21886679809e-06
373 225 6.21886679809e-06
373 226 6.21886679809e-06
373 227 6.21886679809e-06
373 228 6.21886679809e-06
373 229 6.21886679809e-06
373 230 6.21886679809e-06
373 231 6.21886679809e-06
373 232 6.21886679809e-06
373 233 6.21886679809e-06
373 234 6.21886679809e-06
373 235 6.21886679809e-06
373 236 6.21886679809e-06
373 237 6.21886679809e-06
373 238 6.21886679809e-06
373 239 6.21886679809e-06
373 240 6.21886679809e-06
373 241 6.21886679809e-06
373 242 6.21886679809e-06
373 243 6.21886679809e-06
373 244 6.21886679809e-06
373 245 6.21886679809e-06
373 246 6.21886679809e-06
373 247 6.21886679809e-06
373 248 6.21886679809e-06
373 249 6.21886679809e-06
373 250 6.21886679809e-06
373 251 6.21886679809e-06
373 252 6.21886679809e-06
373 253 6.21886679809e-06
373 254 6.21886679809e-06
373 255 6.21886679809e-06
373 256 6.21886679809e-06
373 257 6.21886679809e-06
373 258 6.21886679809e-06
373 259 6.21886679809e-06
373 260 6.21886679809e-06
373 261 6.21886679809e-06
373 262 6.21886679809e-06
373 263 6.21886679809e-06
373 264 6.21886679809e-06
373 265 6.21886679809e-06
373 266 6.21886679809e-06
373 267 6.21886679809e-06
373 268 6.21886679809e-06
373 269 6.21886679809e-06
373 270 6.21886679809e-06
373 271 6.21886679809e-06
373 272 6.21886679809e-06
373 273 6.21886679809e-06
373 274 6.21886679809e-06
373 275 6.21886679809e-06
373 276 6.21886679809e-06
373 277 6.21886679809e-06
373 278 6.21886679809e-06
373 279 6.21886679809e-06
373 280 6.21886679809e-06
373 281 6.21886679809e-06
373 282 6.21886679809e-06
373 283 6.21886679809e-06
373 284 6.21886679809e-06
373 285 6.21886679809e-06
373 286 6.21886679809e-06
373 287 6.21886679809e-06
373 288 6.21886679809e-06
373 289 6.21886679809e-06
373 290 6.21886679809e-06
373 291 6.21886679809e-06
373 292 6.21886679809e-06
373 293 6.21886679809e-06
373 294 6.21886679809e-06
373 295 6.21886679809e-06
373 296 6.21886679809e-06
373 297 6.21886679809e-06
373 298 6.21886679809e-06
373 299 6.21886679809e-06
373 300 6.21886679809e-06
373 301 6.21886679809e-06
373 302 6.21886679809e-06
373 303 6.21886679809e-06
373 304 6.21886679809e-06
373 305 6.21886679809e-06
373 306 6.21886679809e-06
373 307 6.21886679809e-06
373 308 6.21886679809e-06
373 309 6.21886679809e-06
373 310 6.21886679809e-06
373 311 6.21886679809e-06
373 312 6.21886679809e-06
373 313 6.21886679809e-06
373 314 6.21886679809e-06
373 315 6.21886679809e-06
373 316 6.21886679809e-06
373 317 6.21886679809e-06
373 318 6.21886679809e-06
373 319 6.21886679809e-06
373 320 6.21886679809e-06
373 321 6.21886679809e-06
373 322 6.21886679809e-06
373 323 6.21886679809e-06
373 324 6.21886679809e-06
373 325 6.21886679809e-06
373 326 6.21886679809e-06
373 327 6.21886679809e-06
373 328 6.21886679809e-06
373 329 6.21886679809e-06
373 330 6.21886679809e-06
373 331 6.21886679809e-06
373 332 6.21886679809e-06
373 333 6.21886679809e-06
373 334 6.21886679809e-06
373 335 6.21886679809e-06
373 336 6.21886679809e-06
373 337 6.21886679809e-06
373 338 6.21886679809e-06
373 339 6.21886679809e-06
373 340 6.21886679809e-06
373 341 6.21886679809e-06
373 342 6.21886679809e-06
373 343 6.21886679809e-06
373 344 6.21886679809e-06
373 345 6.21886679809e-06
373 346 6.21886679809e-06
373 347 6.21886679809e-06
373 348 6.21886679809e-06
373 349 6.21886679809e-06
373 350 6.21886679809e-06
373 351 6.21886679809e-06
373 352 6.21886679809e-06
373 353 6.21886679809e-06
373 354 6.21886679809e-06
373 355 6.21886679809e-06
373 356 6.21886679809e-06
373 357 6.21886679809e-06
373 358 6.21886679809e-06
373 359 6.21886679809e-06
373 360 6.21886679809e-06
373 361 6.21886679809e-06
373 362 6.21886679809e-06
373 363 6.21886679809e-06
373 364 6.21886679809e-06
373 365 6.21886679809e-06
373 366 6.21886679809e-06
373 367 6.21886679809e-06
373 368 6.21886679809e-06
373 369 6.21886679809e-06
373 370 6.21886679809e-06
373 371 6.21886679809e-06
373 372 6.21886679809e-06
373 373 6.21886679809e-06
373 374 6.21886679809e-06
373 375 6.21886679809e-06
373 376 6.21886679809e-06
373 377 6.21886679809e-06
373 378 6.21886679809e-06
373 379 6.21886679809e-06
373 380 6.21886679809e-06
373 381 2.48754671924e-05
373 382 6.21886679809e-06
373 383 5.59698011828e-05
373 384 6.21886679809e-06
373 385 2.48754671924e-05
373 386 0.0
373 387 2.48754671924e-05
373 388 0.0
373 389 0.0
373 390 0.0
373 391 5.59698011828e-05
373 392 6.21886679809e-06
373 393 2.48754671924e-05
373 394 0.0
373 395 9.95018687695e-05
373 396 6.21886679809e-06
373 397 5.59698011828e-05
373 398 0.0
373 399 6.21886679809e-06
373 400 0.0
374 0 0.0
374 1 2.48754671924e-05
374 2 0.0
374 3 2.48754671924e-05
374 4 0.0
374 5 0.000155471669952
374 6 0.0
374 7 0.000304724473107
374 8 0.0
374 9 2.48754671924e-05
374 10 0.0
374 11 0.000398007475078
374 12 0.0
374 13 5.59698011828e-05
374 14 0.0
374 15 2.48754671924e-05
374 16 0.0
374 17 0.000155471669952
374 18 0.0
374 19 6.21886679809e-06
374 20 0.0
374 21 6.21886679809e-06
374 22 0.0
374 23 0.0
374 24 0.0
374 25 0.0
374 26 0.0
374 27 0.0
374 28 0.0
374 29 0.0
374 30 0.0
374 31 0.0
374 32 0.0
374 33 0.0
374 34 0.0
374 35 0.0
374 36 0.0
374 37 0.0
374 38 0.0
374 39 0.0
374 40 0.0
374 41 0.0
374 42 0.0
374 43 0.0
374 44 0.0
374 45 0.0
374 46 0.0
374 47 0.0
374 48 0.0
374 49 0.0
374 50 0.0
374 51 0.0
374 52 0.0
374 53 0.0
374 54 0.0
374 55 0.0
374 56 0.0
374 57 0.0
374 58 0.0
374 59 0.0
374 60 0.0
374 61 0.0
374 62 0.0
374 63 0.0
374 64 0.0
374 65 0.0
374 66 0.0
374 67 0.0
374 68 0.0
374 69 0.0
374 70 0.0
374 71 0.0
374 72 0.0
374 73 0.0
374 74 0.0
374 75 0.0
374 76 0.0
374 77 0.0
374 78 0.0
374 79 0.0
374 80 0.0
374 81 0.0
374 82 0.0
374 83 0.0
374 84 0.0
374 85 0.0
374 86 0.0
374 87 0.0
374 88 0.0
374 89 0.0
374 90 0.0
374 91 0.0
374 92 0.0
374 93 0.0
374 94 0.0
374 95 0.0
374 96 0.0
374 97 0.0
374 98 0.0
374 99 0.0
374 100 0.0
374 101 0.0
374 102 0.0
374 103 0.0
374 104 0.0
374 105 0.0
374 106 0.0
374 107 0.0
374 108 0.0
374 109 0.0
374 110 0.0
374 111 0.0
374 112 0.0
374 113 0.0
374 114 0.0
374 115 0.0
374 116 0.0
374 117 0.0
374 118 0.0
374 119 0.0
374 120 0.0
374 121 0.0
374 122 0.0
374 123 0.0
374 124 0.0
374 125 0.0
374 126 0.0
374 127 0.0
374 128 0.0
374 129 0.0
374 130 0.0
374 131 0.0
374 132 0.0
374 133 0.0
374 134 0.0
374 135 0.0
374 136 0.0
374 137 0.0
374 138 0.0
374 139 0.0
374 140 0.0
374 141 0.0
374 142 0.0
374 143 0.0
374 144 0.0
374 145 0.0
374 146 0.0
374 147 0.0
374 148 0.0
374 149 0.0
374 150 0.0
374 151 0.0
374 152 0.0
374 153 0.0
374 154 0.0
374 155 0.0
374 156 0.0
374 157 0.0
374 158 0.0
374 159 0.0
374 160 0.0
374 161 0.0
374 162 0.0
374 163 0.0
374 164 0.0
374 165 0.0
374 166 0.0
374 167 0.0
374 168 0.0
374 169 0.0
374 170 0.0
374 171 0.0
374 172 0.0
374 173 0.0
374 174 0.0
374 175 0.0
374 176 0.0
374 177 0.0
374 178 0.0
374 179 0.0
374 180 0.0
374 181 0.0
374 182 0.0
374 183 0.0
374 184 0.0
374 185 0.0
374 186 0.0
374 187 0.0
374 188 0.0
374 189 0.0
374 190 0.0
374 191 0.0
374 192 0.0
374 193 0.0
374 194 0.0
374 195 0.0
374 196 0.0
374 197 0.0
374 198 0.0
374 199 0.0
374 200 0.0
374 201 0.0
374 202 0.0
374 203 0.0
374 204 0.0
374 205 0.0
374 206 0.0
374 207 0.0
374 208 0.0
374 209 0.0
374 210 0.0
374 211 0.0
374 212 0.0
374 213 0.0
374 214 0.0
374 215 0.0
374 216 0.0
374 217 0.0
374 218 0.0
374 219 0.0
374 220 0.0
374 221 0.0
374 222 0.0
374 223 0.0
374 224 0.0
374 225 0.0
374 226 0.0
374 227 0.0
374 228 0.0
374 229 0.0
374 230 0.0
374 231 0.0
374 232 0.0
374 233 0.0
374 234 0.0
374 235 0.0
374 236 0.0
374 237 0.0
374 238 0.0
374 239 0.0
374 240 0.0
374 241 0.0
374 242 0.0
374 243 0.0
374 244 0.0
374 245 0.0
374 246 0.0
374 247 0.0
374 248 0.0
374 249 0.0
374 250 0.0
374 251 0.0
374 252 0.0
374 253 0.0
374 254 0.0
374 255 0.0
374 256 0.0
374 257 0.0
374 258 0.0
374 259 0.0
374 260 0.0
374 261 0.0
374 262 0.0
374 263 0.0
374 264 0.0
374 265 0.0
374 266 0.0
374 267 0.0
374 268 0.0
374 269 0.0
374 270 0.0
374 271 0.0
374 272 0.0
374 273 0.0
374 274 0.0
374 275 0.0
374 276 0.0
374 277 0.0
374 278 0.0
374 279 0.0
374 280 0.0
374 281 0.0
374 282 0.0
374 283 0.0
374 284 0.0
374 285 0.0
374 286 0.0
374 287 0.0
374 288 0.0
374 289 0.0
374 290 0.0
374 291 0.0
374 292 0.0
374 293 0.0
374 294 0.0
374 295 0.0
374 296 0.0
374 297 0.0
374 298 0.0
374 299 0.0
374 300 0.0
374 301 0.0
374 302 0.0
374 303 0.0
374 304 0.0
374 305 0.0
374 306 0.0
374 307 0.0
374 308 0.0
374 309 0.0
374 310 0.0
374 311 0.0
374 312 0.0
374 313 0.0
374 314 0.0
374 315 0.0
374 316 0.0
374 317 0.0
374 318 0.0
374 319 0.0
374 320 0.0
374 321 0.0
374 322 0.0
374 323 0.0
374 324 0.0
374 325 0.0
374 326 0.0
374 327 0.0
374 328 0.0
374 329 0.0
374 330 0.0
374 331 0.0
374 332 0.0
374 333 0.0
374 334 0.0
374 335 0.0
374 336 0.0
374 337 0.0
374 338 0.0
374 339 0.0
374 340 0.0
374 341 0.0
374 342 0.0
374 343 0.0
374 344 0.0
374 345 0.0
374 346 0.0
374 347 0.0
374 348 0.0
374 349 0.0
374 350 0.0
374 351 0.0
374 352 0.0
374 353 0.0
374 354 0.0
374 355 0.0
374 356 0.0
374 357 0.0
374 358 0.0
374 359 0.0
374 360 0.0
374 361 0.0
374 362 0.0
374 363 0.0
374 364 0.0
374 365 0.0
374 366 0.0
374 367 0.0
374 368 0.0
374 369 0.0
374 370 0.0
374 371 0.0
374 372 0.0
374 373 0.0
374 374 0.0
374 375 0.0
374 376 0.0
374 377 0.0
374 378 0.0
374 379 0.0
374 380 0.0
374 381 5.59698011828e-05
374 382 0.0
374 383 2.48754671924e-05
374 384 0.0
374 385 5.59698011828e-05
374 386 0.0
374 387 2.48754671924e-05
374 388 0.0
374 389 0.0
374 390 0.0
374 391 9.95018687695e-05
374 392 0.0
374 393 6.21886679809e-06
374 394 0.0
374 395 9.95018687695e-05
374 396 0.0
374 397 9.95018687695e-05
374 398 0.0
374 399 2.48754671924e-05
374 400 0.0
375 0 0.0
375 1 2.48754671924e-05
375 2 0.0
375 3 2.48754671924e-05
375 4 6.21886679809e-06
375 5 9.95018687695e-05
375 6 0.0
375 7 0.000398007475078
375 8 0.0
375 9 5.59698011828e-05
375 10 6.21886679809e-06
375 11 0.000398007475078
375 12 0.0
375 13 2.48754671924e-05
375 14 6.21886679809e-06
375 15 5.59698011828e-05
375 16 0.0
375 17 0.000155471669952
375 18 0.0
375 19 6.21886679809e-06
375 20 0.0
375 21 6.21886679809e-06
375 22 0.0
375 23 0.0
375 24 0.0
375 25 0.0
375 26 0.0
375 27 0.0
375 28 0.0
375 29 0.0
375 30 0.0
375 31 0.0
375 32 0.0
375 33 0.0
375 34 0.0
375 35 0.0
375 36 0.0
375 37 0.0
375 38 0.0
375 39 0.0
375 40 0.0
375 41 0.0
375 42 0.0
375 43 0.0
375 44 0.0
375 45 0.0
375 46 0.0
375 47 0.0
375 48 0.0
375 49 0.0
375 50 0.0
375 51 0.0
375 52 0.0
375 53 0.0
375 54 0.0
375 55 0.0
375 56 0.0
375 57 0.0
375 58 0.0
375 59 0.0
375 60 0.0
375 61 0.0
375 62 0.0
375 63 0.0
375 64 0.0
375 65 0.0
375 66 0.0
375 67 0.0
375 68 0.0
375 69 0.0
375 70 0.0
375 71 0.0
375 72 0.0
375 73 0.0
375 74 0.0
375 75 0.0
375 76 0.0
375 77 0.0
375 78 0.0
375 79 0.0
375 80 0.0
375 81 0.0
375 82 0.0
375 83 0.0
375 84 0.0
375 85 0.0
375 86 0.0
375 87 0.0
375 88 0.0
375 89 0.0
375 90 0.0
375 91 0.0
375 92 0.0
375 93 0.0
375 94 0.0
375 95 0.0
375 96 0.0
375 97 0.0
375 98 0.0
375 99 0.0
375 100 0.0
375 101 0.0
375 102 0.0
375 103 0.0
375 104 0.0
375 105 0.0
375 106 0.0
375 107 0.0
375 108 0.0
375 109 0.0
375 110 0.0
375 111 0.0
375 112 0.0
375 113 0.0
375 114 0.0
375 115 0.0
375 116 0.0
375 117 0.0
375 118 0.0
375 119 0.0
375 120 0.0
375 121 0.0
375 122 0.0
375 123 0.0
375 124 0.0
375 125 0.0
375 126 0.0
375 127 0.0
375 128 0.0
375 129 0.0
375 130 0.0
375 131 0.0
375 132 0.0
375 133 0.0
375 134 0.0
375 135 0.0
375 136 0.0
375 137 0.0
375 138 0.0
375 139 0.0
375 140 0.0
375 141 0.0
375 142 0.0
375 143 0.0
375 144 0.0
375 145 0.0
375 146 0.0
375 147 0.0
375 148 0.0
375 149 0.0
375 150 0.0
375 151 0.0
375 152 0.0
375 153 0.0
375 154 0.0
375 155 0.0
375 156 0.0
375 157 0.0
375 158 0.0
375 159 0.0
375 160 0.0
375 161 0.0
375 162 0.0
375 163 0.0
375 164 0.0
375 165 0.0
375 166 0.0
375 167 0.0
375 168 0.0
375 169 0.0
375 170 0.0
375 171 0.0
375 172 0.0
375 173 0.0
375 174 0.0
375 175 0.0
375 176 0.0
375 177 0.0
375 178 0.0
375 179 0.0
375 180 0.0
375 181 0.0
375 182 0.0
375 183 0.0
375 184 0.0
375 185 0.0
375 186 0.0
375 187 0.0
375 188 0.0
375 189 0.0
375 190 0.0
375 191 0.0
375 192 0.0
375 193 0.0
375 194 0.0
375 195 0.0
375 196 0.0
375 197 0.0
375 198 0.0
375 199 0.0
375 200 0.0
375 201 0.0
375 202 0.0
375 203 0.0
375 204 0.0
375 205 0.0
375 206 0.0
375 207 0.0
375 208 0.0
375 209 0.0
375 210 0.0
375 211 0.0
375 212 0.0
375 213 0.0
375 214 0.0
375 215 0.0
375 216 0.0
375 217 0.0
375 218 0.0
375 219 0.0
375 220 0.0
375 221 0.0
375 222 0.0
375 223 0.0
375 224 0.0
375 225 0.0
375 226 0.0
375 227 0.0
375 228 0.0
375 229 0.0
375 230 0.0
375 231 0.0
375 232 0.0
375 233 0.0
375 234 0.0
375 235 0.0
375 236 0.0
375 237 0.0
375 238 0.0
375 239 0.0
375 240 0.0
375 241 0.0
375 242 0.0
375 243 0.0
375 244 0.0
375 245 0.0
375 246 0.0
375 247 0.0
375 248 0.0
375 249 0.0
375 250 0.0
375 251 0.0
375 252 0.0
375 253 0.0
375 254 0.0
375 255 0.0
375 256 0.0
375 257 0.0
375 258 0.0
375 259 0.0
375 260 0.0
375 261 0.0
375 262 0.0
375 263 0.0
375 264 0.0
375 265 0.0
375 266 0.0
375 267 0.0
375 268 0.0
375 269 0.0
375 270 0.0
375 271 0.0
375 272 0.0
375 273 0.0
375 274 0.0
375 275 0.0
375 276 0.0
375 277 0.0
375 278 0.0
375 279 0.0
375 280 0.0
375 281 0.0
375 282 0.0
375 283 0.0
375 284 0.0
375 285 0.0
375 286 0.0
375 287 0.0
375 288 0.0
375 289 0.0
375 290 0.0
375 291 0.0
375 292 0.0
375 293 0.0
375 294 0.0
375 295 0.0
375 296 0.0
375 297 0.0
375 298 0.0
375 299 0.0
375 300 0.0
375 301 0.0
375 302 0.0
375 303 0.0
375 304 0.0
375 305 0.0
375 306 0.0
375 307 0.0
375 308 0.0
375 309 0.0
375 310 0.0
375 311 0.0
375 312 0.0
375 313 0.0
375 314 0.0
375 315 0.0
375 316 0.0
375 317 0.0
375 318 0.0
375 319 0.0
375 320 0.0
375 321 0.0
375 322 0.0
375 323 0.0
375 324 0.0
375 325 0.0
375 326 0.0
375 327 0.0
375 328 0.0
375 329 0.0
375 330 0.0
375 331 0.0
375 332 0.0
375 333 0.0
375 334 0.0
375 335 0.0
375 336 0.0
375 337 0.0
375 338 0.0
375 339 0.0
375 340 0.0
375 341 0.0
375 342 0.0
375 343 0.0
375 344 0.0
375 345 0.0
375 346 0.0
375 347 0.0
375 348 0.0
375 349 0.0
375 350 0.0
375 351 0.0
375 352 0.0
375 353 0.0
375 354 0.0
375 355 0.0
375 356 0.0
375 357 0.0
375 358 0.0
375 359 0.0
375 360 0.0
375 361 0.0
375 362 0.0
375 363 0.0
375 364 0.0
375 365 0.0
375 366 0.0
375 367 0.0
375 368 0.0
375 369 0.0
375 370 0.0
375 371 0.0
375 372 0.0
375 373 0.0
375 374 0.0
375 375 0.0
375 376 0.0
375 377 0.0
375 378 0.0
375 379 0.0
375 380 0.0
375 381 5.59698011828e-05
375 382 0.0
375 383 2.48754671924e-05
375 384 0.0
375 385 2.48754671924e-05
375 386 6.21886679809e-06
375 387 9.95018687695e-05
375 388 6.21886679809e-06
375 389 6.21886679809e-06
375 390 6.21886679809e-06
375 391 9.95018687695e-05
375 392 0.0
375 393 6.21886679809e-06
375 394 0.0
375 395 9.95018687695e-05
375 396 0.0
375 397 5.59698011828e-05
375 398 6.21886679809e-06
375 399 2.48754671924e-05
375 400 0.0
376 0 0.0
376 1 2.48754671924e-05
376 2 0.0
376 3 2.48754671924e-05
376 4 0.0
376 5 0.000155471669952
376 6 0.0
376 7 0.000304724473107
376 8 0.0
376 9 2.48754671924e-05
376 10 0.0
376 11 0.000398007475078
376 12 0.0
376 13 5.59698011828e-05
376 14 0.0
376 15 2.48754671924e-05
376 16 0.0
376 17 0.000155471669952
376 18 0.0
376 19 6.21886679809e-06
376 20 0.0
376 21 6.21886679809e-06
376 22 0.0
376 23 0.0
376 24 0.0
376 25 0.0
376 26 0.0
376 27 0.0
376 28 0.0
376 29 0.0
376 30 0.0
376 31 0.0
376 32 0.0
376 33 0.0
376 34 0.0
376 35 0.0
376 36 0.0
376 37 0.0
376 38 0.0
376 39 0.0
376 40 0.0
376 41 0.0
376 42 0.0
376 43 0.0
376 44 0.0
376 45 0.0
376 46 0.0
376 47 0.0
376 48 0.0
376 49 0.0
376 50 0.0
376 51 0.0
376 52 0.0
376 53 0.0
376 54 0.0
376 55 0.0
376 56 0.0
376 57 0.0
376 58 0.0
376 59 0.0
376 60 0.0
376 61 0.0
376 62 0.0
376 63 0.0
376 64 0.0
376 65 0.0
376 66 0.0
376 67 0.0
376 68 0.0
376 69 0.0
376 70 0.0
376 71 0.0
376 72 0.0
376 73 0.0
376 74 0.0
376 75 0.0
376 76 0.0
376 77 0.0
376 78 0.0
376 79 0.0
376 80 0.0
376 81 0.0
376 82 0.0
376 83 0.0
376 84 0.0
376 85 0.0
376 86 0.0
376 87 0.0
376 88 0.0
376 89 0.0
376 90 0.0
376 91 0.0
376 92 0.0
376 93 0.0
376 94 0.0
376 95 0.0
376 96 0.0
376 97 0.0
376 98 0.0
376 99 0.0
376 100 0.0
376 101 0.0
376 102 0.0
376 103 0.0
376 104 0.0
376 105 0.0
376 106 0.0
376 107 0.0
376 108 0.0
376 109 0.0
376 110 0.0
376 111 0.0
376 112 0.0
376 113 0.0
376 114 0.0
376 115 0.0
376 116 0.0
376 117 0.0
376 118 0.0
376 119 0.0
376 120 0.0
376 121 0.0
376 122 0.0
376 123 0.0
376 124 0.0
376 125 0.0
376 126 0.0
376 127 0.0
376 128 0.0
376 129 0.0
376 130 0.0
376 131 0.0
376 132 0.0
376 133 0.0
376 134 0.0
376 135 0.0
376 136 0.0
376 137 0.0
376 138 0.0
376 139 0.0
376 140 0.0
376 141 0.0
376 142 0.0
376 143 0.0
376 144 0.0
376 145 0.0
376 146 0.0
376 147 0.0
376 148 0.0
376 149 0.0
376 150 0.0
376 151 0.0
376 152 0.0
376 153 0.0
376 154 0.0
376 155 0.0
376 156 0.0
376 157 0.0
376 158 0.0
376 159 0.0
376 160 0.0
376 161 0.0
376 162 0.0
376 163 0.0
376 164 0.0
376 165 0.0
376 166 0.0
376 167 0.0
376 168 0.0
376 169 0.0
376 170 0.0
376 171 0.0
376 172 0.0
376 173 0.0
376 174 0.0
376 175 0.0
376 176 0.0
376 177 0.0
376 178 0.0
376 179 0.0
376 180 0.0
376 181 0.0
376 182 0.0
376 183 0.0
376 184 0.0
376 185 0.0
376 186 0.0
376 187 0.0
376 188 0.0
376 189 0.0
376 190 0.0
376 191 0.0
376 192 0.0
376 193 0.0
376 194 0.0
376 195 0.0
376 196 0.0
376 197 0.0
376 198 0.0
376 199 0.0
376 200 0.0
376 201 0.0
376 202 0.0
376 203 0.0
376 204 0.0
376 205 0.0
376 206 0.0
376 207 0.0
376 208 0.0
376 209 0.0
376 210 0.0
376 211 0.0
376 212 0.0
376 213 0.0
376 214 0.0
376 215 0.0
376 216 0.0
376 217 0.0
376 218 0.0
376 219 0.0
376 220 0.0
376 221 0.0
376 222 0.0
376 223 0.0
376 224 0.0
376 225 0.0
376 226 0.0
376 227 0.0
376 228 0.0
376 229 0.0
376 230 0.0
376 231 0.0
376 232 0.0
376 233 0.0
376 234 0.0
376 235 0.0
376 236 0.0
376 237 0.0
376 238 0.0
376 239 0.0
376 240 0.0
376 241 0.0
376 242 0.0
376 243 0.0
376 244 0.0
376 245 0.0
376 246 0.0
376 247 0.0
376 248 0.0
376 249 0.0
376 250 0.0
376 251 0.0
376 252 0.0
376 253 0.0
376 254 0.0
376 255 0.0
376 256 0.0
376 257 0.0
376 258 0.0
376 259 0.0
376 260 0.0
376 261 0.0
376 262 0.0
376 263 0.0
376 264 0.0
376 265 0.0
376 266 0.0
376 267 0.0
376 268 0.0
376 269 0.0
376 270 0.0
376 271 0.0
376 272 0.0
376 273 0.0
376 274 0.0
376 275 0.0
376 276 0.0
376 277 0.0
376 278 0.0
376 279 0.0
376 280 0.0
376 281 0.0
376 282 0.0
376 283 0.0
376 284 0.0
376 285 0.0
376 286 0.0
376 287 0.0
376 288 0.0
376 289 0.0
376 290 0.0
376 291 0.0
376 292 0.0
376 293 0.0
376 294 0.0
376 295 0.0
376 296 0.0
376 297 0.0
376 298 0.0
376 299 0.0
376 300 0.0
376 301 0.0
376 302 0.0
376 303 0.0
376 304 0.0
376 305 0.0
376 306 0.0
376 307 0.0
376 308 0.0
376 309 0.0
376 310 0.0
376 311 0.0
376 312 0.0
376 313 0.0
376 314 0.0
376 315 0.0
376 316 0.0
376 317 0.0
376 318 0.0
376 319 0.0
376 320 0.0
376 321 0.0
376 322 0.0
376 323 0.0
376 324 0.0
376 325 0.0
376 326 0.0
376 327 0.0
376 328 0.0
376 329 0.0
376 330 0.0
376 331 0.0
376 332 0.0
376 333 0.0
376 334 0.0
376 335 0.0
376 336 0.0
376 337 0.0
376 338 0.0
376 339 0.0
376 340 0.0
376 341 0.0
376 342 0.0
376 343 0.0
376 344 0.0
376 345 0.0
376 346 0.0
376 347 0.0
376 348 0.0
376 349 0.0
376 350 0.0
376 351 0.0
376 352 0.0
376 353 0.0
376 354 0.0
376 355 0.0
376 356 0.0
376 357 0.0
376 358 0.0
376 359 0.0
376 360 0.0
376 361 0.0
376 362 0.0
376 363 0.0
376 364 0.0
376 365 0.0
376 366 0.0
376 367 0.0
376 368 0.0
376 369 0.0
376 370 0.0
376 371 0.0
376 372 0.0
376 373 0.0
376 374 0.0
376 375 0.0
376 376 0.0
376 377 0.0
376 378 0.0
376 379 0.0
376 380 0.0
376 381 5.59698011828e-05
376 382 0.0
376 383 2.48754671924e-05
376 384 0.0
376 385 5.59698011828e-05
376 386 0.0
376 387 2.48754671924e-05
376 388 0.0
376 389 0.0
376 390 0.0
376 391 9.95018687695e-05
376 392 0.0
376 393 6.21886679809e-06
376 394 0.0
376 395 9.95018687695e-05
376 396 0.0
376 397 9.95018687695e-05
376 398 0.0
376 399 2.48754671924e-05
376 400 0.0
377 0 0.0
377 1 2.48754671924e-05
377 2 0.0
377 3 2.48754671924e-05
377 4 0.0
377 5 0.000155471669952
377 6 0.0
377 7 0.000155471669952
377 8 0.0
377 9 2.48754671924e-05
377 10 0.0
377 11 0.000503728210645
377 12 2.48754671924e-05
377 13 2.48754671924e-05
377 14 0.0
377 15 6.21886679809e-06
377 16 2.48754671924e-05
377 17 6.21886679809e-06
377 18 2.48754671924e-05
377 19 2.48754671924e-05
377 20 6.21886679809e-06
377 21 2.48754671924e-05
377 22 2.48754671924e-05
377 23 5.59698011828e-05
377 24 2.48754671924e-05
377 25 5.59698011828e-05
377 26 2.48754671924e-05
377 27 2.48754671924e-05
377 28 2.48754671924e-05
377 29 2.48754671924e-05
377 30 2.48754671924e-05
377 31 5.59698011828e-05
377 32 2.48754671924e-05
377 33 2.48754671924e-05
377 34 2.48754671924e-05
377 35 5.59698011828e-05
377 36 2.48754671924e-05
377 37 2.48754671924e-05
377 38 2.48754671924e-05
377 39 2.48754671924e-05
377 40 2.48754671924e-05
377 41 2.48754671924e-05
377 42 2.48754671924e-05
377 43 2.48754671924e-05
377 44 2.48754671924e-05
377 45 2.48754671924e-05
377 46 2.48754671924e-05
377 47 2.48754671924e-05
377 48 2.48754671924e-05
377 49 2.48754671924e-05
377 50 2.48754671924e-05
377 51 2.48754671924e-05
377 52 2.48754671924e-05
377 53 5.59698011828e-05
377 54 2.48754671924e-05
377 55 2.48754671924e-05
377 56 2.48754671924e-05
377 57 6.21886679809e-06
377 58 6.21886679809e-06
377 59 6.21886679809e-06
377 60 6.21886679809e-06
377 61 6.21886679809e-06
377 62 6.21886679809e-06
377 63 6.21886679809e-06
377 64 2.48754671924e-05
377 65 2.48754671924e-05
377 66 2.48754671924e-05
377 67 2.48754671924e-05
377 68 2.48754671924e-05
377 69 2.48754671924e-05
377 70 2.48754671924e-05
377 71 2.48754671924e-05
377 72 6.21886679809e-06
377 73 6.21886679809e-06
377 74 6.21886679809e-06
377 75 6.21886679809e-06
377 76 6.21886679809e-06
377 77 6.21886679809e-06
377 78 6.21886679809e-06
377 79 6.21886679809e-06
377 80 6.21886679809e-06
377 81 6.21886679809e-06
377 82 6.21886679809e-06
377 83 6.21886679809e-06
377 84 6.21886679809e-06
377 85 6.21886679809e-06
377 86 6.21886679809e-06
377 87 6.21886679809e-06
377 88 6.21886679809e-06
377 89 6.21886679809e-06
377 90 6.21886679809e-06
377 91 6.21886679809e-06
377 92 2.48754671924e-05
377 93 2.48754671924e-05
377 94 2.48754671924e-05
377 95 2.48754671924e-05
377 96 2.48754671924e-05
377 97 2.48754671924e-05
377 98 2.48754671924e-05
377 99 5.59698011828e-05
377 100 2.48754671924e-05
377 101 5.59698011828e-05
377 102 2.48754671924e-05
377 103 2.48754671924e-05
377 104 2.48754671924e-05
377 105 5.59698011828e-05
377 106 2.48754671924e-05
377 107 5.59698011828e-05
377 108 2.48754671924e-05
377 109 5.59698011828e-05
377 110 2.48754671924e-05
377 111 2.48754671924e-05
377 112 2.48754671924e-05
377 113 5.59698011828e-05
377 114 2.48754671924e-05
377 115 2.48754671924e-05
377 116 2.48754671924e-05
377 117 2.48754671924e-05
377 118 2.48754671924e-05
377 119 2.48754671924e-05
377 120 2.48754671924e-05
377 121 2.48754671924e-05
377 122 6.21886679809e-06
377 123 6.21886679809e-06
377 124 6.21886679809e-06
377 125 2.48754671924e-05
377 126 6.21886679809e-06
377 127 6.21886679809e-06
377 128 6.21886679809e-06
377 129 2.48754671924e-05
377 130 2.48754671924e-05
377 131 2.48754671924e-05
377 132 2.48754671924e-05
377 133 2.48754671924e-05
377 134 2.48754671924e-05
377 135 2.48754671924e-05
377 136 2.48754671924e-05
377 137 5.59698011828e-05
377 138 2.48754671924e-05
377 139 2.48754671924e-05
377 140 2.48754671924e-05
377 141 5.59698011828e-05
377 142 2.48754671924e-05
377 143 5.59698011828e-05
377 144 2.48754671924e-05
377 145 2.48754671924e-05
377 146 2.48754671924e-05
377 147 2.48754671924e-05
377 148 2.48754671924e-05
377 149 2.48754671924e-05
377 150 6.21886679809e-06
377 151 6.21886679809e-06
377 152 6.21886679809e-06
377 153 6.21886679809e-06
377 154 6.21886679809e-06
377 155 6.21886679809e-06
377 156 6.21886679809e-06
377 157 2.48754671924e-05
377 158 2.48754671924e-05
377 159 2.48754671924e-05
377 160 2.48754671924e-05
377 161 2.48754671924e-05
377 162 2.48754671924e-05
377 163 2.48754671924e-05
377 164 6.21886679809e-06
377 165 6.21886679809e-06
377 166 6.21886679809e-06
377 167 6.21886679809e-06
377 168 6.21886679809e-06
377 169 6.21886679809e-06
377 170 6.21886679809e-06
377 171 2.48754671924e-05
377 172 2.48754671924e-05
377 173 2.48754671924e-05
377 174 2.48754671924e-05
377 175 2.48754671924e-05
377 176 2.48754671924e-05
377 177 5.59698011828e-05
377 178 2.48754671924e-05
377 179 5.59698011828e-05
377 180 2.48754671924e-05
377 181 2.48754671924e-05
377 182 2.48754671924e-05
377 183 2.48754671924e-05
377 184 2.48754671924e-05
377 185 2.48754671924e-05
377 186 2.48754671924e-05
377 187 2.48754671924e-05
377 188 2.48754671924e-05
377 189 2.48754671924e-05
377 190 2.48754671924e-05
377 191 2.48754671924e-05
377 192 2.48754671924e-05
377 193 5.59698011828e-05
377 194 2.48754671924e-05
377 195 2.48754671924e-05
377 196 2.48754671924e-05
377 197 5.59698011828e-05
377 198 2.48754671924e-05
377 199 2.48754671924e-05
377 200 2.48754671924e-05
377 201 2.48754671924e-05
377 202 2.48754671924e-05
377 203 2.48754671924e-05
377 204 2.48754671924e-05
377 205 2.48754671924e-05
377 206 2.48754671924e-05
377 207 2.48754671924e-05
377 208 2.48754671924e-05
377 209 5.59698011828e-05
377 210 2.48754671924e-05
377 211 5.59698011828e-05
377 212 2.48754671924e-05
377 213 2.48754671924e-05
377 214 2.48754671924e-05
377 215 2.48754671924e-05
377 216 2.48754671924e-05
377 217 2.48754671924e-05
377 218 2.48754671924e-05
377 219 2.48754671924e-05
377 220 2.48754671924e-05
377 221 2.48754671924e-05
377 222 2.48754671924e-05
377 223 5.59698011828e-05
377 224 2.48754671924e-05
377 225 2.48754671924e-05
377 226 2.48754671924e-05
377 227 5.59698011828e-05
377 228 2.48754671924e-05
377 229 2.48754671924e-05
377 230 2.48754671924e-05
377 231 2.48754671924e-05
377 232 2.48754671924e-05
377 233 2.48754671924e-05
377 234 2.48754671924e-05
377 235 5.59698011828e-05
377 236 2.48754671924e-05
377 237 2.48754671924e-05
377 238 2.48754671924e-05
377 239 5.59698011828e-05
377 240 2.48754671924e-05
377 241 2.48754671924e-05
377 242 2.48754671924e-05
377 243 6.21886679809e-06
377 244 6.21886679809e-06
377 245 6.21886679809e-06
377 246 6.21886679809e-06
377 247 6.21886679809e-06
377 248 6.21886679809e-06
377 249 2.48754671924e-05
377 250 2.48754671924e-05
377 251 2.48754671924e-05
377 252 2.48754671924e-05
377 253 2.48754671924e-05
377 254 2.48754671924e-05
377 255 2.48754671924e-05
377 256 2.48754671924e-05
377 257 2.48754671924e-05
377 258 2.48754671924e-05
377 259 2.48754671924e-05
377 260 2.48754671924e-05
377 261 2.48754671924e-05
377 262 2.48754671924e-05
377 263 2.48754671924e-05
377 264 6.21886679809e-06
377 265 6.21886679809e-06
377 266 6.21886679809e-06
377 267 6.21886679809e-06
377 268 6.21886679809e-06
377 269 6.21886679809e-06
377 270 6.21886679809e-06
377 271 2.48754671924e-05
377 272 2.48754671924e-05
377 273 2.48754671924e-05
377 274 2.48754671924e-05
377 275 2.48754671924e-05
377 276 2.48754671924e-05
377 277 2.48754671924e-05
377 278 6.21886679809e-06
377 279 6.21886679809e-06
377 280 6.21886679809e-06
377 281 6.21886679809e-06
377 282 6.21886679809e-06
377 283 6.21886679809e-06
377 284 6.21886679809e-06
377 285 2.48754671924e-05
377 286 2.48754671924e-05
377 287 2.48754671924e-05
377 288 2.48754671924e-05
377 289 2.48754671924e-05
377 290 2.48754671924e-05
377 291 2.48754671924e-05
377 292 2.48754671924e-05
377 293 2.48754671924e-05
377 294 2.48754671924e-05
377 295 5.59698011828e-05
377 296 2.48754671924e-05
377 297 2.48754671924e-05
377 298 2.48754671924e-05
377 299 2.48754671924e-05
377 300 2.48754671924e-05
377 301 2.48754671924e-05
377 302 2.48754671924e-05
377 303 2.48754671924e-05
377 304 2.48754671924e-05
377 305 2.48754671924e-05
377 306 2.48754671924e-05
377 307 5.59698011828e-05
377 308 2.48754671924e-05
377 309 2.48754671924e-05
377 310 2.48754671924e-05
377 311 5.59698011828e-05
377 312 2.48754671924e-05
377 313 2.48754671924e-05
377 314 2.48754671924e-05
377 315 2.48754671924e-05
377 316 2.48754671924e-05
377 317 2.48754671924e-05
377 318 2.48754671924e-05
377 319 5.59698011828e-05
377 320 2.48754671924e-05
377 321 2.48754671924e-05
377 322 6.21886679809e-06
377 323 6.21886679809e-06
377 324 6.21886679809e-06
377 325 6.21886679809e-06
377 326 6.21886679809e-06
377 327 2.48754671924e-05
377 328 2.48754671924e-05
377 329 5.59698011828e-05
377 330 2.48754671924e-05
377 331 2.48754671924e-05
377 332 2.48754671924e-05
377 333 2.48754671924e-05
377 334 2.48754671924e-05
377 335 6.21886679809e-06
377 336 6.21886679809e-06
377 337 6.21886679809e-06
377 338 6.21886679809e-06
377 339 6.21886679809e-06
377 340 6.21886679809e-06
377 341 6.21886679809e-06
377 342 2.48754671924e-05
377 343 2.48754671924e-05
377 344 2.48754671924e-05
377 345 2.48754671924e-05
377 346 2.48754671924e-05
377 347 2.48754671924e-05
377 348 2.48754671924e-05
377 349 2.48754671924e-05
377 350 2.48754671924e-05
377 351 2.48754671924e-05
377 352 2.48754671924e-05
377 353 2.48754671924e-05
377 354 2.48754671924e-05
377 355 2.48754671924e-05
377 356 6.21886679809e-06
377 357 2.48754671924e-05
377 358 2.48754671924e-05
377 359 5.59698011828e-05
377 360 2.48754671924e-05
377 361 5.59698011828e-05
377 362 2.48754671924e-05
377 363 2.48754671924e-05
377 364 2.48754671924e-05
377 365 2.48754671924e-05
377 366 2.48754671924e-05
377 367 5.59698011828e-05
377 368 2.48754671924e-05
377 369 2.48754671924e-05
377 370 2.48754671924e-05
377 371 2.48754671924e-05
377 372 2.48754671924e-05
377 373 2.48754671924e-05
377 374 2.48754671924e-05
377 375 5.59698011828e-05
377 376 2.48754671924e-05
377 377 2.48754671924e-05
377 378 2.48754671924e-05
377 379 6.21886679809e-06
377 380 2.48754671924e-05
377 381 6.21886679809e-06
377 382 6.21886679809e-06
377 383 9.95018687695e-05
377 384 2.48754671924e-05
377 385 6.21886679809e-06
377 386 0.0
377 387 6.21886679809e-06
377 388 6.21886679809e-06
377 389 0.0
377 390 6.21886679809e-06
377 391 5.59698011828e-05
377 392 6.21886679809e-06
377 393 2.48754671924e-05
377 394 0.0
377 395 9.95018687695e-05
377 396 6.21886679809e-06
377 397 5.59698011828e-05
377 398 0.0
377 399 6.21886679809e-06
377 400 0.0
378 0 0.0
378 1 2.48754671924e-05
378 2 0.0
378 3 0.0
378 4 0.0
378 5 0.000155471669952
378 6 0.0
378 7 5.59698011828e-05
378 8 0.0
378 9 6.21886679809e-06
378 10 0.0
378 11 0.000621886679809
378 12 0.0
378 13 9.95018687695e-05
378 14 0.0
378 15 0.000155471669952
378 16 0.0
378 17 5.59698011828e-05
378 18 0.0
378 19 0.0
378 20 0.0
378 21 0.0
378 22 0.0
378 23 6.21886679809e-06
378 24 0.0
378 25 6.21886679809e-06
378 26 0.0
378 27 0.0
378 28 0.0
378 29 6.21886679809e-06
378 30 0.0
378 31 6.21886679809e-06
378 32 0.0
378 33 0.0
378 34 0.0
378 35 6.21886679809e-06
378 36 0.0
378 37 0.0
378 38 0.0
378 39 0.0
378 40 0.0
378 41 0.0
378 42 0.0
378 43 0.0
378 44 0.0
378 45 0.0
378 46 0.0
378 47 0.0
378 48 0.0
378 49 0.0
378 50 0.0
378 51 0.0
378 52 0.0
378 53 6.21886679809e-06
378 54 0.0
378 55 0.0
378 56 0.0
378 57 0.0
378 58 0.0
378 59 6.21886679809e-06
378 60 0.0
378 61 0.0
378 62 0.0
378 63 0.0
378 64 0.0
378 65 0.0
378 66 0.0
378 67 0.0
378 68 0.0
378 69 0.0
378 70 0.0
378 71 0.0
378 72 0.0
378 73 0.0
378 74 0.0
378 75 0.0
378 76 0.0
378 77 0.0
378 78 0.0
378 79 0.0
378 80 0.0
378 81 0.0
378 82 0.0
378 83 0.0
378 84 0.0
378 85 0.0
378 86 0.0
378 87 0.0
378 88 0.0
378 89 0.0
378 90 0.0
378 91 6.21886679809e-06
378 92 0.0
378 93 6.21886679809e-06
378 94 0.0
378 95 0.0
378 96 0.0
378 97 0.0
378 98 0.0
378 99 2.48754671924e-05
378 100 0.0
378 101 6.21886679809e-06
378 102 0.0
378 103 0.0
378 104 0.0
378 105 6.21886679809e-06
378 106 0.0
378 107 2.48754671924e-05
378 108 0.0
378 109 6.21886679809e-06
378 110 0.0
378 111 0.0
378 112 0.0
378 113 6.21886679809e-06
378 114 0.0
378 115 0.0
378 116 0.0
378 117 0.0
378 118 0.0
378 119 0.0
378 120 0.0
378 121 6.21886679809e-06
378 122 0.0
378 123 0.0
378 124 0.0
378 125 6.21886679809e-06
378 126 0.0
378 127 0.0
378 128 0.0
378 129 0.0
378 130 0.0
378 131 0.0
378 132 0.0
378 133 0.0
378 134 0.0
378 135 0.0
378 136 0.0
378 137 6.21886679809e-06
378 138 0.0
378 139 6.21886679809e-06
378 140 0.0
378 141 0.0
378 142 0.0
378 143 2.48754671924e-05
378 144 0.0
378 145 6.21886679809e-06
378 146 0.0
378 147 0.0
378 148 0.0
378 149 6.21886679809e-06
378 150 0.0
378 151 0.0
378 152 0.0
378 153 0.0
378 154 0.0
378 155 0.0
378 156 0.0
378 157 6.21886679809e-06
378 158 0.0
378 159 0.0
378 160 0.0
378 161 6.21886679809e-06
378 162 0.0
378 163 6.21886679809e-06
378 164 0.0
378 165 6.21886679809e-06
378 166 0.0
378 167 0.0
378 168 0.0
378 169 0.0
378 170 0.0
378 171 0.0
378 172 0.0
378 173 0.0
378 174 0.0
378 175 0.0
378 176 0.0
378 177 6.21886679809e-06
378 178 0.0
378 179 0.0
378 180 0.0
378 181 0.0
378 182 0.0
378 183 0.0
378 184 0.0
378 185 0.0
378 186 0.0
378 187 0.0
378 188 0.0
378 189 6.21886679809e-06
378 190 0.0
378 191 0.0
378 192 0.0
378 193 6.21886679809e-06
378 194 0.0
378 195 0.0
378 196 0.0
378 197 6.21886679809e-06
378 198 0.0
378 199 0.0
378 200 0.0
378 201 0.0
378 202 0.0
378 203 6.21886679809e-06
378 204 0.0
378 205 6.21886679809e-06
378 206 0.0
378 207 0.0
378 208 0.0
378 209 6.21886679809e-06
378 210 0.0
378 211 6.21886679809e-06
378 212 0.0
378 213 0.0
378 214 0.0
378 215 0.0
378 216 0.0
378 217 6.21886679809e-06
378 218 0.0
378 219 0.0
378 220 0.0
378 221 0.0
378 222 0.0
378 223 6.21886679809e-06
378 224 0.0
378 225 0.0
378 226 0.0
378 227 6.21886679809e-06
378 228 0.0
378 229 0.0
378 230 0.0
378 231 0.0
378 232 0.0
378 233 0.0
378 234 0.0
378 235 6.21886679809e-06
378 236 0.0
378 237 0.0
378 238 0.0
378 239 6.21886679809e-06
378 240 0.0
378 241 0.0
378 242 0.0
378 243 0.0
378 244 0.0
378 245 0.0
378 246 0.0
378 247 6.21886679809e-06
378 248 0.0
378 249 6.21886679809e-06
378 250 0.0
378 251 0.0
378 252 0.0
378 253 6.21886679809e-06
378 254 0.0
378 255 0.0
378 256 0.0
378 257 0.0
378 258 0.0
378 259 0.0
378 260 0.0
378 261 0.0
378 262 0.0
378 263 0.0
378 264 0.0
378 265 0.0
378 266 0.0
378 267 0.0
378 268 0.0
378 269 0.0
378 270 0.0
378 271 0.0
378 272 0.0
378 273 0.0
378 274 0.0
378 275 0.0
378 276 0.0
378 277 0.0
378 278 0.0
378 279 0.0
378 280 0.0
378 281 0.0
378 282 0.0
378 283 0.0
378 284 0.0
378 285 0.0
378 286 0.0
378 287 0.0
378 288 0.0
378 289 6.21886679809e-06
378 290 0.0
378 291 0.0
378 292 0.0
378 293 0.0
378 294 0.0
378 295 6.21886679809e-06
378 296 0.0
378 297 0.0
378 298 0.0
378 299 0.0
378 300 0.0
378 301 0.0
378 302 0.0
378 303 6.21886679809e-06
378 304 0.0
378 305 0.0
378 306 0.0
378 307 6.21886679809e-06
378 308 0.0
378 309 0.0
378 310 0.0
378 311 6.21886679809e-06
378 312 0.0
378 313 0.0
378 314 0.0
378 315 0.0
378 316 0.0
378 317 0.0
378 318 0.0
378 319 6.21886679809e-06
378 320 0.0
378 321 2.48754671924e-05
378 322 0.0
378 323 0.0
378 324 0.0
378 325 0.0
378 326 0.0
378 327 6.21886679809e-06
378 328 0.0
378 329 6.21886679809e-06
378 330 0.0
378 331 6.21886679809e-06
378 332 0.0
378 333 0.0
378 334 0.0
378 335 0.0
378 336 0.0
378 337 0.0
378 338 0.0
378 339 0.0
378 340 0.0
378 341 0.0
378 342 0.0
378 343 0.0
378 344 0.0
378 345 0.0
378 346 0.0
378 347 0.0
378 348 0.0
378 349 6.21886679809e-06
378 350 0.0
378 351 0.0
378 352 0.0
378 353 6.21886679809e-06
378 354 0.0
378 355 6.21886679809e-06
378 356 0.0
378 357 0.0
378 358 0.0
378 359 6.21886679809e-06
378 360 0.0
378 361 6.21886679809e-06
378 362 0.0
378 363 6.21886679809e-06
378 364 0.0
378 365 0.0
378 366 0.0
378 367 6.21886679809e-06
378 368 0.0
378 369 0.0
378 370 0.0
378 371 6.21886679809e-06
378 372 0.0
378 373 0.0
378 374 0.0
378 375 6.21886679809e-06
378 376 0.0
378 377 0.0
378 378 0.0
378 379 0.0
378 380 0.0
378 381 5.59698011828e-05
378 382 0.0
378 383 5.59698011828e-05
378 384 0.0
378 385 6.21886679809e-06
378 386 0.0
378 387 5.59698011828e-05
378 388 0.0
378 389 5.59698011828e-05
378 390 0.0
378 391 0.000155471669952
378 392 0.0
378 393 9.95018687695e-05
378 394 0.0
378 395 0.000155471669952
378 396 0.0
378 397 6.21886679809e-06
378 398 0.0
378 399 6.21886679809e-06
378 400 0.0
379 0 6.21886679809e-06
379 1 5.59698011828e-05
379 2 6.21886679809e-06
379 3 6.21886679809e-06
379 4 0.0
379 5 0.000155471669952
379 6 0.0
379 7 5.59698011828e-05
379 8 0.0
379 9 2.48754671924e-05
379 10 6.21886679809e-06
379 11 0.000503728210645
379 12 6.21886679809e-06
379 13 2.48754671924e-05
379 14 0.0
379 15 9.95018687695e-05
379 16 0.0
379 17 2.48754671924e-05
379 18 6.21886679809e-06
379 19 0.0
379 20 6.21886679809e-06
379 21 6.21886679809e-06
379 22 5.59698011828e-05
379 23 5.59698011828e-05
379 24 2.48754671924e-05
379 25 5.59698011828e-05
379 26 2.48754671924e-05
379 27 5.59698011828e-05
379 28 6.21886679809e-06
379 29 0.0
379 30 0.0
379 31 6.21886679809e-06
379 32 0.0
379 33 0.0
379 34 0.0
379 35 6.21886679809e-06
379 36 5.59698011828e-05
379 37 2.48754671924e-05
379 38 2.48754671924e-05
379 39 2.48754671924e-05
379 40 2.48754671924e-05
379 41 2.48754671924e-05
379 42 2.48754671924e-05
379 43 2.48754671924e-05
379 44 2.48754671924e-05
379 45 2.48754671924e-05
379 46 2.48754671924e-05
379 47 2.48754671924e-05
379 48 2.48754671924e-05
379 49 2.48754671924e-05
379 50 0.0
379 51 0.0
379 52 0.0
379 53 6.21886679809e-06
379 54 0.0
379 55 0.0
379 56 0.0
379 57 2.48754671924e-05
379 58 2.48754671924e-05
379 59 2.48754671924e-05
379 60 2.48754671924e-05
379 61 2.48754671924e-05
379 62 2.48754671924e-05
379 63 5.59698011828e-05
379 64 6.21886679809e-06
379 65 6.21886679809e-06
379 66 6.21886679809e-06
379 67 6.21886679809e-06
379 68 6.21886679809e-06
379 69 6.21886679809e-06
379 70 6.21886679809e-06
379 71 6.21886679809e-06
379 72 5.59698011828e-05
379 73 2.48754671924e-05
379 74 2.48754671924e-05
379 75 2.48754671924e-05
379 76 2.48754671924e-05
379 77 2.48754671924e-05
379 78 2.48754671924e-05
379 79 2.48754671924e-05
379 80 2.48754671924e-05
379 81 2.48754671924e-05
379 82 2.48754671924e-05
379 83 2.48754671924e-05
379 84 2.48754671924e-05
379 85 2.48754671924e-05
379 86 2.48754671924e-05
379 87 2.48754671924e-05
379 88 2.48754671924e-05
379 89 2.48754671924e-05
379 90 2.48754671924e-05
379 91 5.59698011828e-05
379 92 2.48754671924e-05
379 93 0.0
379 94 0.0
379 95 0.0
379 96 0.0
379 97 0.0
379 98 0.0
379 99 6.21886679809e-06
379 100 2.48754671924e-05
379 101 5.59698011828e-05
379 102 2.48754671924e-05
379 103 2.48754671924e-05
379 104 2.48754671924e-05
379 105 5.59698011828e-05
379 106 2.48754671924e-05
379 107 0.0
379 108 6.21886679809e-06
379 109 0.0
379 110 6.21886679809e-06
379 111 6.21886679809e-06
379 112 6.21886679809e-06
379 113 0.0
379 114 2.48754671924e-05
379 115 2.48754671924e-05
379 116 2.48754671924e-05
379 117 2.48754671924e-05
379 118 2.48754671924e-05
379 119 2.48754671924e-05
379 120 2.48754671924e-05
379 121 5.59698011828e-05
379 122 2.48754671924e-05
379 123 2.48754671924e-05
379 124 2.48754671924e-05
379 125 5.59698011828e-05
379 126 2.48754671924e-05
379 127 0.000155471669952
379 128 5.59698011828e-05
379 129 5.59698011828e-05
379 130 9.95018687695e-05
379 131 0.000155471669952
379 132 9.95018687695e-05
379 133 0.000155471669952
379 134 9.95018687695e-05
379 135 9.95018687695e-05
379 136 2.48754671924e-05
379 137 2.48754671924e-05
379 138 2.48754671924e-05
379 139 2.48754671924e-05
379 140 2.48754671924e-05
379 141 5.59698011828e-05
379 142 2.48754671924e-05
379 143 6.21886679809e-06
379 144 0.0
379 145 0.0
379 146 0.0
379 147 0.0
379 148 0.0
379 149 6.21886679809e-06
379 150 9.95018687695e-05
379 151 5.59698011828e-05
379 152 5.59698011828e-05
379 153 5.59698011828e-05
379 154 5.59698011828e-05
379 155 9.95018687695e-05
379 156 5.59698011828e-05
379 157 0.0
379 158 0.0
379 159 0.0
379 160 0.0
379 161 0.0
379 162 0.0
379 163 0.0
379 164 2.48754671924e-05
379 165 2.48754671924e-05
379 166 2.48754671924e-05
379 167 2.48754671924e-05
379 168 2.48754671924e-05
379 169 2.48754671924e-05
379 170 2.48754671924e-05
379 171 6.21886679809e-06
379 172 6.21886679809e-06
379 173 6.21886679809e-06
379 174 6.21886679809e-06
379 175 6.21886679809e-06
379 176 6.21886679809e-06
379 177 0.0
379 178 2.48754671924e-05
379 179 5.59698011828e-05
379 180 2.48754671924e-05
379 181 2.48754671924e-05
379 182 2.48754671924e-05
379 183 2.48754671924e-05
379 184 2.48754671924e-05
379 185 2.48754671924e-05
379 186 2.48754671924e-05
379 187 2.48754671924e-05
379 188 2.48754671924e-05
379 189 2.48754671924e-05
379 190 2.48754671924e-05
379 191 5.59698011828e-05
379 192 6.21886679809e-06
379 193 0.0
379 194 6.21886679809e-06
379 195 6.21886679809e-06
379 196 6.21886679809e-06
379 197 0.0
379 198 6.21886679809e-06
379 199 0.0
379 200 6.21886679809e-06
379 201 0.0
379 202 6.21886679809e-06
379 203 6.21886679809e-06
379 204 6.21886679809e-06
379 205 0.0
379 206 0.0
379 207 9.95018687695e-05
379 208 2.48754671924e-05
379 209 2.48754671924e-05
379 210 2.48754671924e-05
379 211 5.59698011828e-05
379 212 2.48754671924e-05
379 213 2.48754671924e-05
379 214 0.0
379 215 0.0
379 216 0.0
379 217 0.0
379 218 0.0
379 219 0.0
379 220 0.0
379 221 6.21886679809e-06
379 222 6.21886679809e-06
379 223 0.0
379 224 6.21886679809e-06
379 225 6.21886679809e-06
379 226 6.21886679809e-06
379 227 0.0
379 228 2.48754671924e-05
379 229 2.48754671924e-05
379 230 2.48754671924e-05
379 231 2.48754671924e-05
379 232 2.48754671924e-05
379 233 2.48754671924e-05
379 234 5.59698011828e-05
379 235 0.0
379 236 6.21886679809e-06
379 237 6.21886679809e-06
379 238 6.21886679809e-06
379 239 0.0
379 240 6.21886679809e-06
379 241 6.21886679809e-06
379 242 6.21886679809e-06
379 243 5.59698011828e-05
379 244 2.48754671924e-05
379 245 2.48754671924e-05
379 246 2.48754671924e-05
379 247 2.48754671924e-05
379 248 5.59698011828e-05
379 249 6.21886679809e-06
379 250 0.0
379 251 0.0
379 252 0.0
379 253 0.0
379 254 0.0
379 255 0.0
379 256 0.0
379 257 6.21886679809e-06
379 258 6.21886679809e-06
379 259 6.21886679809e-06
379 260 6.21886679809e-06
379 261 6.21886679809e-06
379 262 6.21886679809e-06
379 263 0.0
379 264 5.59698011828e-05
379 265 2.48754671924e-05
379 266 2.48754671924e-05
379 267 2.48754671924e-05
379 268 2.48754671924e-05
379 269 2.48754671924e-05
379 270 2.48754671924e-05
379 271 6.21886679809e-06
379 272 6.21886679809e-06
379 273 6.21886679809e-06
379 274 6.21886679809e-06
379 275 6.21886679809e-06
379 276 6.21886679809e-06
379 277 6.21886679809e-06
379 278 2.48754671924e-05
379 279 2.48754671924e-05
379 280 2.48754671924e-05
379 281 2.48754671924e-05
379 282 2.48754671924e-05
379 283 2.48754671924e-05
379 284 5.59698011828e-05
379 285 6.21886679809e-06
379 286 6.21886679809e-06
379 287 6.21886679809e-06
379 288 6.21886679809e-06
379 289 6.21886679809e-06
379 290 6.21886679809e-06
379 291 6.21886679809e-06
379 292 0.0
379 293 0.0
379 294 0.0
379 295 6.21886679809e-06
379 296 0.0
379 297 0.0
379 298 0.0
379 299 2.48754671924e-05
379 300 2.48754671924e-05
379 301 2.48754671924e-05
379 302 2.48754671924e-05
379 303 2.48754671924e-05
379 304 2.48754671924e-05
379 305 5.59698011828e-05
379 306 6.21886679809e-06
379 307 0.0
379 308 6.21886679809e-06
379 309 6.21886679809e-06
379 310 6.21886679809e-06
379 311 0.0
379 312 6.21886679809e-06
379 313 6.21886679809e-06
379 314 6.21886679809e-06
379 315 6.21886679809e-06
379 316 6.21886679809e-06
379 317 6.21886679809e-06
379 318 6.21886679809e-06
379 319 6.21886679809e-06
379 320 6.21886679809e-06
379 321 2.48754671924e-05
379 322 6.21886679809e-06
379 323 6.21886679809e-06
379 324 6.21886679809e-06
379 325 6.21886679809e-06
379 326 2.48754671924e-05
379 327 6.21886679809e-06
379 328 0.0
379 329 0.0
379 330 0.0
379 331 0.0
379 332 0.0
379 333 0.0
379 334 0.0
379 335 5.59698011828e-05
379 336 5.59698011828e-05
379 337 5.59698011828e-05
379 338 5.59698011828e-05
379 339 5.59698011828e-05
379 340 5.59698011828e-05
379 341 9.95018687695e-05
379 342 0.0
379 343 6.21886679809e-06
379 344 6.21886679809e-06
379 345 6.21886679809e-06
379 346 6.21886679809e-06
379 347 6.21886679809e-06
379 348 6.21886679809e-06
379 349 0.0
379 350 0.0
379 351 0.0
379 352 0.0
379 353 0.0
379 354 0.0
379 355 0.0
379 356 6.21886679809e-06
379 357 2.48754671924e-05
379 358 2.48754671924e-05
379 359 5.59698011828e-05
379 360 2.48754671924e-05
379 361 5.59698011828e-05
379 362 5.59698011828e-05
379 363 6.21886679809e-06
379 364 6.21886679809e-06
379 365 6.21886679809e-06
379 366 6.21886679809e-06
379 367 0.0
379 368 6.21886679809e-06
379 369 6.21886679809e-06
379 370 0.0
379 371 5.59698011828e-05
379 372 2.48754671924e-05
379 373 2.48754671924e-05
379 374 2.48754671924e-05
379 375 5.59698011828e-05
379 376 2.48754671924e-05
379 377 2.48754671924e-05
379 378 6.21886679809e-06
379 379 2.48754671924e-05
379 380 6.21886679809e-06
379 381 5.59698011828e-05
379 382 0.0
379 383 2.48754671924e-05
379 384 0.0
379 385 6.21886679809e-06
379 386 0.0
379 387 2.48754671924e-05
379 388 0.0
379 389 5.59698011828e-05
379 390 0.0
379 391 0.000155471669952
379 392 0.0
379 393 9.95018687695e-05
379 394 0.0
379 395 0.000223879204731
379 396 6.21886679809e-06
379 397 0.0
379 398 0.0
379 399 6.21886679809e-06
379 400 0.0
380 0 0.0
380 1 2.48754671924e-05
380 2 0.0
380 3 6.21886679809e-06
380 4 0.0
380 5 0.000223879204731
380 6 0.0
380 7 5.59698011828e-05
380 8 0.0
380 9 2.48754671924e-05
380 10 0.0
380 11 0.000398007475078
380 12 0.0
380 13 9.95018687695e-05
380 14 0.0
380 15 9.95018687695e-05
380 16 0.0
380 17 2.48754671924e-05
380 18 0.0
380 19 6.21886679809e-06
380 20 0.0
380 21 0.0
380 22 0.0
380 23 6.21886679809e-06
380 24 0.0
380 25 0.0
380 26 0.0
380 27 0.0
380 28 0.0
380 29 0.0
380 30 0.0
380 31 0.0
380 32 0.0
380 33 0.0
380 34 0.0
380 35 0.0
380 36 0.0
380 37 0.0
380 38 0.0
380 39 0.0
380 40 0.0
380 41 0.0
380 42 0.0
380 43 0.0
380 44 0.0
380 45 0.0
380 46 0.0
380 47 0.0
380 48 0.0
380 49 0.0
380 50 0.0
380 51 0.0
380 52 0.0
380 53 0.0
380 54 0.0
380 55 0.0
380 56 0.0
380 57 0.0
380 58 0.0
380 59 0.0
380 60 0.0
380 61 0.0
380 62 0.0
380 63 0.0
380 64 0.0
380 65 0.0
380 66 0.0
380 67 0.0
380 68 0.0
380 69 0.0
380 70 0.0
380 71 0.0
380 72 0.0
380 73 0.0
380 74 0.0
380 75 0.0
380 76 0.0
380 77 0.0
380 78 0.0
380 79 0.0
380 80 0.0
380 81 0.0
380 82 0.0
380 83 0.0
380 84 0.0
380 85 0.0
380 86 0.0
380 87 0.0
380 88 0.0
380 89 0.0
380 90 0.0
380 91 0.0
380 92 0.0
380 93 0.0
380 94 0.0
380 95 0.0
380 96 0.0
380 97 0.0
380 98 0.0
380 99 0.0
380 100 0.0
380 101 0.0
380 102 0.0
380 103 0.0
380 104 0.0
380 105 0.0
380 106 0.0
380 107 0.0
380 108 0.0
380 109 0.0
380 110 0.0
380 111 0.0
380 112 0.0
380 113 0.0
380 114 0.0
380 115 0.0
380 116 0.0
380 117 0.0
380 118 0.0
380 119 0.0
380 120 0.0
380 121 0.0
380 122 0.0
380 123 0.0
380 124 0.0
380 125 0.0
380 126 0.0
380 127 5.59698011828e-05
380 128 0.0
380 129 0.0
380 130 0.0
380 131 6.21886679809e-06
380 132 0.0
380 133 6.21886679809e-06
380 134 0.0
380 135 6.21886679809e-06
380 136 0.0
380 137 0.0
380 138 0.0
380 139 0.0
380 140 0.0
380 141 0.0
380 142 0.0
380 143 0.0
380 144 0.0
380 145 0.0
380 146 0.0
380 147 6.21886679809e-06
380 148 0.0
380 149 6.21886679809e-06
380 150 0.0
380 151 0.0
380 152 0.0
380 153 0.0
380 154 0.0
380 155 0.0
380 156 0.0
380 157 0.0
380 158 0.0
380 159 6.21886679809e-06
380 160 0.0
380 161 0.0
380 162 0.0
380 163 0.0
380 164 0.0
380 165 0.0
380 166 0.0
380 167 0.0
380 168 0.0
380 169 0.0
380 170 0.0
380 171 0.0
380 172 0.0
380 173 0.0
380 174 0.0
380 175 0.0
380 176 0.0
380 177 0.0
380 178 0.0
380 179 0.0
380 180 0.0
380 181 0.0
380 182 0.0
380 183 0.0
380 184 0.0
380 185 0.0
380 186 0.0
380 187 0.0
380 188 0.0
380 189 0.0
380 190 0.0
380 191 0.0
380 192 0.0
380 193 0.0
380 194 0.0
380 195 0.0
380 196 0.0
380 197 0.0
380 198 0.0
380 199 6.21886679809e-06
380 200 0.0
380 201 6.21886679809e-06
380 202 0.0
380 203 0.0
380 204 0.0
380 205 6.21886679809e-06
380 206 0.0
380 207 2.48754671924e-05
380 208 0.0
380 209 0.0
380 210 0.0
380 211 0.0
380 212 0.0
380 213 0.0
380 214 0.0
380 215 0.0
380 216 0.0
380 217 0.0
380 218 0.0
380 219 0.0
380 220 0.0
380 221 0.0
380 222 0.0
380 223 0.0
380 224 0.0
380 225 0.0
380 226 0.0
380 227 0.0
380 228 0.0
380 229 0.0
380 230 0.0
380 231 0.0
380 232 0.0
380 233 0.0
380 234 0.0
380 235 0.0
380 236 0.0
380 237 0.0
380 238 0.0
380 239 0.0
380 240 0.0
380 241 0.0
380 242 0.0
380 243 0.0
380 244 0.0
380 245 0.0
380 246 0.0
380 247 0.0
380 248 0.0
380 249 0.0
380 250 0.0
380 251 0.0
380 252 0.0
380 253 0.0
380 254 0.0
380 255 0.0
380 256 0.0
380 257 0.0
380 258 0.0
380 259 0.0
380 260 0.0
380 261 0.0
380 262 0.0
380 263 0.0
380 264 0.0
380 265 0.0
380 266 0.0
380 267 0.0
380 268 0.0
380 269 0.0
380 270 0.0
380 271 0.0
380 272 0.0
380 273 0.0
380 274 0.0
380 275 0.0
380 276 0.0
380 277 0.0
380 278 0.0
380 279 0.0
380 280 0.0
380 281 0.0
380 282 0.0
380 283 0.0
380 284 0.0
380 285 0.0
380 286 0.0
380 287 0.0
380 288 0.0
380 289 0.0
380 290 0.0
380 291 0.0
380 292 0.0
380 293 0.0
380 294 0.0
380 295 0.0
380 296 0.0
380 297 0.0
380 298 0.0
380 299 0.0
380 300 0.0
380 301 0.0
380 302 0.0
380 303 0.0
380 304 0.0
380 305 0.0
380 306 0.0
380 307 0.0
380 308 0.0
380 309 0.0
380 310 0.0
380 311 0.0
380 312 0.0
380 313 0.0
380 314 0.0
380 315 0.0
380 316 0.0
380 317 0.0
380 318 0.0
380 319 0.0
380 320 0.0
380 321 0.0
380 322 0.0
380 323 6.21886679809e-06
380 324 0.0
380 325 6.21886679809e-06
380 326 0.0
380 327 0.0
380 328 0.0
380 329 0.0
380 330 0.0
380 331 0.0
380 332 0.0
380 333 6.21886679809e-06
380 334 0.0
380 335 6.21886679809e-06
380 336 0.0
380 337 6.21886679809e-06
380 338 0.0
380 339 0.0
380 340 0.0
380 341 6.21886679809e-06
380 342 0.0
380 343 0.0
380 344 0.0
380 345 0.0
380 346 0.0
380 347 0.0
380 348 0.0
380 349 0.0
380 350 0.0
380 351 0.0
380 352 0.0
380 353 0.0
380 354 0.0
380 355 0.0
380 356 0.0
380 357 0.0
380 358 0.0
380 359 0.0
380 360 0.0
380 361 0.0
380 362 0.0
380 363 0.0
380 364 0.0
380 365 0.0
380 366 0.0
380 367 0.0
380 368 0.0
380 369 0.0
380 370 0.0
380 371 0.0
380 372 0.0
380 373 0.0
380 374 0.0
380 375 6.21886679809e-06
380 376 0.0
380 377 0.0
380 378 0.0
380 379 2.48754671924e-05
380 380 0.0
380 381 6.21886679809e-06
380 382 0.0
380 383 2.48754671924e-05
380 384 0.0
380 385 2.48754671924e-05
380 386 0.0
380 387 2.48754671924e-05
380 388 0.0
380 389 5.59698011828e-05
380 390 0.0
380 391 0.000155471669952
380 392 0.0
380 393 9.95018687695e-05
380 394 0.0
380 395 0.000155471669952
380 396 0.0
380 397 6.21886679809e-06
380 398 0.0
380 399 6.21886679809e-06
380 400 0.0
381 0 0.0
381 1 2.48754671924e-05
381 2 0.0
381 3 0.0
381 4 0.0
381 5 0.000155471669952
381 6 0.0
381 7 5.59698011828e-05
381 8 6.21886679809e-06
381 9 6.21886679809e-06
381 10 0.0
381 11 0.000155471669952
381 12 2.48754671924e-05
381 13 9.95018687695e-05
381 14 2.48754671924e-05
381 15 2.48754671924e-05
381 16 9.95018687695e-05
381 17 0.000155471669952
381 18 0.000155471669952
381 19 0.000304724473107
381 20 0.000155471669952
381 21 5.59698011828e-05
381 22 6.21886679809e-06
381 23 6.21886679809e-06
381 24 6.21886679809e-06
381 25 2.48754671924e-05
381 26 6.21886679809e-06
381 27 6.21886679809e-06
381 28 5.59698011828e-05
381 29 0.000155471669952
381 30 0.000155471669952
381 31 0.000155471669952
381 32 0.000155471669952
381 33 0.000223879204731
381 34 0.000155471669952
381 35 9.95018687695e-05
381 36 6.21886679809e-06
381 37 6.21886679809e-06
381 38 6.21886679809e-06
381 39 6.21886679809e-06
381 40 6.21886679809e-06
381 41 6.21886679809e-06
381 42 6.21886679809e-06
381 43 6.21886679809e-06
381 44 6.21886679809e-06
381 45 6.21886679809e-06
381 46 6.21886679809e-06
381 47 6.21886679809e-06
381 48 6.21886679809e-06
381 49 5.59698011828e-05
381 50 0.000155471669952
381 51 0.000223879204731
381 52 0.000155471669952
381 53 0.000155471669952
381 54 0.000155471669952
381 55 0.000223879204731
381 56 0.000155471669952
381 57 2.48754671924e-05
381 58 6.21886679809e-06
381 59 6.21886679809e-06
381 60 6.21886679809e-06
381 61 6.21886679809e-06
381 62 6.21886679809e-06
381 63 2.48754671924e-05
381 64 0.000155471669952
381 65 0.000304724473107
381 66 0.000223879204731
381 67 0.000223879204731
381 68 0.000223879204731
381 69 0.000304724473107
381 70 0.000223879204731
381 71 5.59698011828e-05
381 72 6.21886679809e-06
381 73 6.21886679809e-06
381 74 6.21886679809e-06
381 75 6.21886679809e-06
381 76 6.21886679809e-06
381 77 6.21886679809e-06
381 78 6.21886679809e-06
381 79 6.21886679809e-06
381 80 6.21886679809e-06
381 81 6.21886679809e-06
381 82 6.21886679809e-06
381 83 6.21886679809e-06
381 84 6.21886679809e-06
381 85 6.21886679809e-06
381 86 6.21886679809e-06
381 87 6.21886679809e-06
381 88 6.21886679809e-06
381 89 6.21886679809e-06
381 90 6.21886679809e-06
381 91 6.21886679809e-06
381 92 2.48754671924e-05
381 93 0.000155471669952
381 94 0.000155471669952
381 95 0.000223879204731
381 96 0.000155471669952
381 97 0.000223879204731
381 98 0.000155471669952
381 99 9.95018687695e-05
381 100 6.21886679809e-06
381 101 6.21886679809e-06
381 102 6.21886679809e-06
381 103 2.48754671924e-05
381 104 6.21886679809e-06
381 105 6.21886679809e-06
381 106 2.48754671924e-05
381 107 0.000223879204731
381 108 0.000223879204731
381 109 0.000223879204731
381 110 0.000223879204731
381 111 0.000304724473107
381 112 0.000223879204731
381 113 0.000223879204731
381 114 2.48754671924e-05
381 115 6.21886679809e-06
381 116 6.21886679809e-06
381 117 6.21886679809e-06
381 118 6.21886679809e-06
381 119 6.21886679809e-06
381 120 6.21886679809e-06
381 121 6.21886679809e-06
381 122 6.21886679809e-06
381 123 6.21886679809e-06
381 124 6.21886679809e-06
381 125 6.21886679809e-06
381 126 6.21886679809e-06
381 127 6.21886679809e-06
381 128 2.48754671924e-05
381 129 2.48754671924e-05
381 130 2.48754671924e-05
381 131 2.48754671924e-05
381 132 2.48754671924e-05
381 133 2.48754671924e-05
381 134 2.48754671924e-05
381 135 2.48754671924e-05
381 136 6.21886679809e-06
381 137 6.21886679809e-06
381 138 6.21886679809e-06
381 139 2.48754671924e-05
381 140 6.21886679809e-06
381 141 6.21886679809e-06
381 142 2.48754671924e-05
381 143 0.000155471669952
381 144 0.000155471669952
381 145 0.000155471669952
381 146 0.000155471669952
381 147 0.000223879204731
381 148 0.000155471669952
381 149 9.95018687695e-05
381 150 6.21886679809e-06
381 151 2.48754671924e-05
381 152 6.21886679809e-06
381 153 6.21886679809e-06
381 154 6.21886679809e-06
381 155 2.48754671924e-05
381 156 2.48754671924e-05
381 157 0.000155471669952
381 158 0.000155471669952
381 159 0.000223879204731
381 160 0.000155471669952
381 161 0.000155471669952
381 162 0.000155471669952
381 163 0.000155471669952
381 164 6.21886679809e-06
381 165 6.21886679809e-06
381 166 6.21886679809e-06
381 167 2.48754671924e-05
381 168 6.21886679809e-06
381 169 6.21886679809e-06
381 170 6.21886679809e-06
381 171 0.000155471669952
381 172 0.000223879204731
381 173 0.000304724473107
381 174 0.000223879204731
381 175 0.000304724473107
381 176 0.000223879204731
381 177 0.000223879204731
381 178 2.48754671924e-05
381 179 6.21886679809e-06
381 180 6.21886679809e-06
381 181 6.21886679809e-06
381 182 6.21886679809e-06
381 183 6.21886679809e-06
381 184 6.21886679809e-06
381 185 6.21886679809e-06
381 186 6.21886679809e-06
381 187 6.21886679809e-06
381 188 6.21886679809e-06
381 189 6.21886679809e-06
381 190 6.21886679809e-06
381 191 6.21886679809e-06
381 192 5.59698011828e-05
381 193 0.000223879204731
381 194 0.000223879204731
381 195 0.000304724473107
381 196 0.000223879204731
381 197 0.000223879204731
381 198 0.000223879204731
381 199 0.000223879204731
381 200 0.000155471669952
381 201 0.000155471669952
381 202 0.000155471669952
381 203 0.000223879204731
381 204 0.000155471669952
381 205 0.000223879204731
381 206 0.000155471669952
381 207 2.48754671924e-05
381 208 6.21886679809e-06
381 209 6.21886679809e-06
381 210 6.21886679809e-06
381 211 6.21886679809e-06
381 212 6.21886679809e-06
381 213 5.59698011828e-05
381 214 0.000155471669952
381 215 0.000223879204731
381 216 0.000155471669952
381 217 0.000155471669952
381 218 0.000155471669952
381 219 0.000155471669952
381 220 0.000155471669952
381 221 0.000223879204731
381 222 0.000223879204731
381 223 0.000223879204731
381 224 0.000223879204731
381 225 0.000304724473107
381 226 0.000223879204731
381 227 0.000223879204731
381 228 2.48754671924e-05
381 229 6.21886679809e-06
381 230 6.21886679809e-06
381 231 6.21886679809e-06
381 232 6.21886679809e-06
381 233 6.21886679809e-06
381 234 6.21886679809e-06
381 235 0.000155471669952
381 236 0.000223879204731
381 237 0.000304724473107
381 238 0.000223879204731
381 239 0.000223879204731
381 240 0.000223879204731
381 241 0.000223879204731
381 242 2.48754671924e-05
381 243 6.21886679809e-06
381 244 6.21886679809e-06
381 245 2.48754671924e-05
381 246 6.21886679809e-06
381 247 6.21886679809e-06
381 248 6.21886679809e-06
381 249 9.95018687695e-05
381 250 0.000155471669952
381 251 0.000223879204731
381 252 0.000155471669952
381 253 0.000155471669952
381 254 0.000155471669952
381 255 0.000155471669952
381 256 0.000155471669952
381 257 0.000223879204731
381 258 0.000223879204731
381 259 0.000223879204731
381 260 0.000223879204731
381 261 0.000304724473107
381 262 0.000223879204731
381 263 0.000155471669952
381 264 6.21886679809e-06
381 265 6.21886679809e-06
381 266 6.21886679809e-06
381 267 6.21886679809e-06
381 268 6.21886679809e-06
381 269 6.21886679809e-06
381 270 2.48754671924e-05
381 271 0.000223879204731
381 272 0.000223879204731
381 273 0.000304724473107
381 274 0.000223879204731
381 275 0.000223879204731
381 276 0.000223879204731
381 277 0.000223879204731
381 278 6.21886679809e-06
381 279 6.21886679809e-06
381 280 6.21886679809e-06
381 281 2.48754671924e-05
381 282 6.21886679809e-06
381 283 6.21886679809e-06
381 284 6.21886679809e-06
381 285 0.000155471669952
381 286 0.000223879204731
381 287 0.000304724473107
381 288 0.000223879204731
381 289 0.000223879204731
381 290 0.000223879204731
381 291 0.000223879204731
381 292 0.000155471669952
381 293 0.000155471669952
381 294 0.000155471669952
381 295 0.000155471669952
381 296 0.000155471669952
381 297 0.000223879204731
381 298 0.000155471669952
381 299 5.59698011828e-05
381 300 6.21886679809e-06
381 301 6.21886679809e-06
381 302 6.21886679809e-06
381 303 6.21886679809e-06
381 304 6.21886679809e-06
381 305 6.21886679809e-06
381 306 5.59698011828e-05
381 307 0.000223879204731
381 308 0.000223879204731
381 309 0.000304724473107
381 310 0.000223879204731
381 311 0.000223879204731
381 312 0.000223879204731
381 313 0.000223879204731
381 314 0.000223879204731
381 315 0.000223879204731
381 316 0.000223879204731
381 317 0.000223879204731
381 318 0.000223879204731
381 319 0.000304724473107
381 320 0.000155471669952
381 321 2.48754671924e-05
381 322 2.48754671924e-05
381 323 2.48754671924e-05
381 324 2.48754671924e-05
381 325 2.48754671924e-05
381 326 2.48754671924e-05
381 327 5.59698011828e-05
381 328 0.000155471669952
381 329 0.000223879204731
381 330 0.000155471669952
381 331 0.000155471669952
381 332 0.000155471669952
381 333 0.000223879204731
381 334 0.000155471669952
381 335 5.59698011828e-05
381 336 6.21886679809e-06
381 337 2.48754671924e-05
381 338 6.21886679809e-06
381 339 6.21886679809e-06
381 340 6.21886679809e-06
381 341 5.59698011828e-05
381 342 0.000155471669952
381 343 0.000223879204731
381 344 0.000223879204731
381 345 0.000223879204731
381 346 0.000223879204731
381 347 0.000223879204731
381 348 0.000223879204731
381 349 0.000155471669952
381 350 0.000155471669952
381 351 0.000155471669952
381 352 0.000155471669952
381 353 0.000155471669952
381 354 0.000155471669952
381 355 0.000155471669952
381 356 2.48754671924e-05
381 357 6.21886679809e-06
381 358 6.21886679809e-06
381 359 2.48754671924e-05
381 360 6.21886679809e-06
381 361 6.21886679809e-06
381 362 6.21886679809e-06
381 363 9.95018687695e-05
381 364 0.000223879204731
381 365 0.000304724473107
381 366 0.000223879204731
381 367 0.000223879204731
381 368 0.000223879204731
381 369 0.000304724473107
381 370 0.000155471669952
381 371 2.48754671924e-05
381 372 6.21886679809e-06
381 373 6.21886679809e-06
381 374 6.21886679809e-06
381 375 6.21886679809e-06
381 376 6.21886679809e-06
381 377 2.48754671924e-05
381 378 0.000155471669952
381 379 6.21886679809e-06
381 380 0.000155471669952
381 381 9.95018687695e-05
381 382 9.95018687695e-05
381 383 0.000223879204731
381 384 2.48754671924e-05
381 385 2.48754671924e-05
381 386 6.21886679809e-06
381 387 6.21886679809e-06
381 388 6.21886679809e-06
381 389 2.48754671924e-05
381 390 0.0
381 391 0.000155471669952
381 392 6.21886679809e-06
381 393 5.59698011828e-05
381 394 6.21886679809e-06
381 395 0.000223879204731
381 396 6.21886679809e-06
381 397 6.21886679809e-06
381 398 6.21886679809e-06
381 399 6.21886679809e-06
381 400 0.0
382 0 0.0
382 1 2.48754671924e-05
382 2 0.0
382 3 6.21886679809e-06
382 4 0.0
382 5 0.000223879204731
382 6 0.0
382 7 0.000155471669952
382 8 0.0
382 9 0.0
382 10 0.0
382 11 9.95018687695e-05
382 12 0.0
382 13 0.000304724473107
382 14 0.0
382 15 6.21886679809e-06
382 16 0.0
382 17 6.21886679809e-06
382 18 0.0
382 19 2.48754671924e-05
382 20 0.0
382 21 0.0
382 22 0.0
382 23 6.21886679809e-06
382 24 0.0
382 25 0.0
382 26 0.0
382 27 0.0
382 28 0.0
382 29 6.21886679809e-06
382 30 0.0
382 31 0.0
382 32 0.0
382 33 0.0
382 34 0.0
382 35 0.0
382 36 0.0
382 37 0.0
382 38 0.0
382 39 0.0
382 40 0.0
382 41 0.0
382 42 0.0
382 43 0.0
382 44 0.0
382 45 0.0
382 46 0.0
382 47 0.0
382 48 0.0
382 49 0.0
382 50 0.0
382 51 0.0
382 52 0.0
382 53 0.0
382 54 0.0
382 55 6.21886679809e-06
382 56 0.0
382 57 0.0
382 58 0.0
382 59 0.0
382 60 0.0
382 61 0.0
382 62 0.0
382 63 6.21886679809e-06
382 64 0.0
382 65 6.21886679809e-06
382 66 0.0
382 67 0.0
382 68 0.0
382 69 6.21886679809e-06
382 70 0.0
382 71 0.0
382 72 0.0
382 73 0.0
382 74 0.0
382 75 0.0
382 76 0.0
382 77 0.0
382 78 0.0
382 79 0.0
382 80 0.0
382 81 0.0
382 82 0.0
382 83 0.0
382 84 0.0
382 85 0.0
382 86 0.0
382 87 0.0
382 88 0.0
382 89 0.0
382 90 0.0
382 91 6.21886679809e-06
382 92 0.0
382 93 0.0
382 94 0.0
382 95 0.0
382 96 0.0
382 97 0.0
382 98 0.0
382 99 0.0
382 100 0.0
382 101 0.0
382 102 0.0
382 103 0.0
382 104 0.0
382 105 0.0
382 106 0.0
382 107 0.0
382 108 0.0
382 109 0.0
382 110 0.0
382 111 0.0
382 112 0.0
382 113 0.0
382 114 0.0
382 115 0.0
382 116 0.0
382 117 0.0
382 118 0.0
382 119 0.0
382 120 0.0
382 121 6.21886679809e-06
382 122 0.0
382 123 0.0
382 124 0.0
382 125 6.21886679809e-06
382 126 0.0
382 127 2.48754671924e-05
382 128 0.0
382 129 6.21886679809e-06
382 130 0.0
382 131 0.0
382 132 0.0
382 133 0.0
382 134 0.0
382 135 0.0
382 136 0.0
382 137 6.21886679809e-06
382 138 0.0
382 139 0.0
382 140 0.0
382 141 0.0
382 142 0.0
382 143 6.21886679809e-06
382 144 0.0
382 145 0.0
382 146 0.0
382 147 6.21886679809e-06
382 148 0.0
382 149 0.0
382 150 0.0
382 151 6.21886679809e-06
382 152 0.0
382 153 0.0
382 154 0.0
382 155 6.21886679809e-06
382 156 0.0
382 157 6.21886679809e-06
382 158 0.0
382 159 6.21886679809e-06
382 160 0.0
382 161 0.0
382 162 0.0
382 163 0.0
382 164 0.0
382 165 0.0
382 166 0.0
382 167 6.21886679809e-06
382 168 0.0
382 169 0.0
382 170 0.0
382 171 0.0
382 172 0.0
382 173 6.21886679809e-06
382 174 0.0
382 175 0.0
382 176 0.0
382 177 0.0
382 178 0.0
382 179 0.0
382 180 0.0
382 181 0.0
382 182 0.0
382 183 0.0
382 184 0.0
382 185 0.0
382 186 0.0
382 187 0.0
382 188 0.0
382 189 0.0
382 190 0.0
382 191 0.0
382 192 0.0
382 193 0.0
382 194 0.0
382 195 0.0
382 196 0.0
382 197 0.0
382 198 0.0
382 199 6.21886679809e-06
382 200 0.0
382 201 0.0
382 202 0.0
382 203 6.21886679809e-06
382 204 0.0
382 205 6.21886679809e-06
382 206 0.0
382 207 0.0
382 208 0.0
382 209 6.21886679809e-06
382 210 0.0
382 211 0.0
382 212 0.0
382 213 0.0
382 214 0.0
382 215 0.0
382 216 0.0
382 217 0.0
382 218 0.0
382 219 0.0
382 220 0.0
382 221 0.0
382 222 0.0
382 223 0.0
382 224 0.0
382 225 0.0
382 226 0.0
382 227 0.0
382 228 0.0
382 229 0.0
382 230 0.0
382 231 0.0
382 232 0.0
382 233 0.0
382 234 0.0
382 235 0.0
382 236 0.0
382 237 0.0
382 238 0.0
382 239 0.0
382 240 0.0
382 241 6.21886679809e-06
382 242 0.0
382 243 6.21886679809e-06
382 244 0.0
382 245 0.0
382 246 0.0
382 247 0.0
382 248 0.0
382 249 6.21886679809e-06
382 250 0.0
382 251 6.21886679809e-06
382 252 0.0
382 253 0.0
382 254 0.0
382 255 0.0
382 256 0.0
382 257 0.0
382 258 0.0
382 259 0.0
382 260 0.0
382 261 6.21886679809e-06
382 262 0.0
382 263 0.0
382 264 0.0
382 265 6.21886679809e-06
382 266 0.0
382 267 0.0
382 268 0.0
382 269 6.21886679809e-06
382 270 0.0
382 271 0.0
382 272 0.0
382 273 0.0
382 274 0.0
382 275 0.0
382 276 0.0
382 277 6.21886679809e-06
382 278 0.0
382 279 6.21886679809e-06
382 280 0.0
382 281 0.0
382 282 0.0
382 283 0.0
382 284 0.0
382 285 0.0
382 286 0.0
382 287 6.21886679809e-06
382 288 0.0
382 289 0.0
382 290 0.0
382 291 0.0
382 292 0.0
382 293 0.0
382 294 0.0
382 295 0.0
382 296 0.0
382 297 6.21886679809e-06
382 298 0.0
382 299 6.21886679809e-06
382 300 0.0
382 301 0.0
382 302 0.0
382 303 0.0
382 304 0.0
382 305 0.0
382 306 0.0
382 307 0.0
382 308 0.0
382 309 0.0
382 310 0.0
382 311 0.0
382 312 0.0
382 313 0.0
382 314 0.0
382 315 0.0
382 316 0.0
382 317 0.0
382 318 0.0
382 319 6.21886679809e-06
382 320 0.0
382 321 5.59698011828e-05
382 322 0.0
382 323 0.0
382 324 0.0
382 325 0.0
382 326 0.0
382 327 6.21886679809e-06
382 328 0.0
382 329 6.21886679809e-06
382 330 0.0
382 331 0.0
382 332 0.0
382 333 6.21886679809e-06
382 334 0.0
382 335 6.21886679809e-06
382 336 0.0
382 337 6.21886679809e-06
382 338 0.0
382 339 0.0
382 340 0.0
382 341 2.48754671924e-05
382 342 0.0
382 343 0.0
382 344 0.0
382 345 0.0
382 346 0.0
382 347 0.0
382 348 0.0
382 349 0.0
382 350 0.0
382 351 0.0
382 352 0.0
382 353 0.0
382 354 0.0
382 355 6.21886679809e-06
382 356 0.0
382 357 0.0
382 358 0.0
382 359 0.0
382 360 0.0
382 361 0.0
382 362 0.0
382 363 0.0
382 364 0.0
382 365 0.0
382 366 0.0
382 367 0.0
382 368 0.0
382 369 0.0
382 370 0.0
382 371 0.0
382 372 0.0
382 373 0.0
382 374 0.0
382 375 6.21886679809e-06
382 376 0.0
382 377 6.21886679809e-06
382 378 0.0
382 379 0.000155471669952
382 380 0.0
382 381 6.21886679809e-06
382 382 0.0
382 383 5.59698011828e-05
382 384 0.0
382 385 9.95018687695e-05
382 386 0.0
382 387 0.0
382 388 0.0
382 389 2.48754671924e-05
382 390 0.0
382 391 0.000155471669952
382 392 0.0
382 393 5.59698011828e-05
382 394 0.0
382 395 0.000223879204731
382 396 0.0
382 397 6.21886679809e-06
382 398 0.0
382 399 0.0
382 400 0.0
383 0 0.0
383 1 2.48754671924e-05
383 2 6.21886679809e-06
383 3 6.21886679809e-06
383 4 6.21886679809e-06
383 5 0.000155471669952
383 6 6.21886679809e-06
383 7 0.000223879204731
383 8 0.0
383 9 6.21886679809e-06
383 10 6.21886679809e-06
383 11 2.48754671924e-05
383 12 0.0
383 13 0.000155471669952
383 14 0.000223879204731
383 15 0.000304724473107
383 16 0.000398007475078
383 17 0.000752482882569
383 18 0.000621886679809
383 19 0.000503728210645
383 20 0.000503728210645
383 21 0.000304724473107
383 22 0.000155471669952
383 23 0.000155471669952
383 24 0.000223879204731
383 25 0.000223879204731
383 26 0.000223879204731
383 27 0.000223879204731
383 28 0.000398007475078
383 29 0.000621886679809
383 30 0.000621886679809
383 31 0.000621886679809
383 32 0.000621886679809
383 33 0.000621886679809
383 34 0.000621886679809
383 35 0.000503728210645
383 36 0.000223879204731
383 37 0.000223879204731
383 38 0.000223879204731
383 39 0.000223879204731
383 40 0.000223879204731
383 41 0.000223879204731
383 42 0.000223879204731
383 43 0.000155471669952
383 44 0.000155471669952
383 45 9.95018687695e-05
383 46 0.000155471669952
383 47 0.000155471669952
383 48 0.000155471669952
383 49 0.000223879204731
383 50 0.000621886679809
383 51 0.000621886679809
383 52 0.000621886679809
383 53 0.000503728210645
383 54 0.000621886679809
383 55 0.000621886679809
383 56 0.000621886679809
383 57 0.000398007475078
383 58 0.000398007475078
383 59 0.000398007475078
383 60 0.000398007475078
383 61 0.000398007475078
383 62 0.000398007475078
383 63 0.000398007475078
383 64 0.000398007475078
383 65 0.000398007475078
383 66 0.000398007475078
383 67 0.000398007475078
383 68 0.000398007475078
383 69 0.000398007475078
383 70 0.000398007475078
383 71 0.000398007475078
383 72 0.000398007475078
383 73 0.000398007475078
383 74 0.000398007475078
383 75 0.000398007475078
383 76 0.000398007475078
383 77 0.000398007475078
383 78 0.000398007475078
383 79 0.000398007475078
383 80 0.000398007475078
383 81 0.000398007475078
383 82 0.000398007475078
383 83 0.000398007475078
383 84 0.000398007475078
383 85 0.000398007475078
383 86 0.000398007475078
383 87 0.000398007475078
383 88 0.000398007475078
383 89 0.000398007475078
383 90 0.000398007475078
383 91 0.000304724473107
383 92 0.000398007475078
383 93 0.000503728210645
383 94 0.000621886679809
383 95 0.000621886679809
383 96 0.000621886679809
383 97 0.000621886679809
383 98 0.000621886679809
383 99 0.000503728210645
383 100 0.000223879204731
383 101 0.000223879204731
383 102 0.000223879204731
383 103 0.000223879204731
383 104 0.000223879204731
383 105 0.000223879204731
383 106 0.000223879204731
383 107 0.000398007475078
383 108 0.000398007475078
383 109 0.000398007475078
383 110 0.000398007475078
383 111 0.000398007475078
383 112 0.000398007475078
383 113 0.000398007475078
383 114 0.000223879204731
383 115 0.000223879204731
383 116 0.000223879204731
383 117 0.000223879204731
383 118 0.000223879204731
383 119 0.000223879204731
383 120 0.000223879204731
383 121 0.000398007475078
383 122 0.000398007475078
383 123 0.000398007475078
383 124 0.000398007475078
383 125 0.000398007475078
383 126 0.000398007475078
383 127 0.000398007475078
383 128 0.000304724473107
383 129 0.000304724473107
383 130 0.000398007475078
383 131 0.000398007475078
383 132 0.000398007475078
383 133 0.000398007475078
383 134 0.000398007475078
383 135 0.000304724473107
383 136 0.000223879204731
383 137 0.000155471669952
383 138 0.000223879204731
383 139 0.000223879204731
383 140 0.000223879204731
383 141 0.000223879204731
383 142 0.000398007475078
383 143 0.000621886679809
383 144 0.000621886679809
383 145 0.000621886679809
383 146 0.000621886679809
383 147 0.000503728210645
383 148 0.000503728210645
383 149 0.000503728210645
383 150 0.000304724473107
383 151 0.000223879204731
383 152 0.000304724473107
383 153 0.000304724473107
383 154 0.000304724473107
383 155 0.000223879204731
383 156 0.000304724473107
383 157 0.000621886679809
383 158 0.000621886679809
383 159 0.000503728210645
383 160 0.000621886679809
383 161 0.000621886679809
383 162 0.000621886679809
383 163 0.000621886679809
383 164 0.000398007475078
383 165 0.000398007475078
383 166 0.000398007475078
383 167 0.000398007475078
383 168 0.000398007475078
383 169 0.000398007475078
383 170 0.000398007475078
383 171 0.000398007475078
383 172 0.000398007475078
383 173 0.000398007475078
383 174 0.000398007475078
383 175 0.000398007475078
383 176 0.000398007475078
383 177 0.000503728210645
383 178 0.000304724473107
383 179 0.000223879204731
383 180 0.000223879204731
383 181 0.000223879204731
383 182 0.000223879204731
383 183 0.000223879204731
383 184 0.000223879204731
383 185 0.000223879204731
383 186 0.000223879204731
383 187 0.000223879204731
383 188 0.000223879204731
383 189 0.000223879204731
383 190 0.000223879204731
383 191 0.000223879204731
383 192 0.000304724473107
383 193 0.000503728210645
383 194 0.000398007475078
383 195 0.000398007475078
383 196 0.000398007475078
383 197 0.000398007475078
383 198 0.000398007475078
383 199 0.000398007475078
383 200 0.000503728210645
383 201 0.000503728210645
383 202 0.000503728210645
383 203 0.000398007475078
383 204 0.000503728210645
383 205 0.000398007475078
383 206 0.000398007475078
383 207 0.000155471669952
383 208 0.000223879204731
383 209 0.000223879204731
383 210 0.000223879204731
383 211 0.000223879204731
383 212 0.000223879204731
383 213 0.000304724473107
383 214 0.000621886679809
383 215 0.000621886679809
383 216 0.000621886679809
383 217 0.000621886679809
383 218 0.000621886679809
383 219 0.000621886679809
383 220 0.000621886679809
383 221 0.000398007475078
383 222 0.000398007475078
383 223 0.000398007475078
383 224 0.000398007475078
383 225 0.000398007475078
383 226 0.000398007475078
383 227 0.000398007475078
383 228 0.000223879204731
383 229 0.000223879204731
383 230 0.000223879204731
383 231 0.000223879204731
383 232 0.000223879204731
383 233 0.000223879204731
383 234 0.000223879204731
383 235 0.000398007475078
383 236 0.000503728210645
383 237 0.000398007475078
383 238 0.000398007475078
383 239 0.000398007475078
383 240 0.000398007475078
383 241 0.000398007475078
383 242 0.000398007475078
383 243 0.000398007475078
383 244 0.000398007475078
383 245 0.000398007475078
383 246 0.000398007475078
383 247 0.000398007475078
383 248 0.000398007475078
383 249 0.000398007475078
383 250 0.000503728210645
383 251 0.000503728210645
383 252 0.000621886679809
383 253 0.000621886679809
383 254 0.000621886679809
383 255 0.000621886679809
383 256 0.000621886679809
383 257 0.000398007475078
383 258 0.000398007475078
383 259 0.000398007475078
383 260 0.000398007475078
383 261 0.000398007475078
383 262 0.000398007475078
383 263 0.000398007475078
383 264 0.000398007475078
383 265 0.000304724473107
383 266 0.000398007475078
383 267 0.000398007475078
383 268 0.000398007475078
383 269 0.000304724473107
383 270 0.000304724473107
383 271 0.000304724473107
383 272 0.000398007475078
383 273 0.000398007475078
383 274 0.000398007475078
383 275 0.000304724473107
383 276 0.000398007475078
383 277 0.000304724473107
383 278 0.000304724473107
383 279 0.000304724473107
383 280 0.000398007475078
383 281 0.000398007475078
383 282 0.000398007475078
383 283 0.000398007475078
383 284 0.000398007475078
383 285 0.000398007475078
383 286 0.000398007475078
383 287 0.000398007475078
383 288 0.000398007475078
383 289 0.000398007475078
383 290 0.000398007475078
383 291 0.000398007475078
383 292 0.000621886679809
383 293 0.000621886679809
383 294 0.000621886679809
383 295 0.000621886679809
383 296 0.000621886679809
383 297 0.000503728210645
383 298 0.000503728210645
383 299 0.000304724473107
383 300 0.000223879204731
383 301 0.000223879204731
383 302 0.000223879204731
383 303 0.000223879204731
383 304 0.000223879204731
383 305 0.000223879204731
383 306 0.000304724473107
383 307 0.000503728210645
383 308 0.000398007475078
383 309 0.000398007475078
383 310 0.000398007475078
383 311 0.000398007475078
383 312 0.000398007475078
383 313 0.000398007475078
383 314 0.000398007475078
383 315 0.000398007475078
383 316 0.000398007475078
383 317 0.000398007475078
383 318 0.000398007475078
383 319 0.000398007475078
383 320 0.000398007475078
383 321 0.000304724473107
383 322 0.000304724473107
383 323 0.000304724473107
383 324 0.000304724473107
383 325 0.000304724473107
383 326 0.000304724473107
383 327 0.000304724473107
383 328 0.000621886679809
383 329 0.000621886679809
383 330 0.000621886679809
383 331 0.000621886679809
383 332 0.000621886679809
383 333 0.000503728210645
383 334 0.000621886679809
383 335 0.000155471669952
383 336 0.000304724473107
383 337 0.000223879204731
383 338 0.000304724473107
383 339 0.000304724473107
383 340 0.000304724473107
383 341 0.000223879204731
383 342 0.000398007475078
383 343 0.000503728210645
383 344 0.000398007475078
383 345 0.000398007475078
383 346 0.000398007475078
383 347 0.000398007475078
383 348 0.000398007475078
383 349 0.000621886679809
383 350 0.000621886679809
383 351 0.000621886679809
383 352 0.000621886679809
383 353 0.000621886679809
383 354 0.000621886679809
383 355 0.000621886679809
383 356 0.000398007475078
383 357 0.000223879204731
383 358 0.000223879204731
383 359 0.000223879204731
383 360 0.000223879204731
383 361 0.000223879204731
383 362 0.000223879204731
383 363 0.000304724473107
383 364 0.000503728210645
383 365 0.000398007475078
383 366 0.000398007475078
383 367 0.000398007475078
383 368 0.000398007475078
383 369 0.000503728210645
383 370 0.000398007475078
383 371 0.000223879204731
383 372 0.000223879204731
383 373 0.000223879204731
383 374 0.000223879204731
383 375 0.000155471669952
383 376 0.000223879204731
383 377 0.000223879204731
383 378 0.000503728210645
383 379 0.00121889789243
383 380 0.000503728210645
383 381 0.000304724473107
383 382 0.000304724473107
383 383 5.59698011828e-05
383 384 0.000155471669952
383 385 9.95018687695e-05
383 386 6.21886679809e-06
383 387 0.0
383 388 0.0
383 389 2.48754671924e-05
383 390 0.0
383 391 0.000155471669952
383 392 2.48754671924e-05
383 393 0.000155471669952
383 394 6.21886679809e-06
383 395 9.95018687695e-05
383 396 6.21886679809e-06
383 397 0.0
383 398 2.48754671924e-05
383 399 6.21886679809e-06
383 400 0.0
384 0 0.0
384 1 2.48754671924e-05
384 2 0.0
384 3 6.21886679809e-06
384 4 0.0
384 5 0.000155471669952
384 6 0.0
384 7 0.000398007475078
384 8 0.0
384 9 6.21886679809e-06
384 10 0.0
384 11 6.21886679809e-06
384 12 0.0
384 13 9.95018687695e-05
384 14 0.0
384 15 6.21886679809e-06
384 16 0.0
384 17 5.59698011828e-05
384 18 0.0
384 19 2.48754671924e-05
384 20 0.0
384 21 6.21886679809e-06
384 22 0.0
384 23 2.48754671924e-05
384 24 0.0
384 25 0.0
384 26 0.0
384 27 0.0
384 28 0.0
384 29 0.0
384 30 0.0
384 31 0.0
384 32 0.0
384 33 0.0
384 34 0.0
384 35 0.0
384 36 0.0
384 37 0.0
384 38 0.0
384 39 0.0
384 40 0.0
384 41 0.0
384 42 0.0
384 43 0.0
384 44 0.0
384 45 6.21886679809e-06
384 46 0.0
384 47 0.0
384 48 0.0
384 49 0.0
384 50 0.0
384 51 0.0
384 52 0.0
384 53 6.21886679809e-06
384 54 0.0
384 55 0.0
384 56 0.0
384 57 0.0
384 58 0.0
384 59 6.21886679809e-06
384 60 0.0
384 61 6.21886679809e-06
384 62 0.0
384 63 6.21886679809e-06
384 64 0.0
384 65 0.0
384 66 0.0
384 67 6.21886679809e-06
384 68 0.0
384 69 0.0
384 70 0.0
384 71 0.0
384 72 0.0
384 73 6.21886679809e-06
384 74 0.0
384 75 0.0
384 76 0.0
384 77 6.21886679809e-06
384 78 0.0
384 79 0.0
384 80 0.0
384 81 0.0
384 82 0.0
384 83 0.0
384 84 0.0
384 85 0.0
384 86 0.0
384 87 0.0
384 88 0.0
384 89 0.0
384 90 0.0
384 91 6.21886679809e-06
384 92 0.0
384 93 6.21886679809e-06
384 94 0.0
384 95 0.0
384 96 0.0
384 97 0.0
384 98 0.0
384 99 0.0
384 100 0.0
384 101 0.0
384 102 0.0
384 103 0.0
384 104 0.0
384 105 6.21886679809e-06
384 106 0.0
384 107 6.21886679809e-06
384 108 0.0
384 109 6.21886679809e-06
384 110 0.0
384 111 0.0
384 112 0.0
384 113 6.21886679809e-06
384 114 0.0
384 115 0.0
384 116 0.0
384 117 0.0
384 118 0.0
384 119 0.0
384 120 0.0
384 121 6.21886679809e-06
384 122 0.0
384 123 6.21886679809e-06
384 124 0.0
384 125 0.0
384 126 0.0
384 127 6.21886679809e-06
384 128 0.0
384 129 6.21886679809e-06
384 130 0.0
384 131 0.0
384 132 0.0
384 133 6.21886679809e-06
384 134 0.0
384 135 6.21886679809e-06
384 136 0.0
384 137 0.0
384 138 0.0
384 139 0.0
384 140 0.0
384 141 0.0
384 142 0.0
384 143 0.0
384 144 0.0
384 145 0.0
384 146 0.0
384 147 6.21886679809e-06
384 148 0.0
384 149 6.21886679809e-06
384 150 0.0
384 151 0.0
384 152 0.0
384 153 0.0
384 154 0.0
384 155 0.0
384 156 0.0
384 157 0.0
384 158 0.0
384 159 6.21886679809e-06
384 160 0.0
384 161 0.0
384 162 0.0
384 163 6.21886679809e-06
384 164 0.0
384 165 6.21886679809e-06
384 166 0.0
384 167 0.0
384 168 0.0
384 169 6.21886679809e-06
384 170 0.0
384 171 2.48754671924e-05
384 172 0.0
384 173 0.0
384 174 0.0
384 175 0.0
384 176 0.0
384 177 6.21886679809e-06
384 178 0.0
384 179 6.21886679809e-06
384 180 0.0
384 181 0.0
384 182 0.0
384 183 0.0
384 184 0.0
384 185 0.0
384 186 0.0
384 187 0.0
384 188 0.0
384 189 0.0
384 190 0.0
384 191 6.21886679809e-06
384 192 0.0
384 193 6.21886679809e-06
384 194 0.0
384 195 0.0
384 196 0.0
384 197 6.21886679809e-06
384 198 0.0
384 199 2.48754671924e-05
384 200 0.0
384 201 6.21886679809e-06
384 202 0.0
384 203 0.0
384 204 0.0
384 205 6.21886679809e-06
384 206 0.0
384 207 6.21886679809e-06
384 208 0.0
384 209 0.0
384 210 0.0
384 211 0.0
384 212 0.0
384 213 0.0
384 214 0.0
384 215 0.0
384 216 0.0
384 217 0.0
384 218 0.0
384 219 6.21886679809e-06
384 220 0.0
384 221 6.21886679809e-06
384 222 0.0
384 223 6.21886679809e-06
384 224 0.0
384 225 0.0
384 226 0.0
384 227 6.21886679809e-06
384 228 0.0
384 229 0.0
384 230 0.0
384 231 0.0
384 232 0.0
384 233 0.0
384 234 0.0
384 235 6.21886679809e-06
384 236 0.0
384 237 0.0
384 238 0.0
384 239 6.21886679809e-06
384 240 0.0
384 241 2.48754671924e-05
384 242 0.0
384 243 6.21886679809e-06
384 244 0.0
384 245 6.21886679809e-06
384 246 0.0
384 247 6.21886679809e-06
384 248 0.0
384 249 6.21886679809e-06
384 250 0.0
384 251 0.0
384 252 0.0
384 253 6.21886679809e-06
384 254 0.0
384 255 0.0
384 256 0.0
384 257 0.0
384 258 0.0
384 259 6.21886679809e-06
384 260 0.0
384 261 0.0
384 262 0.0
384 263 6.21886679809e-06
384 264 0.0
384 265 0.0
384 266 0.0
384 267 0.0
384 268 0.0
384 269 0.0
384 270 0.0
384 271 6.21886679809e-06
384 272 0.0
384 273 0.0
384 274 0.0
384 275 6.21886679809e-06
384 276 0.0
384 277 2.48754671924e-05
384 278 0.0
384 279 6.21886679809e-06
384 280 0.0
384 281 0.0
384 282 0.0
384 283 6.21886679809e-06
384 284 0.0
384 285 2.48754671924e-05
384 286 0.0
384 287 0.0
384 288 0.0
384 289 6.21886679809e-06
384 290 0.0
384 291 0.0
384 292 0.0
384 293 0.0
384 294 0.0
384 295 0.0
384 296 0.0
384 297 0.0
384 298 0.0
384 299 0.0
384 300 0.0
384 301 0.0
384 302 0.0
384 303 0.0
384 304 0.0
384 305 0.0
384 306 0.0
384 307 6.21886679809e-06
384 308 0.0
384 309 0.0
384 310 0.0
384 311 6.21886679809e-06
384 312 0.0
384 313 0.0
384 314 0.0
384 315 0.0
384 316 0.0
384 317 0.0
384 318 0.0
384 319 0.0
384 320 0.0
384 321 2.48754671924e-05
384 322 0.0
384 323 6.21886679809e-06
384 324 0.0
384 325 6.21886679809e-06
384 326 0.0
384 327 6.21886679809e-06
384 328 0.0
384 329 0.0
384 330 0.0
384 331 0.0
384 332 0.0
384 333 6.21886679809e-06
384 334 0.0
384 335 6.21886679809e-06
384 336 0.0
384 337 0.0
384 338 0.0
384 339 0.0
384 340 0.0
384 341 0.0
384 342 0.0
384 343 0.0
384 344 0.0
384 345 0.0
384 346 0.0
384 347 0.0
384 348 0.0
384 349 6.21886679809e-06
384 350 0.0
384 351 6.21886679809e-06
384 352 0.0
384 353 0.0
384 354 0.0
384 355 0.0
384 356 0.0
384 357 0.0
384 358 0.0
384 359 0.0
384 360 0.0
384 361 6.21886679809e-06
384 362 0.0
384 363 0.0
384 364 0.0
384 365 0.0
384 366 0.0
384 367 6.21886679809e-06
384 368 0.0
384 369 0.0
384 370 0.0
384 371 0.0
384 372 0.0
384 373 0.0
384 374 0.0
384 375 6.21886679809e-06
384 376 0.0
384 377 6.21886679809e-06
384 378 0.0
384 379 0.000155471669952
384 380 0.0
384 381 6.21886679809e-06
384 382 0.0
384 383 5.59698011828e-05
384 384 0.0
384 385 5.59698011828e-05
384 386 0.0
384 387 6.21886679809e-06
384 388 0.0
384 389 2.48754671924e-05
384 390 0.0
384 391 6.21886679809e-06
384 392 0.0
384 393 5.59698011828e-05
384 394 0.0
384 395 0.000155471669952
384 396 0.0
384 397 0.0
384 398 0.0
384 399 2.48754671924e-05
384 400 0.0
385 0 0.0
385 1 2.48754671924e-05
385 2 6.21886679809e-06
385 3 6.21886679809e-06
385 4 2.48754671924e-05
385 5 0.000398007475078
385 6 5.59698011828e-05
385 7 0.000304724473107
385 8 6.21886679809e-06
385 9 0.0
385 10 5.59698011828e-05
385 11 0.000223879204731
385 12 0.000155471669952
385 13 5.59698011828e-05
385 14 9.95018687695e-05
385 15 0.000223879204731
385 16 0.000398007475078
385 17 0.000304724473107
385 18 0.000155471669952
385 19 0.000223879204731
385 20 0.000304724473107
385 21 0.000223879204731
385 22 0.000223879204731
385 23 0.000155471669952
385 24 0.000223879204731
385 25 0.000155471669952
385 26 0.000223879204731
385 27 0.000223879204731
385 28 0.000223879204731
385 29 9.95018687695e-05
385 30 9.95018687695e-05
385 31 9.95018687695e-05
385 32 9.95018687695e-05
385 33 9.95018687695e-05
385 34 9.95018687695e-05
385 35 9.95018687695e-05
385 36 9.95018687695e-05
385 37 9.95018687695e-05
385 38 9.95018687695e-05
385 39 9.95018687695e-05
385 40 9.95018687695e-05
385 41 9.95018687695e-05
385 42 0.000155471669952
385 43 0.000304724473107
385 44 0.000398007475078
385 45 0.000398007475078
385 46 0.000398007475078
385 47 0.000304724473107
385 48 0.000398007475078
385 49 0.000223879204731
385 50 5.59698011828e-05
385 51 5.59698011828e-05
385 52 9.95018687695e-05
385 53 9.95018687695e-05
385 54 9.95018687695e-05
385 55 5.59698011828e-05
385 56 9.95018687695e-05
385 57 0.000155471669952
385 58 0.000223879204731
385 59 0.000223879204731
385 60 0.000223879204731
385 61 0.000223879204731
385 62 0.000223879204731
385 63 0.000155471669952
385 64 0.000304724473107
385 65 0.000223879204731
385 66 0.000304724473107
385 67 0.000223879204731
385 68 0.000304724473107
385 69 0.000223879204731
385 70 0.000223879204731
385 71 0.000155471669952
385 72 0.000223879204731
385 73 0.000155471669952
385 74 0.000223879204731
385 75 0.000223879204731
385 76 0.000223879204731
385 77 0.000155471669952
385 78 0.000155471669952
385 79 9.95018687695e-05
385 80 9.95018687695e-05
385 81 9.95018687695e-05
385 82 9.95018687695e-05
385 83 9.95018687695e-05
385 84 9.95018687695e-05
385 85 9.95018687695e-05
385 86 9.95018687695e-05
385 87 9.95018687695e-05
385 88 9.95018687695e-05
385 89 9.95018687695e-05
385 90 9.95018687695e-05
385 91 9.95018687695e-05
385 92 9.95018687695e-05
385 93 9.95018687695e-05
385 94 9.95018687695e-05
385 95 9.95018687695e-05
385 96 9.95018687695e-05
385 97 9.95018687695e-05
385 98 9.95018687695e-05
385 99 9.95018687695e-05
385 100 9.95018687695e-05
385 101 9.95018687695e-05
385 102 9.95018687695e-05
385 103 9.95018687695e-05
385 104 9.95018687695e-05
385 105 5.59698011828e-05
385 106 9.95018687695e-05
385 107 0.000155471669952
385 108 0.000304724473107
385 109 0.000223879204731
385 110 0.000304724473107
385 111 0.000304724473107
385 112 0.000304724473107
385 113 0.000223879204731
385 114 0.000223879204731
385 115 0.000223879204731
385 116 0.000223879204731
385 117 0.000223879204731
385 118 0.000223879204731
385 119 0.000223879204731
385 120 0.000223879204731
385 121 0.000223879204731
385 122 0.000223879204731
385 123 0.000223879204731
385 124 0.000223879204731
385 125 0.000223879204731
385 126 0.000223879204731
385 127 9.95018687695e-05
385 128 5.59698011828e-05
385 129 2.48754671924e-05
385 130 5.59698011828e-05
385 131 5.59698011828e-05
385 132 5.59698011828e-05
385 133 2.48754671924e-05
385 134 5.59698011828e-05
385 135 5.59698011828e-05
385 136 9.95018687695e-05
385 137 9.95018687695e-05
385 138 9.95018687695e-05
385 139 9.95018687695e-05
385 140 9.95018687695e-05
385 141 9.95018687695e-05
385 142 9.95018687695e-05
385 143 9.95018687695e-05
385 144 9.95018687695e-05
385 145 9.95018687695e-05
385 146 9.95018687695e-05
385 147 5.59698011828e-05
385 148 5.59698011828e-05
385 149 9.95018687695e-05
385 150 0.000304724473107
385 151 0.000304724473107
385 152 0.000304724473107
385 153 0.000304724473107
385 154 0.000304724473107
385 155 0.000304724473107
385 156 0.000304724473107
385 157 0.000304724473107
385 158 0.000304724473107
385 159 0.000304724473107
385 160 0.000304724473107
385 161 0.000304724473107
385 162 0.000304724473107
385 163 0.000223879204731
385 164 0.000223879204731
385 165 0.000155471669952
385 166 0.000223879204731
385 167 0.000223879204731
385 168 0.000223879204731
385 169 0.000155471669952
385 170 0.000223879204731
385 171 0.000223879204731
385 172 0.000304724473107
385 173 0.000304724473107
385 174 0.000304724473107
385 175 0.000304724473107
385 176 0.000304724473107
385 177 0.000223879204731
385 178 0.000223879204731
385 179 0.000155471669952
385 180 0.000223879204731
385 181 0.000223879204731
385 182 0.000223879204731
385 183 0.000223879204731
385 184 0.000223879204731
385 185 0.000223879204731
385 186 0.000223879204731
385 187 0.000223879204731
385 188 0.000223879204731
385 189 0.000223879204731
385 190 0.000223879204731
385 191 0.000223879204731
385 192 0.000223879204731
385 193 0.000223879204731
385 194 0.000304724473107
385 195 0.000304724473107
385 196 0.000304724473107
385 197 0.000223879204731
385 198 0.000304724473107
385 199 0.000223879204731
385 200 0.000223879204731
385 201 0.000155471669952
385 202 0.000223879204731
385 203 0.000223879204731
385 204 0.000223879204731
385 205 0.000223879204731
385 206 0.000223879204731
385 207 0.000223879204731
385 208 0.000223879204731
385 209 0.000223879204731
385 210 0.000223879204731
385 211 0.000223879204731
385 212 0.000223879204731
385 213 0.000223879204731
385 214 0.000223879204731
385 215 0.000223879204731
385 216 0.000223879204731
385 217 0.000223879204731
385 218 0.000223879204731
385 219 0.000155471669952
385 220 0.000223879204731
385 221 0.000223879204731
385 222 0.000304724473107
385 223 0.000223879204731
385 224 0.000304724473107
385 225 0.000304724473107
385 226 0.000304724473107
385 227 0.000223879204731
385 228 9.95018687695e-05
385 229 9.95018687695e-05
385 230 9.95018687695e-05
385 231 9.95018687695e-05
385 232 9.95018687695e-05
385 233 9.95018687695e-05
385 234 9.95018687695e-05
385 235 9.95018687695e-05
385 236 0.000155471669952
385 237 0.000155471669952
385 238 0.000155471669952
385 239 9.95018687695e-05
385 240 0.000155471669952
385 241 0.000155471669952
385 242 0.000223879204731
385 243 0.000223879204731
385 244 0.000223879204731
385 245 0.000223879204731
385 246 0.000223879204731
385 247 0.000155471669952
385 248 0.000155471669952
385 249 0.000155471669952
385 250 0.000304724473107
385 251 0.000304724473107
385 252 0.000304724473107
385 253 0.000304724473107
385 254 0.000304724473107
385 255 0.000304724473107
385 256 0.000304724473107
385 257 0.000304724473107
385 258 0.000304724473107
385 259 0.000223879204731
385 260 0.000304724473107
385 261 0.000304724473107
385 262 0.000304724473107
385 263 0.000155471669952
385 264 5.59698011828e-05
385 265 5.59698011828e-05
385 266 9.95018687695e-05
385 267 9.95018687695e-05
385 268 9.95018687695e-05
385 269 5.59698011828e-05
385 270 9.95018687695e-05
385 271 9.95018687695e-05
385 272 0.000155471669952
385 273 0.000155471669952
385 274 0.000155471669952
385 275 9.95018687695e-05
385 276 0.000155471669952
385 277 9.95018687695e-05
385 278 9.95018687695e-05
385 279 5.59698011828e-05
385 280 9.95018687695e-05
385 281 9.95018687695e-05
385 282 9.95018687695e-05
385 283 5.59698011828e-05
385 284 5.59698011828e-05
385 285 0.000155471669952
385 286 0.000304724473107
385 287 0.000304724473107
385 288 0.000304724473107
385 289 0.000304724473107
385 290 0.000304724473107
385 291 0.000223879204731
385 292 9.95018687695e-05
385 293 5.59698011828e-05
385 294 9.95018687695e-05
385 295 9.95018687695e-05
385 296 9.95018687695e-05
385 297 9.95018687695e-05
385 298 9.95018687695e-05
385 299 9.95018687695e-05
385 300 9.95018687695e-05
385 301 9.95018687695e-05
385 302 9.95018687695e-05
385 303 5.59698011828e-05
385 304 9.95018687695e-05
385 305 9.95018687695e-05
385 306 0.000223879204731
385 307 0.000398007475078
385 308 0.000503728210645
385 309 0.000503728210645
385 310 0.000503728210645
385 311 0.000398007475078
385 312 0.000503728210645
385 313 0.000398007475078
385 314 0.000304724473107
385 315 0.000223879204731
385 316 0.000304724473107
385 317 0.000304724473107
385 318 0.000304724473107
385 319 0.000223879204731
385 320 0.000223879204731
385 321 5.59698011828e-05
385 322 5.59698011828e-05
385 323 2.48754671924e-05
385 324 5.59698011828e-05
385 325 2.48754671924e-05
385 326 2.48754671924e-05
385 327 5.59698011828e-05
385 328 0.000223879204731
385 329 0.000223879204731
385 330 0.000223879204731
385 331 0.000223879204731
385 332 0.000223879204731
385 333 0.000155471669952
385 334 0.000223879204731
385 335 0.000223879204731
385 336 0.000304724473107
385 337 0.000223879204731
385 338 0.000304724473107
385 339 0.000304724473107
385 340 0.000304724473107
385 341 0.000223879204731
385 342 9.95018687695e-05
385 343 9.95018687695e-05
385 344 0.000155471669952
385 345 0.000155471669952
385 346 0.000155471669952
385 347 9.95018687695e-05
385 348 0.000155471669952
385 349 9.95018687695e-05
385 350 9.95018687695e-05
385 351 5.59698011828e-05
385 352 9.95018687695e-05
385 353 9.95018687695e-05
385 354 9.95018687695e-05
385 355 9.95018687695e-05
385 356 9.95018687695e-05
385 357 9.95018687695e-05
385 358 9.95018687695e-05
385 359 9.95018687695e-05
385 360 9.95018687695e-05
385 361 5.59698011828e-05
385 362 5.59698011828e-05
385 363 0.000155471669952
385 364 0.000304724473107
385 365 0.000304724473107
385 366 0.000304724473107
385 367 0.000304724473107
385 368 0.000304724473107
385 369 0.000223879204731
385 370 0.000223879204731
385 371 9.95018687695e-05
385 372 9.95018687695e-05
385 373 9.95018687695e-05
385 374 9.95018687695e-05
385 375 5.59698011828e-05
385 376 5.59698011828e-05
385 377 0.000155471669952
385 378 0.000895516818925
385 379 0.000752482882569
385 380 0.000621886679809
385 381 0.000621886679809
385 382 0.000621886679809
385 383 0.000304724473107
385 384 0.000155471669952
385 385 2.48754671924e-05
385 386 2.48754671924e-05
385 387 2.48754671924e-05
385 388 2.48754671924e-05
385 389 5.59698011828e-05
385 390 2.48754671924e-05
385 391 0.0
385 392 6.21886679809e-06
385 393 9.95018687695e-05
385 394 2.48754671924e-05
385 395 5.59698011828e-05
385 396 6.21886679809e-06
385 397 9.95018687695e-05
385 398 9.95018687695e-05
385 399 2.48754671924e-05
385 400 0.0
386 0 0.0
386 1 6.21886679809e-06
386 2 0.0
386 3 6.21886679809e-06
386 4 0.0
386 5 0.000304724473107
386 6 0.0
386 7 0.000398007475078
386 8 0.0
386 9 0.0
386 10 0.0
386 11 0.0
386 12 0.0
386 13 5.59698011828e-05
386 14 0.0
386 15 0.0
386 16 0.0
386 17 6.21886679809e-06
386 18 0.0
386 19 6.21886679809e-06
386 20 0.0
386 21 0.0
386 22 0.0
386 23 0.0
386 24 0.0
386 25 0.0
386 26 0.0
386 27 6.21886679809e-06
386 28 0.0
386 29 6.21886679809e-06
386 30 0.0
386 31 0.0
386 32 0.0
386 33 0.0
386 34 0.0
386 35 0.0
386 36 0.0
386 37 0.0
386 38 0.0
386 39 0.0
386 40 0.0
386 41 6.21886679809e-06
386 42 0.0
386 43 2.48754671924e-05
386 44 0.0
386 45 0.0
386 46 0.0
386 47 6.21886679809e-06
386 48 0.0
386 49 9.95018687695e-05
386 50 0.0
386 51 6.21886679809e-06
386 52 0.0
386 53 0.0
386 54 0.0
386 55 6.21886679809e-06
386 56 0.0
386 57 2.48754671924e-05
386 58 0.0
386 59 0.0
386 60 0.0
386 61 0.0
386 62 0.0
386 63 6.21886679809e-06
386 64 0.0
386 65 6.21886679809e-06
386 66 0.0
386 67 6.21886679809e-06
386 68 0.0
386 69 6.21886679809e-06
386 70 0.0
386 71 0.0
386 72 0.0
386 73 6.21886679809e-06
386 74 0.0
386 75 0.0
386 76 0.0
386 77 6.21886679809e-06
386 78 0.0
386 79 6.21886679809e-06
386 80 0.0
386 81 0.0
386 82 0.0
386 83 0.0
386 84 0.0
386 85 0.0
386 86 0.0
386 87 0.0
386 88 0.0
386 89 0.0
386 90 0.0
386 91 0.0
386 92 0.0
386 93 0.0
386 94 0.0
386 95 0.0
386 96 0.0
386 97 0.0
386 98 0.0
386 99 0.0
386 100 0.0
386 101 0.0
386 102 0.0
386 103 0.0
386 104 0.0
386 105 0.0
386 106 0.0
386 107 2.48754671924e-05
386 108 0.0
386 109 0.0
386 110 0.0
386 111 0.0
386 112 0.0
386 113 0.0
386 114 0.0
386 115 0.0
386 116 0.0
386 117 0.0
386 118 0.0
386 119 0.0
386 120 0.0
386 121 0.0
386 122 0.0
386 123 0.0
386 124 0.0
386 125 0.0
386 126 0.0
386 127 2.48754671924e-05
386 128 0.0
386 129 0.0
386 130 0.0
386 131 0.0
386 132 0.0
386 133 0.0
386 134 0.0
386 135 0.0
386 136 0.0
386 137 0.0
386 138 0.0
386 139 0.0
386 140 0.0
386 141 0.0
386 142 0.0
386 143 0.0
386 144 0.0
386 145 0.0
386 146 0.0
386 147 6.21886679809e-06
386 148 0.0
386 149 0.0
386 150 0.0
386 151 0.0
386 152 0.0
386 153 0.0
386 154 0.0
386 155 0.0
386 156 0.0
386 157 0.0
386 158 0.0
386 159 0.0
386 160 0.0
386 161 0.0
386 162 0.0
386 163 0.0
386 164 0.0
386 165 0.0
386 166 0.0
386 167 0.0
386 168 0.0
386 169 0.0
386 170 0.0
386 171 0.0
386 172 0.0
386 173 0.0
386 174 0.0
386 175 0.0
386 176 0.0
386 177 0.0
386 178 0.0
386 179 0.0
386 180 0.0
386 181 0.0
386 182 0.0
386 183 0.0
386 184 0.0
386 185 0.0
386 186 0.0
386 187 0.0
386 188 0.0
386 189 0.0
386 190 0.0
386 191 0.0
386 192 0.0
386 193 0.0
386 194 0.0
386 195 0.0
386 196 0.0
386 197 0.0
386 198 0.0
386 199 0.0
386 200 0.0
386 201 0.0
386 202 0.0
386 203 0.0
386 204 0.0
386 205 0.0
386 206 0.0
386 207 0.0
386 208 0.0
386 209 0.0
386 210 0.0
386 211 0.0
386 212 0.0
386 213 0.0
386 214 0.0
386 215 0.0
386 216 0.0
386 217 0.0
386 218 0.0
386 219 0.0
386 220 0.0
386 221 0.0
386 222 0.0
386 223 6.21886679809e-06
386 224 0.0
386 225 0.0
386 226 0.0
386 227 6.21886679809e-06
386 228 0.0
386 229 6.21886679809e-06
386 230 0.0
386 231 0.0
386 232 0.0
386 233 0.0
386 234 0.0
386 235 0.0
386 236 0.0
386 237 0.0
386 238 0.0
386 239 0.0
386 240 0.0
386 241 6.21886679809e-06
386 242 0.0
386 243 6.21886679809e-06
386 244 0.0
386 245 0.0
386 246 0.0
386 247 0.0
386 248 0.0
386 249 0.0
386 250 0.0
386 251 0.0
386 252 0.0
386 253 0.0
386 254 0.0
386 255 0.0
386 256 0.0
386 257 0.0
386 258 0.0
386 259 6.21886679809e-06
386 260 0.0
386 261 0.0
386 262 0.0
386 263 6.21886679809e-06
386 264 0.0
386 265 6.21886679809e-06
386 266 0.0
386 267 0.0
386 268 0.0
386 269 6.21886679809e-06
386 270 0.0
386 271 0.0
386 272 0.0
386 273 0.0
386 274 0.0
386 275 0.0
386 276 0.0
386 277 0.0
386 278 0.0
386 279 0.0
386 280 0.0
386 281 0.0
386 282 0.0
386 283 6.21886679809e-06
386 284 0.0
386 285 6.21886679809e-06
386 286 0.0
386 287 0.0
386 288 0.0
386 289 0.0
386 290 0.0
386 291 6.21886679809e-06
386 292 0.0
386 293 0.0
386 294 0.0
386 295 0.0
386 296 0.0
386 297 0.0
386 298 0.0
386 299 0.0
386 300 0.0
386 301 0.0
386 302 0.0
386 303 6.21886679809e-06
386 304 0.0
386 305 6.21886679809e-06
386 306 0.0
386 307 6.21886679809e-06
386 308 0.0
386 309 0.0
386 310 0.0
386 311 6.21886679809e-06
386 312 0.0
386 313 6.21886679809e-06
386 314 0.0
386 315 6.21886679809e-06
386 316 0.0
386 317 0.0
386 318 0.0
386 319 6.21886679809e-06
386 320 0.0
386 321 6.21886679809e-06
386 322 0.0
386 323 6.21886679809e-06
386 324 0.0
386 325 6.21886679809e-06
386 326 0.0
386 327 0.0
386 328 0.0
386 329 0.0
386 330 0.0
386 331 0.0
386 332 0.0
386 333 0.0
386 334 0.0
386 335 0.0
386 336 0.0
386 337 6.21886679809e-06
386 338 0.0
386 339 0.0
386 340 0.0
386 341 6.21886679809e-06
386 342 0.0
386 343 6.21886679809e-06
386 344 0.0
386 345 0.0
386 346 0.0
386 347 0.0
386 348 0.0
386 349 0.0
386 350 0.0
386 351 0.0
386 352 0.0
386 353 0.0
386 354 0.0
386 355 0.0
386 356 0.0
386 357 0.0
386 358 0.0
386 359 0.0
386 360 0.0
386 361 6.21886679809e-06
386 362 0.0
386 363 0.0
386 364 0.0
386 365 0.0
386 366 0.0
386 367 0.0
386 368 0.0
386 369 6.21886679809e-06
386 370 0.0
386 371 6.21886679809e-06
386 372 0.0
386 373 0.0
386 374 0.0
386 375 6.21886679809e-06
386 376 0.0
386 377 0.0
386 378 0.0
386 379 6.21886679809e-06
386 380 0.0
386 381 6.21886679809e-06
386 382 0.0
386 383 0.0
386 384 0.0
386 385 5.59698011828e-05
386 386 0.0
386 387 6.21886679809e-06
386 388 0.0
386 389 2.48754671924e-05
386 390 0.0
386 391 6.21886679809e-06
386 392 0.0
386 393 6.21886679809e-06
386 394 0.0
386 395 0.000155471669952
386 396 0.0
386 397 0.0
386 398 0.0
386 399 2.48754671924e-05
386 400 0.0
387 0 0.0
387 1 6.21886679809e-06
387 2 0.0
387 3 2.48754671924e-05
387 4 2.48754671924e-05
387 5 9.95018687695e-05
387 6 2.48754671924e-05
387 7 0.000398007475078
387 8 2.48754671924e-05
387 9 6.21886679809e-06
387 10 6.21886679809e-06
387 11 5.59698011828e-05
387 12 6.21886679809e-06
387 13 0.0
387 14 6.21886679809e-06
387 15 2.48754671924e-05
387 16 5.59698011828e-05
387 17 5.59698011828e-05
387 18 5.59698011828e-05
387 19 5.59698011828e-05
387 20 5.59698011828e-05
387 21 6.21886679809e-06
387 22 2.48754671924e-05
387 23 2.48754671924e-05
387 24 5.59698011828e-05
387 25 2.48754671924e-05
387 26 5.59698011828e-05
387 27 5.59698011828e-05
387 28 0.000223879204731
387 29 0.000304724473107
387 30 0.000398007475078
387 31 0.000398007475078
387 32 0.000398007475078
387 33 0.000398007475078
387 34 0.000398007475078
387 35 0.000398007475078
387 36 0.000398007475078
387 37 0.000304724473107
387 38 0.000398007475078
387 39 0.000398007475078
387 40 0.000398007475078
387 41 0.000304724473107
387 42 0.000223879204731
387 43 6.21886679809e-06
387 44 0.0
387 45 0.0
387 46 0.0
387 47 0.0
387 48 0.0
387 49 2.48754671924e-05
387 50 0.000398007475078
387 51 0.000398007475078
387 52 0.000398007475078
387 53 0.000304724473107
387 54 0.000398007475078
387 55 0.000398007475078
387 56 0.000398007475078
387 57 5.59698011828e-05
387 58 2.48754671924e-05
387 59 6.21886679809e-06
387 60 2.48754671924e-05
387 61 6.21886679809e-06
387 62 2.48754671924e-05
387 63 2.48754671924e-05
387 64 5.59698011828e-05
387 65 5.59698011828e-05
387 66 5.59698011828e-05
387 67 5.59698011828e-05
387 68 5.59698011828e-05
387 69 5.59698011828e-05
387 70 9.95018687695e-05
387 71 2.48754671924e-05
387 72 9.95018687695e-05
387 73 9.95018687695e-05
387 74 9.95018687695e-05
387 75 5.59698011828e-05
387 76 9.95018687695e-05
387 77 9.95018687695e-05
387 78 0.000304724473107
387 79 0.000398007475078
387 80 0.000398007475078
387 81 0.000398007475078
387 82 0.000398007475078
387 83 0.000398007475078
387 84 0.000398007475078
387 85 0.000398007475078
387 86 0.000398007475078
387 87 0.000398007475078
387 88 0.000398007475078
387 89 0.000398007475078
387 90 0.000398007475078
387 91 0.000398007475078
387 92 0.000398007475078
387 93 0.000398007475078
387 94 0.000398007475078
387 95 0.000398007475078
387 96 0.000398007475078
387 97 0.000398007475078
387 98 0.000398007475078
387 99 0.000398007475078
387 100 0.000398007475078
387 101 0.000398007475078
387 102 0.000398007475078
387 103 0.000304724473107
387 104 0.000398007475078
387 105 0.000398007475078
387 106 0.000398007475078
387 107 9.95018687695e-05
387 108 5.59698011828e-05
387 109 5.59698011828e-05
387 110 5.59698011828e-05
387 111 5.59698011828e-05
387 112 5.59698011828e-05
387 113 5.59698011828e-05
387 114 5.59698011828e-05
387 115 5.59698011828e-05
387 116 5.59698011828e-05
387 117 5.59698011828e-05
387 118 5.59698011828e-05
387 119 5.59698011828e-05
387 120 5.59698011828e-05
387 121 2.48754671924e-05
387 122 2.48754671924e-05
387 123 6.21886679809e-06
387 124 2.48754671924e-05
387 125 2.48754671924e-05
387 126 2.48754671924e-05
387 127 5.59698011828e-05
387 128 0.000223879204731
387 129 0.000304724473107
387 130 0.000398007475078
387 131 0.000398007475078
387 132 0.000398007475078
387 133 0.000398007475078
387 134 0.000398007475078
387 135 0.000398007475078
387 136 0.000398007475078
387 137 0.000398007475078
387 138 0.000398007475078
387 139 0.000398007475078
387 140 0.000398007475078
387 141 0.000398007475078
387 142 0.000398007475078
387 143 0.000398007475078
387 144 0.000398007475078
387 145 0.000304724473107
387 146 0.000398007475078
387 147 0.000398007475078
387 148 0.000398007475078
387 149 0.000304724473107
387 150 9.95018687695e-05
387 151 9.95018687695e-05
387 152 9.95018687695e-05
387 153 9.95018687695e-05
387 154 9.95018687695e-05
387 155 9.95018687695e-05
387 156 9.95018687695e-05
387 157 9.95018687695e-05
387 158 9.95018687695e-05
387 159 9.95018687695e-05
387 160 9.95018687695e-05
387 161 9.95018687695e-05
387 162 9.95018687695e-05
387 163 5.59698011828e-05
387 164 2.48754671924e-05
387 165 6.21886679809e-06
387 166 2.48754671924e-05
387 167 2.48754671924e-05
387 168 2.48754671924e-05
387 169 6.21886679809e-06
387 170 2.48754671924e-05
387 171 2.48754671924e-05
387 172 5.59698011828e-05
387 173 5.59698011828e-05
387 174 5.59698011828e-05
387 175 5.59698011828e-05
387 176 5.59698011828e-05
387 177 5.59698011828e-05
387 178 5.59698011828e-05
387 179 5.59698011828e-05
387 180 5.59698011828e-05
387 181 5.59698011828e-05
387 182 5.59698011828e-05
387 183 5.59698011828e-05
387 184 5.59698011828e-05
387 185 5.59698011828e-05
387 186 5.59698011828e-05
387 187 5.59698011828e-05
387 188 5.59698011828e-05
387 189 5.59698011828e-05
387 190 5.59698011828e-05
387 191 5.59698011828e-05
387 192 5.59698011828e-05
387 193 5.59698011828e-05
387 194 5.59698011828e-05
387 195 5.59698011828e-05
387 196 5.59698011828e-05
387 197 5.59698011828e-05
387 198 5.59698011828e-05
387 199 2.48754671924e-05
387 200 2.48754671924e-05
387 201 6.21886679809e-06
387 202 2.48754671924e-05
387 203 2.48754671924e-05
387 204 2.48754671924e-05
387 205 6.21886679809e-06
387 206 2.48754671924e-05
387 207 2.48754671924e-05
387 208 5.59698011828e-05
387 209 5.59698011828e-05
387 210 5.59698011828e-05
387 211 5.59698011828e-05
387 212 5.59698011828e-05
387 213 5.59698011828e-05
387 214 5.59698011828e-05
387 215 5.59698011828e-05
387 216 5.59698011828e-05
387 217 5.59698011828e-05
387 218 5.59698011828e-05
387 219 5.59698011828e-05
387 220 5.59698011828e-05
387 221 5.59698011828e-05
387 222 5.59698011828e-05
387 223 5.59698011828e-05
387 224 5.59698011828e-05
387 225 2.48754671924e-05
387 226 5.59698011828e-05
387 227 5.59698011828e-05
387 228 0.000398007475078
387 229 0.000398007475078
387 230 0.000398007475078
387 231 0.000398007475078
387 232 0.000398007475078
387 233 0.000398007475078
387 234 0.000398007475078
387 235 0.000398007475078
387 236 0.000398007475078
387 237 0.000398007475078
387 238 0.000398007475078
387 239 0.000398007475078
387 240 0.000398007475078
387 241 0.000223879204731
387 242 9.95018687695e-05
387 243 2.48754671924e-05
387 244 2.48754671924e-05
387 245 6.21886679809e-06
387 246 2.48754671924e-05
387 247 6.21886679809e-06
387 248 2.48754671924e-05
387 249 5.59698011828e-05
387 250 9.95018687695e-05
387 251 9.95018687695e-05
387 252 9.95018687695e-05
387 253 9.95018687695e-05
387 254 9.95018687695e-05
387 255 9.95018687695e-05
387 256 9.95018687695e-05
387 257 5.59698011828e-05
387 258 5.59698011828e-05
387 259 5.59698011828e-05
387 260 5.59698011828e-05
387 261 2.48754671924e-05
387 262 2.48754671924e-05
387 263 9.95018687695e-05
387 264 0.000398007475078
387 265 0.000398007475078
387 266 0.000398007475078
387 267 0.000398007475078
387 268 0.000398007475078
387 269 0.000398007475078
387 270 0.000398007475078
387 271 0.000398007475078
387 272 0.000398007475078
387 273 0.000398007475078
387 274 0.000398007475078
387 275 0.000398007475078
387 276 0.000398007475078
387 277 0.000398007475078
387 278 0.000398007475078
387 279 0.000398007475078
387 280 0.000398007475078
387 281 0.000398007475078
387 282 0.000398007475078
387 283 0.000398007475078
387 284 0.000398007475078
387 285 0.000155471669952
387 286 5.59698011828e-05
387 287 2.48754671924e-05
387 288 5.59698011828e-05
387 289 2.48754671924e-05
387 290 5.59698011828e-05
387 291 5.59698011828e-05
387 292 0.000223879204731
387 293 0.000304724473107
387 294 0.000398007475078
387 295 0.000398007475078
387 296 0.000398007475078
387 297 0.000398007475078
387 298 0.000398007475078
387 299 0.000398007475078
387 300 0.000398007475078
387 301 0.000304724473107
387 302 0.000398007475078
387 303 0.000398007475078
387 304 0.000398007475078
387 305 0.000304724473107
387 306 9.95018687695e-05
387 307 0.0
387 308 0.0
387 309 0.0
387 310 0.0
387 311 0.0
387 312 0.0
387 313 6.21886679809e-06
387 314 5.59698011828e-05
387 315 5.59698011828e-05
387 316 5.59698011828e-05
387 317 2.48754671924e-05
387 318 5.59698011828e-05
387 319 2.48754671924e-05
387 320 9.95018687695e-05
387 321 0.000223879204731
387 322 0.000304724473107
387 323 0.000304724473107
387 324 0.000304724473107
387 325 0.000304724473107
387 326 0.000398007475078
387 327 0.000304724473107
387 328 5.59698011828e-05
387 329 2.48754671924e-05
387 330 5.59698011828e-05
387 331 5.59698011828e-05
387 332 5.59698011828e-05
387 333 5.59698011828e-05
387 334 5.59698011828e-05
387 335 5.59698011828e-05
387 336 5.59698011828e-05
387 337 5.59698011828e-05
387 338 5.59698011828e-05
387 339 2.48754671924e-05
387 340 5.59698011828e-05
387 341 5.59698011828e-05
387 342 0.000304724473107
387 343 0.000304724473107
387 344 0.000398007475078
387 345 0.000398007475078
387 346 0.000398007475078
387 347 0.000304724473107
387 348 0.000398007475078
387 349 0.000398007475078
387 350 0.000398007475078
387 351 0.000398007475078
387 352 0.000398007475078
387 353 0.000398007475078
387 354 0.000398007475078
387 355 0.000398007475078
387 356 0.000398007475078
387 357 0.000398007475078
387 358 0.000398007475078
387 359 0.000398007475078
387 360 0.000398007475078
387 361 0.000398007475078
387 362 0.000398007475078
387 363 0.000223879204731
387 364 9.95018687695e-05
387 365 5.59698011828e-05
387 366 9.95018687695e-05
387 367 5.59698011828e-05
387 368 9.95018687695e-05
387 369 9.95018687695e-05
387 370 0.000155471669952
387 371 0.000304724473107
387 372 0.000398007475078
387 373 0.000304724473107
387 374 0.000398007475078
387 375 0.000398007475078
387 376 0.000398007475078
387 377 0.000155471669952
387 378 6.21886679809e-06
387 379 0.0
387 380 0.0
387 381 0.0
387 382 0.0
387 383 0.0
387 384 6.21886679809e-06
387 385 0.0
387 386 0.0
387 387 6.21886679809e-06
387 388 2.48754671924e-05
387 389 0.0
387 390 0.0
387 391 2.48754671924e-05
387 392 0.0
387 393 2.48754671924e-05
387 394 6.21886679809e-06
387 395 0.000155471669952
387 396 0.0
387 397 0.0
387 398 2.48754671924e-05
387 399 2.48754671924e-05
387 400 0.0
388 0 0.0
388 1 2.48754671924e-05
388 2 0.0
388 3 6.21886679809e-06
388 4 0.0
388 5 0.000223879204731
388 6 0.0
388 7 5.59698011828e-05
388 8 0.0
388 9 2.48754671924e-05
388 10 0.0
388 11 2.48754671924e-05
388 12 0.0
388 13 5.59698011828e-05
388 14 0.0
388 15 6.21886679809e-06
388 16 0.0
388 17 0.0
388 18 0.0
388 19 0.0
388 20 0.0
388 21 0.0
388 22 0.0
388 23 6.21886679809e-06
388 24 0.0
388 25 0.0
388 26 0.0
388 27 2.48754671924e-05
388 28 0.0
388 29 0.0
388 30 0.0
388 31 0.0
388 32 0.0
388 33 0.0
388 34 0.0
388 35 0.0
388 36 0.0
388 37 0.0
388 38 0.0
388 39 6.21886679809e-06
388 40 0.0
388 41 0.0
388 42 0.0
388 43 6.21886679809e-06
388 44 0.0
388 45 0.0
388 46 0.0
388 47 6.21886679809e-06
388 48 0.0
388 49 2.48754671924e-05
388 50 0.0
388 51 6.21886679809e-06
388 52 0.0
388 53 0.0
388 54 0.0
388 55 6.21886679809e-06
388 56 0.0
388 57 2.48754671924e-05
388 58 0.0
388 59 0.0
388 60 0.0
388 61 6.21886679809e-06
388 62 0.0
388 63 0.0
388 64 0.0
388 65 0.0
388 66 0.0
388 67 6.21886679809e-06
388 68 0.0
388 69 6.21886679809e-06
388 70 0.0
388 71 2.48754671924e-05
388 72 0.0
388 73 0.0
388 74 0.0
388 75 0.0
388 76 0.0
388 77 0.0
388 78 0.0
388 79 0.0
388 80 0.0
388 81 0.0
388 82 0.0
388 83 0.0
388 84 0.0
388 85 0.0
388 86 0.0
388 87 0.0
388 88 0.0
388 89 0.0
388 90 0.0
388 91 0.0
388 92 0.0
388 93 0.0
388 94 0.0
388 95 0.0
388 96 0.0
388 97 0.0
388 98 0.0
388 99 0.0
388 100 0.0
388 101 0.0
388 102 0.0
388 103 0.0
388 104 0.0
388 105 6.21886679809e-06
388 106 0.0
388 107 2.48754671924e-05
388 108 0.0
388 109 0.0
388 110 0.0
388 111 0.0
388 112 0.0
388 113 0.0
388 114 0.0
388 115 0.0
388 116 0.0
388 117 0.0
388 118 0.0
388 119 0.0
388 120 0.0
388 121 0.0
388 122 0.0
388 123 0.0
388 124 0.0
388 125 0.0
388 126 0.0
388 127 2.48754671924e-05
388 128 0.0
388 129 0.0
388 130 0.0
388 131 6.21886679809e-06
388 132 0.0
388 133 0.0
388 134 0.0
388 135 0.0
388 136 0.0
388 137 0.0
388 138 0.0
388 139 0.0
388 140 0.0
388 141 0.0
388 142 0.0
388 143 0.0
388 144 0.0
388 145 0.0
388 146 0.0
388 147 0.0
388 148 0.0
388 149 0.0
388 150 0.0
388 151 0.0
388 152 0.0
388 153 0.0
388 154 0.0
388 155 0.0
388 156 0.0
388 157 0.0
388 158 0.0
388 159 0.0
388 160 0.0
388 161 0.0
388 162 0.0
388 163 6.21886679809e-06
388 164 0.0
388 165 0.0
388 166 0.0
388 167 6.21886679809e-06
388 168 0.0
388 169 0.0
388 170 0.0
388 171 0.0
388 172 0.0
388 173 0.0
388 174 0.0
388 175 0.0
388 176 0.0
388 177 0.0
388 178 0.0
388 179 0.0
388 180 0.0
388 181 0.0
388 182 0.0
388 183 0.0
388 184 0.0
388 185 0.0
388 186 0.0
388 187 0.0
388 188 0.0
388 189 0.0
388 190 0.0
388 191 0.0
388 192 0.0
388 193 0.0
388 194 0.0
388 195 0.0
388 196 0.0
388 197 0.0
388 198 0.0
388 199 0.0
388 200 0.0
388 201 0.0
388 202 0.0
388 203 0.0
388 204 0.0
388 205 0.0
388 206 0.0
388 207 0.0
388 208 0.0
388 209 0.0
388 210 0.0
388 211 0.0
388 212 0.0
388 213 0.0
388 214 0.0
388 215 0.0
388 216 0.0
388 217 0.0
388 218 0.0
388 219 0.0
388 220 0.0
388 221 0.0
388 222 0.0
388 223 6.21886679809e-06
388 224 0.0
388 225 0.0
388 226 0.0
388 227 2.48754671924e-05
388 228 0.0
388 229 0.0
388 230 0.0
388 231 0.0
388 232 0.0
388 233 0.0
388 234 0.0
388 235 0.0
388 236 0.0
388 237 0.0
388 238 0.0
388 239 0.0
388 240 0.0
388 241 6.21886679809e-06
388 242 0.0
388 243 6.21886679809e-06
388 244 0.0
388 245 6.21886679809e-06
388 246 0.0
388 247 0.0
388 248 0.0
388 249 0.0
388 250 0.0
388 251 6.21886679809e-06
388 252 0.0
388 253 6.21886679809e-06
388 254 0.0
388 255 0.0
388 256 0.0
388 257 2.48754671924e-05
388 258 0.0
388 259 6.21886679809e-06
388 260 0.0
388 261 0.0
388 262 0.0
388 263 6.21886679809e-06
388 264 0.0
388 265 0.0
388 266 0.0
388 267 0.0
388 268 0.0
388 269 0.0
388 270 0.0
388 271 0.0
388 272 0.0
388 273 0.0
388 274 0.0
388 275 0.0
388 276 0.0
388 277 0.0
388 278 0.0
388 279 0.0
388 280 0.0
388 281 0.0
388 282 0.0
388 283 6.21886679809e-06
388 284 0.0
388 285 2.48754671924e-05
388 286 0.0
388 287 0.0
388 288 0.0
388 289 0.0
388 290 0.0
388 291 2.48754671924e-05
388 292 0.0
388 293 0.0
388 294 0.0
388 295 0.0
388 296 0.0
388 297 0.0
388 298 0.0
388 299 0.0
388 300 0.0
388 301 0.0
388 302 0.0
388 303 6.21886679809e-06
388 304 0.0
388 305 0.0
388 306 0.0
388 307 6.21886679809e-06
388 308 0.0
388 309 0.0
388 310 0.0
388 311 6.21886679809e-06
388 312 0.0
388 313 0.0
388 314 0.0
388 315 0.0
388 316 0.0
388 317 0.0
388 318 0.0
388 319 6.21886679809e-06
388 320 0.0
388 321 6.21886679809e-06
388 322 0.0
388 323 6.21886679809e-06
388 324 0.0
388 325 6.21886679809e-06
388 326 0.0
388 327 0.0
388 328 0.0
388 329 0.0
388 330 0.0
388 331 0.0
388 332 0.0
388 333 0.0
388 334 0.0
388 335 0.0
388 336 0.0
388 337 6.21886679809e-06
388 338 0.0
388 339 0.0
388 340 0.0
388 341 2.48754671924e-05
388 342 0.0
388 343 0.0
388 344 0.0
388 345 6.21886679809e-06
388 346 0.0
388 347 0.0
388 348 0.0
388 349 0.0
388 350 0.0
388 351 0.0
388 352 0.0
388 353 0.0
388 354 0.0
388 355 0.0
388 356 0.0
388 357 0.0
388 358 0.0
388 359 0.0
388 360 0.0
388 361 0.0
388 362 0.0
388 363 0.0
388 364 0.0
388 365 0.0
388 366 0.0
388 367 0.0
388 368 0.0
388 369 0.0
388 370 0.0
388 371 0.0
388 372 0.0
388 373 0.0
388 374 0.0
388 375 6.21886679809e-06
388 376 0.0
388 377 6.21886679809e-06
388 378 0.0
388 379 6.21886679809e-06
388 380 0.0
388 381 6.21886679809e-06
388 382 0.0
388 383 0.0
388 384 0.0
388 385 6.21886679809e-06
388 386 0.0
388 387 6.21886679809e-06
388 388 0.0
388 389 5.59698011828e-05
388 390 0.0
388 391 6.21886679809e-06
388 392 0.0
388 393 5.59698011828e-05
388 394 0.0
388 395 0.000155471669952
388 396 0.0
388 397 6.21886679809e-06
388 398 0.0
388 399 6.21886679809e-06
388 400 0.0
389 0 6.21886679809e-06
389 1 5.59698011828e-05
389 2 0.0
389 3 0.0
389 4 0.0
389 5 0.000155471669952
389 6 6.21886679809e-06
389 7 0.000223879204731
389 8 9.95018687695e-05
389 9 0.000503728210645
389 10 0.000398007475078
389 11 0.000223879204731
389 12 0.000304724473107
389 13 0.000621886679809
389 14 0.000398007475078
389 15 0.000398007475078
389 16 0.000503728210645
389 17 0.000503728210645
389 18 0.000503728210645
389 19 0.000503728210645
389 20 0.000503728210645
389 21 0.000503728210645
389 22 0.000503728210645
389 23 0.000398007475078
389 24 0.000503728210645
389 25 0.000503728210645
389 26 0.000503728210645
389 27 0.000398007475078
389 28 0.000304724473107
389 29 0.000155471669952
389 30 0.000155471669952
389 31 0.000155471669952
389 32 0.000155471669952
389 33 0.000155471669952
389 34 0.000155471669952
389 35 0.000155471669952
389 36 0.000155471669952
389 37 0.000155471669952
389 38 0.000155471669952
389 39 9.95018687695e-05
389 40 0.000155471669952
389 41 0.000155471669952
389 42 0.000223879204731
389 43 0.000155471669952
389 44 0.000155471669952
389 45 0.000155471669952
389 46 0.000155471669952
389 47 0.000155471669952
389 48 0.000155471669952
389 49 9.95018687695e-05
389 50 0.000155471669952
389 51 9.95018687695e-05
389 52 0.000155471669952
389 53 0.000155471669952
389 54 0.000155471669952
389 55 9.95018687695e-05
389 56 0.000155471669952
389 57 0.000304724473107
389 58 0.000503728210645
389 59 0.000503728210645
389 60 0.000503728210645
389 61 0.000503728210645
389 62 0.000503728210645
389 63 0.000503728210645
389 64 0.000503728210645
389 65 0.000503728210645
389 66 0.000503728210645
389 67 0.000398007475078
389 68 0.000621886679809
389 69 0.000621886679809
389 70 0.000621886679809
389 71 0.000155471669952
389 72 6.21886679809e-06
389 73 6.21886679809e-06
389 74 6.21886679809e-06
389 75 0.0
389 76 6.21886679809e-06
389 77 6.21886679809e-06
389 78 9.95018687695e-05
389 79 0.000155471669952
389 80 0.000155471669952
389 81 0.000155471669952
389 82 0.000155471669952
389 83 0.000155471669952
389 84 0.000155471669952
389 85 0.000155471669952
389 86 0.000155471669952
389 87 0.000155471669952
389 88 0.000155471669952
389 89 0.000155471669952
389 90 0.000155471669952
389 91 0.000155471669952
389 92 0.000155471669952
389 93 0.000155471669952
389 94 0.000155471669952
389 95 0.000155471669952
389 96 0.000155471669952
389 97 0.000155471669952
389 98 0.000155471669952
389 99 0.000155471669952
389 100 0.000155471669952
389 101 0.000155471669952
389 102 0.000155471669952
389 103 0.000155471669952
389 104 0.000155471669952
389 105 9.95018687695e-05
389 106 0.000155471669952
389 107 0.000304724473107
389 108 0.000503728210645
389 109 0.000503728210645
389 110 0.000503728210645
389 111 0.000503728210645
389 112 0.000503728210645
389 113 0.000503728210645
389 114 0.000503728210645
389 115 0.000503728210645
389 116 0.000503728210645
389 117 0.000503728210645
389 118 0.000503728210645
389 119 0.000503728210645
389 120 0.000503728210645
389 121 0.000503728210645
389 122 0.000503728210645
389 123 0.000503728210645
389 124 0.000503728210645
389 125 0.000503728210645
389 126 0.000503728210645
389 127 0.000398007475078
389 128 0.000223879204731
389 129 0.000155471669952
389 130 0.000155471669952
389 131 9.95018687695e-05
389 132 0.000155471669952
389 133 0.000155471669952
389 134 0.000155471669952
389 135 0.000155471669952
389 136 0.000155471669952
389 137 0.000155471669952
389 138 0.000155471669952
389 139 0.000155471669952
389 140 0.000155471669952
389 141 0.000155471669952
389 142 0.000155471669952
389 143 0.000155471669952
389 144 0.000155471669952
389 145 9.95018687695e-05
389 146 0.000155471669952
389 147 0.000155471669952
389 148 0.000155471669952
389 149 5.59698011828e-05
389 150 6.21886679809e-06
389 151 6.21886679809e-06
389 152 6.21886679809e-06
389 153 6.21886679809e-06
389 154 6.21886679809e-06
389 155 6.21886679809e-06
389 156 6.21886679809e-06
389 157 6.21886679809e-06
389 158 6.21886679809e-06
389 159 6.21886679809e-06
389 160 6.21886679809e-06
389 161 6.21886679809e-06
389 162 6.21886679809e-06
389 163 2.48754671924e-05
389 164 0.000503728210645
389 165 0.000503728210645
389 166 0.000503728210645
389 167 0.000398007475078
389 168 0.000503728210645
389 169 0.000503728210645
389 170 0.000503728210645
389 171 0.000503728210645
389 172 0.000503728210645
389 173 0.000503728210645
389 174 0.000503728210645
389 175 0.000503728210645
389 176 0.000503728210645
389 177 0.000503728210645
389 178 0.000503728210645
389 179 0.000503728210645
389 180 0.000503728210645
389 181 0.000503728210645
389 182 0.000503728210645
389 183 0.000503728210645
389 184 0.000503728210645
389 185 0.000503728210645
389 186 0.000503728210645
389 187 0.000503728210645
389 188 0.000503728210645
389 189 0.000503728210645
389 190 0.000503728210645
389 191 0.000503728210645
389 192 0.000503728210645
389 193 0.000503728210645
389 194 0.000503728210645
389 195 0.000503728210645
389 196 0.000503728210645
389 197 0.000503728210645
389 198 0.000503728210645
389 199 0.000503728210645
389 200 0.000503728210645
389 201 0.000503728210645
389 202 0.000503728210645
389 203 0.000503728210645
389 204 0.000503728210645
389 205 0.000503728210645
389 206 0.000503728210645
389 207 0.000503728210645
389 208 0.000503728210645
389 209 0.000503728210645
389 210 0.000503728210645
389 211 0.000503728210645
389 212 0.000503728210645
389 213 0.000503728210645
389 214 0.000503728210645
389 215 0.000503728210645
389 216 0.000503728210645
389 217 0.000503728210645
389 218 0.000503728210645
389 219 0.000503728210645
389 220 0.000503728210645
389 221 0.000503728210645
389 222 0.000503728210645
389 223 0.000398007475078
389 224 0.000503728210645
389 225 0.000503728210645
389 226 0.000503728210645
389 227 0.000398007475078
389 228 0.000155471669952
389 229 0.000155471669952
389 230 0.000155471669952
389 231 0.000155471669952
389 232 0.000155471669952
389 233 0.000155471669952
389 234 0.000155471669952
389 235 0.000155471669952
389 236 0.000155471669952
389 237 0.000155471669952
389 238 0.000155471669952
389 239 0.000155471669952
389 240 0.000155471669952
389 241 0.000223879204731
389 242 0.000398007475078
389 243 0.000503728210645
389 244 0.000503728210645
389 245 0.000398007475078
389 246 0.000503728210645
389 247 0.000621886679809
389 248 0.000621886679809
389 249 0.000223879204731
389 250 6.21886679809e-06
389 251 0.0
389 252 6.21886679809e-06
389 253 0.0
389 254 6.21886679809e-06
389 255 6.21886679809e-06
389 256 9.95018687695e-05
389 257 0.000304724473107
389 258 0.000503728210645
389 259 0.000398007475078
389 260 0.000503728210645
389 261 0.000503728210645
389 262 0.000621886679809
389 263 0.000304724473107
389 264 0.000155471669952
389 265 0.000155471669952
389 266 0.000155471669952
389 267 0.000155471669952
389 268 0.000155471669952
389 269 0.000155471669952
389 270 0.000155471669952
389 271 0.000155471669952
389 272 0.000155471669952
389 273 0.000155471669952
389 274 0.000155471669952
389 275 0.000155471669952
389 276 0.000155471669952
389 277 0.000155471669952
389 278 0.000155471669952
389 279 0.000155471669952
389 280 0.000155471669952
389 281 0.000155471669952
389 282 0.000155471669952
389 283 9.95018687695e-05
389 284 0.000155471669952
389 285 0.000223879204731
389 286 0.000503728210645
389 287 0.000503728210645
389 288 0.000503728210645
389 289 0.000503728210645
389 290 0.000503728210645
389 291 0.000398007475078
389 292 0.000223879204731
389 293 0.000155471669952
389 294 0.000155471669952
389 295 0.000155471669952
389 296 0.000155471669952
389 297 0.000155471669952
389 298 0.000155471669952
389 299 0.000155471669952
389 300 0.000155471669952
389 301 0.000155471669952
389 302 0.000155471669952
389 303 0.000155471669952
389 304 0.000155471669952
389 305 0.000155471669952
389 306 9.95018687695e-05
389 307 9.95018687695e-05
389 308 0.000155471669952
389 309 0.000155471669952
389 310 0.000155471669952
389 311 9.95018687695e-05
389 312 0.000155471669952
389 313 0.000223879204731
389 314 0.000503728210645
389 315 0.000503728210645
389 316 0.000503728210645
389 317 0.000398007475078
389 318 0.000503728210645
389 319 0.000503728210645
389 320 0.000398007475078
389 321 0.000223879204731
389 322 0.000155471669952
389 323 9.95018687695e-05
389 324 0.000155471669952
389 325 9.95018687695e-05
389 326 0.000155471669952
389 327 0.000155471669952
389 328 0.000503728210645
389 329 0.000503728210645
389 330 0.000503728210645
389 331 0.000503728210645
389 332 0.000503728210645
389 333 0.000503728210645
389 334 0.000503728210645
389 335 0.000503728210645
389 336 0.000503728210645
389 337 0.000398007475078
389 338 0.000503728210645
389 339 0.000503728210645
389 340 0.000503728210645
389 341 0.000398007475078
389 342 0.000223879204731
389 343 0.000155471669952
389 344 0.000155471669952
389 345 9.95018687695e-05
389 346 0.000155471669952
389 347 0.000155471669952
389 348 0.000155471669952
389 349 0.000155471669952
389 350 0.000155471669952
389 351 0.000155471669952
389 352 0.000155471669952
389 353 0.000155471669952
389 354 0.000155471669952
389 355 0.000155471669952
389 356 0.000155471669952
389 357 0.000155471669952
389 358 0.000155471669952
389 359 0.000155471669952
389 360 0.000155471669952
389 361 0.000155471669952
389 362 0.000155471669952
389 363 5.59698011828e-05
389 364 6.21886679809e-06
389 365 0.0
389 366 6.21886679809e-06
389 367 6.21886679809e-06
389 368 6.21886679809e-06
389 369 0.0
389 370 2.48754671924e-05
389 371 9.95018687695e-05
389 372 0.000155471669952
389 373 0.000155471669952
389 374 0.000155471669952
389 375 0.000155471669952
389 376 0.000155471669952
389 377 0.000155471669952
389 378 0.000155471669952
389 379 9.95018687695e-05
389 380 0.000155471669952
389 381 9.95018687695e-05
389 382 0.000155471669952
389 383 0.000155471669952
389 384 0.000155471669952
389 385 0.000155471669952
389 386 0.000304724473107
389 387 0.000155471669952
389 388 0.000398007475078
389 389 0.000895516818925
389 390 0.000155471669952
389 391 0.000503728210645
389 392 0.0
389 393 9.95018687695e-05
389 394 0.0
389 395 0.000155471669952
389 396 2.48754671924e-05
389 397 5.59698011828e-05
389 398 2.48754671924e-05
389 399 2.48754671924e-05
389 400 0.0
390 0 0.0
390 1 6.21886679809e-06
390 2 0.0
390 3 6.21886679809e-06
390 4 0.0
390 5 6.21886679809e-06
390 6 0.0
390 7 0.000155471669952
390 8 0.0
390 9 5.59698011828e-05
390 10 0.0
390 11 6.21886679809e-06
390 12 0.0
390 13 9.95018687695e-05
390 14 0.0
390 15 6.21886679809e-06
390 16 0.0
390 17 6.21886679809e-06
390 18 0.0
390 19 6.21886679809e-06
390 20 0.0
390 21 0.0
390 22 0.0
390 23 0.0
390 24 0.0
390 25 0.0
390 26 0.0
390 27 6.21886679809e-06
390 28 0.0
390 29 0.0
390 30 0.0
390 31 0.0
390 32 0.0
390 33 0.0
390 34 0.0
390 35 0.0
390 36 0.0
390 37 0.0
390 38 0.0
390 39 0.0
390 40 0.0
390 41 0.0
390 42 0.0
390 43 0.0
390 44 0.0
390 45 6.21886679809e-06
390 46 0.0
390 47 0.0
390 48 0.0
390 49 0.0
390 50 0.0
390 51 0.0
390 52 0.0
390 53 6.21886679809e-06
390 54 0.0
390 55 6.21886679809e-06
390 56 0.0
390 57 2.48754671924e-05
390 58 0.0
390 59 0.0
390 60 0.0
390 61 0.0
390 62 0.0
390 63 6.21886679809e-06
390 64 0.0
390 65 6.21886679809e-06
390 66 0.0
390 67 6.21886679809e-06
390 68 0.0
390 69 6.21886679809e-06
390 70 0.0
390 71 6.21886679809e-06
390 72 0.0
390 73 0.0
390 74 0.0
390 75 6.21886679809e-06
390 76 0.0
390 77 0.0
390 78 0.0
390 79 6.21886679809e-06
390 80 0.0
390 81 0.0
390 82 0.0
390 83 6.21886679809e-06
390 84 0.0
390 85 0.0
390 86 0.0
390 87 0.0
390 88 0.0
390 89 0.0
390 90 0.0
390 91 0.0
390 92 0.0
390 93 0.0
390 94 0.0
390 95 0.0
390 96 0.0
390 97 0.0
390 98 0.0
390 99 0.0
390 100 0.0
390 101 0.0
390 102 0.0
390 103 0.0
390 104 0.0
390 105 6.21886679809e-06
390 106 0.0
390 107 2.48754671924e-05
390 108 0.0
390 109 0.0
390 110 0.0
390 111 0.0
390 112 0.0
390 113 0.0
390 114 0.0
390 115 0.0
390 116 0.0
390 117 0.0
390 118 0.0
390 119 0.0
390 120 0.0
390 121 0.0
390 122 0.0
390 123 0.0
390 124 0.0
390 125 0.0
390 126 0.0
390 127 6.21886679809e-06
390 128 0.0
390 129 0.0
390 130 0.0
390 131 6.21886679809e-06
390 132 0.0
390 133 0.0
390 134 0.0
390 135 0.0
390 136 0.0
390 137 0.0
390 138 0.0
390 139 0.0
390 140 0.0
390 141 0.0
390 142 0.0
390 143 0.0
390 144 0.0
390 145 6.21886679809e-06
390 146 0.0
390 147 0.0
390 148 0.0
390 149 6.21886679809e-06
390 150 0.0
390 151 0.0
390 152 0.0
390 153 0.0
390 154 0.0
390 155 0.0
390 156 0.0
390 157 0.0
390 158 0.0
390 159 0.0
390 160 0.0
390 161 0.0
390 162 0.0
390 163 2.48754671924e-05
390 164 0.0
390 165 0.0
390 166 0.0
390 167 6.21886679809e-06
390 168 0.0
390 169 0.0
390 170 0.0
390 171 0.0
390 172 0.0
390 173 0.0
390 174 0.0
390 175 0.0
390 176 0.0
390 177 0.0
390 178 0.0
390 179 0.0
390 180 0.0
390 181 0.0
390 182 0.0
390 183 0.0
390 184 0.0
390 185 0.0
390 186 0.0
390 187 0.0
390 188 0.0
390 189 0.0
390 190 0.0
390 191 0.0
390 192 0.0
390 193 0.0
390 194 0.0
390 195 0.0
390 196 0.0
390 197 0.0
390 198 0.0
390 199 0.0
390 200 0.0
390 201 0.0
390 202 0.0
390 203 0.0
390 204 0.0
390 205 0.0
390 206 0.0
390 207 0.0
390 208 0.0
390 209 0.0
390 210 0.0
390 211 0.0
390 212 0.0
390 213 0.0
390 214 0.0
390 215 0.0
390 216 0.0
390 217 0.0
390 218 0.0
390 219 0.0
390 220 0.0
390 221 0.0
390 222 0.0
390 223 6.21886679809e-06
390 224 0.0
390 225 0.0
390 226 0.0
390 227 6.21886679809e-06
390 228 0.0
390 229 0.0
390 230 0.0
390 231 0.0
390 232 0.0
390 233 0.0
390 234 0.0
390 235 0.0
390 236 0.0
390 237 0.0
390 238 0.0
390 239 0.0
390 240 0.0
390 241 0.0
390 242 0.0
390 243 6.21886679809e-06
390 244 0.0
390 245 0.0
390 246 0.0
390 247 0.0
390 248 0.0
390 249 0.0
390 250 0.0
390 251 6.21886679809e-06
390 252 0.0
390 253 6.21886679809e-06
390 254 0.0
390 255 0.0
390 256 0.0
390 257 2.48754671924e-05
390 258 0.0
390 259 6.21886679809e-06
390 260 0.0
390 261 0.0
390 262 0.0
390 263 0.0
390 264 0.0
390 265 0.0
390 266 0.0
390 267 0.0
390 268 0.0
390 269 0.0
390 270 0.0
390 271 0.0
390 272 0.0
390 273 0.0
390 274 0.0
390 275 0.0
390 276 0.0
390 277 0.0
390 278 0.0
390 279 0.0
390 280 0.0
390 281 0.0
390 282 0.0
390 283 6.21886679809e-06
390 284 0.0
390 285 2.48754671924e-05
390 286 0.0
390 287 0.0
390 288 0.0
390 289 0.0
390 290 0.0
390 291 6.21886679809e-06
390 292 0.0
390 293 6.21886679809e-06
390 294 0.0
390 295 0.0
390 296 0.0
390 297 0.0
390 298 0.0
390 299 0.0
390 300 0.0
390 301 6.21886679809e-06
390 302 0.0
390 303 0.0
390 304 0.0
390 305 6.21886679809e-06
390 306 0.0
390 307 0.0
390 308 0.0
390 309 0.0
390 310 0.0
390 311 0.0
390 312 0.0
390 313 0.0
390 314 0.0
390 315 0.0
390 316 0.0
390 317 6.21886679809e-06
390 318 0.0
390 319 6.21886679809e-06
390 320 0.0
390 321 0.0
390 322 0.0
390 323 6.21886679809e-06
390 324 0.0
390 325 6.21886679809e-06
390 326 0.0
390 327 0.0
390 328 0.0
390 329 0.0
390 330 0.0
390 331 0.0
390 332 0.0
390 333 0.0
390 334 0.0
390 335 0.0
390 336 0.0
390 337 6.21886679809e-06
390 338 0.0
390 339 0.0
390 340 0.0
390 341 6.21886679809e-06
390 342 0.0
390 343 0.0
390 344 0.0
390 345 0.0
390 346 0.0
390 347 0.0
390 348 0.0
390 349 0.0
390 350 0.0
390 351 0.0
390 352 0.0
390 353 0.0
390 354 0.0
390 355 0.0
390 356 0.0
390 357 0.0
390 358 0.0
390 359 0.0
390 360 0.0
390 361 0.0
390 362 0.0
390 363 6.21886679809e-06
390 364 0.0
390 365 6.21886679809e-06
390 366 0.0
390 367 6.21886679809e-06
390 368 0.0
390 369 0.0
390 370 0.0
390 371 2.48754671924e-05
390 372 0.0
390 373 6.21886679809e-06
390 374 0.0
390 375 0.0
390 376 0.0
390 377 2.48754671924e-05
390 378 0.0
390 379 6.21886679809e-06
390 380 0.0
390 381 6.21886679809e-06
390 382 0.0
390 383 0.0
390 384 0.0
390 385 6.21886679809e-06
390 386 0.0
390 387 5.59698011828e-05
390 388 0.0
390 389 0.000155471669952
390 390 0.0
390 391 0.000503728210645
390 392 0.0
390 393 5.59698011828e-05
390 394 0.0
390 395 5.59698011828e-05
390 396 0.0
390 397 2.48754671924e-05
390 398 0.0
390 399 0.0
390 400 0.0
391 0 6.21886679809e-06
391 1 6.21886679809e-06
391 2 6.21886679809e-06
391 3 2.48754671924e-05
391 4 0.000155471669952
391 5 5.59698011828e-05
391 6 0.0
391 7 2.48754671924e-05
391 8 2.48754671924e-05
391 9 0.000155471669952
391 10 5.59698011828e-05
391 11 6.21886679809e-06
391 12 5.59698011828e-05
391 13 0.000155471669952
391 14 9.95018687695e-05
391 15 0.000155471669952
391 16 0.000155471669952
391 17 9.95018687695e-05
391 18 0.000155471669952
391 19 0.000155471669952
391 20 0.000155471669952
391 21 9.95018687695e-05
391 22 9.95018687695e-05
391 23 9.95018687695e-05
391 24 9.95018687695e-05
391 25 9.95018687695e-05
391 26 9.95018687695e-05
391 27 5.59698011828e-05
391 28 2.48754671924e-05
391 29 6.21886679809e-06
391 30 2.48754671924e-05
391 31 2.48754671924e-05
391 32 2.48754671924e-05
391 33 2.48754671924e-05
391 34 2.48754671924e-05
391 35 2.48754671924e-05
391 36 2.48754671924e-05
391 37 2.48754671924e-05
391 38 2.48754671924e-05
391 39 2.48754671924e-05
391 40 2.48754671924e-05
391 41 2.48754671924e-05
391 42 2.48754671924e-05
391 43 2.48754671924e-05
391 44 2.48754671924e-05
391 45 2.48754671924e-05
391 46 2.48754671924e-05
391 47 2.48754671924e-05
391 48 2.48754671924e-05
391 49 2.48754671924e-05
391 50 2.48754671924e-05
391 51 2.48754671924e-05
391 52 2.48754671924e-05
391 53 2.48754671924e-05
391 54 2.48754671924e-05
391 55 6.21886679809e-06
391 56 2.48754671924e-05
391 57 5.59698011828e-05
391 58 0.000155471669952
391 59 0.000155471669952
391 60 0.000155471669952
391 61 0.000155471669952
391 62 0.000155471669952
391 63 9.95018687695e-05
391 64 0.000223879204731
391 65 0.000223879204731
391 66 0.000223879204731
391 67 0.000155471669952
391 68 0.000223879204731
391 69 0.000155471669952
391 70 0.000155471669952
391 71 2.48754671924e-05
391 72 6.21886679809e-06
391 73 6.21886679809e-06
391 74 6.21886679809e-06
391 75 6.21886679809e-06
391 76 6.21886679809e-06
391 77 6.21886679809e-06
391 78 2.48754671924e-05
391 79 2.48754671924e-05
391 80 5.59698011828e-05
391 81 5.59698011828e-05
391 82 5.59698011828e-05
391 83 2.48754671924e-05
391 84 5.59698011828e-05
391 85 5.59698011828e-05
391 86 5.59698011828e-05
391 87 5.59698011828e-05
391 88 5.59698011828e-05
391 89 5.59698011828e-05
391 90 5.59698011828e-05
391 91 5.59698011828e-05
391 92 5.59698011828e-05
391 93 5.59698011828e-05
391 94 5.59698011828e-05
391 95 5.59698011828e-05
391 96 5.59698011828e-05
391 97 5.59698011828e-05
391 98 5.59698011828e-05
391 99 5.59698011828e-05
391 100 5.59698011828e-05
391 101 5.59698011828e-05
391 102 5.59698011828e-05
391 103 5.59698011828e-05
391 104 5.59698011828e-05
391 105 2.48754671924e-05
391 106 5.59698011828e-05
391 107 9.95018687695e-05
391 108 0.000155471669952
391 109 9.95018687695e-05
391 110 0.000155471669952
391 111 0.000155471669952
391 112 0.000155471669952
391 113 9.95018687695e-05
391 114 9.95018687695e-05
391 115 9.95018687695e-05
391 116 9.95018687695e-05
391 117 9.95018687695e-05
391 118 9.95018687695e-05
391 119 9.95018687695e-05
391 120 9.95018687695e-05
391 121 9.95018687695e-05
391 122 0.000155471669952
391 123 0.000155471669952
391 124 0.000155471669952
391 125 9.95018687695e-05
391 126 0.000155471669952
391 127 9.95018687695e-05
391 128 5.59698011828e-05
391 129 2.48754671924e-05
391 130 2.48754671924e-05
391 131 6.21886679809e-06
391 132 2.48754671924e-05
391 133 6.21886679809e-06
391 134 2.48754671924e-05
391 135 2.48754671924e-05
391 136 5.59698011828e-05
391 137 5.59698011828e-05
391 138 5.59698011828e-05
391 139 5.59698011828e-05
391 140 5.59698011828e-05
391 141 5.59698011828e-05
391 142 5.59698011828e-05
391 143 5.59698011828e-05
391 144 5.59698011828e-05
391 145 2.48754671924e-05
391 146 5.59698011828e-05
391 147 5.59698011828e-05
391 148 5.59698011828e-05
391 149 2.48754671924e-05
391 150 6.21886679809e-06
391 151 6.21886679809e-06
391 152 6.21886679809e-06
391 153 6.21886679809e-06
391 154 6.21886679809e-06
391 155 6.21886679809e-06
391 156 6.21886679809e-06
391 157 6.21886679809e-06
391 158 6.21886679809e-06
391 159 6.21886679809e-06
391 160 6.21886679809e-06
391 161 6.21886679809e-06
391 162 6.21886679809e-06
391 163 2.48754671924e-05
391 164 0.000155471669952
391 165 0.000155471669952
391 166 0.000155471669952
391 167 9.95018687695e-05
391 168 0.000155471669952
391 169 0.000155471669952
391 170 0.000155471669952
391 171 0.000155471669952
391 172 0.000155471669952
391 173 0.000155471669952
391 174 0.000155471669952
391 175 0.000155471669952
391 176 0.000155471669952
391 177 0.000155471669952
391 178 0.000155471669952
391 179 0.000155471669952
391 180 0.000155471669952
391 181 0.000155471669952
391 182 0.000155471669952
391 183 0.000155471669952
391 184 0.000155471669952
391 185 0.000155471669952
391 186 0.000155471669952
391 187 0.000155471669952
391 188 0.000155471669952
391 189 0.000155471669952
391 190 0.000155471669952
391 191 0.000155471669952
391 192 0.000155471669952
391 193 0.000155471669952
391 194 0.000155471669952
391 195 0.000155471669952
391 196 0.000155471669952
391 197 0.000155471669952
391 198 0.000155471669952
391 199 9.95018687695e-05
391 200 9.95018687695e-05
391 201 5.59698011828e-05
391 202 9.95018687695e-05
391 203 9.95018687695e-05
391 204 9.95018687695e-05
391 205 9.95018687695e-05
391 206 9.95018687695e-05
391 207 9.95018687695e-05
391 208 9.95018687695e-05
391 209 9.95018687695e-05
391 210 9.95018687695e-05
391 211 5.59698011828e-05
391 212 9.95018687695e-05
391 213 9.95018687695e-05
391 214 0.000155471669952
391 215 0.000155471669952
391 216 0.000155471669952
391 217 9.95018687695e-05
391 218 0.000155471669952
391 219 0.000155471669952
391 220 0.000155471669952
391 221 9.95018687695e-05
391 222 9.95018687695e-05
391 223 9.95018687695e-05
391 224 9.95018687695e-05
391 225 9.95018687695e-05
391 226 9.95018687695e-05
391 227 9.95018687695e-05
391 228 5.59698011828e-05
391 229 5.59698011828e-05
391 230 5.59698011828e-05
391 231 5.59698011828e-05
391 232 5.59698011828e-05
391 233 5.59698011828e-05
391 234 5.59698011828e-05
391 235 5.59698011828e-05
391 236 5.59698011828e-05
391 237 5.59698011828e-05
391 238 5.59698011828e-05
391 239 5.59698011828e-05
391 240 5.59698011828e-05
391 241 5.59698011828e-05
391 242 5.59698011828e-05
391 243 9.95018687695e-05
391 244 9.95018687695e-05
391 245 9.95018687695e-05
391 246 9.95018687695e-05
391 247 9.95018687695e-05
391 248 9.95018687695e-05
391 249 2.48754671924e-05
391 250 6.21886679809e-06
391 251 0.0
391 252 6.21886679809e-06
391 253 6.21886679809e-06
391 254 6.21886679809e-06
391 255 0.0
391 256 2.48754671924e-05
391 257 5.59698011828e-05
391 258 0.000155471669952
391 259 9.95018687695e-05
391 260 0.000155471669952
391 261 0.000155471669952
391 262 0.000155471669952
391 263 9.95018687695e-05
391 264 2.48754671924e-05
391 265 2.48754671924e-05
391 266 2.48754671924e-05
391 267 2.48754671924e-05
391 268 2.48754671924e-05
391 269 2.48754671924e-05
391 270 2.48754671924e-05
391 271 2.48754671924e-05
391 272 5.59698011828e-05
391 273 5.59698011828e-05
391 274 5.59698011828e-05
391 275 2.48754671924e-05
391 276 5.59698011828e-05
391 277 2.48754671924e-05
391 278 2.48754671924e-05
391 279 6.21886679809e-06
391 280 2.48754671924e-05
391 281 2.48754671924e-05
391 282 2.48754671924e-05
391 283 6.21886679809e-06
391 284 2.48754671924e-05
391 285 5.59698011828e-05
391 286 0.000155471669952
391 287 0.000155471669952
391 288 0.000155471669952
391 289 0.000155471669952
391 290 0.000155471669952
391 291 9.95018687695e-05
391 292 5.59698011828e-05
391 293 2.48754671924e-05
391 294 5.59698011828e-05
391 295 5.59698011828e-05
391 296 5.59698011828e-05
391 297 5.59698011828e-05
391 298 5.59698011828e-05
391 299 5.59698011828e-05
391 300 5.59698011828e-05
391 301 2.48754671924e-05
391 302 5.59698011828e-05
391 303 5.59698011828e-05
391 304 5.59698011828e-05
391 305 2.48754671924e-05
391 306 2.48754671924e-05
391 307 2.48754671924e-05
391 308 2.48754671924e-05
391 309 2.48754671924e-05
391 310 2.48754671924e-05
391 311 2.48754671924e-05
391 312 2.48754671924e-05
391 313 2.48754671924e-05
391 314 9.95018687695e-05
391 315 9.95018687695e-05
391 316 9.95018687695e-05
391 317 5.59698011828e-05
391 318 9.95018687695e-05
391 319 9.95018687695e-05
391 320 9.95018687695e-05
391 321 5.59698011828e-05
391 322 5.59698011828e-05
391 323 5.59698011828e-05
391 324 5.59698011828e-05
391 325 2.48754671924e-05
391 326 5.59698011828e-05
391 327 5.59698011828e-05
391 328 0.000155471669952
391 329 0.000155471669952
391 330 0.000155471669952
391 331 9.95018687695e-05
391 332 0.000155471669952
391 333 0.000155471669952
391 334 0.000155471669952
391 335 9.95018687695e-05
391 336 9.95018687695e-05
391 337 9.95018687695e-05
391 338 9.95018687695e-05
391 339 9.95018687695e-05
391 340 9.95018687695e-05
391 341 9.95018687695e-05
391 342 5.59698011828e-05
391 343 5.59698011828e-05
391 344 5.59698011828e-05
391 345 5.59698011828e-05
391 346 5.59698011828e-05
391 347 5.59698011828e-05
391 348 5.59698011828e-05
391 349 5.59698011828e-05
391 350 5.59698011828e-05
391 351 5.59698011828e-05
391 352 5.59698011828e-05
391 353 5.59698011828e-05
391 354 5.59698011828e-05
391 355 5.59698011828e-05
391 356 5.59698011828e-05
391 357 2.48754671924e-05
391 358 2.48754671924e-05
391 359 6.21886679809e-06
391 360 2.48754671924e-05
391 361 2.48754671924e-05
391 362 2.48754671924e-05
391 363 2.48754671924e-05
391 364 6.21886679809e-06
391 365 6.21886679809e-06
391 366 6.21886679809e-06
391 367 6.21886679809e-06
391 368 6.21886679809e-06
391 369 0.0
391 370 0.0
391 371 6.21886679809e-06
391 372 2.48754671924e-05
391 373 6.21886679809e-06
391 374 2.48754671924e-05
391 375 2.48754671924e-05
391 376 2.48754671924e-05
391 377 0.0
391 378 2.48754671924e-05
391 379 6.21886679809e-06
391 380 0.0
391 381 0.0
391 382 6.21886679809e-06
391 383 2.48754671924e-05
391 384 5.59698011828e-05
391 385 0.000621886679809
391 386 0.000398007475078
391 387 9.95018687695e-05
391 388 0.000223879204731
391 389 0.000621886679809
391 390 9.95018687695e-05
391 391 0.000155471669952
391 392 0.000398007475078
391 393 2.48754671924e-05
391 394 0.000155471669952
391 395 5.59698011828e-05
391 396 5.59698011828e-05
391 397 2.48754671924e-05
391 398 6.21886679809e-06
391 399 0.0
391 400 0.0
392 0 0.0
392 1 6.21886679809e-06
392 2 0.0
392 3 6.21886679809e-06
392 4 0.0
392 5 6.21886679809e-06
392 6 0.0
392 7 9.95018687695e-05
392 8 0.0
392 9 6.21886679809e-06
392 10 0.0
392 11 6.21886679809e-06
392 12 0.0
392 13 5.59698011828e-05
392 14 0.0
392 15 6.21886679809e-06
392 16 0.0
392 17 6.21886679809e-06
392 18 0.0
392 19 0.0
392 20 0.0
392 21 0.0
392 22 0.0
392 23 6.21886679809e-06
392 24 0.0
392 25 0.0
392 26 0.0
392 27 0.0
392 28 0.0
392 29 0.0
392 30 0.0
392 31 0.0
392 32 0.0
392 33 0.0
392 34 0.0
392 35 0.0
392 36 0.0
392 37 0.0
392 38 0.0
392 39 0.0
392 40 0.0
392 41 0.0
392 42 0.0
392 43 6.21886679809e-06
392 44 0.0
392 45 0.0
392 46 0.0
392 47 6.21886679809e-06
392 48 0.0
392 49 6.21886679809e-06
392 50 0.0
392 51 6.21886679809e-06
392 52 0.0
392 53 0.0
392 54 0.0
392 55 6.21886679809e-06
392 56 0.0
392 57 6.21886679809e-06
392 58 0.0
392 59 0.0
392 60 0.0
392 61 0.0
392 62 0.0
392 63 0.0
392 64 0.0
392 65 0.0
392 66 0.0
392 67 0.0
392 68 0.0
392 69 6.21886679809e-06
392 70 0.0
392 71 0.0
392 72 0.0
392 73 0.0
392 74 0.0
392 75 6.21886679809e-06
392 76 0.0
392 77 6.21886679809e-06
392 78 0.0
392 79 0.0
392 80 0.0
392 81 0.0
392 82 0.0
392 83 0.0
392 84 0.0
392 85 0.0
392 86 0.0
392 87 0.0
392 88 0.0
392 89 0.0
392 90 0.0
392 91 0.0
392 92 0.0
392 93 0.0
392 94 0.0
392 95 0.0
392 96 0.0
392 97 0.0
392 98 0.0
392 99 0.0
392 100 0.0
392 101 0.0
392 102 0.0
392 103 0.0
392 104 0.0
392 105 0.0
392 106 0.0
392 107 0.0
392 108 0.0
392 109 6.21886679809e-06
392 110 0.0
392 111 0.0
392 112 0.0
392 113 6.21886679809e-06
392 114 0.0
392 115 0.0
392 116 0.0
392 117 0.0
392 118 0.0
392 119 0.0
392 120 0.0
392 121 6.21886679809e-06
392 122 0.0
392 123 0.0
392 124 0.0
392 125 6.21886679809e-06
392 126 0.0
392 127 6.21886679809e-06
392 128 0.0
392 129 6.21886679809e-06
392 130 0.0
392 131 0.0
392 132 0.0
392 133 6.21886679809e-06
392 134 0.0
392 135 6.21886679809e-06
392 136 0.0
392 137 0.0
392 138 0.0
392 139 0.0
392 140 0.0
392 141 0.0
392 142 0.0
392 143 0.0
392 144 0.0
392 145 0.0
392 146 0.0
392 147 0.0
392 148 0.0
392 149 0.0
392 150 0.0
392 151 0.0
392 152 0.0
392 153 0.0
392 154 0.0
392 155 0.0
392 156 0.0
392 157 6.21886679809e-06
392 158 0.0
392 159 0.0
392 160 0.0
392 161 0.0
392 162 0.0
392 163 0.0
392 164 0.0
392 165 0.0
392 166 0.0
392 167 0.0
392 168 0.0
392 169 0.0
392 170 0.0
392 171 0.0
392 172 0.0
392 173 0.0
392 174 0.0
392 175 0.0
392 176 0.0
392 177 0.0
392 178 0.0
392 179 0.0
392 180 0.0
392 181 0.0
392 182 0.0
392 183 0.0
392 184 0.0
392 185 0.0
392 186 0.0
392 187 0.0
392 188 0.0
392 189 0.0
392 190 0.0
392 191 0.0
392 192 0.0
392 193 0.0
392 194 0.0
392 195 0.0
392 196 0.0
392 197 0.0
392 198 0.0
392 199 6.21886679809e-06
392 200 0.0
392 201 6.21886679809e-06
392 202 0.0
392 203 0.0
392 204 0.0
392 205 0.0
392 206 0.0
392 207 0.0
392 208 0.0
392 209 0.0
392 210 0.0
392 211 6.21886679809e-06
392 212 0.0
392 213 0.0
392 214 0.0
392 215 0.0
392 216 0.0
392 217 6.21886679809e-06
392 218 0.0
392 219 0.0
392 220 0.0
392 221 0.0
392 222 0.0
392 223 0.0
392 224 0.0
392 225 6.21886679809e-06
392 226 0.0
392 227 0.0
392 228 0.0
392 229 0.0
392 230 0.0
392 231 0.0
392 232 0.0
392 233 0.0
392 234 0.0
392 235 0.0
392 236 0.0
392 237 0.0
392 238 0.0
392 239 0.0
392 240 0.0
392 241 6.21886679809e-06
392 242 0.0
392 243 6.21886679809e-06
392 244 0.0
392 245 0.0
392 246 0.0
392 247 6.21886679809e-06
392 248 0.0
392 249 0.0
392 250 0.0
392 251 0.0
392 252 0.0
392 253 0.0
392 254 0.0
392 255 6.21886679809e-06
392 256 0.0
392 257 0.0
392 258 0.0
392 259 6.21886679809e-06
392 260 0.0
392 261 0.0
392 262 0.0
392 263 6.21886679809e-06
392 264 0.0
392 265 0.0
392 266 0.0
392 267 0.0
392 268 0.0
392 269 0.0
392 270 0.0
392 271 6.21886679809e-06
392 272 0.0
392 273 0.0
392 274 0.0
392 275 6.21886679809e-06
392 276 0.0
392 277 6.21886679809e-06
392 278 0.0
392 279 6.21886679809e-06
392 280 0.0
392 281 0.0
392 282 0.0
392 283 6.21886679809e-06
392 284 0.0
392 285 6.21886679809e-06
392 286 0.0
392 287 0.0
392 288 0.0
392 289 0.0
392 290 0.0
392 291 0.0
392 292 0.0
392 293 0.0
392 294 0.0
392 295 0.0
392 296 0.0
392 297 0.0
392 298 0.0
392 299 0.0
392 300 0.0
392 301 0.0
392 302 0.0
392 303 0.0
392 304 0.0
392 305 0.0
392 306 0.0
392 307 0.0
392 308 0.0
392 309 0.0
392 310 0.0
392 311 0.0
392 312 0.0
392 313 6.21886679809e-06
392 314 0.0
392 315 6.21886679809e-06
392 316 0.0
392 317 0.0
392 318 0.0
392 319 6.21886679809e-06
392 320 0.0
392 321 6.21886679809e-06
392 322 0.0
392 323 0.0
392 324 0.0
392 325 0.0
392 326 0.0
392 327 0.0
392 328 0.0
392 329 0.0
392 330 0.0
392 331 6.21886679809e-06
392 332 0.0
392 333 0.0
392 334 0.0
392 335 0.0
392 336 0.0
392 337 0.0
392 338 0.0
392 339 6.21886679809e-06
392 340 0.0
392 341 0.0
392 342 0.0
392 343 0.0
392 344 0.0
392 345 0.0
392 346 0.0
392 347 0.0
392 348 0.0
392 349 0.0
392 350 0.0
392 351 0.0
392 352 0.0
392 353 0.0
392 354 0.0
392 355 0.0
392 356 0.0
392 357 0.0
392 358 0.0
392 359 6.21886679809e-06
392 360 0.0
392 361 6.21886679809e-06
392 362 0.0
392 363 0.0
392 364 0.0
392 365 0.0
392 366 0.0
392 367 0.0
392 368 0.0
392 369 6.21886679809e-06
392 370 0.0
392 371 6.21886679809e-06
392 372 0.0
392 373 6.21886679809e-06
392 374 0.0
392 375 0.0
392 376 0.0
392 377 2.48754671924e-05
392 378 0.0
392 379 0.0
392 380 0.0
392 381 0.0
392 382 0.0
392 383 0.0
392 384 0.0
392 385 2.48754671924e-05
392 386 0.0
392 387 2.48754671924e-05
392 388 0.0
392 389 6.21886679809e-06
392 390 0.0
392 391 0.000223879204731
392 392 0.0
392 393 5.59698011828e-05
392 394 0.0
392 395 6.21886679809e-06
392 396 0.0
392 397 0.0
392 398 0.0
392 399 6.21886679809e-06
392 400 0.0
393 0 6.21886679809e-06
393 1 0.0
393 2 0.0
393 3 6.21886679809e-06
393 4 6.21886679809e-06
393 5 5.59698011828e-05
393 6 9.95018687695e-05
393 7 2.48754671924e-05
393 8 0.0
393 9 6.21886679809e-06
393 10 6.21886679809e-06
393 11 2.48754671924e-05
393 12 0.0
393 13 2.48754671924e-05
393 14 2.48754671924e-05
393 15 9.95018687695e-05
393 16 2.48754671924e-05
393 17 2.48754671924e-05
393 18 2.48754671924e-05
393 19 2.48754671924e-05
393 20 2.48754671924e-05
393 21 5.59698011828e-05
393 22 5.59698011828e-05
393 23 9.95018687695e-05
393 24 5.59698011828e-05
393 25 5.59698011828e-05
393 26 5.59698011828e-05
393 27 9.95018687695e-05
393 28 5.59698011828e-05
393 29 5.59698011828e-05
393 30 2.48754671924e-05
393 31 2.48754671924e-05
393 32 2.48754671924e-05
393 33 2.48754671924e-05
393 34 2.48754671924e-05
393 35 2.48754671924e-05
393 36 2.48754671924e-05
393 37 5.59698011828e-05
393 38 2.48754671924e-05
393 39 2.48754671924e-05
393 40 2.48754671924e-05
393 41 5.59698011828e-05
393 42 5.59698011828e-05
393 43 5.59698011828e-05
393 44 2.48754671924e-05
393 45 2.48754671924e-05
393 46 2.48754671924e-05
393 47 5.59698011828e-05
393 48 2.48754671924e-05
393 49 2.48754671924e-05
393 50 2.48754671924e-05
393 51 2.48754671924e-05
393 52 2.48754671924e-05
393 53 2.48754671924e-05
393 54 2.48754671924e-05
393 55 2.48754671924e-05
393 56 2.48754671924e-05
393 57 5.59698011828e-05
393 58 5.59698011828e-05
393 59 9.95018687695e-05
393 60 5.59698011828e-05
393 61 9.95018687695e-05
393 62 5.59698011828e-05
393 63 5.59698011828e-05
393 64 2.48754671924e-05
393 65 2.48754671924e-05
393 66 2.48754671924e-05
393 67 5.59698011828e-05
393 68 5.59698011828e-05
393 69 9.95018687695e-05
393 70 5.59698011828e-05
393 71 5.59698011828e-05
393 72 2.48754671924e-05
393 73 2.48754671924e-05
393 74 2.48754671924e-05
393 75 2.48754671924e-05
393 76 2.48754671924e-05
393 77 2.48754671924e-05
393 78 2.48754671924e-05
393 79 2.48754671924e-05
393 80 2.48754671924e-05
393 81 2.48754671924e-05
393 82 2.48754671924e-05
393 83 2.48754671924e-05
393 84 2.48754671924e-05
393 85 2.48754671924e-05
393 86 2.48754671924e-05
393 87 2.48754671924e-05
393 88 2.48754671924e-05
393 89 2.48754671924e-05
393 90 2.48754671924e-05
393 91 2.48754671924e-05
393 92 2.48754671924e-05
393 93 2.48754671924e-05
393 94 2.48754671924e-05
393 95 2.48754671924e-05
393 96 2.48754671924e-05
393 97 2.48754671924e-05
393 98 2.48754671924e-05
393 99 2.48754671924e-05
393 100 2.48754671924e-05
393 101 2.48754671924e-05
393 102 2.48754671924e-05
393 103 5.59698011828e-05
393 104 2.48754671924e-05
393 105 2.48754671924e-05
393 106 2.48754671924e-05
393 107 5.59698011828e-05
393 108 5.59698011828e-05
393 109 5.59698011828e-05
393 110 5.59698011828e-05
393 111 5.59698011828e-05
393 112 5.59698011828e-05
393 113 5.59698011828e-05
393 114 5.59698011828e-05
393 115 5.59698011828e-05
393 116 5.59698011828e-05
393 117 5.59698011828e-05
393 118 5.59698011828e-05
393 119 5.59698011828e-05
393 120 5.59698011828e-05
393 121 5.59698011828e-05
393 122 5.59698011828e-05
393 123 5.59698011828e-05
393 124 5.59698011828e-05
393 125 5.59698011828e-05
393 126 5.59698011828e-05
393 127 9.95018687695e-05
393 128 5.59698011828e-05
393 129 5.59698011828e-05
393 130 2.48754671924e-05
393 131 2.48754671924e-05
393 132 2.48754671924e-05
393 133 2.48754671924e-05
393 134 6.21886679809e-06
393 135 2.48754671924e-05
393 136 2.48754671924e-05
393 137 2.48754671924e-05
393 138 2.48754671924e-05
393 139 2.48754671924e-05
393 140 2.48754671924e-05
393 141 2.48754671924e-05
393 142 2.48754671924e-05
393 143 2.48754671924e-05
393 144 2.48754671924e-05
393 145 2.48754671924e-05
393 146 2.48754671924e-05
393 147 2.48754671924e-05
393 148 2.48754671924e-05
393 149 2.48754671924e-05
393 150 6.21886679809e-06
393 151 2.48754671924e-05
393 152 2.48754671924e-05
393 153 2.48754671924e-05
393 154 2.48754671924e-05
393 155 2.48754671924e-05
393 156 2.48754671924e-05
393 157 2.48754671924e-05
393 158 2.48754671924e-05
393 159 2.48754671924e-05
393 160 2.48754671924e-05
393 161 2.48754671924e-05
393 162 2.48754671924e-05
393 163 5.59698011828e-05
393 164 5.59698011828e-05
393 165 9.95018687695e-05
393 166 5.59698011828e-05
393 167 5.59698011828e-05
393 168 5.59698011828e-05
393 169 5.59698011828e-05
393 170 5.59698011828e-05
393 171 5.59698011828e-05
393 172 5.59698011828e-05
393 173 5.59698011828e-05
393 174 5.59698011828e-05
393 175 5.59698011828e-05
393 176 5.59698011828e-05
393 177 5.59698011828e-05
393 178 5.59698011828e-05
393 179 5.59698011828e-05
393 180 5.59698011828e-05
393 181 5.59698011828e-05
393 182 5.59698011828e-05
393 183 5.59698011828e-05
393 184 5.59698011828e-05
393 185 5.59698011828e-05
393 186 5.59698011828e-05
393 187 5.59698011828e-05
393 188 5.59698011828e-05
393 189 5.59698011828e-05
393 190 5.59698011828e-05
393 191 5.59698011828e-05
393 192 5.59698011828e-05
393 193 5.59698011828e-05
393 194 5.59698011828e-05
393 195 5.59698011828e-05
393 196 5.59698011828e-05
393 197 5.59698011828e-05
393 198 5.59698011828e-05
393 199 5.59698011828e-05
393 200 2.48754671924e-05
393 201 5.59698011828e-05
393 202 5.59698011828e-05
393 203 5.59698011828e-05
393 204 5.59698011828e-05
393 205 5.59698011828e-05
393 206 5.59698011828e-05
393 207 5.59698011828e-05
393 208 5.59698011828e-05
393 209 5.59698011828e-05
393 210 5.59698011828e-05
393 211 5.59698011828e-05
393 212 5.59698011828e-05
393 213 5.59698011828e-05
393 214 5.59698011828e-05
393 215 5.59698011828e-05
393 216 5.59698011828e-05
393 217 5.59698011828e-05
393 218 5.59698011828e-05
393 219 5.59698011828e-05
393 220 5.59698011828e-05
393 221 5.59698011828e-05
393 222 5.59698011828e-05
393 223 5.59698011828e-05
393 224 5.59698011828e-05
393 225 9.95018687695e-05
393 226 5.59698011828e-05
393 227 5.59698011828e-05
393 228 2.48754671924e-05
393 229 2.48754671924e-05
393 230 2.48754671924e-05
393 231 2.48754671924e-05
393 232 2.48754671924e-05
393 233 2.48754671924e-05
393 234 2.48754671924e-05
393 235 2.48754671924e-05
393 236 2.48754671924e-05
393 237 2.48754671924e-05
393 238 2.48754671924e-05
393 239 2.48754671924e-05
393 240 2.48754671924e-05
393 241 5.59698011828e-05
393 242 5.59698011828e-05
393 243 9.95018687695e-05
393 244 5.59698011828e-05
393 245 5.59698011828e-05
393 246 5.59698011828e-05
393 247 9.95018687695e-05
393 248 5.59698011828e-05
393 249 5.59698011828e-05
393 250 2.48754671924e-05
393 251 2.48754671924e-05
393 252 2.48754671924e-05
393 253 5.59698011828e-05
393 254 2.48754671924e-05
393 255 2.48754671924e-05
393 256 2.48754671924e-05
393 257 5.59698011828e-05
393 258 5.59698011828e-05
393 259 5.59698011828e-05
393 260 5.59698011828e-05
393 261 9.95018687695e-05
393 262 5.59698011828e-05
393 263 5.59698011828e-05
393 264 6.21886679809e-06
393 265 2.48754671924e-05
393 266 2.48754671924e-05
393 267 2.48754671924e-05
393 268 2.48754671924e-05
393 269 2.48754671924e-05
393 270 2.48754671924e-05
393 271 2.48754671924e-05
393 272 2.48754671924e-05
393 273 2.48754671924e-05
393 274 2.48754671924e-05
393 275 2.48754671924e-05
393 276 2.48754671924e-05
393 277 2.48754671924e-05
393 278 2.48754671924e-05
393 279 2.48754671924e-05
393 280 2.48754671924e-05
393 281 2.48754671924e-05
393 282 2.48754671924e-05
393 283 2.48754671924e-05
393 284 2.48754671924e-05
393 285 5.59698011828e-05
393 286 5.59698011828e-05
393 287 9.95018687695e-05
393 288 5.59698011828e-05
393 289 9.95018687695e-05
393 290 5.59698011828e-05
393 291 5.59698011828e-05
393 292 2.48754671924e-05
393 293 2.48754671924e-05
393 294 2.48754671924e-05
393 295 2.48754671924e-05
393 296 2.48754671924e-05
393 297 2.48754671924e-05
393 298 2.48754671924e-05
393 299 2.48754671924e-05
393 300 2.48754671924e-05
393 301 2.48754671924e-05
393 302 2.48754671924e-05
393 303 2.48754671924e-05
393 304 2.48754671924e-05
393 305 2.48754671924e-05
393 306 2.48754671924e-05
393 307 2.48754671924e-05
393 308 2.48754671924e-05
393 309 2.48754671924e-05
393 310 2.48754671924e-05
393 311 2.48754671924e-05
393 312 2.48754671924e-05
393 313 5.59698011828e-05
393 314 2.48754671924e-05
393 315 9.95018687695e-05
393 316 5.59698011828e-05
393 317 5.59698011828e-05
393 318 5.59698011828e-05
393 319 9.95018687695e-05
393 320 5.59698011828e-05
393 321 5.59698011828e-05
393 322 2.48754671924e-05
393 323 2.48754671924e-05
393 324 2.48754671924e-05
393 325 2.48754671924e-05
393 326 2.48754671924e-05
393 327 5.59698011828e-05
393 328 5.59698011828e-05
393 329 9.95018687695e-05
393 330 5.59698011828e-05
393 331 5.59698011828e-05
393 332 5.59698011828e-05
393 333 5.59698011828e-05
393 334 5.59698011828e-05
393 335 5.59698011828e-05
393 336 5.59698011828e-05
393 337 5.59698011828e-05
393 338 5.59698011828e-05
393 339 9.95018687695e-05
393 340 5.59698011828e-05
393 341 5.59698011828e-05
393 342 2.48754671924e-05
393 343 2.48754671924e-05
393 344 2.48754671924e-05
393 345 2.48754671924e-05
393 346 2.48754671924e-05
393 347 2.48754671924e-05
393 348 2.48754671924e-05
393 349 2.48754671924e-05
393 350 2.48754671924e-05
393 351 2.48754671924e-05
393 352 2.48754671924e-05
393 353 2.48754671924e-05
393 354 2.48754671924e-05
393 355 2.48754671924e-05
393 356 2.48754671924e-05
393 357 6.21886679809e-06
393 358 2.48754671924e-05
393 359 2.48754671924e-05
393 360 2.48754671924e-05
393 361 2.48754671924e-05
393 362 2.48754671924e-05
393 363 2.48754671924e-05
393 364 2.48754671924e-05
393 365 2.48754671924e-05
393 366 2.48754671924e-05
393 367 2.48754671924e-05
393 368 2.48754671924e-05
393 369 2.48754671924e-05
393 370 2.48754671924e-05
393 371 2.48754671924e-05
393 372 2.48754671924e-05
393 373 5.59698011828e-05
393 374 2.48754671924e-05
393 375 2.48754671924e-05
393 376 2.48754671924e-05
393 377 5.59698011828e-05
393 378 2.48754671924e-05
393 379 5.59698011828e-05
393 380 5.59698011828e-05
393 381 5.59698011828e-05
393 382 5.59698011828e-05
393 383 5.59698011828e-05
393 384 2.48754671924e-05
393 385 2.48754671924e-05
393 386 5.59698011828e-05
393 387 9.95018687695e-05
393 388 2.48754671924e-05
393 389 6.21886679809e-06
393 390 2.48754671924e-05
393 391 6.21886679809e-06
393 392 9.95018687695e-05
393 393 9.95018687695e-05
393 394 6.21886679809e-06
393 395 6.21886679809e-06
393 396 0.0
393 397 0.0
393 398 0.0
393 399 6.21886679809e-06
393 400 0.0
394 0 0.0
394 1 0.0
394 2 0.0
394 3 0.0
394 4 0.0
394 5 0.0
394 6 0.0
394 7 6.21886679809e-06
394 8 0.0
394 9 2.48754671924e-05
394 10 0.0
394 11 0.0
394 12 0.0
394 13 0.0
394 14 0.0
394 15 0.0
394 16 0.0
394 17 6.21886679809e-06
394 18 0.0
394 19 6.21886679809e-06
394 20 0.0
394 21 0.0
394 22 0.0
394 23 0.0
394 24 0.0
394 25 0.0
394 26 0.0
394 27 0.0
394 28 0.0
394 29 0.0
394 30 0.0
394 31 0.0
394 32 0.0
394 33 0.0
394 34 0.0
394 35 0.0
394 36 0.0
394 37 6.21886679809e-06
394 38 0.0
394 39 0.0
394 40 0.0
394 41 6.21886679809e-06
394 42 0.0
394 43 0.0
394 44 0.0
394 45 0.0
394 46 0.0
394 47 0.0
394 48 0.0
394 49 0.0
394 50 0.0
394 51 0.0
394 52 0.0
394 53 6.21886679809e-06
394 54 0.0
394 55 0.0
394 56 0.0
394 57 0.0
394 58 0.0
394 59 6.21886679809e-06
394 60 0.0
394 61 0.0
394 62 0.0
394 63 0.0
394 64 0.0
394 65 0.0
394 66 0.0
394 67 0.0
394 68 0.0
394 69 0.0
394 70 0.0
394 71 0.0
394 72 0.0
394 73 0.0
394 74 0.0
394 75 0.0
394 76 0.0
394 77 0.0
394 78 0.0
394 79 0.0
394 80 0.0
394 81 0.0
394 82 0.0
394 83 0.0
394 84 0.0
394 85 0.0
394 86 0.0
394 87 0.0
394 88 0.0
394 89 0.0
394 90 0.0
394 91 0.0
394 92 0.0
394 93 0.0
394 94 0.0
394 95 0.0
394 96 0.0
394 97 0.0
394 98 0.0
394 99 0.0
394 100 0.0
394 101 0.0
394 102 0.0
394 103 0.0
394 104 0.0
394 105 0.0
394 106 0.0
394 107 0.0
394 108 0.0
394 109 0.0
394 110 0.0
394 111 6.21886679809e-06
394 112 0.0
394 113 0.0
394 114 0.0
394 115 0.0
394 116 0.0
394 117 0.0
394 118 0.0
394 119 0.0
394 120 0.0
394 121 0.0
394 122 0.0
394 123 6.21886679809e-06
394 124 0.0
394 125 0.0
394 126 0.0
394 127 6.21886679809e-06
394 128 0.0
394 129 6.21886679809e-06
394 130 0.0
394 131 0.0
394 132 0.0
394 133 0.0
394 134 0.0
394 135 0.0
394 136 0.0
394 137 6.21886679809e-06
394 138 0.0
394 139 0.0
394 140 0.0
394 141 0.0
394 142 0.0
394 143 0.0
394 144 0.0
394 145 0.0
394 146 0.0
394 147 6.21886679809e-06
394 148 0.0
394 149 0.0
394 150 0.0
394 151 6.21886679809e-06
394 152 0.0
394 153 0.0
394 154 0.0
394 155 6.21886679809e-06
394 156 0.0
394 157 0.0
394 158 0.0
394 159 0.0
394 160 0.0
394 161 0.0
394 162 0.0
394 163 0.0
394 164 0.0
394 165 0.0
394 166 0.0
394 167 0.0
394 168 0.0
394 169 0.0
394 170 0.0
394 171 0.0
394 172 0.0
394 173 0.0
394 174 0.0
394 175 0.0
394 176 0.0
394 177 0.0
394 178 0.0
394 179 0.0
394 180 0.0
394 181 0.0
394 182 0.0
394 183 0.0
394 184 0.0
394 185 0.0
394 186 0.0
394 187 0.0
394 188 0.0
394 189 0.0
394 190 0.0
394 191 0.0
394 192 0.0
394 193 0.0
394 194 0.0
394 195 0.0
394 196 0.0
394 197 0.0
394 198 0.0
394 199 0.0
394 200 0.0
394 201 0.0
394 202 0.0
394 203 6.21886679809e-06
394 204 0.0
394 205 0.0
394 206 0.0
394 207 0.0
394 208 0.0
394 209 0.0
394 210 0.0
394 211 0.0
394 212 0.0
394 213 6.21886679809e-06
394 214 0.0
394 215 6.21886679809e-06
394 216 0.0
394 217 0.0
394 218 0.0
394 219 6.21886679809e-06
394 220 0.0
394 221 6.21886679809e-06
394 222 0.0
394 223 6.21886679809e-06
394 224 0.0
394 225 0.0
394 226 0.0
394 227 6.21886679809e-06
394 228 0.0
394 229 0.0
394 230 0.0
394 231 0.0
394 232 0.0
394 233 0.0
394 234 0.0
394 235 0.0
394 236 0.0
394 237 0.0
394 238 0.0
394 239 0.0
394 240 0.0
394 241 6.21886679809e-06
394 242 0.0
394 243 6.21886679809e-06
394 244 0.0
394 245 0.0
394 246 0.0
394 247 0.0
394 248 0.0
394 249 0.0
394 250 0.0
394 251 6.21886679809e-06
394 252 0.0
394 253 0.0
394 254 0.0
394 255 0.0
394 256 0.0
394 257 0.0
394 258 0.0
394 259 0.0
394 260 0.0
394 261 6.21886679809e-06
394 262 0.0
394 263 0.0
394 264 0.0
394 265 0.0
394 266 0.0
394 267 0.0
394 268 0.0
394 269 0.0
394 270 0.0
394 271 0.0
394 272 0.0
394 273 6.21886679809e-06
394 274 0.0
394 275 0.0
394 276 0.0
394 277 0.0
394 278 0.0
394 279 0.0
394 280 0.0
394 281 6.21886679809e-06
394 282 0.0
394 283 0.0
394 284 0.0
394 285 0.0
394 286 0.0
394 287 6.21886679809e-06
394 288 0.0
394 289 0.0
394 290 0.0
394 291 0.0
394 292 0.0
394 293 0.0
394 294 0.0
394 295 0.0
394 296 0.0
394 297 0.0
394 298 0.0
394 299 0.0
394 300 0.0
394 301 0.0
394 302 0.0
394 303 0.0
394 304 0.0
394 305 0.0
394 306 0.0
394 307 0.0
394 308 0.0
394 309 0.0
394 310 0.0
394 311 0.0
394 312 0.0
394 313 0.0
394 314 0.0
394 315 0.0
394 316 0.0
394 317 6.21886679809e-06
394 318 0.0
394 319 6.21886679809e-06
394 320 0.0
394 321 6.21886679809e-06
394 322 0.0
394 323 0.0
394 324 0.0
394 325 0.0
394 326 0.0
394 327 0.0
394 328 0.0
394 329 0.0
394 330 0.0
394 331 0.0
394 332 0.0
394 333 6.21886679809e-06
394 334 0.0
394 335 6.21886679809e-06
394 336 0.0
394 337 6.21886679809e-06
394 338 0.0
394 339 0.0
394 340 0.0
394 341 6.21886679809e-06
394 342 0.0
394 343 0.0
394 344 0.0
394 345 0.0
394 346 0.0
394 347 0.0
394 348 0.0
394 349 0.0
394 350 0.0
394 351 0.0
394 352 0.0
394 353 0.0
394 354 0.0
394 355 6.21886679809e-06
394 356 0.0
394 357 6.21886679809e-06
394 358 0.0
394 359 0.0
394 360 0.0
394 361 0.0
394 362 0.0
394 363 0.0
394 364 0.0
394 365 0.0
394 366 0.0
394 367 0.0
394 368 0.0
394 369 0.0
394 370 0.0
394 371 0.0
394 372 0.0
394 373 6.21886679809e-06
394 374 0.0
394 375 0.0
394 376 0.0
394 377 0.0
394 378 0.0
394 379 0.0
394 380 0.0
394 381 0.0
394 382 0.0
394 383 0.0
394 384 0.0
394 385 0.0
394 386 0.0
394 387 6.21886679809e-06
394 388 0.0
394 389 0.0
394 390 0.0
394 391 6.21886679809e-06
394 392 0.0
394 393 0.0
394 394 0.0
394 395 6.21886679809e-06
394 396 0.0
394 397 0.0
394 398 0.0
394 399 6.21886679809e-06
394 400 0.0
395 0 0.0
395 1 6.21886679809e-06
395 2 6.21886679809e-06
395 3 2.48754671924e-05
395 4 2.48754671924e-05
395 5 2.48754671924e-05
395 6 2.48754671924e-05
395 7 0.0
395 8 6.21886679809e-06
395 9 2.48754671924e-05
395 10 5.59698011828e-05
395 11 9.95018687695e-05
395 12 5.59698011828e-05
395 13 2.48754671924e-05
395 14 6.21886679809e-06
395 15 0.0
395 16 0.0
395 17 6.21886679809e-06
395 18 0.0
395 19 6.21886679809e-06
395 20 0.0
395 21 0.0
395 22 0.0
395 23 0.0
395 24 0.0
395 25 0.0
395 26 0.0
395 27 0.0
395 28 0.0
395 29 0.0
395 30 0.0
395 31 0.0
395 32 0.0
395 33 0.0
395 34 0.0
395 35 0.0
395 36 0.0
395 37 0.0
395 38 0.0
395 39 0.0
395 40 0.0
395 41 0.0
395 42 0.0
395 43 0.0
395 44 0.0
395 45 6.21886679809e-06
395 46 0.0
395 47 0.0
395 48 0.0
395 49 0.0
395 50 0.0
395 51 0.0
395 52 0.0
395 53 6.21886679809e-06
395 54 0.0
395 55 0.0
395 56 0.0
395 57 0.0
395 58 0.0
395 59 6.21886679809e-06
395 60 0.0
395 61 0.0
395 62 0.0
395 63 0.0
395 64 0.0
395 65 0.0
395 66 0.0
395 67 0.0
395 68 0.0
395 69 0.0
395 70 0.0
395 71 0.0
395 72 0.0
395 73 0.0
395 74 0.0
395 75 0.0
395 76 0.0
395 77 0.0
395 78 0.0
395 79 0.0
395 80 0.0
395 81 0.0
395 82 0.0
395 83 0.0
395 84 0.0
395 85 0.0
395 86 0.0
395 87 0.0
395 88 0.0
395 89 0.0
395 90 0.0
395 91 0.0
395 92 0.0
395 93 0.0
395 94 0.0
395 95 0.0
395 96 0.0
395 97 0.0
395 98 0.0
395 99 0.0
395 100 0.0
395 101 0.0
395 102 0.0
395 103 0.0
395 104 0.0
395 105 0.0
395 106 0.0
395 107 0.0
395 108 0.0
395 109 0.0
395 110 0.0
395 111 6.21886679809e-06
395 112 0.0
395 113 0.0
395 114 0.0
395 115 0.0
395 116 0.0
395 117 0.0
395 118 0.0
395 119 0.0
395 120 0.0
395 121 0.0
395 122 0.0
395 123 6.21886679809e-06
395 124 0.0
395 125 0.0
395 126 0.0
395 127 0.0
395 128 0.0
395 129 0.0
395 130 0.0
395 131 6.21886679809e-06
395 132 0.0
395 133 0.0
395 134 0.0
395 135 0.0
395 136 0.0
395 137 6.21886679809e-06
395 138 0.0
395 139 0.0
395 140 0.0
395 141 0.0
395 142 0.0
395 143 0.0
395 144 0.0
395 145 0.0
395 146 0.0
395 147 6.21886679809e-06
395 148 0.0
395 149 0.0
395 150 0.0
395 151 0.0
395 152 0.0
395 153 0.0
395 154 0.0
395 155 0.0
395 156 0.0
395 157 0.0
395 158 0.0
395 159 6.21886679809e-06
395 160 0.0
395 161 0.0
395 162 0.0
395 163 0.0
395 164 0.0
395 165 0.0
395 166 0.0
395 167 0.0
395 168 0.0
395 169 0.0
395 170 0.0
395 171 0.0
395 172 0.0
395 173 0.0
395 174 0.0
395 175 0.0
395 176 0.0
395 177 0.0
395 178 0.0
395 179 0.0
395 180 0.0
395 181 0.0
395 182 0.0
395 183 0.0
395 184 0.0
395 185 0.0
395 186 0.0
395 187 0.0
395 188 0.0
395 189 0.0
395 190 0.0
395 191 0.0
395 192 0.0
395 193 0.0
395 194 0.0
395 195 0.0
395 196 0.0
395 197 0.0
395 198 0.0
395 199 0.0
395 200 0.0
395 201 0.0
395 202 0.0
395 203 6.21886679809e-06
395 204 0.0
395 205 0.0
395 206 0.0
395 207 0.0
395 208 0.0
395 209 0.0
395 210 0.0
395 211 0.0
395 212 0.0
395 213 6.21886679809e-06
395 214 0.0
395 215 6.21886679809e-06
395 216 0.0
395 217 0.0
395 218 0.0
395 219 6.21886679809e-06
395 220 0.0
395 221 6.21886679809e-06
395 222 0.0
395 223 6.21886679809e-06
395 224 0.0
395 225 0.0
395 226 0.0
395 227 6.21886679809e-06
395 228 0.0
395 229 0.0
395 230 0.0
395 231 0.0
395 232 0.0
395 233 0.0
395 234 0.0
395 235 0.0
395 236 0.0
395 237 0.0
395 238 0.0
395 239 0.0
395 240 0.0
395 241 0.0
395 242 6.21886679809e-06
395 243 0.0
395 244 0.0
395 245 6.21886679809e-06
395 246 0.0
395 247 0.0
395 248 0.0
395 249 0.0
395 250 0.0
395 251 6.21886679809e-06
395 252 0.0
395 253 0.0
395 254 0.0
395 255 0.0
395 256 0.0
395 257 0.0
395 258 0.0
395 259 0.0
395 260 0.0
395 261 6.21886679809e-06
395 262 0.0
395 263 0.0
395 264 0.0
395 265 0.0
395 266 0.0
395 267 0.0
395 268 0.0
395 269 0.0
395 270 0.0
395 271 0.0
395 272 0.0
395 273 6.21886679809e-06
395 274 0.0
395 275 0.0
395 276 0.0
395 277 0.0
395 278 0.0
395 279 0.0
395 280 0.0
395 281 6.21886679809e-06
395 282 0.0
395 283 0.0
395 284 0.0
395 285 0.0
395 286 0.0
395 287 6.21886679809e-06
395 288 0.0
395 289 0.0
395 290 0.0
395 291 0.0
395 292 0.0
395 293 0.0
395 294 0.0
395 295 0.0
395 296 0.0
395 297 0.0
395 298 0.0
395 299 0.0
395 300 0.0
395 301 0.0
395 302 0.0
395 303 0.0
395 304 0.0
395 305 0.0
395 306 0.0
395 307 0.0
395 308 0.0
395 309 0.0
395 310 0.0
395 311 0.0
395 312 0.0
395 313 0.0
395 314 0.0
395 315 0.0
395 316 0.0
395 317 6.21886679809e-06
395 318 0.0
395 319 0.0
395 320 0.0
395 321 0.0
395 322 0.0
395 323 6.21886679809e-06
395 324 0.0
395 325 0.0
395 326 0.0
395 327 0.0
395 328 0.0
395 329 0.0
395 330 0.0
395 331 0.0
395 332 0.0
395 333 6.21886679809e-06
395 334 0.0
395 335 6.21886679809e-06
395 336 0.0
395 337 0.0
395 338 0.0
395 339 0.0
395 340 0.0
395 341 0.0
395 342 6.21886679809e-06
395 343 0.0
395 344 0.0
395 345 6.21886679809e-06
395 346 0.0
395 347 0.0
395 348 0.0
395 349 0.0
395 350 0.0
395 351 0.0
395 352 0.0
395 353 0.0
395 354 0.0
395 355 0.0
395 356 6.21886679809e-06
395 357 0.0
395 358 0.0
395 359 6.21886679809e-06
395 360 0.0
395 361 0.0
395 362 0.0
395 363 0.0
395 364 0.0
395 365 0.0
395 366 0.0
395 367 0.0
395 368 0.0
395 369 0.0
395 370 0.0
395 371 0.0
395 372 0.0
395 373 0.0
395 374 0.0
395 375 0.0
395 376 0.0
395 377 0.0
395 378 2.48754671924e-05
395 379 2.48754671924e-05
395 380 2.48754671924e-05
395 381 2.48754671924e-05
395 382 2.48754671924e-05
395 383 2.48754671924e-05
395 384 2.48754671924e-05
395 385 6.21886679809e-06
395 386 6.21886679809e-06
395 387 0.0
395 388 6.21886679809e-06
395 389 0.0
395 390 0.0
395 391 6.21886679809e-06
395 392 5.59698011828e-05
395 393 5.59698011828e-05
395 394 5.59698011828e-05
395 395 6.21886679809e-06
395 396 6.21886679809e-06
395 397 6.21886679809e-06
395 398 0.0
395 399 0.0
395 400 0.0
396 0 0.0
396 1 6.21886679809e-06
396 2 0.0
396 3 6.21886679809e-06
396 4 0.0
396 5 0.0
396 6 0.0
396 7 6.21886679809e-06
396 8 0.0
396 9 0.0
396 10 0.0
396 11 6.21886679809e-06
396 12 0.0
396 13 0.0
396 14 0.0
396 15 0.0
396 16 0.0
396 17 6.21886679809e-06
396 18 0.0
396 19 6.21886679809e-06
396 20 0.0
396 21 6.21886679809e-06
396 22 0.0
396 23 0.0
396 24 0.0
396 25 0.0
396 26 0.0
396 27 0.0
396 28 0.0
396 29 0.0
396 30 0.0
396 31 0.0
396 32 0.0
396 33 0.0
396 34 0.0
396 35 0.0
396 36 0.0
396 37 0.0
396 38 0.0
396 39 0.0
396 40 0.0
396 41 0.0
396 42 0.0
396 43 0.0
396 44 0.0
396 45 6.21886679809e-06
396 46 0.0
396 47 0.0
396 48 0.0
396 49 0.0
396 50 0.0
396 51 0.0
396 52 0.0
396 53 6.21886679809e-06
396 54 0.0
396 55 0.0
396 56 0.0
396 57 0.0
396 58 0.0
396 59 6.21886679809e-06
396 60 0.0
396 61 0.0
396 62 0.0
396 63 0.0
396 64 0.0
396 65 0.0
396 66 0.0
396 67 0.0
396 68 0.0
396 69 0.0
396 70 0.0
396 71 0.0
396 72 0.0
396 73 0.0
396 74 0.0
396 75 0.0
396 76 0.0
396 77 0.0
396 78 0.0
396 79 0.0
396 80 0.0
396 81 0.0
396 82 0.0
396 83 0.0
396 84 0.0
396 85 0.0
396 86 0.0
396 87 0.0
396 88 0.0
396 89 0.0
396 90 0.0
396 91 0.0
396 92 0.0
396 93 0.0
396 94 0.0
396 95 0.0
396 96 0.0
396 97 0.0
396 98 0.0
396 99 0.0
396 100 0.0
396 101 0.0
396 102 0.0
396 103 0.0
396 104 0.0
396 105 0.0
396 106 0.0
396 107 0.0
396 108 0.0
396 109 0.0
396 110 0.0
396 111 6.21886679809e-06
396 112 0.0
396 113 0.0
396 114 0.0
396 115 0.0
396 116 0.0
396 117 0.0
396 118 0.0
396 119 0.0
396 120 0.0
396 121 6.21886679809e-06
396 122 0.0
396 123 6.21886679809e-06
396 124 0.0
396 125 0.0
396 126 0.0
396 127 0.0
396 128 0.0
396 129 0.0
396 130 0.0
396 131 6.21886679809e-06
396 132 0.0
396 133 0.0
396 134 0.0
396 135 6.21886679809e-06
396 136 0.0
396 137 6.21886679809e-06
396 138 0.0
396 139 0.0
396 140 0.0
396 141 0.0
396 142 0.0
396 143 0.0
396 144 0.0
396 145 0.0
396 146 0.0
396 147 6.21886679809e-06
396 148 0.0
396 149 6.21886679809e-06
396 150 0.0
396 151 0.0
396 152 0.0
396 153 0.0
396 154 0.0
396 155 0.0
396 156 0.0
396 157 0.0
396 158 0.0
396 159 6.21886679809e-06
396 160 0.0
396 161 0.0
396 162 0.0
396 163 0.0
396 164 0.0
396 165 0.0
396 166 0.0
396 167 0.0
396 168 0.0
396 169 0.0
396 170 0.0
396 171 0.0
396 172 0.0
396 173 0.0
396 174 0.0
396 175 0.0
396 176 0.0
396 177 0.0
396 178 0.0
396 179 0.0
396 180 0.0
396 181 0.0
396 182 0.0
396 183 0.0
396 184 0.0
396 185 0.0
396 186 0.0
396 187 0.0
396 188 0.0
396 189 0.0
396 190 0.0
396 191 0.0
396 192 0.0
396 193 0.0
396 194 0.0
396 195 0.0
396 196 0.0
396 197 0.0
396 198 0.0
396 199 6.21886679809e-06
396 200 0.0
396 201 0.0
396 202 0.0
396 203 6.21886679809e-06
396 204 0.0
396 205 0.0
396 206 0.0
396 207 0.0
396 208 0.0
396 209 0.0
396 210 0.0
396 211 0.0
396 212 0.0
396 213 6.21886679809e-06
396 214 0.0
396 215 6.21886679809e-06
396 216 0.0
396 217 0.0
396 218 0.0
396 219 6.21886679809e-06
396 220 0.0
396 221 6.21886679809e-06
396 222 0.0
396 223 6.21886679809e-06
396 224 0.0
396 225 0.0
396 226 0.0
396 227 6.21886679809e-06
396 228 0.0
396 229 0.0
396 230 0.0
396 231 0.0
396 232 0.0
396 233 0.0
396 234 0.0
396 235 0.0
396 236 0.0
396 237 0.0
396 238 0.0
396 239 0.0
396 240 0.0
396 241 0.0
396 242 0.0
396 243 0.0
396 244 0.0
396 245 6.21886679809e-06
396 246 0.0
396 247 0.0
396 248 0.0
396 249 6.21886679809e-06
396 250 0.0
396 251 6.21886679809e-06
396 252 0.0
396 253 0.0
396 254 0.0
396 255 0.0
396 256 0.0
396 257 0.0
396 258 0.0
396 259 0.0
396 260 0.0
396 261 6.21886679809e-06
396 262 0.0
396 263 6.21886679809e-06
396 264 0.0
396 265 0.0
396 266 0.0
396 267 0.0
396 268 0.0
396 269 0.0
396 270 0.0
396 271 0.0
396 272 0.0
396 273 6.21886679809e-06
396 274 0.0
396 275 0.0
396 276 0.0
396 277 0.0
396 278 0.0
396 279 0.0
396 280 0.0
396 281 6.21886679809e-06
396 282 0.0
396 283 0.0
396 284 0.0
396 285 0.0
396 286 0.0
396 287 6.21886679809e-06
396 288 0.0
396 289 0.0
396 290 0.0
396 291 0.0
396 292 0.0
396 293 0.0
396 294 0.0
396 295 0.0
396 296 0.0
396 297 0.0
396 298 0.0
396 299 0.0
396 300 0.0
396 301 0.0
396 302 0.0
396 303 0.0
396 304 0.0
396 305 0.0
396 306 0.0
396 307 0.0
396 308 0.0
396 309 0.0
396 310 0.0
396 311 0.0
396 312 0.0
396 313 6.21886679809e-06
396 314 0.0
396 315 0.0
396 316 0.0
396 317 6.21886679809e-06
396 318 0.0
396 319 0.0
396 320 0.0
396 321 0.0
396 322 0.0
396 323 6.21886679809e-06
396 324 0.0
396 325 0.0
396 326 0.0
396 327 0.0
396 328 0.0
396 329 0.0
396 330 0.0
396 331 0.0
396 332 0.0
396 333 6.21886679809e-06
396 334 0.0
396 335 6.21886679809e-06
396 336 0.0
396 337 0.0
396 338 0.0
396 339 0.0
396 340 0.0
396 341 0.0
396 342 0.0
396 343 0.0
396 344 0.0
396 345 6.21886679809e-06
396 346 0.0
396 347 0.0
396 348 0.0
396 349 0.0
396 350 0.0
396 351 0.0
396 352 0.0
396 353 0.0
396 354 0.0
396 355 0.0
396 356 0.0
396 357 0.0
396 358 0.0
396 359 6.21886679809e-06
396 360 0.0
396 361 0.0
396 362 0.0
396 363 0.0
396 364 0.0
396 365 0.0
396 366 0.0
396 367 0.0
396 368 0.0
396 369 0.0
396 370 0.0
396 371 0.0
396 372 0.0
396 373 0.0
396 374 0.0
396 375 0.0
396 376 0.0
396 377 0.0
396 378 0.0
396 379 0.0
396 380 0.0
396 381 0.0
396 382 0.0
396 383 0.0
396 384 0.0
396 385 0.0
396 386 0.0
396 387 0.0
396 388 0.0
396 389 0.0
396 390 0.0
396 391 6.21886679809e-06
396 392 0.0
396 393 6.21886679809e-06
396 394 0.0
396 395 0.0
396 396 0.0
396 397 6.21886679809e-06
396 398 0.0
396 399 0.0
396 400 0.0
397 0 0.0
397 1 6.21886679809e-06
397 2 0.0
397 3 6.21886679809e-06
397 4 0.0
397 5 6.21886679809e-06
397 6 6.21886679809e-06
397 7 0.0
397 8 6.21886679809e-06
397 9 6.21886679809e-06
397 10 6.21886679809e-06
397 11 6.21886679809e-06
397 12 2.48754671924e-05
397 13 5.59698011828e-05
397 14 6.21886679809e-06
397 15 0.0
397 16 0.0
397 17 6.21886679809e-06
397 18 0.0
397 19 0.0
397 20 0.0
397 21 0.0
397 22 6.21886679809e-06
397 23 6.21886679809e-06
397 24 6.21886679809e-06
397 25 6.21886679809e-06
397 26 6.21886679809e-06
397 27 6.21886679809e-06
397 28 6.21886679809e-06
397 29 6.21886679809e-06
397 30 6.21886679809e-06
397 31 6.21886679809e-06
397 32 6.21886679809e-06
397 33 6.21886679809e-06
397 34 6.21886679809e-06
397 35 6.21886679809e-06
397 36 6.21886679809e-06
397 37 6.21886679809e-06
397 38 6.21886679809e-06
397 39 0.0
397 40 6.21886679809e-06
397 41 6.21886679809e-06
397 42 6.21886679809e-06
397 43 0.0
397 44 0.0
397 45 6.21886679809e-06
397 46 0.0
397 47 0.0
397 48 0.0
397 49 0.0
397 50 6.21886679809e-06
397 51 6.21886679809e-06
397 52 6.21886679809e-06
397 53 6.21886679809e-06
397 54 6.21886679809e-06
397 55 6.21886679809e-06
397 56 6.21886679809e-06
397 57 0.0
397 58 0.0
397 59 0.0
397 60 0.0
397 61 0.0
397 62 0.0
397 63 0.0
397 64 0.0
397 65 0.0
397 66 0.0
397 67 0.0
397 68 0.0
397 69 0.0
397 70 0.0
397 71 0.0
397 72 0.0
397 73 0.0
397 74 0.0
397 75 0.0
397 76 0.0
397 77 0.0
397 78 0.0
397 79 0.0
397 80 0.0
397 81 0.0
397 82 0.0
397 83 0.0
397 84 0.0
397 85 0.0
397 86 0.0
397 87 0.0
397 88 0.0
397 89 0.0
397 90 0.0
397 91 0.0
397 92 0.0
397 93 0.0
397 94 0.0
397 95 0.0
397 96 0.0
397 97 0.0
397 98 0.0
397 99 0.0
397 100 0.0
397 101 0.0
397 102 0.0
397 103 0.0
397 104 0.0
397 105 0.0
397 106 0.0
397 107 0.0
397 108 0.0
397 109 0.0
397 110 0.0
397 111 0.0
397 112 0.0
397 113 0.0
397 114 6.21886679809e-06
397 115 6.21886679809e-06
397 116 6.21886679809e-06
397 117 6.21886679809e-06
397 118 6.21886679809e-06
397 119 6.21886679809e-06
397 120 6.21886679809e-06
397 121 0.0
397 122 0.0
397 123 0.0
397 124 0.0
397 125 0.0
397 126 0.0
397 127 0.0
397 128 6.21886679809e-06
397 129 6.21886679809e-06
397 130 6.21886679809e-06
397 131 0.0
397 132 6.21886679809e-06
397 133 6.21886679809e-06
397 134 6.21886679809e-06
397 135 0.0
397 136 0.0
397 137 0.0
397 138 0.0
397 139 0.0
397 140 0.0
397 141 0.0
397 142 0.0
397 143 0.0
397 144 0.0
397 145 0.0
397 146 0.0
397 147 0.0
397 148 0.0
397 149 0.0
397 150 6.21886679809e-06
397 151 6.21886679809e-06
397 152 6.21886679809e-06
397 153 0.0
397 154 6.21886679809e-06
397 155 6.21886679809e-06
397 156 6.21886679809e-06
397 157 0.0
397 158 0.0
397 159 6.21886679809e-06
397 160 0.0
397 161 0.0
397 162 0.0
397 163 0.0
397 164 0.0
397 165 0.0
397 166 0.0
397 167 0.0
397 168 0.0
397 169 0.0
397 170 0.0
397 171 0.0
397 172 0.0
397 173 0.0
397 174 0.0
397 175 0.0
397 176 0.0
397 177 0.0
397 178 0.0
397 179 0.0
397 180 0.0
397 181 0.0
397 182 0.0
397 183 0.0
397 184 0.0
397 185 0.0
397 186 0.0
397 187 0.0
397 188 0.0
397 189 0.0
397 190 0.0
397 191 0.0
397 192 0.0
397 193 0.0
397 194 0.0
397 195 0.0
397 196 0.0
397 197 0.0
397 198 0.0
397 199 0.0
397 200 6.21886679809e-06
397 201 6.21886679809e-06
397 202 6.21886679809e-06
397 203 6.21886679809e-06
397 204 6.21886679809e-06
397 205 6.21886679809e-06
397 206 6.21886679809e-06
397 207 6.21886679809e-06
397 208 6.21886679809e-06
397 209 6.21886679809e-06
397 210 6.21886679809e-06
397 211 6.21886679809e-06
397 212 6.21886679809e-06
397 213 0.0
397 214 0.0
397 215 0.0
397 216 0.0
397 217 0.0
397 218 0.0
397 219 0.0
397 220 0.0
397 221 6.21886679809e-06
397 222 6.21886679809e-06
397 223 6.21886679809e-06
397 224 6.21886679809e-06
397 225 6.21886679809e-06
397 226 6.21886679809e-06
397 227 6.21886679809e-06
397 228 0.0
397 229 0.0
397 230 0.0
397 231 0.0
397 232 0.0
397 233 0.0
397 234 0.0
397 235 0.0
397 236 0.0
397 237 0.0
397 238 0.0
397 239 0.0
397 240 0.0
397 241 0.0
397 242 6.21886679809e-06
397 243 6.21886679809e-06
397 244 6.21886679809e-06
397 245 0.0
397 246 6.21886679809e-06
397 247 6.21886679809e-06
397 248 6.21886679809e-06
397 249 0.0
397 250 0.0
397 251 0.0
397 252 0.0
397 253 0.0
397 254 0.0
397 255 0.0
397 256 0.0
397 257 0.0
397 258 0.0
397 259 0.0
397 260 0.0
397 261 0.0
397 262 0.0
397 263 0.0
397 264 6.21886679809e-06
397 265 6.21886679809e-06
397 266 6.21886679809e-06
397 267 6.21886679809e-06
397 268 6.21886679809e-06
397 269 6.21886679809e-06
397 270 6.21886679809e-06
397 271 0.0
397 272 0.0
397 273 0.0
397 274 0.0
397 275 0.0
397 276 0.0
397 277 0.0
397 278 6.21886679809e-06
397 279 6.21886679809e-06
397 280 6.21886679809e-06
397 281 6.21886679809e-06
397 282 6.21886679809e-06
397 283 6.21886679809e-06
397 284 6.21886679809e-06
397 285 0.0
397 286 0.0
397 287 0.0
397 288 0.0
397 289 0.0
397 290 0.0
397 291 0.0
397 292 0.0
397 293 0.0
397 294 0.0
397 295 0.0
397 296 0.0
397 297 0.0
397 298 0.0
397 299 0.0
397 300 0.0
397 301 0.0
397 302 0.0
397 303 0.0
397 304 0.0
397 305 0.0
397 306 0.0
397 307 0.0
397 308 0.0
397 309 0.0
397 310 0.0
397 311 0.0
397 312 0.0
397 313 0.0
397 314 6.21886679809e-06
397 315 6.21886679809e-06
397 316 6.21886679809e-06
397 317 6.21886679809e-06
397 318 6.21886679809e-06
397 319 6.21886679809e-06
397 320 6.21886679809e-06
397 321 0.0
397 322 0.0
397 323 6.21886679809e-06
397 324 0.0
397 325 0.0
397 326 0.0
397 327 0.0
397 328 0.0
397 329 0.0
397 330 0.0
397 331 0.0
397 332 0.0
397 333 0.0
397 334 0.0
397 335 6.21886679809e-06
397 336 6.21886679809e-06
397 337 6.21886679809e-06
397 338 6.21886679809e-06
397 339 0.0
397 340 6.21886679809e-06
397 341 6.21886679809e-06
397 342 6.21886679809e-06
397 343 0.0
397 344 0.0
397 345 6.21886679809e-06
397 346 0.0
397 347 0.0
397 348 0.0
397 349 0.0
397 350 0.0
397 351 0.0
397 352 0.0
397 353 0.0
397 354 0.0
397 355 0.0
397 356 6.21886679809e-06
397 357 6.21886679809e-06
397 358 6.21886679809e-06
397 359 0.0
397 360 6.21886679809e-06
397 361 6.21886679809e-06
397 362 6.21886679809e-06
397 363 6.21886679809e-06
397 364 6.21886679809e-06
397 365 6.21886679809e-06
397 366 6.21886679809e-06
397 367 6.21886679809e-06
397 368 6.21886679809e-06
397 369 6.21886679809e-06
397 370 6.21886679809e-06
397 371 6.21886679809e-06
397 372 6.21886679809e-06
397 373 6.21886679809e-06
397 374 6.21886679809e-06
397 375 6.21886679809e-06
397 376 6.21886679809e-06
397 377 6.21886679809e-06
397 378 0.0
397 379 0.0
397 380 0.0
397 381 0.0
397 382 0.0
397 383 0.0
397 384 0.0
397 385 0.0
397 386 6.21886679809e-06
397 387 0.0
397 388 0.0
397 389 0.0
397 390 6.21886679809e-06
397 391 6.21886679809e-06
397 392 6.21886679809e-06
397 393 0.0
397 394 6.21886679809e-06
397 395 6.21886679809e-06
397 396 0.0
397 397 6.21886679809e-06
397 398 6.21886679809e-06
397 399 6.21886679809e-06
397 400 0.0
398 0 0.0
398 1 0.0
398 2 0.0
398 3 0.0
398 4 0.0
398 5 0.0
398 6 0.0
398 7 0.0
398 8 0.0
398 9 0.0
398 10 0.0
398 11 6.21886679809e-06
398 12 0.0
398 13 0.0
398 14 0.0
398 15 0.0
398 16 0.0
398 17 6.21886679809e-06
398 18 0.0
398 19 0.0
398 20 0.0
398 21 0.0
398 22 0.0
398 23 0.0
398 24 0.0
398 25 0.0
398 26 0.0
398 27 0.0
398 28 0.0
398 29 0.0
398 30 0.0
398 31 0.0
398 32 0.0
398 33 0.0
398 34 0.0
398 35 0.0
398 36 0.0
398 37 0.0
398 38 0.0
398 39 0.0
398 40 0.0
398 41 0.0
398 42 0.0
398 43 0.0
398 44 0.0
398 45 0.0
398 46 0.0
398 47 0.0
398 48 0.0
398 49 0.0
398 50 0.0
398 51 0.0
398 52 0.0
398 53 0.0
398 54 0.0
398 55 0.0
398 56 0.0
398 57 0.0
398 58 0.0
398 59 0.0
398 60 0.0
398 61 0.0
398 62 0.0
398 63 0.0
398 64 0.0
398 65 0.0
398 66 0.0
398 67 0.0
398 68 0.0
398 69 0.0
398 70 0.0
398 71 0.0
398 72 0.0
398 73 0.0
398 74 0.0
398 75 0.0
398 76 0.0
398 77 0.0
398 78 0.0
398 79 0.0
398 80 0.0
398 81 0.0
398 82 0.0
398 83 0.0
398 84 0.0
398 85 0.0
398 86 0.0
398 87 0.0
398 88 0.0
398 89 0.0
398 90 0.0
398 91 0.0
398 92 0.0
398 93 0.0
398 94 0.0
398 95 0.0
398 96 0.0
398 97 0.0
398 98 0.0
398 99 0.0
398 100 0.0
398 101 0.0
398 102 0.0
398 103 0.0
398 104 0.0
398 105 0.0
398 106 0.0
398 107 0.0
398 108 0.0
398 109 0.0
398 110 0.0
398 111 0.0
398 112 0.0
398 113 0.0
398 114 0.0
398 115 0.0
398 116 0.0
398 117 0.0
398 118 0.0
398 119 0.0
398 120 0.0
398 121 0.0
398 122 0.0
398 123 0.0
398 124 0.0
398 125 0.0
398 126 0.0
398 127 0.0
398 128 0.0
398 129 0.0
398 130 0.0
398 131 0.0
398 132 0.0
398 133 0.0
398 134 0.0
398 135 0.0
398 136 0.0
398 137 0.0
398 138 0.0
398 139 0.0
398 140 0.0
398 141 0.0
398 142 0.0
398 143 0.0
398 144 0.0
398 145 0.0
398 146 0.0
398 147 0.0
398 148 0.0
398 149 0.0
398 150 0.0
398 151 0.0
398 152 0.0
398 153 0.0
398 154 0.0
398 155 0.0
398 156 0.0
398 157 0.0
398 158 0.0
398 159 0.0
398 160 0.0
398 161 0.0
398 162 0.0
398 163 0.0
398 164 0.0
398 165 0.0
398 166 0.0
398 167 0.0
398 168 0.0
398 169 0.0
398 170 0.0
398 171 0.0
398 172 0.0
398 173 0.0
398 174 0.0
398 175 0.0
398 176 0.0
398 177 0.0
398 178 0.0
398 179 0.0
398 180 0.0
398 181 0.0
398 182 0.0
398 183 0.0
398 184 0.0
398 185 0.0
398 186 0.0
398 187 0.0
398 188 0.0
398 189 0.0
398 190 0.0
398 191 0.0
398 192 0.0
398 193 0.0
398 194 0.0
398 195 0.0
398 196 0.0
398 197 0.0
398 198 0.0
398 199 0.0
398 200 0.0
398 201 0.0
398 202 0.0
398 203 0.0
398 204 0.0
398 205 0.0
398 206 0.0
398 207 0.0
398 208 0.0
398 209 0.0
398 210 0.0
398 211 0.0
398 212 0.0
398 213 0.0
398 214 0.0
398 215 0.0
398 216 0.0
398 217 0.0
398 218 0.0
398 219 0.0
398 220 0.0
398 221 0.0
398 222 0.0
398 223 0.0
398 224 0.0
398 225 0.0
398 226 0.0
398 227 0.0
398 228 0.0
398 229 0.0
398 230 0.0
398 231 0.0
398 232 0.0
398 233 0.0
398 234 0.0
398 235 0.0
398 236 0.0
398 237 0.0
398 238 0.0
398 239 0.0
398 240 0.0
398 241 0.0
398 242 0.0
398 243 0.0
398 244 0.0
398 245 0.0
398 246 0.0
398 247 0.0
398 248 0.0
398 249 0.0
398 250 0.0
398 251 0.0
398 252 0.0
398 253 0.0
398 254 0.0
398 255 0.0
398 256 0.0
398 257 0.0
398 258 0.0
398 259 0.0
398 260 0.0
398 261 0.0
398 262 0.0
398 263 0.0
398 264 0.0
398 265 0.0
398 266 0.0
398 267 0.0
398 268 0.0
398 269 0.0
398 270 0.0
398 271 0.0
398 272 0.0
398 273 0.0
398 274 0.0
398 275 0.0
398 276 0.0
398 277 0.0
398 278 0.0
398 279 0.0
398 280 0.0
398 281 0.0
398 282 0.0
398 283 0.0
398 284 0.0
398 285 0.0
398 286 0.0
398 287 0.0
398 288 0.0
398 289 0.0
398 290 0.0
398 291 0.0
398 292 0.0
398 293 0.0
398 294 0.0
398 295 0.0
398 296 0.0
398 297 0.0
398 298 0.0
398 299 0.0
398 300 0.0
398 301 0.0
398 302 0.0
398 303 0.0
398 304 0.0
398 305 0.0
398 306 0.0
398 307 0.0
398 308 0.0
398 309 0.0
398 310 0.0
398 311 0.0
398 312 0.0
398 313 0.0
398 314 0.0
398 315 0.0
398 316 0.0
398 317 0.0
398 318 0.0
398 319 0.0
398 320 0.0
398 321 0.0
398 322 0.0
398 323 0.0
398 324 0.0
398 325 0.0
398 326 0.0
398 327 0.0
398 328 0.0
398 329 0.0
398 330 0.0
398 331 0.0
398 332 0.0
398 333 0.0
398 334 0.0
398 335 0.0
398 336 0.0
398 337 0.0
398 338 0.0
398 339 0.0
398 340 0.0
398 341 0.0
398 342 0.0
398 343 0.0
398 344 0.0
398 345 0.0
398 346 0.0
398 347 0.0
398 348 0.0
398 349 0.0
398 350 0.0
398 351 0.0
398 352 0.0
398 353 0.0
398 354 0.0
398 355 0.0
398 356 0.0
398 357 0.0
398 358 0.0
398 359 0.0
398 360 0.0
398 361 0.0
398 362 0.0
398 363 0.0
398 364 0.0
398 365 0.0
398 366 0.0
398 367 0.0
398 368 0.0
398 369 0.0
398 370 0.0
398 371 0.0
398 372 0.0
398 373 6.21886679809e-06
398 374 0.0
398 375 0.0
398 376 0.0
398 377 6.21886679809e-06
398 378 0.0
398 379 0.0
398 380 0.0
398 381 0.0
398 382 0.0
398 383 0.0
398 384 0.0
398 385 6.21886679809e-06
398 386 0.0
398 387 0.0
398 388 0.0
398 389 6.21886679809e-06
398 390 0.0
398 391 6.21886679809e-06
398 392 0.0
398 393 6.21886679809e-06
398 394 0.0
398 395 0.0
398 396 0.0
398 397 6.21886679809e-06
398 398 0.0
398 399 6.21886679809e-06
398 400 0.0
399 0 2.48754671924e-05
399 1 6.21886679809e-06
399 2 0.0
399 3 0.0
399 4 0.0
399 5 6.21886679809e-06
399 6 2.48754671924e-05
399 7 2.48754671924e-05
399 8 6.21886679809e-06
399 9 2.48754671924e-05
399 10 2.48754671924e-05
399 11 5.59698011828e-05
399 12 2.48754671924e-05
399 13 2.48754671924e-05
399 14 6.21886679809e-06
399 15 6.21886679809e-06
399 16 6.21886679809e-06
399 17 2.48754671924e-05
399 18 6.21886679809e-06
399 19 6.21886679809e-06
399 20 6.21886679809e-06
399 21 6.21886679809e-06
399 22 6.21886679809e-06
399 23 6.21886679809e-06
399 24 6.21886679809e-06
399 25 6.21886679809e-06
399 26 6.21886679809e-06
399 27 6.21886679809e-06
399 28 6.21886679809e-06
399 29 6.21886679809e-06
399 30 6.21886679809e-06
399 31 6.21886679809e-06
399 32 6.21886679809e-06
399 33 6.21886679809e-06
399 34 6.21886679809e-06
399 35 6.21886679809e-06
399 36 6.21886679809e-06
399 37 6.21886679809e-06
399 38 6.21886679809e-06
399 39 6.21886679809e-06
399 40 6.21886679809e-06
399 41 6.21886679809e-06
399 42 6.21886679809e-06
399 43 6.21886679809e-06
399 44 6.21886679809e-06
399 45 6.21886679809e-06
399 46 6.21886679809e-06
399 47 6.21886679809e-06
399 48 6.21886679809e-06
399 49 6.21886679809e-06
399 50 6.21886679809e-06
399 51 6.21886679809e-06
399 52 6.21886679809e-06
399 53 6.21886679809e-06
399 54 6.21886679809e-06
399 55 6.21886679809e-06
399 56 6.21886679809e-06
399 57 6.21886679809e-06
399 58 6.21886679809e-06
399 59 6.21886679809e-06
399 60 6.21886679809e-06
399 61 6.21886679809e-06
399 62 6.21886679809e-06
399 63 6.21886679809e-06
399 64 6.21886679809e-06
399 65 6.21886679809e-06
399 66 6.21886679809e-06
399 67 6.21886679809e-06
399 68 6.21886679809e-06
399 69 6.21886679809e-06
399 70 6.21886679809e-06
399 71 6.21886679809e-06
399 72 6.21886679809e-06
399 73 6.21886679809e-06
399 74 6.21886679809e-06
399 75 6.21886679809e-06
399 76 6.21886679809e-06
399 77 6.21886679809e-06
399 78 6.21886679809e-06
399 79 6.21886679809e-06
399 80 6.21886679809e-06
399 81 6.21886679809e-06
399 82 6.21886679809e-06
399 83 6.21886679809e-06
399 84 6.21886679809e-06
399 85 6.21886679809e-06
399 86 6.21886679809e-06
399 87 6.21886679809e-06
399 88 6.21886679809e-06
399 89 6.21886679809e-06
399 90 6.21886679809e-06
399 91 6.21886679809e-06
399 92 6.21886679809e-06
399 93 6.21886679809e-06
399 94 6.21886679809e-06
399 95 6.21886679809e-06
399 96 6.21886679809e-06
399 97 6.21886679809e-06
399 98 6.21886679809e-06
399 99 6.21886679809e-06
399 100 6.21886679809e-06
399 101 6.21886679809e-06
399 102 6.21886679809e-06
399 103 6.21886679809e-06
399 104 6.21886679809e-06
399 105 6.21886679809e-06
399 106 6.21886679809e-06
399 107 6.21886679809e-06
399 108 6.21886679809e-06
399 109 6.21886679809e-06
399 110 6.21886679809e-06
399 111 6.21886679809e-06
399 112 6.21886679809e-06
399 113 6.21886679809e-06
399 114 6.21886679809e-06
399 115 6.21886679809e-06
399 116 6.21886679809e-06
399 117 6.21886679809e-06
399 118 6.21886679809e-06
399 119 6.21886679809e-06
399 120 6.21886679809e-06
399 121 6.21886679809e-06
399 122 6.21886679809e-06
399 123 6.21886679809e-06
399 124 6.21886679809e-06
399 125 6.21886679809e-06
399 126 6.21886679809e-06
399 127 6.21886679809e-06
399 128 6.21886679809e-06
399 129 6.21886679809e-06
399 130 6.21886679809e-06
399 131 6.21886679809e-06
399 132 6.21886679809e-06
399 133 6.21886679809e-06
399 134 6.21886679809e-06
399 135 6.21886679809e-06
399 136 6.21886679809e-06
399 137 6.21886679809e-06
399 138 6.21886679809e-06
399 139 6.21886679809e-06
399 140 6.21886679809e-06
399 141 6.21886679809e-06
399 142 6.21886679809e-06
399 143 6.21886679809e-06
399 144 6.21886679809e-06
399 145 6.21886679809e-06
399 146 6.21886679809e-06
399 147 6.21886679809e-06
399 148 6.21886679809e-06
399 149 6.21886679809e-06
399 150 6.21886679809e-06
399 151 6.21886679809e-06
399 152 6.21886679809e-06
399 153 6.21886679809e-06
399 154 6.21886679809e-06
399 155 6.21886679809e-06
399 156 6.21886679809e-06
399 157 6.21886679809e-06
399 158 6.21886679809e-06
399 159 6.21886679809e-06
399 160 6.21886679809e-06
399 161 6.21886679809e-06
399 162 6.21886679809e-06
399 163 6.21886679809e-06
399 164 6.21886679809e-06
399 165 6.21886679809e-06
399 166 6.21886679809e-06
399 167 6.21886679809e-06
399 168 6.21886679809e-06
399 169 6.21886679809e-06
399 170 6.21886679809e-06
399 171 6.21886679809e-06
399 172 6.21886679809e-06
399 173 6.21886679809e-06
399 174 6.21886679809e-06
399 175 6.21886679809e-06
399 176 6.21886679809e-06
399 177 6.21886679809e-06
399 178 6.21886679809e-06
399 179 6.21886679809e-06
399 180 6.21886679809e-06
399 181 6.21886679809e-06
399 182 6.21886679809e-06
399 183 6.21886679809e-06
399 184 6.21886679809e-06
399 185 6.21886679809e-06
399 186 6.21886679809e-06
399 187 6.21886679809e-06
399 188 6.21886679809e-06
399 189 6.21886679809e-06
399 190 6.21886679809e-06
399 191 6.21886679809e-06
399 192 6.21886679809e-06
399 193 6.21886679809e-06
399 194 6.21886679809e-06
399 195 6.21886679809e-06
399 196 6.21886679809e-06
399 197 6.21886679809e-06
399 198 6.21886679809e-06
399 199 6.21886679809e-06
399 200 6.21886679809e-06
399 201 6.21886679809e-06
399 202 6.21886679809e-06
399 203 6.21886679809e-06
399 204 6.21886679809e-06
399 205 6.21886679809e-06
399 206 6.21886679809e-06
399 207 6.21886679809e-06
399 208 6.21886679809e-06
399 209 6.21886679809e-06
399 210 6.21886679809e-06
399 211 6.21886679809e-06
399 212 6.21886679809e-06
399 213 6.21886679809e-06
399 214 6.21886679809e-06
399 215 6.21886679809e-06
399 216 6.21886679809e-06
399 217 6.21886679809e-06
399 218 6.21886679809e-06
399 219 6.21886679809e-06
399 220 6.21886679809e-06
399 221 6.21886679809e-06
399 222 6.21886679809e-06
399 223 6.21886679809e-06
399 224 6.21886679809e-06
399 225 6.21886679809e-06
399 226 6.21886679809e-06
399 227 6.21886679809e-06
399 228 6.21886679809e-06
399 229 6.21886679809e-06
399 230 6.21886679809e-06
399 231 6.21886679809e-06
399 232 6.21886679809e-06
399 233 6.21886679809e-06
399 234 6.21886679809e-06
399 235 6.21886679809e-06
399 236 6.21886679809e-06
399 237 6.21886679809e-06
399 238 6.21886679809e-06
399 239 6.21886679809e-06
399 240 6.21886679809e-06
399 241 6.21886679809e-06
399 242 6.21886679809e-06
399 243 6.21886679809e-06
399 244 6.21886679809e-06
399 245 6.21886679809e-06
399 246 6.21886679809e-06
399 247 6.21886679809e-06
399 248 6.21886679809e-06
399 249 6.21886679809e-06
399 250 6.21886679809e-06
399 251 6.21886679809e-06
399 252 6.21886679809e-06
399 253 6.21886679809e-06
399 254 6.21886679809e-06
399 255 6.21886679809e-06
399 256 6.21886679809e-06
399 257 6.21886679809e-06
399 258 6.21886679809e-06
399 259 6.21886679809e-06
399 260 6.21886679809e-06
399 261 6.21886679809e-06
399 262 6.21886679809e-06
399 263 6.21886679809e-06
399 264 6.21886679809e-06
399 265 6.21886679809e-06
399 266 6.21886679809e-06
399 267 6.21886679809e-06
399 268 6.21886679809e-06
399 269 6.21886679809e-06
399 270 6.21886679809e-06
399 271 6.21886679809e-06
399 272 6.21886679809e-06
399 273 6.21886679809e-06
399 274 6.21886679809e-06
399 275 6.21886679809e-06
399 276 6.21886679809e-06
399 277 6.21886679809e-06
399 278 6.21886679809e-06
399 279 6.21886679809e-06
399 280 6.21886679809e-06
399 281 6.21886679809e-06
399 282 6.21886679809e-06
399 283 6.21886679809e-06
399 284 6.21886679809e-06
399 285 6.21886679809e-06
399 286 6.21886679809e-06
399 287 6.21886679809e-06
399 288 6.21886679809e-06
399 289 6.21886679809e-06
399 290 6.21886679809e-06
399 291 6.21886679809e-06
399 292 6.21886679809e-06
399 293 6.21886679809e-06
399 294 6.21886679809e-06
399 295 6.21886679809e-06
399 296 6.21886679809e-06
399 297 6.21886679809e-06
399 298 6.21886679809e-06
399 299 6.21886679809e-06
399 300 6.21886679809e-06
399 301 6.21886679809e-06
399 302 6.21886679809e-06
399 303 6.21886679809e-06
399 304 6.21886679809e-06
399 305 6.21886679809e-06
399 306 6.21886679809e-06
399 307 6.21886679809e-06
399 308 6.21886679809e-06
399 309 6.21886679809e-06
399 310 6.21886679809e-06
399 311 6.21886679809e-06
399 312 6.21886679809e-06
399 313 6.21886679809e-06
399 314 6.21886679809e-06
399 315 6.21886679809e-06
399 316 6.21886679809e-06
399 317 6.21886679809e-06
399 318 6.21886679809e-06
399 319 6.21886679809e-06
399 320 6.21886679809e-06
399 321 6.21886679809e-06
399 322 6.21886679809e-06
399 323 6.21886679809e-06
399 324 6.21886679809e-06
399 325 6.21886679809e-06
399 326 6.21886679809e-06
399 327 6.21886679809e-06
399 328 6.21886679809e-06
399 329 6.21886679809e-06
399 330 6.21886679809e-06
399 331 6.21886679809e-06
399 332 6.21886679809e-06
399 333 6.21886679809e-06
399 334 6.21886679809e-06
399 335 6.21886679809e-06
399 336 6.21886679809e-06
399 337 6.21886679809e-06
399 338 6.21886679809e-06
399 339 6.21886679809e-06
399 340 6.21886679809e-06
399 341 6.21886679809e-06
399 342 6.21886679809e-06
399 343 6.21886679809e-06
399 344 6.21886679809e-06
399 345 6.21886679809e-06
399 346 6.21886679809e-06
399 347 6.21886679809e-06
399 348 6.21886679809e-06
399 349 6.21886679809e-06
399 350 6.21886679809e-06
399 351 6.21886679809e-06
399 352 6.21886679809e-06
399 353 6.21886679809e-06
399 354 6.21886679809e-06
399 355 6.21886679809e-06
399 356 6.21886679809e-06
399 357 6.21886679809e-06
399 358 6.21886679809e-06
399 359 6.21886679809e-06
399 360 6.21886679809e-06
399 361 6.21886679809e-06
399 362 6.21886679809e-06
399 363 6.21886679809e-06
399 364 6.21886679809e-06
399 365 6.21886679809e-06
399 366 6.21886679809e-06
399 367 6.21886679809e-06
399 368 6.21886679809e-06
399 369 6.21886679809e-06
399 370 6.21886679809e-06
399 371 6.21886679809e-06
399 372 6.21886679809e-06
399 373 2.48754671924e-05
399 374 6.21886679809e-06
399 375 6.21886679809e-06
399 376 6.21886679809e-06
399 377 2.48754671924e-05
399 378 2.48754671924e-05
399 379 2.48754671924e-05
399 380 2.48754671924e-05
399 381 2.48754671924e-05
399 382 2.48754671924e-05
399 383 2.48754671924e-05
399 384 2.48754671924e-05
399 385 2.48754671924e-05
399 386 6.21886679809e-06
399 387 2.48754671924e-05
399 388 2.48754671924e-05
399 389 2.48754671924e-05
399 390 6.21886679809e-06
399 391 6.21886679809e-06
399 392 6.21886679809e-06
399 393 6.21886679809e-06
399 394 0.0
399 395 0.0
399 396 0.0
399 397 6.21886679809e-06
399 398 6.21886679809e-06
399 399 6.21886679809e-06
399 400 0.0
400 0 0.0
400 1 0.0
400 2 0.0
400 3 0.0
400 4 0.0
400 5 0.0
400 6 0.0
400 7 0.0
400 8 0.0
400 9 0.0
400 10 0.0
400 11 0.0
400 12 0.0
400 13 0.0
400 14 0.0
400 15 0.0
400 16 0.0
400 17 0.0
400 18 0.0
400 19 0.0
400 20 0.0
400 21 0.0
400 22 0.0
400 23 0.0
400 24 0.0
400 25 0.0
400 26 0.0
400 27 0.0
400 28 0.0
400 29 0.0
400 30 0.0
400 31 0.0
400 32 0.0
400 33 0.0
400 34 0.0
400 35 0.0
400 36 0.0
400 37 0.0
400 38 0.0
400 39 0.0
400 40 0.0
400 41 0.0
400 42 0.0
400 43 0.0
400 44 0.0
400 45 0.0
400 46 0.0
400 47 0.0
400 48 0.0
400 49 0.0
400 50 0.0
400 51 0.0
400 52 0.0
400 53 0.0
400 54 0.0
400 55 0.0
400 56 0.0
400 57 0.0
400 58 0.0
400 59 0.0
400 60 0.0
400 61 0.0
400 62 0.0
400 63 0.0
400 64 0.0
400 65 0.0
400 66 0.0
400 67 0.0
400 68 0.0
400 69 0.0
400 70 0.0
400 71 0.0
400 72 0.0
400 73 0.0
400 74 0.0
400 75 0.0
400 76 0.0
400 77 0.0
400 78 0.0
400 79 0.0
400 80 0.0
400 81 0.0
400 82 0.0
400 83 0.0
400 84 0.0
400 85 0.0
400 86 0.0
400 87 0.0
400 88 0.0
400 89 0.0
400 90 0.0
400 91 0.0
400 92 0.0
400 93 0.0
400 94 0.0
400 95 0.0
400 96 0.0
400 97 0.0
400 98 0.0
400 99 0.0
400 100 0.0
400 101 0.0
400 102 0.0
400 103 0.0
400 104 0.0
400 105 0.0
400 106 0.0
400 107 0.0
400 108 0.0
400 109 0.0
400 110 0.0
400 111 0.0
400 112 0.0
400 113 0.0
400 114 0.0
400 115 0.0
400 116 0.0
400 117 0.0
400 118 0.0
400 119 0.0
400 120 0.0
400 121 0.0
400 122 0.0
400 123 0.0
400 124 0.0
400 125 0.0
400 126 0.0
400 127 0.0
400 128 0.0
400 129 0.0
400 130 0.0
400 131 0.0
400 132 0.0
400 133 0.0
400 134 0.0
400 135 0.0
400 136 0.0
400 137 0.0
400 138 0.0
400 139 0.0
400 140 0.0
400 141 0.0
400 142 0.0
400 143 0.0
400 144 0.0
400 145 0.0
400 146 0.0
400 147 0.0
400 148 0.0
400 149 0.0
400 150 0.0
400 151 0.0
400 152 0.0
400 153 0.0
400 154 0.0
400 155 0.0
400 156 0.0
400 157 0.0
400 158 0.0
400 159 0.0
400 160 0.0
400 161 0.0
400 162 0.0
400 163 0.0
400 164 0.0
400 165 0.0
400 166 0.0
400 167 0.0
400 168 0.0
400 169 0.0
400 170 0.0
400 171 0.0
400 172 0.0
400 173 0.0
400 174 0.0
400 175 0.0
400 176 0.0
400 177 0.0
400 178 0.0
400 179 0.0
400 180 0.0
400 181 0.0
400 182 0.0
400 183 0.0
400 184 0.0
400 185 0.0
400 186 0.0
400 187 0.0
400 188 0.0
400 189 0.0
400 190 0.0
400 191 0.0
400 192 0.0
400 193 0.0
400 194 0.0
400 195 0.0
400 196 0.0
400 197 0.0
400 198 0.0
400 199 0.0
400 200 0.0
400 201 0.0
400 202 0.0
400 203 0.0
400 204 0.0
400 205 0.0
400 206 0.0
400 207 0.0
400 208 0.0
400 209 0.0
400 210 0.0
400 211 0.0
400 212 0.0
400 213 0.0
400 214 0.0
400 215 0.0
400 216 0.0
400 217 0.0
400 218 0.0
400 219 0.0
400 220 0.0
400 221 0.0
400 222 0.0
400 223 0.0
400 224 0.0
400 225 0.0
400 226 0.0
400 227 0.0
400 228 0.0
400 229 0.0
400 230 0.0
400 231 0.0
400 232 0.0
400 233 0.0
400 234 0.0
400 235 0.0
400 236 0.0
400 237 0.0
400 238 0.0
400 239 0.0
400 240 0.0
400 241 0.0
400 242 0.0
400 243 0.0
400 244 0.0
400 245 0.0
400 246 0.0
400 247 0.0
400 248 0.0
400 249 0.0
400 250 0.0
400 251 0.0
400 252 0.0
400 253 0.0
400 254 0.0
400 255 0.0
400 256 0.0
400 257 0.0
400 258 0.0
400 259 0.0
400 260 0.0
400 261 0.0
400 262 0.0
400 263 0.0
400 264 0.0
400 265 0.0
400 266 0.0
400 267 0.0
400 268 0.0
400 269 0.0
400 270 0.0
400 271 0.0
400 272 0.0
400 273 0.0
400 274 0.0
400 275 0.0
400 276 0.0
400 277 0.0
400 278 0.0
400 279 0.0
400 280 0.0
400 281 0.0
400 282 0.0
400 283 0.0
400 284 0.0
400 285 0.0
400 286 0.0
400 287 0.0
400 288 0.0
400 289 0.0
400 290 0.0
400 291 0.0
400 292 0.0
400 293 0.0
400 294 0.0
400 295 0.0
400 296 0.0
400 297 0.0
400 298 0.0
400 299 0.0
400 300 0.0
400 301 0.0
400 302 0.0
400 303 0.0
400 304 0.0
400 305 0.0
400 306 0.0
400 307 0.0
400 308 0.0
400 309 0.0
400 310 0.0
400 311 0.0
400 312 0.0
400 313 0.0
400 314 0.0
400 315 0.0
400 316 0.0
400 317 0.0
400 318 0.0
400 319 0.0
400 320 0.0
400 321 0.0
400 322 0.0
400 323 0.0
400 324 0.0
400 325 0.0
400 326 0.0
400 327 0.0
400 328 0.0
400 329 0.0
400 330 0.0
400 331 0.0
400 332 0.0
400 333 0.0
400 334 0.0
400 335 0.0
400 336 0.0
400 337 0.0
400 338 0.0
400 339 0.0
400 340 0.0
400 341 0.0
400 342 0.0
400 343 0.0
400 344 0.0
400 345 0.0
400 346 0.0
400 347 0.0
400 348 0.0
400 349 0.0
400 350 0.0
400 351 0.0
400 352 0.0
400 353 0.0
400 354 0.0
400 355 0.0
400 356 0.0
400 357 0.0
400 358 0.0
400 359 0.0
400 360 0.0
400 361 0.0
400 362 0.0
400 363 0.0
400 364 0.0
400 365 0.0
400 366 0.0
400 367 0.0
400 368 0.0
400 369 0.0
400 370 0.0
400 371 0.0
400 372 0.0
400 373 0.0
400 374 0.0
400 375 0.0
400 376 0.0
400 377 0.0
400 378 0.0
400 379 0.0
400 380 0.0
400 381 0.0
400 382 0.0
400 383 0.0
400 384 0.0
400 385 0.0
400 386 0.0
400 387 0.0
400 388 0.0
400 389 0.0
400 390 0.0
400 391 0.0
400 392 0.0
400 393 0.0
400 394 0.0
400 395 0.0
400 396 0.0
400 397 0.0
400 398 0.0
400 399 0.0
400 400 0.0
